compound	predicted	actual
DTXSID0020076	0	0
DTXSID0020105	0	0
DTXSID0020020	0	0
DTXSID0020072	0	0
DTXSID0020074	0	0
DTXSID0020024	0	0
DTXSID0020070	0	0
DTXSID0020236	0	0
DTXSID0020107	0	0
DTXSID0020238	0	0
DTXSID0020151	0	0
DTXSID0020286	0	0
DTXSID0020288	0	0
DTXSID0020311	0	0
DTXSID0020153	0	0
DTXSID0020155	0	0
DTXSID0020157	0	0
DTXSID0020232	0	0
DTXSID0020365	0	0
DTXSID0020319	1	1
DTXSID0020363	0	0
DTXSID0020444	0	0
DTXSID0022307	0	0
DTXSID0024341	0	0
DTXSID0026171	0	0
DTXSID0027856	0	0
DTXSID0027858	0	0
DTXSID0027852	0	0
DTXSID0027983	0	0
DTXSID0027933	0	0
DTXSID1025934	0	0
DTXSID1027390	0	0
DTXSID1027924	0	0
DTXSID1027899	0	0
DTXSID1027926	1	1
DTXSID2021446	0	0
DTXSID2025216	0	0
DTXSID2027381	0	0
DTXSID2028723	0	0
DTXSID2044894	0	0
DTXSID3024364	0	0
DTXSID3024861	0	0
DTXSID3025465	0	0
DTXSID3026302	0	0
DTXSID3032412	0	0
DTXSID3039240	0	0
DTXSID3046902	0	0
DTXSID3046742	0	0
DTXSID4020115	0	1
DTXSID4021391	0	0
DTXSID4022521	0	0
DTXSID4024858	0	0
DTXSID4025082	0	0
DTXSID4027866	0	0
DTXSID4035708	1	1
DTXSID4047707	0	0
DTXSID4049408	0	0
DTXSID5027932	0	0
DTXSID5041302	0	0
DTXSID5046013	0	0
DTXSID6024701	0	0
DTXSID6026292	0	0
DTXSID6027921	0	0
DTXSID6027925	0	1
DTXSID6046896	0	0
DTXSID7020215	0	0
DTXSID7025130	0	0
DTXSID7026314	0	0
DTXSID7027386	0	0
DTXSID7027388	0	0
DTXSID7027837	0	0
DTXSID7041708	0	0
DTXSID8025466	0	0
DTXSID8027377	0	0
DTXSID8046878	0	0
DTXSID8047470	0	0
DTXSID9020794	0	0
DTXSID9023833	0	0
DTXSID9026267	0	0
DTXSID9027863	0	0
DTXSID0020448	0	0
DTXSID0020494	0	0
DTXSID0020446	0	0
DTXSID0020282	0	0
DTXSID0020284	0	0
DTXSID0020369	0	0
DTXSID0020442	0	0
DTXSID0020498	0	0
DTXSID0020440	0	0
DTXSID0020367	0	0
DTXSID0020527	0	0
DTXSID0020573	0	0
DTXSID0020606	0	0
DTXSID0020575	0	0
DTXSID0020577	0	0
DTXSID0020602	0	0
DTXSID0020650	0	0
DTXSID0020652	0	0
DTXSID0020654	0	0
DTXSID0020810	0	0
DTXSID0020656	0	0
DTXSID0020733	0	0
DTXSID0020814	0	0
DTXSID0020868	0	0
DTXSID0021040	0	0
DTXSID0020941	0	0
DTXSID0021094	0	0
DTXSID0021123	0	0
DTXSID0021121	0	0
DTXSID0021125	0	0
DTXSID0021179	0	0
DTXSID0021206	0	0
DTXSID0021127	0	0
DTXSID0021129	0	0
DTXSID0021254	0	0
DTXSID0021256	0	0
DTXSID0021381	0	0
DTXSID0021258	0	0
DTXSID0021331	0	0
DTXSID0021383	0	0
DTXSID0021385	0	0
DTXSID0021387	0	0
DTXSID0021339	0	0
DTXSID0021418	0	0
DTXSID0021545	0	0
DTXSID0021460	0	0
DTXSID0021547	0	0
DTXSID0021389	0	0
DTXSID0021410	0	0
DTXSID0021414	0	0
DTXSID0021709	0	0
DTXSID0021751	0	0
DTXSID0021757	0	0
DTXSID0021620	0	0
DTXSID0021626	0	0
DTXSID0021759	0	0
DTXSID0021888	0	0
DTXSID0021915	0	0
DTXSID0021886	0	0
DTXSID0021965	0	0
DTXSID0021961	0	0
DTXSID0021969	0	0
DTXSID0022305	0	0
DTXSID0022193	0	0
DTXSID0022220	0	0
DTXSID0022301	0	0
DTXSID0022353	0	0
DTXSID0022016	0	0
DTXSID0022018	0	0
DTXSID0022062	0	0
DTXSID0022640	0	0
DTXSID0022191	0	0
DTXSID0022644	0	0
DTXSID0022563	0	0
DTXSID0022565	0	0
DTXSID0022569	0	0
DTXSID0022480	0	0
DTXSID0022519	0	0
DTXSID0022436	0	0
DTXSID0023032	0	0
DTXSID0023036	0	0
DTXSID0023113	0	0
DTXSID0022690	0	0
DTXSID0022692	0	0
DTXSID0022721	0	1
DTXSID0022725	0	1
DTXSID0022727	0	0
DTXSID0022858	0	0
DTXSID0022933	0	0
DTXSID0023030	0	0
DTXSID0022777	0	1
DTXSID0022800	0	0
DTXSID0023038	0	0
DTXSID0023084	1	1
DTXSID0023163	0	0
DTXSID0023169	0	0
DTXSID0023298	0	0
DTXSID0023325	0	0
DTXSID0023329	0	0
DTXSID0023371	0	0
DTXSID0023240	0	0
DTXSID0023292	0	0
DTXSID0023294	0	0
DTXSID0023589	0	0
DTXSID0023373	0	0
DTXSID0023743	0	0
DTXSID0023612	0	0
DTXSID0023616	0	0
DTXSID0023377	0	0
DTXSID0023458	0	0
DTXSID0023533	0	0
DTXSID0023618	0	0
DTXSID0023660	0	0
DTXSID0023747	0	0
DTXSID0023749	0	0
DTXSID0023581	0	1
DTXSID0023587	0	0
DTXSID0023826	0	0
DTXSID0023870	0	0
DTXSID0023901	0	0
DTXSID0023951	0	0
DTXSID0024052	0	0
DTXSID0024266	0	0
DTXSID0024000	0	0
DTXSID0024002	0	0
DTXSID0024183	0	0
DTXSID0024185	0	0
DTXSID0024505	0	0
DTXSID0024399	0	0
DTXSID0024345	0	0
DTXSID0024395	0	0
DTXSID0024474	0	0
DTXSID0024501	0	0
DTXSID0024397	0	0
DTXSID0024507	0	0
DTXSID0024553	0	0
DTXSID0024559	0	0
DTXSID0024638	0	0
DTXSID0024715	0	0
DTXSID0024761	0	0
DTXSID0024971	0	0
DTXSID0024977	0	0
DTXSID0024979	0	0
DTXSID0025361	0	0
DTXSID0025363	0	0
DTXSID0025367	0	0
DTXSID0025234	0	0
DTXSID0025286	0	0
DTXSID0025315	0	0
DTXSID0025070	0	0
DTXSID0025074	0	0
DTXSID0025078	0	0
DTXSID0025494	0	0
DTXSID0024890	0	0
DTXSID0025523	0	0
DTXSID0024896	0	0
DTXSID0024921	0	0
DTXSID0025527	0	1
DTXSID0025577	0	0
DTXSID0025571	0	0
DTXSID0025812	0	0
DTXSID0025604	0	0
DTXSID0025818	0	0
DTXSID0025816	0	0
DTXSID0025862	0	0
DTXSID0025997	0	0
DTXSID0025864	0	0
DTXSID0026040	0	1
DTXSID0026044	0	0
DTXSID0025866	0	0
DTXSID0025991	0	0
DTXSID0026173	0	0
DTXSID0026125	0	0
DTXSID0026175	0	0
DTXSID0026208	0	0
DTXSID0026252	0	0
DTXSID0026880	0	0
DTXSID0026701	0	0
DTXSID0026339	0	0
DTXSID0026418	0	0
DTXSID0026830	0	0
DTXSID0026888	0	0
DTXSID0026838	0	0
DTXSID0027066	0	0
DTXSID0026967	0	0
DTXSID0027143	0	0
DTXSID0027197	0	0
DTXSID0027149	0	0
DTXSID0027222	0	0
DTXSID0027438	0	0
DTXSID0027486	0	0
DTXSID0027513	0	0
DTXSID0027228	0	0
DTXSID0027561	0	0
DTXSID0027565	0	0
DTXSID0027436	0	0
DTXSID0027309	0	0
DTXSID0027567	0	0
DTXSID0027515	0	0
DTXSID0027640	0	0
DTXSID0027721	0	0
DTXSID0027771	0	0
DTXSID0027773	0	1
DTXSID0027802	0	0
DTXSID0028030	0	0
DTXSID0027804	0	0
DTXSID0027806	0	0
DTXSID0027981	0	0
DTXSID0028038	0	0
DTXSID0029189	0	0
DTXSID0029218	0	0
DTXSID0029260	0	0
DTXSID0029133	0	0
DTXSID0029688	0	0
DTXSID0029761	0	0
DTXSID0029262	0	0
DTXSID0030162	0	0
DTXSID0029559	0	0
DTXSID0030588	0	0
DTXSID0032029	0	0
DTXSID0032077	0	0
DTXSID0032316	0	0
DTXSID0032493	0	0
DTXSID0032497	0	0
DTXSID0032520	0	0
DTXSID0032572	0	0
DTXSID0032601	0	0
DTXSID0032605	0	0
DTXSID0032811	0	0
DTXSID0032651	0	0
DTXSID0032813	0	0
DTXSID0032655	0	0
DTXSID0032998	0	0
DTXSID0033047	0	0
DTXSID0033332	0	0
DTXSID0033334	0	0
DTXSID0033382	0	1
DTXSID0033754	0	0
DTXSID0033960	0	0
DTXSID0034229	0	0
DTXSID0034192	0	0
DTXSID0033673	0	0
DTXSID0034223	0	1
DTXSID0034300	0	0
DTXSID0034227	0	0
DTXSID0034518	0	0
DTXSID0034695	0	0
DTXSID0034803	0	0
DTXSID0034855	0	0
DTXSID0034936	0	0
DTXSID0035160	0	0
DTXSID0034930	0	0
DTXSID0034722	0	0
DTXSID0034776	0	0
DTXSID0035748	0	0
DTXSID0036508	0	1
DTXSID0036760	0	0
DTXSID0037522	0	0
DTXSID0037576	0	0
DTXSID0037730	0	0
DTXSID0037734	0	1
DTXSID0039223	0	0
DTXSID0038887	0	0
DTXSID0038756	0	0
DTXSID0039227	0	0
DTXSID0038831	0	0
DTXSID0040676	0	0
DTXSID0039229	0	0
DTXSID0040678	0	0
DTXSID0040547	0	0
DTXSID0040599	0	0
DTXSID0040620	0	0
DTXSID0040129	0	0
DTXSID0037231	0	0
DTXSID0040703	0	0
DTXSID0040701	0	0
DTXSID0040208	0	0
DTXSID0040622	0	0
DTXSID0040707	0	0
DTXSID0037237	0	0
DTXSID0040464	0	0
DTXSID0040751	0	0
DTXSID0040672	0	0
DTXSID0040674	1	1
DTXSID0040757	0	1
DTXSID0040965	0	0
DTXSID0041274	0	1
DTXSID0041357	0	0
DTXSID0041220	0	0
DTXSID0041224	0	0
DTXSID0041270	0	0
DTXSID0041141	0	0
DTXSID0041197	0	0
DTXSID0041359	0	0
DTXSID0041436	0	0
DTXSID0041484	0	0
DTXSID0041513	0	0
DTXSID0041517	0	0
DTXSID0041519	0	0
DTXSID0041852	0	0
DTXSID0041981	0	0
DTXSID0041983	0	0
DTXSID0041985	0	0
DTXSID0041567	0	0
DTXSID0042038	0	0
DTXSID0041987	0	0
DTXSID0042086	0	0
DTXSID0042117	0	0
DTXSID0041646	0	0
DTXSID0042169	0	0
DTXSID0041692	0	0
DTXSID0041698	0	0
DTXSID0042080	0	0
DTXSID0042167	0	0
DTXSID0042084	0	0
DTXSID0042242	0	0
DTXSID0042244	0	0
DTXSID0042248	0	0
DTXSID0042325	0	0
DTXSID0042379	0	0
DTXSID0042400	0	0
DTXSID0042406	0	0
DTXSID0042454	0	0
DTXSID0043896	0	0
DTXSID0044024	0	0
DTXSID0042583	0	0
DTXSID0044107	0	0
DTXSID0042612	0	0
DTXSID0044236	0	0
DTXSID0042614	0	0
DTXSID0042618	0	0
DTXSID0044288	0	0
DTXSID0044313	0	0
DTXSID0044315	0	0
DTXSID0043763	0	0
DTXSID0044363	0	0
DTXSID0043765	0	0
DTXSID0044361	0	0
DTXSID0044280	0	0
DTXSID0043892	0	0
DTXSID0042668	0	0
DTXSID0044365	0	0
DTXSID0044490	0	0
DTXSID0044494	0	0
DTXSID0044440	0	0
DTXSID0044446	0	0
DTXSID0044448	0	0
DTXSID0044496	0	0
DTXSID0044498	0	0
DTXSID0044521	0	0
DTXSID0044523	0	0
DTXSID0044654	0	0
DTXSID0044600	0	0
DTXSID0044604	0	0
DTXSID0044525	1	1
DTXSID0044573	0	0
DTXSID0044527	0	0
DTXSID0044658	0	0
DTXSID0044575	0	0
DTXSID0044606	0	0
DTXSID0044571	0	0
DTXSID0044862	0	0
DTXSID0044810	0	0
DTXSID0044812	0	0
DTXSID0044816	0	0
DTXSID0044731	0	0
DTXSID0044785	0	0
DTXSID0044868	0	0
DTXSID0044735	0	0
DTXSID0044787	0	0
DTXSID0044941	0	0
DTXSID0044949	0	0
DTXSID0044945	0	0
DTXSID0044993	0	0
DTXSID0044947	0	0
DTXSID0044997	0	0
DTXSID0044999	0	0
DTXSID0045090	0	0
DTXSID0045094	0	0
DTXSID0045096	0	0
DTXSID0045125	0	0
DTXSID0045127	0	0
DTXSID0045171	0	0
DTXSID0045173	1	1
DTXSID0045175	0	0
DTXSID0045179	0	0
DTXSID0045202	0	0
DTXSID0045204	0	0
DTXSID0045383	0	0
DTXSID0045206	0	0
DTXSID0045208	0	0
DTXSID0045250	0	0
DTXSID0045252	0	0
DTXSID0045385	0	0
DTXSID0045389	0	0
DTXSID0045410	0	1
DTXSID0045254	0	0
DTXSID0045412	0	0
DTXSID0045414	0	0
DTXSID0045416	0	0
DTXSID0045460	1	1
DTXSID0045462	0	0
DTXSID0045670	0	0
DTXSID0045464	1	0
DTXSID0045674	0	0
DTXSID0045676	0	0
DTXSID0045678	0	0
DTXSID0045753	0	0
DTXSID0045757	0	0
DTXSID0045759	1	1
DTXSID0045830	0	0
DTXSID0045701	0	0
DTXSID0045703	0	0
DTXSID0045705	0	0
DTXSID0045707	0	0
DTXSID0045709	0	0
DTXSID0045751	0	0
DTXSID0045838	0	0
DTXSID0045880	0	0
DTXSID0045886	0	0
DTXSID0045888	0	0
DTXSID0045961	0	0
DTXSID0045963	0	0
DTXSID0045965	0	0
DTXSID0045595	0	0
DTXSID0045466	0	0
DTXSID0045468	0	0
DTXSID0046010	0	0
DTXSID0046012	0	0
DTXSID0045597	0	0
DTXSID0045543	0	0
DTXSID0046016	0	0
DTXSID0046060	0	0
DTXSID0045545	0	0
DTXSID0045599	0	0
DTXSID0045624	0	0
DTXSID0045547	0	0
DTXSID0045591	0	0
DTXSID0045626	0	0
DTXSID0046062	0	0
DTXSID0046064	0	0
DTXSID0046066	0	0
DTXSID0046143	0	0
DTXSID0046145	0	0
DTXSID0046191	0	0
DTXSID0046147	0	0
DTXSID0046193	0	0
DTXSID0046195	0	0
DTXSID0046197	0	0
DTXSID0046199	0	0
DTXSID0046220	0	0
DTXSID0046222	0	0
DTXSID0046228	0	0
DTXSID0046270	0	0
DTXSID0046272	0	0
DTXSID0046309	0	0
DTXSID0046351	0	0
DTXSID0046353	0	0
DTXSID0046357	1	1
DTXSID0046430	0	0
DTXSID0046432	0	0
DTXSID0046434	0	0
DTXSID0046274	0	0
DTXSID0046484	0	0
DTXSID0046276	0	0
DTXSID0046486	0	0
DTXSID0046305	0	0
DTXSID0046488	0	0
DTXSID0046307	1	1
DTXSID0046567	0	0
DTXSID0046517	0	0
DTXSID0046569	0	0
DTXSID0046646	0	0
DTXSID0046482	0	0
DTXSID0046644	0	0
DTXSID0046648	0	0
DTXSID0046480	0	0
DTXSID0046513	0	0
DTXSID0046640	0	0
DTXSID0046856	0	0
DTXSID0046804	0	0
DTXSID0046858	1	1
DTXSID0046698	0	0
DTXSID0046696	0	0
DTXSID0046727	0	0
DTXSID0046989	0	0
DTXSID0047032	0	0
DTXSID0046850	0	0
DTXSID0046852	0	0
DTXSID0046773	1	1
DTXSID0046777	0	0
DTXSID0046779	0	0
DTXSID0046800	0	0
DTXSID0046806	0	0
DTXSID0046808	0	0
DTXSID0046642	0	0
DTXSID0046561	0	0
DTXSID0046690	0	0
DTXSID0046692	0	0
DTXSID0046563	0	0
DTXSID0046565	0	0
DTXSID0047034	0	0
DTXSID0046721	0	0
DTXSID0047030	0	0
DTXSID0046725	0	0
DTXSID0047038	0	0
DTXSID0047163	0	0
DTXSID0047080	0	0
DTXSID0047113	0	0
DTXSID0047082	0	0
DTXSID0047088	0	0
DTXSID0047115	0	0
DTXSID0047161	0	0
DTXSID0047084	0	0
DTXSID0047111	1	1
DTXSID0047165	0	0
DTXSID0047167	0	0
DTXSID0047169	0	0
DTXSID0047244	0	0
DTXSID0047246	1	1
DTXSID0047290	0	0
DTXSID0047248	0	0
DTXSID0047292	0	0
DTXSID0047325	0	1
DTXSID0047294	0	0
DTXSID0047375	0	0
DTXSID0047296	0	0
DTXSID0047327	0	0
DTXSID0047371	0	1
DTXSID0047379	1	1
DTXSID0047404	0	0
DTXSID0047406	0	0
DTXSID0047377	1	1
DTXSID0047408	0	0
DTXSID0047537	0	0
DTXSID0047454	0	0
DTXSID0047535	0	0
DTXSID0047539	0	0
DTXSID0047533	0	0
DTXSID0047581	0	0
DTXSID0047456	0	0
DTXSID0047450	0	0
DTXSID0047585	0	0
DTXSID0047587	0	0
DTXSID0047589	0	0
DTXSID0047662	0	0
DTXSID0047614	0	0
DTXSID0047799	0	1
DTXSID0047820	0	0
DTXSID0047618	0	0
DTXSID0047822	0	0
DTXSID0047610	0	0
DTXSID0047745	0	0
DTXSID0047660	0	0
DTXSID0047828	0	0
DTXSID0047870	0	0
DTXSID0047797	0	1
DTXSID0047905	0	0
DTXSID0047874	0	0
DTXSID0047876	0	0
DTXSID0048181	0	0
DTXSID0047957	0	1
DTXSID0047959	0	0
DTXSID0047909	0	0
DTXSID0047878	0	0
DTXSID0048185	0	0
DTXSID0048187	0	0
DTXSID0048183	0	0
DTXSID0048189	1	1
DTXSID0048210	0	0
DTXSID0048349	0	0
DTXSID0048632	0	0
DTXSID0048634	1	1
DTXSID0048636	0	0
DTXSID0048638	0	0
DTXSID0048682	0	0
DTXSID0048842	1	0
DTXSID0048769	0	0
DTXSID0048844	0	0
DTXSID0048717	0	0
DTXSID0048713	1	1
DTXSID0048719	1	1
DTXSID0048684	0	1
DTXSID0048680	0	0
DTXSID0048840	0	0
DTXSID0048715	0	0
DTXSID0048507	0	0
DTXSID0048509	0	0
DTXSID0048686	0	1
DTXSID0048761	0	0
DTXSID0048763	0	0
DTXSID0048846	0	0
DTXSID0048688	0	0
DTXSID0048765	0	1
DTXSID0048767	0	0
DTXSID0049074	0	0
DTXSID0049024	0	0
DTXSID0049026	0	0
DTXSID0049076	0	0
DTXSID0049078	0	0
DTXSID0048975	0	0
DTXSID0048977	0	0
DTXSID0049028	0	0
DTXSID0049070	0	0
DTXSID0048979	0	0
DTXSID0048921	0	0
DTXSID0048923	0	0
DTXSID0048848	0	0
DTXSID0048890	0	0
DTXSID0049022	0	0
DTXSID0048925	0	0
DTXSID0048929	0	0
DTXSID0048971	0	0
DTXSID0048973	0	0
DTXSID0048896	0	0
DTXSID0048927	0	0
DTXSID0049072	0	0
DTXSID0048892	0	0
DTXSID0048898	0	0
DTXSID0049288	0	0
DTXSID0049311	0	0
DTXSID0049315	0	0
DTXSID0049284	0	0
DTXSID0049236	0	0
DTXSID0049319	0	0
DTXSID0049361	0	0
DTXSID0049365	0	0
DTXSID0049367	0	0
DTXSID0049369	0	0
DTXSID0049363	0	0
DTXSID0050423	0	0
DTXSID0049238	0	0
DTXSID1020015	0	0
DTXSID1020140	0	0
DTXSID1020069	0	0
DTXSID1020194	0	0
DTXSID1020148	0	0
DTXSID1020190	0	0
DTXSID1020144	0	0
DTXSID1020350	0	0
DTXSID1020352	0	0
DTXSID1020221	0	0
DTXSID1020223	0	0
DTXSID1020275	0	0
DTXSID1020279	0	0
DTXSID1020308	0	0
DTXSID1020354	0	0
DTXSID1020431	0	0
DTXSID1020433	0	0
DTXSID1020437	0	0
DTXSID1020485	0	0
DTXSID1020562	0	0
DTXSID1020566	0	0
DTXSID1020439	0	0
DTXSID1020647	0	0
DTXSID1020697	0	0
DTXSID1020483	0	0
DTXSID1020728	0	0
DTXSID1020560	1	1
DTXSID1020778	0	0
DTXSID1020699	0	1
DTXSID1020770	1	1
DTXSID1020803	0	0
DTXSID1020805	0	0
DTXSID1022180	0	0
DTXSID1020857	0	0
DTXSID1020809	0	0
DTXSID1020859	0	0
DTXSID1020932	0	0
DTXSID1020930	0	0
DTXSID1020982	0	0
DTXSID1021031	0	0
DTXSID1021039	0	0
DTXSID1021087	0	0
DTXSID1021089	0	0
DTXSID1021114	0	1
DTXSID1021116	0	0
DTXSID1021241	0	0
DTXSID1021162	0	0
DTXSID1021243	0	1
DTXSID1021164	0	0
DTXSID1021166	0	0
DTXSID1021168	0	0
DTXSID1021372	0	0
DTXSID1021328	0	0
DTXSID1021378	0	0
DTXSID1021403	0	0
DTXSID1021409	0	1
DTXSID1021455	0	0
DTXSID1021530	0	0
DTXSID1021584	0	0
DTXSID1021615	0	0
DTXSID1021586	0	0
DTXSID1021247	0	0
DTXSID1021617	0	0
DTXSID1021619	0	0
DTXSID1021291	0	0
DTXSID1021299	0	0
DTXSID1021320	0	0
DTXSID1021827	0	0
DTXSID1021667	0	0
DTXSID1021871	0	0
DTXSID1021873	0	0
DTXSID1021740	0	0
DTXSID1021744	0	0
DTXSID1021792	0	0
DTXSID1021821	0	0
DTXSID1021956	0	0
DTXSID1021958	0	0
DTXSID1022001	0	0
DTXSID1021952	0	0
DTXSID1021877	0	0
DTXSID1021879	0	0
DTXSID1022057	0	0
DTXSID1022130	0	0
DTXSID1022138	0	0
DTXSID1022051	0	0
DTXSID1022055	0	0
DTXSID1022396	0	0
DTXSID1022421	0	0
DTXSID1022425	0	0
DTXSID1022217	0	0
DTXSID1022186	0	0
DTXSID1022265	0	0
DTXSID1022479	0	0
DTXSID1022508	0	1
DTXSID1022267	0	0
DTXSID1022394	0	0
DTXSID1022718	0	0
DTXSID1022843	0	1
DTXSID1022760	0	0
DTXSID1022762	0	0
DTXSID1022847	0	0
DTXSID1022764	0	0
DTXSID1022922	0	0
DTXSID1022766	0	1
DTXSID1022768	0	0
DTXSID1022978	0	0
DTXSID1022926	0	0
DTXSID1022974	0	1
DTXSID1022685	0	0
DTXSID1022687	0	0
DTXSID1022556	0	0
DTXSID1023021	0	0
DTXSID1023027	0	0
DTXSID1023071	0	0
DTXSID1022635	0	0
DTXSID1022681	0	0
DTXSID1023368	0	0
DTXSID1023102	0	0
DTXSID1023150	0	0
DTXSID1023441	0	0
DTXSID1023158	1	1
DTXSID1023231	0	0
DTXSID1023495	0	0
DTXSID1023497	0	0
DTXSID1023526	0	0
DTXSID1023281	0	0
DTXSID1023314	0	0
DTXSID1023283	0	0
DTXSID1023316	0	0
DTXSID1023362	0	0
DTXSID1023364	0	0
DTXSID1023572	0	0
DTXSID1023603	0	0
DTXSID1023605	0	0
DTXSID1023607	0	0
DTXSID1023819	0	0
DTXSID1023609	0	0
DTXSID1023736	0	0
DTXSID1023786	0	0
DTXSID1024045	0	0
DTXSID1023998	0	0
DTXSID1023815	0	0
DTXSID1023730	0	0
DTXSID1023734	0	0
DTXSID1024049	0	0
DTXSID1024176	0	0
DTXSID1024170	0	0
DTXSID1024209	0	0
DTXSID1024124	0	0
DTXSID1024255	0	0
DTXSID1024259	1	0
DTXSID1024174	0	0
DTXSID1024338	0	0
DTXSID1024629	0	0
DTXSID1024702	0	0
DTXSID1024598	0	0
DTXSID1024413	0	0
DTXSID1024704	0	0
DTXSID1024625	0	0
DTXSID1024463	0	0
DTXSID1024831	0	0
DTXSID1024835	0	0
DTXSID1024881	0	0
DTXSID1024885	0	0
DTXSID1025148	0	0
DTXSID1024916	0	0
DTXSID1024918	0	0
DTXSID1025221	0	0
DTXSID1025017	0	0
DTXSID1024966	0	0
DTXSID1025279	0	0
DTXSID1025431	0	0
DTXSID1025483	0	0
DTXSID1025485	0	0
DTXSID1025302	0	0
DTXSID1025271	0	0
DTXSID1025437	0	0
DTXSID1025304	0	0
DTXSID1025306	0	0
DTXSID1025481	0	0
DTXSID1025308	0	0
DTXSID1025300	0	0
DTXSID1025560	0	0
DTXSID1025693	0	0
DTXSID1025809	0	0
DTXSID1026033	0	0
DTXSID1025805	0	0
DTXSID1025930	0	0
DTXSID1025851	0	0
DTXSID1025853	0	0
DTXSID1026089	0	0
DTXSID1026081	1	1
DTXSID1025807	0	0
DTXSID1026031	0	0
DTXSID1026164	0	0
DTXSID1026457	0	0
DTXSID1026241	0	0
DTXSID1026118	0	0
DTXSID1026536	0	0
DTXSID1026293	0	0
DTXSID1026615	0	0
DTXSID1026667	0	0
DTXSID1026740	0	0
DTXSID1026619	0	0
DTXSID1026661	0	0
DTXSID1026665	0	0
DTXSID1026796	0	0
DTXSID1026792	0	0
DTXSID1026879	0	0
DTXSID1027184	0	0
DTXSID1027186	0	0
DTXSID1026904	0	0
DTXSID1027188	0	0
DTXSID1027211	0	0
DTXSID1026954	0	0
DTXSID1027007	0	0
DTXSID1027219	0	0
DTXSID1027265	0	0
DTXSID1027263	0	0
DTXSID1027134	0	1
DTXSID1027269	0	0
DTXSID1027479	0	0
DTXSID1027425	0	0
DTXSID1027506	0	0
DTXSID1027344	0	0
DTXSID1027346	0	0
DTXSID1027342	0	0
DTXSID1027550	0	0
DTXSID1027502	0	0
DTXSID1027558	0	0
DTXSID1027633	0	0
DTXSID1027556	0	0
DTXSID1027764	0	0
DTXSID1027716	0	0
DTXSID1027768	0	0
DTXSID1027635	0	0
DTXSID1027974	0	0
DTXSID1027978	0	0
DTXSID1029120	0	0
DTXSID1027970	0	0
DTXSID1029122	0	0
DTXSID1029124	0	0
DTXSID1029128	0	0
DTXSID1029201	0	0
DTXSID1029170	0	0
DTXSID1029207	0	0
DTXSID1029251	0	0
DTXSID1029338	0	0
DTXSID1029629	0	0
DTXSID1029889	0	0
DTXSID1029671	0	0
DTXSID1031462	0	0
DTXSID1031591	0	0
DTXSID1029677	0	0
DTXSID1029255	0	0
DTXSID1029910	0	0
DTXSID1030317	0	0
DTXSID1030606	0	0
DTXSID1030319	0	0
DTXSID1030604	0	0
DTXSID1031096	1	0
DTXSID3021356	0	0
DTXSID1032355	0	0
DTXSID1031626	0	0
DTXSID1032278	0	0
DTXSID1031460	0	0
DTXSID1032309	0	0
DTXSID1032488	0	0
DTXSID1032511	0	0
DTXSID1032513	0	0
DTXSID1032519	0	0
DTXSID1032482	0	0
DTXSID1032484	0	0
DTXSID1032569	0	0
DTXSID1032648	0	0
DTXSID1032640	0	0
DTXSID1032690	1	1
DTXSID1032646	0	0
DTXSID1033161	0	0
DTXSID1033664	0	0
DTXSID1033402	0	0
DTXSID1033539	0	0
DTXSID1033876	0	0
DTXSID1034187	1	1
DTXSID1034503	0	0
DTXSID1034634	0	0
DTXSID1034181	1	1
DTXSID1034212	0	0
DTXSID1034260	0	0
DTXSID1034266	0	0
DTXSID1034214	0	0
DTXSID1035286	0	0
DTXSID1035288	0	0
DTXSID1035783	0	0
DTXSID1034769	0	0
DTXSID1036541	0	0
DTXSID1034973	0	0
DTXSID1034929	0	0
DTXSID1037696	0	0
DTXSID1037197	0	0
DTXSID1037224	0	0
DTXSID1037511	0	0
DTXSID1037515	0	0
DTXSID1037565	0	0
DTXSID1037303	0	0
DTXSID1038321	0	0
DTXSID1038822	0	0
DTXSID1038795	0	0
DTXSID1038666	0	0
DTXSID1040110	0	0
DTXSID1040114	0	0
DTXSID1040112	0	0
DTXSID1040320	0	0
DTXSID1040243	0	0
DTXSID1040326	0	0
DTXSID1040372	0	0
DTXSID1040324	0	0
DTXSID1040794	0	0
DTXSID1041132	0	0
DTXSID1040617	0	0
DTXSID1040619	1	1
DTXSID1040792	0	0
DTXSID1040661	0	0
DTXSID1040667	0	0
DTXSID1040740	0	0
DTXSID1040459	0	0
DTXSID1040742	0	1
DTXSID1041184	0	0
DTXSID1041188	0	0
DTXSID1041217	0	0
DTXSID1041423	0	0
DTXSID1041261	0	0
DTXSID1041425	0	0
DTXSID1041502	0	1
DTXSID1041508	0	0
DTXSID1041421	0	0
DTXSID1041269	0	0
DTXSID1041506	0	0
DTXSID1041346	0	0
DTXSID1041550	0	0
DTXSID1041689	0	0
DTXSID1041639	0	0
DTXSID1041267	0	0
DTXSID1041847	0	0
DTXSID1041683	0	0
DTXSID1041396	0	0
DTXSID1041891	0	0
DTXSID1041897	0	0
DTXSID1041920	0	0
DTXSID1041978	0	0
DTXSID1041970	0	0
DTXSID1042281	0	0
DTXSID1042154	0	0
DTXSID1042077	0	0
DTXSID1042364	0	0
DTXSID1042285	0	0
DTXSID1042499	0	1
DTXSID1042441	0	0
DTXSID1044223	0	0
DTXSID1044196	0	0
DTXSID1042570	1	1
DTXSID1042574	0	0
DTXSID1044221	1	1
DTXSID1044439	0	0
DTXSID1044431	0	0
DTXSID1044433	0	0
DTXSID1044435	0	0
DTXSID1044352	0	0
DTXSID1044437	0	0
DTXSID1044481	0	0
DTXSID1044485	0	0
DTXSID1044356	0	0
DTXSID1044514	0	1
DTXSID1044518	0	0
DTXSID1044568	0	0
DTXSID1044643	0	0
DTXSID1044693	0	0
DTXSID1044697	0	0
DTXSID1044647	0	0
DTXSID1044691	0	0
DTXSID1044776	0	0
DTXSID1044772	0	0
DTXSID1044774	0	0
DTXSID1044720	0	0
DTXSID1044722	0	0
DTXSID1044801	0	0
DTXSID1044724	0	0
DTXSID1044807	0	0
DTXSID1044728	0	0
DTXSID1044770	0	0
DTXSID1045116	0	0
DTXSID1044934	0	0
DTXSID1045118	0	0
DTXSID1044936	0	1
DTXSID1044809	0	0
DTXSID1045160	0	0
DTXSID1044938	0	0
DTXSID1044982	0	0
DTXSID1045162	0	0
DTXSID1045164	0	0
DTXSID1044851	0	1
DTXSID1044853	0	0
DTXSID1045033	0	0
DTXSID1045081	0	0
DTXSID1044857	0	0
DTXSID1045166	0	0
DTXSID1045245	0	0
DTXSID1045291	0	0
DTXSID1045293	0	0
DTXSID1045083	0	0
DTXSID1045085	1	1
DTXSID1045089	0	0
DTXSID1045110	0	0
DTXSID1045112	0	0
DTXSID1045114	0	0
DTXSID1045328	0	0
DTXSID1045297	0	0
DTXSID1045370	0	0
DTXSID1045320	0	0
DTXSID1045322	0	0
DTXSID1045372	0	0
DTXSID1045376	0	0
DTXSID1045324	0	0
DTXSID1045326	1	0
DTXSID1045530	0	0
DTXSID1045615	0	0
DTXSID1045534	1	1
DTXSID1045619	0	0
DTXSID1045536	0	0
DTXSID1045661	0	0
DTXSID1045538	0	0
DTXSID1045663	0	0
DTXSID1045405	0	0
DTXSID1045407	0	0
DTXSID1045409	0	0
DTXSID1045453	0	0
DTXSID1045459	0	0
DTXSID1045580	0	0
DTXSID1045748	0	0
DTXSID1044859	0	0
DTXSID1044930	0	0
DTXSID1045582	0	0
DTXSID1045584	0	0
DTXSID1045790	0	0
DTXSID1045665	0	0
DTXSID1045669	0	1
DTXSID1045586	0	0
DTXSID1044932	0	0
DTXSID1045740	0	0
DTXSID1045588	0	0
DTXSID1045792	0	0
DTXSID1045742	0	0
DTXSID1045744	0	0
DTXSID1045611	0	0
DTXSID1045746	0	0
DTXSID1045794	0	0
DTXSID1045796	0	0
DTXSID1045798	0	0
DTXSID1046003	0	0
DTXSID1045879	0	0
DTXSID1046055	0	0
DTXSID1045950	0	0
DTXSID1046007	0	0
DTXSID1045954	0	0
DTXSID1045956	0	0
DTXSID1045958	0	0
DTXSID1046132	0	0
DTXSID1046134	0	0
DTXSID1045877	0	0
DTXSID1045952	0	0
DTXSID1045871	0	0
DTXSID1046059	0	0
DTXSID1046130	0	0
DTXSID1045873	0	0
DTXSID1045906	0	0
DTXSID1045902	0	0
DTXSID1045904	0	0
DTXSID1045825	0	0
DTXSID1046217	0	0
DTXSID1046136	0	0
DTXSID1046184	0	0
DTXSID1046188	0	0
DTXSID1046211	0	0
DTXSID1046263	1	0
DTXSID1046265	0	0
DTXSID1046138	0	0
DTXSID1046180	0	0
DTXSID1046267	0	0
DTXSID1046186	0	0
DTXSID1046390	0	0
DTXSID1046269	0	0
DTXSID1046342	0	0
DTXSID1046213	0	0
DTXSID1046215	0	0
DTXSID1046392	0	0
DTXSID1046344	0	0
DTXSID1046346	0	0
DTXSID1046348	0	0
DTXSID1046394	0	0
DTXSID1046396	0	0
DTXSID1046502	0	0
DTXSID1046504	0	0
DTXSID1046506	0	0
DTXSID1046558	0	0
DTXSID1046421	0	0
DTXSID1046427	1	1
DTXSID1046429	0	1
DTXSID1046508	0	0
DTXSID1046550	0	0
DTXSID1046477	0	0
DTXSID1046471	0	0
DTXSID1046475	0	0
DTXSID1046631	0	0
DTXSID1046552	0	0
DTXSID1046633	1	1
DTXSID1046423	0	0
DTXSID1046425	0	0
DTXSID1046637	0	0
DTXSID1046556	0	0
DTXSID1046639	0	0
DTXSID1046479	0	0
DTXSID1046500	0	0
DTXSID1046764	0	0
DTXSID1046766	0	0
DTXSID1046685	0	0
DTXSID1046710	0	0
DTXSID1046712	0	0
DTXSID1046714	0	0
DTXSID1046716	0	0
DTXSID1046681	0	0
DTXSID1046687	0	0
DTXSID1046689	0	0
DTXSID1046768	0	0
DTXSID1046841	0	0
DTXSID1046683	0	1
DTXSID1046760	0	0
DTXSID1046970	0	0
DTXSID1046895	0	0
DTXSID1046920	0	0
DTXSID1046843	0	1
DTXSID1046845	0	0
DTXSID1046847	0	0
DTXSID1046974	0	0
DTXSID1047071	0	0
DTXSID1046922	0	1
DTXSID1046924	0	0
DTXSID1047102	1	1
DTXSID1046849	1	0
DTXSID1046891	0	0
DTXSID1046976	1	1
DTXSID1046926	0	0
DTXSID1047156	0	0
DTXSID1047104	0	0
DTXSID1047106	0	0
DTXSID1047281	0	0
DTXSID1047152	0	0
DTXSID1047150	0	0
DTXSID1047239	0	0
DTXSID1047283	0	0
DTXSID1047285	0	0
DTXSID1047289	0	0
DTXSID1047318	0	0
DTXSID1047362	0	0
DTXSID1047310	0	1
DTXSID1047312	0	0
DTXSID1047360	0	0
DTXSID1047316	0	0
DTXSID1047287	0	0
DTXSID1047366	0	1
DTXSID1047368	0	0
DTXSID1047443	0	0
DTXSID1047447	0	0
DTXSID1047491	0	0
DTXSID1047528	0	0
DTXSID1047493	0	0
DTXSID1047497	0	0
DTXSID1047570	0	0
DTXSID1047576	0	0
DTXSID1047578	0	0
DTXSID1047574	0	0
DTXSID1047601	0	0
DTXSID1047780	0	0
DTXSID1047609	0	0
DTXSID1047603	0	0
DTXSID1047788	0	0
DTXSID1047651	0	0
DTXSID1047605	0	0
DTXSID1047782	0	0
DTXSID1047659	0	0
DTXSID1047811	0	0
DTXSID1047813	0	0
DTXSID1047784	0	0
DTXSID1047786	0	0
DTXSID1047815	0	0
DTXSID1047817	0	0
DTXSID1047869	0	0
DTXSID1047940	0	0
DTXSID1047942	0	0
DTXSID1048170	0	1
DTXSID1048172	0	0
DTXSID1048174	0	0
DTXSID1048176	0	0
DTXSID1048592	0	0
DTXSID1048594	0	0
DTXSID1048178	0	0
DTXSID1048596	0	0
DTXSID1048201	0	0
DTXSID1048209	0	0
DTXSID1048203	0	0
DTXSID1048598	1	1
DTXSID1048621	0	0
DTXSID1048623	1	0
DTXSID1048259	0	0
DTXSID1048207	0	0
DTXSID1048590	0	0
DTXSID1048625	0	0
DTXSID1048627	0	0
DTXSID1048629	0	0
DTXSID1048675	0	0
DTXSID1048677	0	0
DTXSID1048754	0	0
DTXSID1048756	0	0
DTXSID1048758	0	0
DTXSID1048837	0	0
DTXSID1048910	0	0
DTXSID1048831	0	0
DTXSID1048679	0	0
DTXSID1048700	0	1
DTXSID1048912	0	0
DTXSID1048839	0	0
DTXSID1048881	0	0
DTXSID1048914	0	0
DTXSID1048883	0	0
DTXSID1048885	0	0
DTXSID1048887	0	0
DTXSID1048889	0	0
DTXSID1048833	0	0
DTXSID1048916	0	0
DTXSID1048706	0	0
DTXSID1048708	0	0
DTXSID1048750	0	0
DTXSID1048835	0	0
DTXSID1048752	0	0
DTXSID1049225	0	0
DTXSID1049227	0	0
DTXSID1048960	0	0
DTXSID1048962	0	0
DTXSID1049067	0	0
DTXSID1049061	0	0
DTXSID1049063	0	0
DTXSID1049065	0	0
DTXSID1048918	0	0
DTXSID1049275	0	0
DTXSID1049017	0	0
DTXSID1049019	0	0
DTXSID1048964	0	1
DTXSID1049223	0	0
DTXSID1048968	0	0
DTXSID1049011	0	0
DTXSID1049013	0	0
DTXSID1049015	1	1
DTXSID1049304	0	0
DTXSID1049358	0	0
DTXSID1049352	0	1
DTXSID1049431	0	0
DTXSID1049277	0	0
DTXSID1049354	0	0
DTXSID1049356	0	0
DTXSID1049308	0	0
DTXSID1049279	0	0
DTXSID1049433	0	0
DTXSID2020006	0	0
DTXSID2020054	0	0
DTXSID2020137	0	0
DTXSID2020260	0	0
DTXSID2020181	0	0
DTXSID2020262	0	0
DTXSID2020212	0	0
DTXSID2020266	1	1
DTXSID2020189	0	0
DTXSID2020216	0	0
DTXSID2020268	0	0
DTXSID2020341	0	0
DTXSID2020349	0	0
DTXSID2020391	0	0
DTXSID2020347	0	0
DTXSID2020399	0	0
DTXSID2020420	0	0
DTXSID2020424	0	0
DTXSID2020634	0	0
DTXSID2020470	0	0
DTXSID2020509	0	0
DTXSID2020478	0	0
DTXSID2020428	0	0
DTXSID2020557	0	0
DTXSID2020501	0	0
DTXSID2020474	0	0
DTXSID2020684	1	0
DTXSID2020686	0	0
DTXSID2020688	0	0
DTXSID2020636	0	0
DTXSID2020713	0	0
DTXSID2020680	0	0
DTXSID2020682	0	0
DTXSID2020717	0	0
DTXSID2020761	0	0
DTXSID2020767	0	0
DTXSID2020890	0	0
DTXSID2020898	0	0
DTXSID2020844	0	0
DTXSID2020923	0	0
DTXSID2020929	0	0
DTXSID2021022	0	0
DTXSID2021070	0	0
DTXSID2021103	0	0
DTXSID2021151	0	0
DTXSID2021232	0	0
DTXSID2021234	0	0
DTXSID2021284	0	0
DTXSID2021159	0	0
DTXSID2021238	0	0
DTXSID2021286	0	0
DTXSID2021315	0	0
DTXSID2021317	0	0
DTXSID2021365	0	0
DTXSID2021319	0	0
DTXSID2021363	0	0
DTXSID2021367	0	1
DTXSID2021440	0	0
DTXSID2021311	0	0
DTXSID2021650	0	0
DTXSID2021577	0	0
DTXSID2021442	0	0
DTXSID2021652	0	0
DTXSID2021575	0	0
DTXSID2021600	0	0
DTXSID2021448	0	0
DTXSID2021492	0	0
DTXSID2021654	0	0
DTXSID2021656	0	0
DTXSID2021789	0	0
DTXSID2021739	0	0
DTXSID2021602	0	0
DTXSID2021810	0	0
DTXSID2021658	0	0
DTXSID2021731	0	0
DTXSID2021816	0	0
DTXSID2021608	0	0
DTXSID2021735	0	0
DTXSID2021781	0	0
DTXSID2021818	0	0
DTXSID2021860	0	0
DTXSID2021866	0	0
DTXSID2021864	0	0
DTXSID2021868	0	0
DTXSID2021943	0	0
DTXSID2021995	0	0
DTXSID2021997	0	0
DTXSID2022048	0	0
DTXSID2021949	0	0
DTXSID2022096	0	0
DTXSID2022090	0	0
DTXSID2021993	0	0
DTXSID2022121	0	0
DTXSID2022123	0	0
DTXSID2022254	0	0
DTXSID2022256	0	0
DTXSID2022331	0	0
DTXSID2022127	0	0
DTXSID2022381	0	1
DTXSID2022674	0	0
DTXSID2022593	0	0
DTXSID2022676	0	0
DTXSID2022541	0	0
DTXSID2022595	0	0
DTXSID2022543	0	0
DTXSID2022626	0	0
DTXSID2022549	0	0
DTXSID2022628	0	0
DTXSID2022678	0	0
DTXSID2022672	1	1
DTXSID2022707	0	0
DTXSID2022751	0	0
DTXSID2022753	0	0
DTXSID2022880	0	0
DTXSID2022888	0	0
DTXSID2023149	0	0
DTXSID2023224	0	1
DTXSID2023222	0	0
DTXSID2023276	0	0
DTXSID2023016	0	0
DTXSID2023303	0	1
DTXSID2023307	0	0
DTXSID2023519	0	0
DTXSID2023064	0	0
DTXSID2023068	0	0
DTXSID2023480	0	0
DTXSID2023567	0	0
DTXSID2023488	0	1
DTXSID2023143	0	0
DTXSID2023353	0	0
DTXSID2023145	0	0
DTXSID2023690	0	0
DTXSID2023692	0	0
DTXSID2023723	0	0
DTXSID2023725	0	0
DTXSID2023775	0	0
DTXSID2023937	0	0
DTXSID2024030	0	0
DTXSID2023727	0	0
DTXSID2023729	0	0
DTXSID2024038	0	0
DTXSID2024086	0	0
DTXSID2023569	0	0
DTXSID2023642	0	0
DTXSID2023644	0	0
DTXSID2024242	0	0
DTXSID2024113	0	0
DTXSID2024589	0	0
DTXSID2024660	0	0
DTXSID2024163	0	0
DTXSID2024454	0	0
DTXSID2024662	0	0
DTXSID2024664	0	0
DTXSID2024666	0	0
DTXSID2024793	0	0
DTXSID2024822	0	0
DTXSID2024955	0	0
DTXSID2025004	0	0
DTXSID2025006	0	0
DTXSID2024878	0	0
DTXSID2025058	0	0
DTXSID2025345	0	0
DTXSID2025139	1	1
DTXSID2025347	0	0
DTXSID2025183	0	0
DTXSID2025391	0	0
DTXSID2025395	0	0
DTXSID2025424	0	0
DTXSID2025474	0	0
DTXSID2025185	0	0
DTXSID2025478	0	0
DTXSID2025422	0	0
DTXSID2025501	0	0
DTXSID2025557	0	0
DTXSID2025680	0	0
DTXSID2025688	0	0
DTXSID2025503	0	0
DTXSID2025505	0	0
DTXSID2025551	0	0
DTXSID2025840	0	0
DTXSID2026074	0	0
DTXSID2025842	0	0
DTXSID2026101	0	0
DTXSID2025975	0	0
DTXSID2025977	0	0
DTXSID2026022	0	0
DTXSID2026444	0	0
DTXSID2026446	0	0
DTXSID2025896	0	0
DTXSID2025925	0	0
DTXSID2026448	0	0
DTXSID2026494	0	0
DTXSID2026107	0	0
DTXSID2026151	1	1
DTXSID2026157	0	0
DTXSID2026496	0	0
DTXSID2026232	0	0
DTXSID2026523	0	0
DTXSID2026602	0	1
DTXSID2026525	0	0
DTXSID2026606	0	0
DTXSID2026527	0	0
DTXSID2026600	0	0
DTXSID2026608	0	0
DTXSID2026529	0	0
DTXSID2026781	0	0
DTXSID2026783	0	0
DTXSID2026789	0	0
DTXSID2026991	0	0
DTXSID2026652	0	0
DTXSID2026864	0	0
DTXSID2026997	0	0
DTXSID2026941	0	0
DTXSID2026943	0	0
DTXSID2027094	0	0
DTXSID2027044	0	0
DTXSID2027096	0	0
DTXSID2027200	0	0
DTXSID2027098	0	0
DTXSID2027175	0	0
DTXSID2027092	0	0
DTXSID2027466	0	0
DTXSID2027591	0	0
DTXSID2027418	0	0
DTXSID2027414	0	0
DTXSID2027462	0	0
DTXSID2027206	0	0
DTXSID2027254	0	0
DTXSID2027258	0	0
DTXSID2027333	0	0
DTXSID2027593	0	0
DTXSID2027599	0	0
DTXSID2027620	0	0
DTXSID2027759	0	0
DTXSID2027830	0	0
DTXSID2027832	0	0
DTXSID2027886	0	0
DTXSID2027834	0	0
DTXSID2027884	0	0
DTXSID2028010	0	0
DTXSID2028016	0	0
DTXSID2028985	0	0
DTXSID2029240	0	0
DTXSID2029325	0	0
DTXSID2029327	0	0
DTXSID2029167	0	0
DTXSID2029117	0	0
DTXSID2029290	0	0
DTXSID2029298	0	0
DTXSID2029169	0	0
DTXSID2031089	1	0
DTXSID2029612	0	0
DTXSID2029616	0	0
DTXSID2030695	0	0
DTXSID2029242	0	0
DTXSID2029874	0	0
DTXSID2032390	1	0
DTXSID2031956	0	0
DTXSID2032005	0	1
DTXSID2032180	0	0
DTXSID2032344	0	0
DTXSID2032348	0	0
DTXSID2032550	0	0
DTXSID2032552	0	0
DTXSID2032392	0	0
DTXSID2032398	0	0
DTXSID2032554	0	0
DTXSID2032556	0	0
DTXSID2032421	0	0
DTXSID2032639	0	0
DTXSID2032631	0	0
DTXSID2032683	0	0
DTXSID2032637	0	0
DTXSID2032558	0	0
DTXSID2032500	0	1
DTXSID2033493	0	0
DTXSID2034095	0	0
DTXSID2034255	0	0
DTXSID2033736	0	1
DTXSID2033863	0	0
DTXSID2034091	0	0
DTXSID2032891	0	0
DTXSID2033281	0	0
DTXSID2033314	1	1
DTXSID2034598	0	0
DTXSID2034338	0	0
DTXSID2034382	0	0
DTXSID2034540	0	0
DTXSID2034590	0	0
DTXSID2034881	0	0
DTXSID2034885	0	0
DTXSID2034673	0	0
DTXSID2034700	0	0
DTXSID2034625	0	0
DTXSID2034962	0	0
DTXSID2034968	0	0
DTXSID2035481	0	0
DTXSID2036112	1	1
DTXSID2036588	0	0
DTXSID2037508	0	0
DTXSID2037712	0	0
DTXSID2036827	0	0
DTXSID2037186	0	1
DTXSID2038732	0	0
DTXSID2038788	0	0
DTXSID2037714	0	0
DTXSID2038813	0	0
DTXSID2040363	0	0
DTXSID2040525	0	0
DTXSID2040579	0	0
DTXSID2040652	0	0
DTXSID2040151	0	0
DTXSID2040234	0	0
DTXSID2040608	0	0
DTXSID2040236	0	0
DTXSID2040656	0	0
DTXSID2040284	0	0
DTXSID2039336	0	0
DTXSID2040731	0	0
DTXSID2040361	0	0
DTXSID2040735	0	0
DTXSID2041252	0	0
DTXSID2041206	0	1
DTXSID2041256	0	0
DTXSID2040945	0	0
DTXSID2041046	0	0
DTXSID2040783	0	0
DTXSID2041250	0	0
DTXSID2040787	1	1
DTXSID2041200	0	0
DTXSID2041412	0	0
DTXSID2041460	0	0
DTXSID2041468	0	0
DTXSID2041416	0	0
DTXSID2041418	0	0
DTXSID2041541	0	0
DTXSID2041709	0	0
DTXSID2041545	0	0
DTXSID2041626	0	0
DTXSID2042220	1	0
DTXSID2042224	1	1
DTXSID2042276	0	0
DTXSID2041880	0	0
DTXSID2042014	0	0
DTXSID2041884	0	0
DTXSID2041913	0	0
DTXSID2042060	0	0
DTXSID2041886	0	0
DTXSID2041547	0	0
DTXSID2041672	0	0
DTXSID2041622	0	0
DTXSID2042145	0	0
DTXSID2042199	0	0
DTXSID2042149	0	0
DTXSID2042062	0	0
DTXSID2043874	0	0
DTXSID2042191	0	0
DTXSID2042195	0	0
DTXSID2042436	0	0
DTXSID2043909	0	0
DTXSID2044000	0	1
DTXSID2044002	0	0
DTXSID2044131	0	0
DTXSID2044214	0	0
DTXSID2044420	0	0
DTXSID2044266	0	0
DTXSID2044137	0	0
DTXSID2044210	0	0
DTXSID2044347	0	0
DTXSID2044268	0	0
DTXSID2044397	0	0
DTXSID2044218	0	0
DTXSID2044399	0	0
DTXSID2044391	0	0
DTXSID2044393	0	0
DTXSID2044474	0	0
DTXSID2044472	0	0
DTXSID2044470	0	0
DTXSID2044638	0	0
DTXSID2044428	0	0
DTXSID2044507	0	1
DTXSID2044553	0	0
DTXSID2044424	0	0
DTXSID2044632	0	0
DTXSID2044765	0	0
DTXSID2044684	0	0
DTXSID2044686	0	0
DTXSID2044715	0	0
DTXSID2044842	0	0
DTXSID2044713	0	0
DTXSID2044719	0	0
DTXSID2044769	0	0
DTXSID2044767	0	0
DTXSID2044682	0	0
DTXSID2044763	0	0
DTXSID2044840	0	0
DTXSID2044892	0	0
DTXSID2044921	0	0
DTXSID2044896	0	0
DTXSID2044898	0	0
DTXSID2044848	0	0
DTXSID2044923	0	0
DTXSID2044925	0	0
DTXSID2044890	0	0
DTXSID2045153	0	0
DTXSID2044927	0	0
DTXSID2044973	0	0
DTXSID2045157	0	0
DTXSID2045076	0	0
DTXSID2045078	0	0
DTXSID2044979	0	0
DTXSID2045232	0	0
DTXSID2045072	0	0
DTXSID2045101	0	0
DTXSID2044971	0	0
DTXSID2045103	0	0
DTXSID2045107	0	0
DTXSID2045109	0	0
DTXSID2045361	0	0
DTXSID2045365	1	1
DTXSID2045448	0	0
DTXSID2045367	0	0
DTXSID2045440	1	0
DTXSID2045442	0	0
DTXSID2045492	0	0
DTXSID2045494	0	0
DTXSID2045498	0	0
DTXSID2045280	0	0
DTXSID2045444	0	0
DTXSID2045490	0	0
DTXSID2045571	0	0
DTXSID2045573	0	0
DTXSID2045315	0	0
DTXSID2045575	0	0
DTXSID2045521	0	0
DTXSID2045650	0	0
DTXSID2045652	0	0
DTXSID2045579	0	0
DTXSID2045600	0	0
DTXSID2045527	0	0
DTXSID2045781	0	0
DTXSID2045864	0	0
DTXSID2045868	0	0
DTXSID2045606	0	0
DTXSID2045608	0	0
DTXSID2045523	0	0
DTXSID2045602	0	0
DTXSID2045941	0	0
DTXSID2045783	0	0
DTXSID2045656	0	0
DTXSID2045529	1	0
DTXSID2045654	0	0
DTXSID2045658	0	0
DTXSID2045785	0	0
DTXSID2045787	0	0
DTXSID2045789	0	0
DTXSID2045943	1	1
DTXSID2045945	0	0
DTXSID2045810	0	0
DTXSID2046090	0	0
DTXSID2046094	0	0
DTXSID2046092	0	0
DTXSID2045812	0	0
DTXSID2045814	1	0
DTXSID2045860	0	1
DTXSID2045862	0	0
DTXSID2046250	0	0
DTXSID2046252	0	0
DTXSID2046254	0	0
DTXSID2046121	0	0
DTXSID2046410	0	0
DTXSID2046256	0	0
DTXSID2046258	0	0
DTXSID2046383	0	0
DTXSID2046412	0	0
DTXSID2046171	0	0
DTXSID2046173	0	0
DTXSID2046418	0	0
DTXSID2046175	0	0
DTXSID2046385	0	0
DTXSID2046123	0	0
DTXSID2046127	0	0
DTXSID2046177	0	0
DTXSID2046179	0	0
DTXSID2046389	0	0
DTXSID2046200	0	0
DTXSID2046202	0	0
DTXSID2046206	0	0
DTXSID2046208	0	0
DTXSID2046460	1	1
DTXSID2046464	0	0
DTXSID2046468	1	1
DTXSID2046541	0	0
DTXSID2046599	0	0
DTXSID2046757	0	0
DTXSID2046759	0	0
DTXSID2046624	0	0
DTXSID2046626	0	0
DTXSID2046628	0	0
DTXSID2046830	0	0
DTXSID2046832	0	0
DTXSID2046834	0	0
DTXSID2046836	0	0
DTXSID2046543	0	0
DTXSID2046545	0	0
DTXSID2046670	0	0
DTXSID2046880	0	0
DTXSID2046549	0	0
DTXSID2046591	1	1
DTXSID2046674	0	0
DTXSID2046882	0	0
DTXSID2046886	0	0
DTXSID2046593	0	0
DTXSID2046597	0	0
DTXSID2046678	0	0
DTXSID2046701	1	1
DTXSID2046703	0	0
DTXSID2046705	0	1
DTXSID2046707	0	0
DTXSID2046709	0	0
DTXSID2046751	0	0
DTXSID2046755	0	1
DTXSID2047060	0	0
DTXSID2046888	0	0
DTXSID2046911	0	0
DTXSID2047270	0	0
DTXSID2047062	0	0
DTXSID2046913	0	0
DTXSID2047141	0	0
DTXSID2047068	0	0
DTXSID2046915	0	0
DTXSID2047064	0	0
DTXSID2046919	0	0
DTXSID2047066	0	0
DTXSID2047145	0	0
DTXSID2047272	0	0
DTXSID2047149	0	0
DTXSID2047191	0	0
DTXSID2047195	0	0
DTXSID2047197	0	0
DTXSID2047193	0	0
DTXSID2047199	0	0
DTXSID2047274	0	0
DTXSID2047301	0	0
DTXSID2047276	0	0
DTXSID2047303	0	0
DTXSID2047307	0	0
DTXSID2047305	0	0
DTXSID2047309	0	0
DTXSID2047278	0	0
DTXSID2047355	0	0
DTXSID2047353	1	1
DTXSID2047434	1	1
DTXSID2047359	0	0
DTXSID2047357	0	0
DTXSID2047351	1	1
DTXSID2047519	0	1
DTXSID2047511	0	0
DTXSID2047436	0	0
DTXSID2047565	0	0
DTXSID2047567	0	0
DTXSID2047569	0	0
DTXSID2047646	0	0
DTXSID2047642	0	0
DTXSID2047648	0	0
DTXSID2047694	0	0
DTXSID2047773	0	0
DTXSID2047775	0	0
DTXSID2047777	0	0
DTXSID2047779	0	0
DTXSID2047723	0	0
DTXSID2047725	0	0
DTXSID2047802	0	0
DTXSID2047939	0	0
DTXSID2047933	0	0
DTXSID2047937	0	0
DTXSID2047931	0	0
DTXSID2047804	0	0
DTXSID2047852	0	0
DTXSID2047856	0	0
DTXSID2048169	0	0
DTXSID2047806	0	0
DTXSID2047858	0	0
DTXSID2048161	0	0
DTXSID2048379	0	0
DTXSID2048581	0	0
DTXSID2047850	0	0
DTXSID2048583	0	0
DTXSID2048585	0	0
DTXSID2048587	0	0
DTXSID2048610	0	0
DTXSID2048664	0	1
DTXSID2048799	0	0
DTXSID2048745	0	0
DTXSID2048747	0	0
DTXSID2048749	0	0
DTXSID2048791	0	0
DTXSID2048793	0	0
DTXSID2048820	0	0
DTXSID2048616	0	0
DTXSID2048612	0	0
DTXSID2048614	0	0
DTXSID2048741	0	0
DTXSID2048743	0	0
DTXSID2048822	0	0
DTXSID2048666	0	0
DTXSID2048824	0	0
DTXSID2048660	0	0
DTXSID2048618	0	0
DTXSID2048795	0	0
DTXSID2048662	0	0
DTXSID2048797	0	0
DTXSID2048876	0	0
DTXSID2048878	0	0
DTXSID2048901	0	0
DTXSID2048903	0	0
DTXSID2048905	1	1
DTXSID2048907	0	0
DTXSID2048909	0	0
DTXSID2048953	0	0
DTXSID2048955	1	1
DTXSID2048957	0	0
DTXSID2049004	0	0
DTXSID2049006	0	1
DTXSID2049050	0	0
DTXSID2048959	0	0
DTXSID2049000	0	0
DTXSID2048828	0	0
DTXSID2048870	0	0
DTXSID2049052	0	0
DTXSID2049008	0	0
DTXSID2048872	0	0
DTXSID2049058	0	0
DTXSID2049135	0	0
DTXSID2049002	0	0
DTXSID2048874	0	0
DTXSID2049054	1	0
DTXSID2049056	0	0
DTXSID2049262	0	0
DTXSID2049210	0	0
DTXSID2049212	0	0
DTXSID2049214	0	0
DTXSID2049266	0	0
DTXSID2049268	0	0
DTXSID2049345	0	0
DTXSID2049347	0	0
DTXSID2049424	0	0
DTXSID2049393	0	0
DTXSID2049426	0	0
DTXSID2049399	0	0
DTXSID2049422	0	0
DTXSID2049391	1	1
DTXSID2049428	0	0
DTXSID3020095	0	0
DTXSID3020091	0	0
DTXSID3020043	0	0
DTXSID3020047	0	0
DTXSID3020097	0	0
DTXSID3020122	0	0
DTXSID3020099	0	0
DTXSID3020120	0	1
DTXSID3020205	0	0
DTXSID3020128	0	0
DTXSID3020209	0	0
DTXSID3020253	0	0
DTXSID3020257	0	0
DTXSID3020330	0	0
DTXSID3020380	0	0
DTXSID3020384	0	1
DTXSID3020336	0	0
DTXSID3020419	0	0
DTXSID3020463	0	0
DTXSID3020332	0	0
DTXSID3020465	0	0
DTXSID3020548	0	0
DTXSID3020596	0	0
DTXSID3020469	0	0
DTXSID3020673	0	0
DTXSID3020598	0	0
DTXSID3020540	0	0
DTXSID3020621	0	0
DTXSID3020546	0	0
DTXSID3020629	0	0
DTXSID3020625	0	0
DTXSID3020627	0	0
DTXSID3020708	0	0
DTXSID3020750	0	0
DTXSID3020835	0	0
DTXSID3020671	0	0
DTXSID3020679	1	1
DTXSID3020756	0	0
DTXSID3020833	0	0
DTXSID3020700	0	0
DTXSID3020889	0	0
DTXSID3020752	0	0
DTXSID3020912	0	0
DTXSID3020910	0	0
DTXSID3021192	0	0
DTXSID3021144	0	0
DTXSID3021065	0	0
DTXSID3021142	0	0
DTXSID3021069	0	0
DTXSID3021148	0	0
DTXSID3021140	0	0
DTXSID3021190	0	0
DTXSID3021277	0	0
DTXSID3021198	0	0
DTXSID3021304	0	0
DTXSID3021221	0	0
DTXSID3021431	0	0
DTXSID3021223	0	0
DTXSID3021358	0	0
DTXSID3021437	0	0
DTXSID3021483	0	0
DTXSID3021516	0	0
DTXSID3021641	0	0
DTXSID3021487	0	0
DTXSID3021518	0	0
DTXSID3021485	0	0
DTXSID3021645	0	0
DTXSID3021801	0	0
DTXSID3021803	0	0
DTXSID3021647	0	0
DTXSID3021851	0	0
DTXSID3021853	0	0
DTXSID3021726	0	0
DTXSID3021778	0	0
DTXSID3021772	0	0
DTXSID3021770	1	0
DTXSID3021805	0	0
DTXSID3021807	0	0
DTXSID3022035	0	0
DTXSID3021932	0	0
DTXSID3021980	0	0
DTXSID3021986	0	0
DTXSID3021982	0	0
DTXSID3022320	0	0
DTXSID3022089	0	0
DTXSID3022164	0	0
DTXSID3022247	0	0
DTXSID3022160	0	0
DTXSID3022370	0	0
DTXSID3022162	0	0
DTXSID3022401	0	0
DTXSID3022536	0	1
DTXSID3022403	0	0
DTXSID3022582	1	0
DTXSID3022405	0	0
DTXSID3022409	0	0
DTXSID3022584	0	1
DTXSID3022455	0	0
DTXSID3022588	0	0
DTXSID3022667	1	1
DTXSID3022742	0	1
DTXSID3022748	0	0
DTXSID3022663	0	0
DTXSID3022796	0	0
DTXSID3022904	1	1
DTXSID3022611	0	0
DTXSID3022825	0	0
DTXSID3022906	0	0
DTXSID3022902	1	1
DTXSID3022798	0	0
DTXSID3022821	0	0
DTXSID3022617	0	0
DTXSID3022871	0	0
DTXSID3022873	0	0
DTXSID3022950	0	0
DTXSID3023051	0	1
DTXSID3023180	0	0
DTXSID3023059	0	0
DTXSID3023188	0	0
DTXSID3022958	0	0
DTXSID3023219	0	0
DTXSID3023132	0	0
DTXSID3023001	0	0
DTXSID3023005	0	0
DTXSID3023427	0	0
DTXSID3023007	0	0
DTXSID3023502	0	1
DTXSID3023508	0	0
DTXSID3023261	0	0
DTXSID3023471	0	0
DTXSID3023479	0	0
DTXSID3023550	0	1
DTXSID3023552	0	1
DTXSID3023554	0	0
DTXSID3023265	0	0
DTXSID3023269	0	0
DTXSID3023340	0	0
DTXSID3023342	0	0
DTXSID3023425	0	0
DTXSID3023716	0	0
DTXSID3023718	0	0
DTXSID3023712	0	0
DTXSID3023556	0	0
DTXSID3023897	0	0
DTXSID3023681	0	0
DTXSID3023687	0	0
DTXSID3024154	0	0
DTXSID3024108	0	0
DTXSID3024152	0	0
DTXSID3023974	0	0
DTXSID3024077	0	0
DTXSID3024100	0	0
DTXSID3024239	0	0
DTXSID3024102	0	0
DTXSID3024287	0	0
DTXSID3024235	0	0
DTXSID3024362	0	0
DTXSID3024441	0	0
DTXSID3024497	0	0
DTXSID3024447	0	0
DTXSID3024449	0	0
DTXSID3024316	0	0
DTXSID3024499	0	0
DTXSID3024522	0	0
DTXSID3024603	0	0
DTXSID3024786	0	0
DTXSID3024869	0	0
DTXSID3024738	0	0
DTXSID3024659	0	0
DTXSID3024736	0	0
DTXSID3024815	0	0
DTXSID3024944	0	0
DTXSID3024994	0	0
DTXSID3024942	0	0
DTXSID3025178	0	0
DTXSID3025041	0	0
DTXSID3025091	0	0
DTXSID3025203	0	0
DTXSID3025122	0	0
DTXSID3025253	0	0
DTXSID3025338	0	0
DTXSID3025330	0	0
DTXSID3025461	0	0
DTXSID3025332	0	0
DTXSID3025257	0	0
DTXSID3025045	0	0
DTXSID3025540	1	1
DTXSID3025671	0	0
DTXSID3025839	0	0
DTXSID3025469	0	0
DTXSID3025542	0	0
DTXSID3025548	0	0
DTXSID3026223	0	0
DTXSID3026279	0	0
DTXSID3025889	0	0
DTXSID3026304	0	0
DTXSID3026148	0	0
DTXSID3026065	0	0
DTXSID3026306	0	0
DTXSID3026190	0	0
DTXSID3026308	0	0
DTXSID3025881	0	0
DTXSID3026067	0	0
DTXSID3026562	0	0
DTXSID3026514	0	0
DTXSID3026566	0	0
DTXSID3026516	0	0
DTXSID3026641	0	0
DTXSID3026564	0	0
DTXSID3026512	0	0
DTXSID3026645	0	0
DTXSID3027039	0	0
DTXSID3026691	0	0
DTXSID3026647	0	0
DTXSID3026697	0	0
DTXSID3026726	0	0
DTXSID3026851	0	0
DTXSID3027037	0	0
DTXSID3026932	0	0
DTXSID3026724	0	0
DTXSID3027085	0	0
DTXSID3026728	0	0
DTXSID3027116	0	0
DTXSID3027297	0	0
DTXSID3027241	0	0
DTXSID3027291	0	0
DTXSID3027293	0	0
DTXSID3027295	0	0
DTXSID3027247	0	0
DTXSID3027249	0	0
DTXSID3027322	0	0
DTXSID3027407	0	0
DTXSID3027405	0	0
DTXSID3027328	0	0
DTXSID3027370	0	0
DTXSID3027530	0	0
DTXSID3027534	0	0
DTXSID3027401	0	0
DTXSID3027617	0	0
DTXSID3027790	0	0
DTXSID3027792	0	0
DTXSID3027586	0	0
DTXSID3027588	0	0
DTXSID3027615	0	0
DTXSID3027798	0	0
DTXSID3027823	0	0
DTXSID3029237	0	0
DTXSID3029108	0	0
DTXSID3029310	0	0
DTXSID3029281	0	0
DTXSID3029283	0	0
DTXSID3029150	0	0
DTXSID3027950	0	0
DTXSID3028001	0	0
DTXSID3029287	0	0
DTXSID3029289	0	0
DTXSID3029154	0	0
DTXSID3028005	0	0
DTXSID3029655	0	0
DTXSID3029158	0	0
DTXSID3029651	0	0
DTXSID3029312	0	0
DTXSID3029362	0	0
DTXSID3029231	0	0
DTXSID3029607	0	0
DTXSID3029572	0	0
DTXSID3029233	0	0
DTXSID3029364	0	0
DTXSID3029869	0	0
DTXSID3029235	0	0
DTXSID3030056	0	0
DTXSID3030189	0	0
DTXSID3030636	0	1
DTXSID3031444	0	0
DTXSID3031492	0	0
DTXSID3031860	0	0
DTXSID3031521	0	0
DTXSID3030428	0	0
DTXSID3032129	1	0
DTXSID3032464	0	0
DTXSID3031862	0	0
DTXSID3031864	0	0
DTXSID3032389	0	0
DTXSID3032549	0	0
DTXSID3032591	0	0
DTXSID3032622	0	0
DTXSID3032759	0	0
DTXSID3032624	0	0
DTXSID3032832	0	0
DTXSID3033276	0	0
DTXSID3032620	0	0
DTXSID3032628	0	0
DTXSID3033511	0	0
DTXSID3033519	0	0
DTXSID3033983	0	0
DTXSID3033989	0	0
DTXSID3034402	0	0
DTXSID3034531	0	0
DTXSID3034612	0	0
DTXSID3034113	0	0
DTXSID3034614	0	0
DTXSID3034583	0	0
DTXSID3034456	0	0
DTXSID3035341	0	0
DTXSID3036105	0	0
DTXSID3034957	0	0
DTXSID3034872	0	0
DTXSID3035214	0	0
DTXSID3035266	0	0
DTXSID3036286	0	0
DTXSID3034618	0	0
DTXSID3034662	0	0
DTXSID3034664	0	0
DTXSID3036496	0	0
DTXSID3047477	0	0
DTXSID3036999	0	0
DTXSID3037044	0	0
DTXSID3037709	0	0
DTXSID3037541	1	0
DTXSID3037094	1	1
DTXSID3037545	0	0
DTXSID3037757	0	0
DTXSID3037626	0	0
DTXSID3037672	0	0
DTXSID3037208	0	0
DTXSID3037707	0	0
DTXSID3038694	0	0
DTXSID3038696	0	0
DTXSID3039242	0	0
DTXSID3038800	0	0
DTXSID3038808	0	0
DTXSID3038852	0	0
DTXSID3038939	0	0
DTXSID3040697	0	0
DTXSID3040699	0	0
DTXSID3040720	1	0
DTXSID3040643	0	0
DTXSID3040647	0	0
DTXSID3040279	0	0
DTXSID3040691	0	0
DTXSID3040728	0	0
DTXSID3040693	0	0
DTXSID3040770	0	0
DTXSID3040774	0	0
DTXSID3041376	0	0
DTXSID3041293	0	0
DTXSID3041247	0	0
DTXSID3040776	0	0
DTXSID3041299	0	0
DTXSID3041370	0	0
DTXSID3040980	0	0
DTXSID3041085	0	0
DTXSID3041328	0	0
DTXSID3040724	0	0
DTXSID3040726	0	0
DTXSID3041409	0	0
DTXSID3041403	0	0
DTXSID3041580	0	0
DTXSID3041611	0	0
DTXSID3041451	0	0
DTXSID3041530	0	0
DTXSID3041613	0	0
DTXSID3041877	0	0
DTXSID3041827	0	0
DTXSID3041954	0	0
DTXSID3041663	0	0
DTXSID3041665	1	1
DTXSID3041790	0	0
DTXSID3041794	0	0
DTXSID3041617	0	1
DTXSID3041619	0	0
DTXSID3041661	0	0
DTXSID3042051	0	0
DTXSID3042053	0	0
DTXSID3042059	0	0
DTXSID3042130	0	0
DTXSID3042188	0	0
DTXSID3042390	0	0
DTXSID3042261	0	0
DTXSID3042180	0	0
DTXSID3042263	0	0
DTXSID3042269	0	0
DTXSID3042215	0	0
DTXSID3042219	0	0
DTXSID3044332	0	0
DTXSID3044334	0	0
DTXSID3044203	0	0
DTXSID3042508	0	0
DTXSID3044124	0	0
DTXSID3042631	0	0
DTXSID3044205	0	0
DTXSID3042477	0	0
DTXSID3042500	0	1
DTXSID3042681	0	0
DTXSID3043734	0	0
DTXSID3043782	0	0
DTXSID3044201	0	0
DTXSID3044251	0	0
DTXSID3044411	0	0
DTXSID3044413	0	0
DTXSID3044380	0	0
DTXSID3044382	0	0
DTXSID3044542	0	0
DTXSID3044384	0	0
DTXSID3044463	0	0
DTXSID3044627	0	0
DTXSID3044629	0	0
DTXSID3044590	0	0
DTXSID3044388	0	0
DTXSID3044465	0	0
DTXSID3044469	0	0
DTXSID3044598	0	0
DTXSID3044702	0	0
DTXSID3044621	0	0
DTXSID3044704	0	0
DTXSID3044623	0	0
DTXSID3044706	0	0
DTXSID3044883	0	0
DTXSID3044887	0	0
DTXSID3044910	0	0
DTXSID3044758	0	0
DTXSID3044831	0	0
DTXSID3044833	0	0
DTXSID3044835	0	0
DTXSID3044752	0	0
DTXSID3044960	0	0
DTXSID3044837	0	0
DTXSID3044839	0	0
DTXSID3044881	0	0
DTXSID3044914	0	0
DTXSID3044916	0	0
DTXSID3044754	0	0
DTXSID3044756	0	0
DTXSID3044962	0	0
DTXSID3044966	0	1
DTXSID3044918	0	0
DTXSID3045227	0	0
DTXSID3045229	0	0
DTXSID3045198	0	0
DTXSID3045221	0	0
DTXSID3045223	0	0
DTXSID3045140	0	0
DTXSID3045144	0	0
DTXSID3045271	0	0
DTXSID3045300	0	0
DTXSID3045190	0	0
DTXSID3045225	0	0
DTXSID3045194	0	0
DTXSID3045196	0	0
DTXSID3045435	0	0
DTXSID3045437	0	0
DTXSID3045568	0	0
DTXSID3045350	0	0
DTXSID3045485	0	0
DTXSID3045649	0	0
DTXSID3045691	0	0
DTXSID3045693	0	0
DTXSID3045514	0	0
DTXSID3045356	0	0
DTXSID3045645	0	0
DTXSID3045695	0	0
DTXSID3045304	0	0
DTXSID3045647	0	1
DTXSID3045697	0	0
DTXSID3045433	0	1
DTXSID3045560	0	0
DTXSID3045562	0	0
DTXSID3045699	0	0
DTXSID3045306	1	1
DTXSID3045566	0	0
DTXSID3045988	0	0
DTXSID3045930	0	0
DTXSID3045859	0	0
DTXSID3046081	0	0
DTXSID3046083	0	0
DTXSID3045778	0	0
DTXSID3046112	0	0
DTXSID3046085	0	0
DTXSID3046110	0	0
DTXSID3045805	0	0
DTXSID3045803	0	0
DTXSID3045770	0	0
DTXSID3045980	0	0
DTXSID3045772	0	0
DTXSID3045774	0	0
DTXSID3045807	0	0
DTXSID3045776	0	0
DTXSID3045809	0	0
DTXSID3045851	0	0
DTXSID3045857	0	0
DTXSID3046320	0	0
DTXSID3046114	0	0
DTXSID3046116	0	0
DTXSID3046322	0	0
DTXSID3046243	0	0
DTXSID3046245	0	0
DTXSID3046247	0	0
DTXSID3046324	0	0
DTXSID3046118	0	0
DTXSID3046160	0	0
DTXSID3046162	0	0
DTXSID3046326	0	0
DTXSID3046164	0	0
DTXSID3046295	0	0
DTXSID3046291	0	0
DTXSID3046166	0	0
DTXSID3046168	0	0
DTXSID3046299	0	0
DTXSID3046401	0	0
DTXSID3046403	0	0
DTXSID3046405	0	0
DTXSID3046407	0	0
DTXSID3046409	0	0
DTXSID3046532	0	0
DTXSID3046534	0	0
DTXSID3046536	0	0
DTXSID3046586	0	0
DTXSID3046588	0	0
DTXSID3046538	0	0
DTXSID3046580	0	0
DTXSID3046615	0	0
DTXSID3046617	0	0
DTXSID3046451	0	0
DTXSID3046619	1	1
DTXSID3046584	0	0
DTXSID3046663	0	0
DTXSID3046453	0	0
DTXSID3046455	0	0
DTXSID3046457	0	0
DTXSID3046459	0	0
DTXSID3046530	0	0
DTXSID3046744	0	0
DTXSID3046823	1	1
DTXSID3046875	0	0
DTXSID3046879	0	0
DTXSID3046790	0	0
DTXSID3046792	0	1
DTXSID3046665	0	0
DTXSID3047001	0	0
DTXSID3047003	0	0
DTXSID3046740	0	0
DTXSID3046796	0	0
DTXSID3046904	0	0
DTXSID3046906	0	0
DTXSID3046798	0	0
DTXSID3046825	0	0
DTXSID3046827	0	0
DTXSID3046821	0	0
DTXSID3046908	0	0
DTXSID3046871	0	0
DTXSID3047053	0	0
DTXSID3047055	0	0
DTXSID3047059	0	0
DTXSID3047057	0	0
DTXSID3047182	0	0
DTXSID3047134	0	0
DTXSID3047130	0	0
DTXSID3047132	0	0
DTXSID3047184	0	0
DTXSID3047138	0	0
DTXSID3047186	0	0
DTXSID3047263	0	0
DTXSID3047188	0	0
DTXSID3047261	0	0
DTXSID3047342	0	1
DTXSID3047265	0	0
DTXSID3047267	0	0
DTXSID3047344	0	0
DTXSID3047425	0	0
DTXSID3047346	0	0
DTXSID3047348	0	0
DTXSID3047552	0	0
DTXSID3047558	0	0
DTXSID3047504	0	0
DTXSID3047429	0	1
DTXSID3047556	0	0
DTXSID3047508	0	0
DTXSID3047554	0	0
DTXSID3047631	0	0
DTXSID3047843	0	1
DTXSID3047637	0	0
DTXSID3047681	0	0
DTXSID3047845	0	0
DTXSID3047847	0	0
DTXSID3047716	0	0
DTXSID3047639	0	0
DTXSID3047683	0	0
DTXSID3047687	0	0
DTXSID3047633	0	0
DTXSID3047899	0	0
DTXSID3047920	0	0
DTXSID3047891	0	0
DTXSID3047926	0	1
DTXSID3047922	0	0
DTXSID3048522	0	1
DTXSID3047893	0	1
DTXSID3047895	1	1
DTXSID3047974	0	0
DTXSID3048574	0	0
DTXSID3048310	0	0
DTXSID3048732	0	0
DTXSID3048734	1	0
DTXSID3048736	0	0
DTXSID3048576	0	0
DTXSID3048780	0	0
DTXSID3048520	0	0
DTXSID3048578	0	0
DTXSID3048601	0	0
DTXSID3048782	0	0
DTXSID3048784	0	0
DTXSID3048786	0	0
DTXSID3048655	0	0
DTXSID3048603	0	1
DTXSID3048657	0	0
DTXSID3048659	0	0
DTXSID3048605	0	0
DTXSID3048607	0	0
DTXSID3048730	1	1
DTXSID3048653	0	1
DTXSID3048788	0	0
DTXSID3048819	0	0
DTXSID3048867	0	0
DTXSID3048869	0	0
DTXSID3048811	0	0
DTXSID3048996	1	1
DTXSID3048813	0	0
DTXSID3048940	0	0
DTXSID3048942	0	0
DTXSID3048815	0	0
DTXSID3048865	0	0
DTXSID3048944	0	0
DTXSID3048946	0	0
DTXSID3048948	0	0
DTXSID3048992	0	0
DTXSID3048863	0	0
DTXSID3048990	0	0
DTXSID3049041	0	0
DTXSID3049043	0	0
DTXSID3049332	0	0
DTXSID3049205	0	0
DTXSID3049334	0	0
DTXSID3049259	0	0
DTXSID3049330	0	0
DTXSID3049257	0	0
DTXSID3049336	0	0
DTXSID3049047	0	1
DTXSID3049049	0	0
DTXSID3049045	0	0
DTXSID3049201	0	0
DTXSID3049338	0	0
DTXSID3049380	0	0
DTXSID3049382	0	0
DTXSID3049384	0	0
DTXSID3049388	0	0
DTXSID3049411	0	0
DTXSID3049386	0	0
DTXSID3049419	0	0
DTXSID3049413	0	0
DTXSID3049415	0	0
DTXSID3049417	0	0
DTXSID4020032	0	0
DTXSID4020038	0	0
DTXSID4020161	0	0
DTXSID4020167	0	0
DTXSID4020240	0	0
DTXSID4020113	0	0
DTXSID4020246	0	0
DTXSID4020248	0	0
DTXSID4020290	0	0
DTXSID4020244	0	0
DTXSID4020242	0	0
DTXSID4020296	0	0
DTXSID4020321	0	0
DTXSID4020325	0	0
DTXSID4020371	0	0
DTXSID4020329	0	0
DTXSID4020298	0	0
DTXSID4020292	0	0
DTXSID4020294	0	0
DTXSID4020327	0	0
DTXSID4020373	1	1
DTXSID4020406	0	0
DTXSID4020458	0	0
DTXSID4020450	1	0
DTXSID4020375	1	1
DTXSID4020533	0	0
DTXSID4020587	0	0
DTXSID4020539	0	0
DTXSID4020535	0	0
DTXSID4020589	0	0
DTXSID4020581	0	0
DTXSID4020583	0	0
DTXSID4020612	0	0
DTXSID4020379	0	0
DTXSID4020668	0	0
DTXSID4020400	0	0
DTXSID4020664	0	0
DTXSID4020666	0	0
DTXSID4020402	0	0
DTXSID4020616	0	0
DTXSID4020614	0	0
DTXSID4020618	0	0
DTXSID4020749	0	0
DTXSID4020791	0	0
DTXSID4020820	0	0
DTXSID4020876	0	0
DTXSID4020901	0	0
DTXSID4020826	0	0
DTXSID4020870	1	1
DTXSID4020822	0	0
DTXSID4021056	0	0
DTXSID4021133	0	0
DTXSID4021218	0	0
DTXSID4021181	0	0
DTXSID4021260	1	0
DTXSID4021212	0	0
DTXSID4021185	0	0
DTXSID4021214	0	0
DTXSID4021216	0	0
DTXSID4021189	0	0
DTXSID4021341	1	1
DTXSID4021347	0	0
DTXSID4021426	0	0
DTXSID4021397	0	0
DTXSID4021424	0	0
DTXSID4021472	0	0
DTXSID4021478	0	1
DTXSID4021715	0	1
DTXSID4021636	0	0
DTXSID4021717	0	0
DTXSID4021634	0	0
DTXSID4021632	0	0
DTXSID4021680	0	0
DTXSID4021684	0	0
DTXSID4021890	0	0
DTXSID4021769	0	0
DTXSID4021925	0	0
DTXSID4021921	0	0
DTXSID4021923	0	0
DTXSID4021842	0	0
DTXSID4021892	0	0
DTXSID4021761	0	0
DTXSID4021767	0	0
DTXSID4022109	0	0
DTXSID4021975	0	0
DTXSID4021977	0	0
DTXSID4021848	0	0
DTXSID4022107	0	0
DTXSID4022159	0	0
DTXSID4022020	0	0
DTXSID4021979	0	0
DTXSID4022284	0	0
DTXSID4022288	0	0
DTXSID4022070	0	0
DTXSID4022311	0	0
DTXSID4022361	0	0
DTXSID4022315	0	0
DTXSID4022442	0	0
DTXSID4022446	0	0
DTXSID4022525	0	1
DTXSID4022527	0	0
DTXSID4022448	0	0
DTXSID4022529	0	0
DTXSID4022523	0	1
DTXSID4022731	0	0
DTXSID4022571	0	0
DTXSID4022602	0	0
DTXSID4022785	0	0
DTXSID4022573	0	0
DTXSID4022577	0	0
DTXSID4022789	0	0
DTXSID4022735	0	0
DTXSID4022783	0	0
DTXSID4022652	0	0
DTXSID4022810	0	0
DTXSID4022812	0	0
DTXSID4022814	1	1
DTXSID4022658	0	0
DTXSID4022816	0	0
DTXSID4022367	0	0
DTXSID4022999	0	1
DTXSID4022369	1	0
DTXSID4023123	0	0
DTXSID4022862	0	0
DTXSID4022866	0	0
DTXSID4023042	0	0
DTXSID4022868	0	0
DTXSID4023125	0	0
DTXSID4023171	0	0
DTXSID4022947	0	0
DTXSID4023175	0	0
DTXSID4023044	0	0
DTXSID4023177	0	0
DTXSID4023094	0	0
DTXSID4023096	0	0
DTXSID4023179	0	0
DTXSID4023200	0	0
DTXSID4022993	0	0
DTXSID4023202	0	0
DTXSID4023387	0	0
DTXSID4023412	0	0
DTXSID4023541	0	0
DTXSID4023414	0	0
DTXSID4023252	1	1
DTXSID4023254	0	0
DTXSID4023674	0	0
DTXSID4023545	0	0
DTXSID4023416	0	0
DTXSID4023258	0	0
DTXSID4023333	0	1
DTXSID4023549	0	0
DTXSID4023460	0	0
DTXSID4023624	0	0
DTXSID4023628	0	0
DTXSID4023701	0	0
DTXSID4023753	0	1
DTXSID4023670	0	0
DTXSID4024012	0	0
DTXSID4023672	0	0
DTXSID4023591	0	0
DTXSID4023593	0	1
DTXSID4023622	0	0
DTXSID4023678	0	0
DTXSID4023462	0	0
DTXSID4023381	0	0
DTXSID4023385	0	0
DTXSID4024145	0	0
DTXSID4024193	0	0
DTXSID4024018	0	0
DTXSID4024062	0	0
DTXSID4024195	0	0
DTXSID4024270	0	0
DTXSID4024436	0	0
DTXSID4024303	0	0
DTXSID4024515	0	0
DTXSID4024274	0	0
DTXSID4024276	0	0
DTXSID4024773	0	0
DTXSID4024690	0	0
DTXSID4024692	0	0
DTXSID4024488	0	0
DTXSID4024359	0	0
DTXSID4024642	0	0
DTXSID4024696	0	0
DTXSID4024721	0	0
DTXSID4024640	0	0
DTXSID4024644	0	0
DTXSID4024983	0	0
DTXSID4024800	0	0
DTXSID4024937	0	0
DTXSID4024729	0	0
DTXSID4024771	0	0
DTXSID4024981	0	0
DTXSID4024985	0	0
DTXSID4025111	0	0
DTXSID4025113	0	0
DTXSID4025080	0	0
DTXSID4025086	0	0
DTXSID4025240	0	0
DTXSID4025117	0	0
DTXSID4025298	0	0
DTXSID4025292	0	0
DTXSID4025329	0	0
DTXSID4025296	0	0
DTXSID4025662	0	0
DTXSID4025402	0	0
DTXSID4025668	0	0
DTXSID4025612	0	0
DTXSID4025454	0	0
DTXSID4025581	0	0
DTXSID4025587	0	0
DTXSID4025404	0	0
DTXSID4025406	0	0
DTXSID4025610	0	0
DTXSID4026212	0	0
DTXSID4026000	0	0
DTXSID4026214	0	0
DTXSID4026050	0	0
DTXSID4026137	1	1
DTXSID4026139	0	0
DTXSID4026181	0	0
DTXSID4026262	0	0
DTXSID4026501	0	0
DTXSID4026711	0	0
DTXSID4026505	0	0
DTXSID4026557	0	0
DTXSID4026684	0	0
DTXSID4026715	0	0
DTXSID4026266	0	0
DTXSID4026268	0	0
DTXSID4026422	0	0
DTXSID4026472	0	0
DTXSID4026713	0	0
DTXSID4026765	0	0
DTXSID4026842	0	0
DTXSID4026979	0	0
DTXSID4026769	0	0
DTXSID4027072	0	0
DTXSID4027153	0	0
DTXSID4027159	0	0
DTXSID4027284	0	0
DTXSID4027103	0	0
DTXSID4027076	0	0
DTXSID4027234	0	0
DTXSID4027282	0	0
DTXSID4027288	0	0
DTXSID4027367	0	0
DTXSID4027361	0	0
DTXSID4027490	0	0
DTXSID4027494	0	0
DTXSID4027521	0	0
DTXSID4027525	0	0
DTXSID4027496	0	0
DTXSID4027498	0	0
DTXSID4027319	0	0
DTXSID4027781	0	0
DTXSID4027652	0	0
DTXSID4027529	0	0
DTXSID4027577	0	0
DTXSID4027600	0	0
DTXSID4027604	0	0
DTXSID4027656	0	0
DTXSID4027650	0	0
DTXSID4027997	0	0
DTXSID4029145	0	0
DTXSID4029195	0	0
DTXSID4029149	0	0
DTXSID4029220	0	0
DTXSID4029224	0	0
DTXSID4029359	0	0
DTXSID4029353	0	0
DTXSID4030047	0	0
DTXSID4028040	0	0
DTXSID4028967	0	0
DTXSID4029690	0	0
DTXSID4029698	0	0
DTXSID4029143	0	0
DTXSID4031566	0	0
DTXSID4031980	0	0
DTXSID4032372	1	1
DTXSID4032376	0	0
DTXSID4032378	0	0
DTXSID4032405	0	0
DTXSID4032532	0	0
DTXSID4032536	0	0
DTXSID4032459	0	0
DTXSID4032611	0	0
DTXSID4032580	0	0
DTXSID4032615	0	0
DTXSID4032619	0	0
DTXSID4032667	0	0
DTXSID4034102	0	0
DTXSID4034497	0	0
DTXSID4034528	0	0
DTXSID4032954	0	0
DTXSID4034150	0	0
DTXSID4033390	0	0
DTXSID4034576	0	0
DTXSID4034287	0	0
DTXSID4034601	0	0
DTXSID4034653	0	0
DTXSID4035209	0	0
DTXSID4035592	0	0
DTXSID4036229	0	0
DTXSID4034609	0	0
DTXSID4034948	0	0
DTXSID4037580	0	0
DTXSID4037617	0	0
DTXSID4036435	0	0
DTXSID4038762	0	0
DTXSID4037582	0	0
DTXSID4036514	0	0
DTXSID4037748	0	0
DTXSID4037584	1	0
DTXSID4038922	1	1
DTXSID4039233	0	0
DTXSID4038926	0	0
DTXSID4038847	0	0
DTXSID4039235	0	0
DTXSID4039231	0	0
DTXSID4040343	0	0
DTXSID4040395	0	0
DTXSID4040476	0	0
DTXSID4038924	0	0
DTXSID4040002	0	0
DTXSID4040713	1	1
DTXSID4040715	0	0
DTXSID4041238	0	0
DTXSID4041280	0	0
DTXSID4041317	0	0
DTXSID4040767	0	0
DTXSID4040266	0	0
DTXSID4040682	0	0
DTXSID4040684	0	0
DTXSID4040711	0	0
DTXSID4040686	0	0
DTXSID4040719	0	0
DTXSID4041153	0	0
DTXSID4041363	0	0
DTXSID4040765	0	0
DTXSID4041232	0	0
DTXSID4041440	0	0
DTXSID4040979	0	0
DTXSID4041070	0	0
DTXSID4041521	0	0
DTXSID4041527	0	0
DTXSID4041529	0	0
DTXSID4041490	0	0
DTXSID4041492	0	0
DTXSID4041573	0	0
DTXSID4041494	0	0
DTXSID4041446	0	0
DTXSID4041575	0	0
DTXSID4041604	0	0
DTXSID4041783	0	0
DTXSID4042123	0	1
DTXSID4042129	1	1
DTXSID4042094	0	0
DTXSID4041654	0	0
DTXSID4041656	0	0
DTXSID4041818	0	0
DTXSID4042171	0	0
DTXSID4042206	0	1
DTXSID4042418	0	0
DTXSID4042462	0	0
DTXSID4042208	0	0
DTXSID4042254	0	0
DTXSID4042256	1	1
DTXSID4042335	0	0
DTXSID4042337	0	0
DTXSID4042468	0	0
DTXSID4044375	0	0
DTXSID4044371	0	0
DTXSID4042416	0	0
DTXSID4044373	0	0
DTXSID4042622	0	0
DTXSID4044581	0	0
DTXSID4044408	0	0
DTXSID4044458	0	0
DTXSID4044450	0	0
DTXSID4044533	0	0
DTXSID4044535	0	0
DTXSID4044402	0	0
DTXSID4044404	0	0
DTXSID4044660	0	0
DTXSID4044791	0	0
DTXSID4044664	0	0
DTXSID4044587	0	0
DTXSID4044793	0	0
DTXSID4044799	0	0
DTXSID4044454	0	0
DTXSID4044745	0	0
DTXSID4044456	0	0
DTXSID4044878	0	0
DTXSID4044820	0	0
DTXSID4044822	0	0
DTXSID4044824	0	0
DTXSID4044826	0	0
DTXSID4044828	0	0
DTXSID4044870	0	0
DTXSID4044872	0	0
DTXSID4044589	0	0
DTXSID4044618	0	0
DTXSID4044953	0	0
DTXSID4044901	0	0
DTXSID4044903	0	0
DTXSID4044955	0	0
DTXSID4044905	0	0
DTXSID4045183	0	0
DTXSID4044909	0	0
DTXSID4045187	0	0
DTXSID4045189	0	0
DTXSID4045210	0	0
DTXSID4045347	0	0
DTXSID4045630	0	0
DTXSID4045474	0	1
DTXSID4045478	0	0
DTXSID4045632	0	0
DTXSID4045636	0	0
DTXSID4045391	0	0
DTXSID4045638	0	1
DTXSID4045551	0	0
DTXSID4045680	0	0
DTXSID4045393	0	0
DTXSID4045555	0	1
DTXSID4045399	0	0
DTXSID4045557	0	0
DTXSID4045559	0	0
DTXSID4045686	0	0
DTXSID4045682	0	0
DTXSID4045688	0	0
DTXSID4045216	0	0
DTXSID4045424	0	0
DTXSID4045428	0	0
DTXSID4045472	0	0
DTXSID4045711	0	0
DTXSID4045262	0	0
DTXSID4045341	0	0
DTXSID4045345	0	0
DTXSID4045925	0	0
DTXSID4045002	0	0
DTXSID4045927	0	0
DTXSID4045131	0	0
DTXSID4045973	0	0
DTXSID4045133	0	0
DTXSID4045139	0	0
DTXSID4045181	0	0
DTXSID4045975	0	0
DTXSID4045763	0	0
DTXSID4045765	0	0
DTXSID4045896	0	1
DTXSID4046020	0	0
DTXSID4045767	0	0
DTXSID4045921	0	0
DTXSID4046022	0	0
DTXSID4046024	0	0
DTXSID4046076	0	0
DTXSID4045769	0	0
DTXSID4046101	0	0
DTXSID4046103	0	0
DTXSID4046078	0	1
DTXSID4046107	0	0
DTXSID4046109	0	0
DTXSID4046151	0	0
DTXSID4046153	0	0
DTXSID4046155	0	0
DTXSID4046157	0	0
DTXSID4046159	0	0
DTXSID4046230	0	0
DTXSID4046288	0	0
DTXSID4046238	0	0
DTXSID4046280	0	0
DTXSID4046282	0	0
DTXSID4046286	0	0
DTXSID4046232	0	0
DTXSID4046234	0	0
DTXSID4046236	0	0
DTXSID4046442	0	0
DTXSID4046313	0	0
DTXSID4046315	0	0
DTXSID4046444	0	0
DTXSID4046446	0	0
DTXSID4046319	0	0
DTXSID4046448	0	0
DTXSID4046490	0	0
DTXSID4046363	0	0
DTXSID4046440	0	0
DTXSID4046523	0	0
DTXSID4046604	0	0
DTXSID4046739	0	0
DTXSID4046606	1	1
DTXSID4046600	0	0
DTXSID4046608	0	0
DTXSID4046525	0	0
DTXSID4046783	0	0
DTXSID4046785	0	0
DTXSID4046498	0	0
DTXSID4046521	0	0
DTXSID4046527	0	0
DTXSID4046529	0	1
DTXSID4046733	0	0
DTXSID4046735	0	1
DTXSID4046652	0	0
DTXSID4046737	0	0
DTXSID4046577	0	0
DTXSID4046571	0	0
DTXSID4046492	0	0
DTXSID4046654	0	0
DTXSID4046656	0	0
DTXSID4046658	0	0
DTXSID4046494	0	0
DTXSID4047042	0	0
DTXSID4047046	0	0
DTXSID4046787	0	0
DTXSID4047044	0	0
DTXSID4046810	0	0
DTXSID4046868	0	0
DTXSID4047092	0	0
DTXSID4047094	0	0
DTXSID4047090	0	0
DTXSID4046812	0	0
DTXSID4046814	0	0
DTXSID4046816	0	0
DTXSID4046818	0	0
DTXSID4046862	0	0
DTXSID4046864	0	0
DTXSID4047096	0	0
DTXSID4046866	0	0
DTXSID4046999	0	0
DTXSID4046991	0	0
DTXSID4047098	0	0
DTXSID4047125	0	0
DTXSID4047127	0	0
DTXSID4047123	0	0
DTXSID4047129	0	0
DTXSID4047173	0	0
DTXSID4047177	0	0
DTXSID4047252	0	0
DTXSID4047254	0	0
DTXSID4047258	0	0
DTXSID4047200	0	0
DTXSID4047202	0	0
DTXSID4047206	0	0
DTXSID4047333	0	0
DTXSID4047331	0	0
DTXSID4047335	0	0
DTXSID4047339	0	0
DTXSID4047337	0	0
DTXSID4047389	0	1
DTXSID4047381	0	1
DTXSID4047387	0	0
DTXSID4047383	0	0
DTXSID4047385	0	0
DTXSID4047416	0	0
DTXSID4047410	0	0
DTXSID4047418	0	0
DTXSID4047412	0	0
DTXSID4047462	0	0
DTXSID4047414	0	0
DTXSID4047545	0	0
DTXSID4047547	0	0
DTXSID4047549	0	0
DTXSID4047591	0	0
DTXSID4047464	0	0
DTXSID4047466	0	0
DTXSID4047468	0	0
DTXSID4047543	0	0
DTXSID4047593	0	0
DTXSID4047599	0	0
DTXSID4047624	0	0
DTXSID4047674	0	0
DTXSID4047678	0	0
DTXSID4047703	0	0
DTXSID4047672	0	0
DTXSID4047622	0	0
DTXSID4047670	0	0
DTXSID4047705	0	0
DTXSID4047888	0	0
DTXSID4047882	0	0
DTXSID4047961	0	0
DTXSID4047880	0	0
DTXSID4047969	0	0
DTXSID4047838	0	0
DTXSID4047963	0	1
DTXSID4047886	0	0
DTXSID4048513	0	1
DTXSID4048193	0	0
DTXSID4048270	0	0
DTXSID4048191	0	0
DTXSID4048519	0	1
DTXSID4048195	0	0
DTXSID4048511	0	0
DTXSID4048640	0	0
DTXSID4048644	0	0
DTXSID4048199	0	0
DTXSID4048646	0	0
DTXSID4048648	0	0
DTXSID4048690	0	0
DTXSID4048692	0	0
DTXSID4048694	0	0
DTXSID4048696	0	0
DTXSID4048698	1	1
DTXSID4048721	0	0
DTXSID4048723	0	0
DTXSID4048725	0	0
DTXSID4048727	0	0
DTXSID4048771	0	0
DTXSID4048773	0	0
DTXSID4048775	0	0
DTXSID4048777	0	0
DTXSID4048779	0	0
DTXSID4048800	0	0
DTXSID4048931	0	0
DTXSID4048933	0	0
DTXSID4048935	0	0
DTXSID4048937	0	0
DTXSID4048939	0	0
DTXSID4049036	0	1
DTXSID4048858	0	0
DTXSID4049032	0	0
DTXSID4048806	0	0
DTXSID4048983	0	0
DTXSID4048804	0	0
DTXSID4048808	0	0
DTXSID4048985	0	0
DTXSID4048802	0	0
DTXSID4048854	0	0
DTXSID4048856	0	0
DTXSID4048850	0	0
DTXSID4048852	0	0
DTXSID4048987	0	0
DTXSID4049030	0	0
DTXSID4049323	0	0
DTXSID4049294	0	0
DTXSID4049082	0	0
DTXSID4049325	0	0
DTXSID4049296	0	0
DTXSID4049292	0	0
DTXSID4049240	0	0
DTXSID4049242	0	0
DTXSID4049038	0	0
DTXSID4049080	0	0
DTXSID4049244	0	0
DTXSID4049375	0	0
DTXSID4049402	0	0
DTXSID4049373	0	0
DTXSID4049377	0	0
DTXSID4049327	0	0
DTXSID4049379	0	0
DTXSID4049406	0	0
DTXSID4049329	0	0
DTXSID4049400	0	0
DTXSID5020021	0	0
DTXSID5020079	0	0
DTXSID5020108	0	0
DTXSID5020106	0	0
DTXSID5020023	0	0
DTXSID5020152	0	0
DTXSID5020027	0	0
DTXSID5020154	0	1
DTXSID5020156	0	0
DTXSID5020231	0	0
DTXSID5020233	0	0
DTXSID5020239	0	1
DTXSID5020283	0	0
DTXSID5020287	0	0
DTXSID5020071	0	0
DTXSID5020310	0	0
DTXSID5020312	0	1
DTXSID5020447	0	0
DTXSID5020441	0	0
DTXSID5020449	0	0
DTXSID5020443	0	0
DTXSID5020366	0	0
DTXSID5020445	0	0
DTXSID5020368	0	0
DTXSID5020493	0	0
DTXSID5020520	0	0
DTXSID5020314	0	0
DTXSID5020576	0	0
DTXSID5020605	0	0
DTXSID5020607	0	0
DTXSID5020601	0	0
DTXSID5020570	0	0
DTXSID5020572	0	0
DTXSID5020603	0	0
DTXSID5020659	0	0
DTXSID5020813	0	0
DTXSID5020738	0	0
DTXSID5020732	0	0
DTXSID5020782	0	0
DTXSID5020784	0	0
DTXSID5020815	0	0
DTXSID5020819	0	0
DTXSID5020867	0	0
DTXSID5020861	0	0
DTXSID5021093	0	0
DTXSID5021097	0	0
DTXSID5020863	0	0
DTXSID5020865	0	0
DTXSID5021124	0	0
DTXSID5021126	0	0
DTXSID5021120	0	0
DTXSID5021128	0	0
DTXSID5021170	0	0
DTXSID5021122	0	0
DTXSID5021201	0	0
DTXSID5021251	0	0
DTXSID5021255	0	0
DTXSID5021209	0	0
DTXSID5021253	0	0
DTXSID5021330	0	0
DTXSID5021338	0	0
DTXSID5021380	0	0
DTXSID5021336	0	0
DTXSID5021386	0	0
DTXSID5021411	0	0
DTXSID5021388	0	0
DTXSID5021413	0	0
DTXSID5021546	0	0
DTXSID5021590	0	0
DTXSID5021621	0	0
DTXSID5021598	0	0
DTXSID5021627	0	0
DTXSID5021419	0	0
DTXSID5021629	0	0
DTXSID5021544	0	0
DTXSID5021461	0	0
DTXSID5021671	0	0
DTXSID5021756	0	0
DTXSID5021679	0	0
DTXSID5021708	0	0
DTXSID5021752	0	0
DTXSID5021754	0	0
DTXSID5021883	0	0
DTXSID5021885	0	0
DTXSID5021839	0	0
DTXSID5022194	0	0
DTXSID5021916	0	0
DTXSID5021889	0	0
DTXSID5021962	0	0
DTXSID5021968	0	0
DTXSID5021914	0	0
DTXSID5022308	0	0
DTXSID5022437	0	0
DTXSID5022439	0	0
DTXSID5022481	0	0
DTXSID5022279	0	0
DTXSID5022485	1	1
DTXSID5022306	0	0
DTXSID5022803	0	0
DTXSID5022851	0	0
DTXSID5022855	0	0
DTXSID5022641	0	0
DTXSID5022643	0	0
DTXSID5022489	0	0
DTXSID5022857	0	0
DTXSID5022932	0	0
DTXSID5022647	0	0
DTXSID5022699	0	0
DTXSID5022649	0	0
DTXSID5022510	0	0
DTXSID5022934	0	0
DTXSID5022722	1	1
DTXSID5022938	0	0
DTXSID5022980	0	0
DTXSID5022562	0	0
DTXSID5022982	0	0
DTXSID5022724	0	0
DTXSID5022984	0	0
DTXSID5022986	0	0
DTXSID5022774	0	0
DTXSID5022801	0	0
DTXSID5023031	0	0
DTXSID5023114	0	0
DTXSID5023166	0	0
DTXSID5023243	0	0
DTXSID5023247	0	0
DTXSID5023033	0	0
DTXSID5023037	0	0
DTXSID5023039	0	0
DTXSID5023293	0	0
DTXSID5023322	0	0
DTXSID5023085	0	0
DTXSID5023089	0	0
DTXSID5023324	0	0
DTXSID5023370	0	0
DTXSID5023295	0	0
DTXSID5023110	0	1
DTXSID5023376	0	0
DTXSID5023378	0	0
DTXSID5023453	0	0
DTXSID5023532	0	0
DTXSID5023536	0	0
DTXSID5023582	0	0
DTXSID5023584	0	0
DTXSID5023611	0	0
DTXSID5023586	0	0
DTXSID5023613	0	0
DTXSID5023615	0	0
DTXSID5023665	0	0
DTXSID5023667	0	0
DTXSID5023796	0	0
DTXSID5023794	0	0
DTXSID5023742	0	0
DTXSID5023744	0	0
DTXSID5023669	0	0
DTXSID5023746	0	0
DTXSID5023740	0	0
DTXSID5023748	0	0
DTXSID5023875	0	0
DTXSID5023877	0	0
DTXSID5023825	0	0
DTXSID5023950	0	0
DTXSID5023900	0	0
DTXSID5023871	0	0
DTXSID5024055	0	0
DTXSID5024001	0	0
DTXSID5024057	0	0
DTXSID5024051	0	0
DTXSID5024059	0	0
DTXSID5024211	0	0
DTXSID5024263	0	0
DTXSID5024269	0	1
DTXSID5024261	0	0
DTXSID5024344	0	0
DTXSID5024346	0	0
DTXSID5024681	0	0
DTXSID5024683	0	0
DTXSID5024392	0	0
DTXSID5024687	0	0
DTXSID5024506	0	0
DTXSID5024508	0	0
DTXSID5024637	0	0
DTXSID5024394	0	0
DTXSID5024639	0	0
DTXSID5024500	0	0
DTXSID5024473	0	0
DTXSID5024926	0	0
DTXSID5024710	0	0
DTXSID5024764	0	0
DTXSID5024845	0	0
DTXSID5025021	0	0
DTXSID5024976	0	0
DTXSID5024978	0	0
DTXSID5024970	0	0
DTXSID5025023	0	0
DTXSID5025152	0	0
DTXSID5025079	0	0
DTXSID5025156	0	0
DTXSID5025231	0	0
DTXSID5025150	0	0
DTXSID5025310	0	0
DTXSID5025364	0	0
DTXSID5025312	0	0
DTXSID5025603	0	0
DTXSID5025607	0	0
DTXSID5025609	0	0
DTXSID5025318	0	0
DTXSID5025447	0	0
DTXSID5025491	0	0
DTXSID5025570	0	0
DTXSID5025572	0	0
DTXSID5025574	0	0
DTXSID5025863	0	0
DTXSID5025653	0	0
DTXSID5025948	0	0
DTXSID5025998	0	1
DTXSID5025811	0	0
DTXSID5026049	0	0
DTXSID5025659	0	0
DTXSID5025819	0	0
DTXSID5025861	0	0
DTXSID5026251	0	0
DTXSID5026174	0	0
DTXSID5026259	0	0
DTXSID5026178	0	0
DTXSID5026120	0	0
DTXSID5026544	0	0
DTXSID5026623	0	0
DTXSID5026837	0	0
DTXSID5026881	0	0
DTXSID5026889	0	0
DTXSID5026625	0	0
DTXSID5026207	0	0
DTXSID5026914	0	0
DTXSID5026702	0	0
DTXSID5026706	0	0
DTXSID5026209	0	0
DTXSID5027063	0	0
DTXSID5027069	0	0
DTXSID5027019	0	0
DTXSID5027142	0	0
DTXSID5027146	0	0
DTXSID5027198	0	0
DTXSID5027223	0	0
DTXSID5027279	0	0
DTXSID5027300	0	0
DTXSID5027304	0	0
DTXSID5027308	0	0
DTXSID5027433	0	0
DTXSID5027227	0	0
DTXSID5027358	0	0
DTXSID5027356	0	0
DTXSID5027302	1	0
DTXSID5027487	0	0
DTXSID5027489	0	0
DTXSID5027805	0	0
DTXSID5027518	0	0
DTXSID5027728	0	0
DTXSID5027641	0	0
DTXSID5027647	0	0
DTXSID5027803	0	0
DTXSID5027770	0	0
DTXSID5029136	0	0
DTXSID5029182	0	0
DTXSID5028114	0	0
DTXSID5029184	0	0
DTXSID5029211	0	0
DTXSID5029217	0	0
DTXSID5029683	0	0
DTXSID5029762	0	0
DTXSID5029263	0	0
DTXSID5030955	0	0
DTXSID5029265	0	0
DTXSID5031131	0	0
DTXSID5029267	0	0
DTXSID5029710	0	0
DTXSID5032315	0	0
DTXSID5032498	1	1
DTXSID5031133	0	0
DTXSID5032361	0	0
DTXSID5032365	0	0
DTXSID5032525	0	0
DTXSID5032523	0	1
DTXSID5032579	0	0
DTXSID5033595	0	0
DTXSID5033674	0	0
DTXSID5032600	0	0
DTXSID5033098	0	0
DTXSID5033389	0	0
DTXSID5032654	0	0
DTXSID5033096	0	0
DTXSID5033757	0	0
DTXSID5033179	0	0
DTXSID5032573	0	0
DTXSID5033468	1	1
DTXSID5032577	0	0
DTXSID5033836	0	0
DTXSID5034357	0	0
DTXSID5034698	0	0
DTXSID5034723	0	0
DTXSID5034270	0	0
DTXSID5034729	0	0
DTXSID5034773	0	0
DTXSID5034303	0	0
DTXSID5034355	0	0
DTXSID5035163	0	0
DTXSID5035957	0	0
DTXSID5036684	0	0
DTXSID5037072	0	0
DTXSID5034981	1	1
DTXSID5037577	0	1
DTXSID5037498	0	0
DTXSID5037731	1	1
DTXSID5037527	0	0
DTXSID5037523	0	0
DTXSID5037739	0	0
DTXSID5038830	0	0
DTXSID5040625	0	0
DTXSID5040675	0	0
DTXSID5040465	0	0
DTXSID5039224	0	1
DTXSID5038888	1	1
DTXSID5040540	0	0
DTXSID5040679	0	0
DTXSID5040700	0	0
DTXSID5040461	0	0
DTXSID5040702	0	0
DTXSID5041273	0	0
DTXSID5041275	0	0
DTXSID5041279	0	0
DTXSID5040758	0	1
DTXSID5040708	0	0
DTXSID5041306	0	0
DTXSID5041190	0	0
DTXSID5041148	0	0
DTXSID5040750	0	1
DTXSID5041512	0	0
DTXSID5041516	0	0
DTXSID5041518	0	0
DTXSID5041439	0	0
DTXSID5041487	0	0
DTXSID5041308	0	0
DTXSID5041356	0	0
DTXSID5041431	0	0
DTXSID5041437	0	0
DTXSID5041641	0	0
DTXSID5041643	0	0
DTXSID5041691	0	0
DTXSID5041697	0	0
DTXSID5041699	0	0
DTXSID5041726	0	0
DTXSID5041772	0	0
DTXSID5041809	0	0
DTXSID5041728	0	0
DTXSID5041774	0	0
DTXSID5042243	0	1
DTXSID5042297	0	0
DTXSID5042299	0	0
DTXSID5042584	0	0
DTXSID5042451	0	0
DTXSID5042247	0	0
DTXSID5041778	0	0
DTXSID5041851	0	0
DTXSID5042083	0	0
DTXSID5042320	0	0
DTXSID5042613	0	0
DTXSID5043714	0	0
DTXSID5044023	0	0
DTXSID5044029	0	0
DTXSID5042249	0	0
DTXSID5043895	0	0
DTXSID5042322	0	0
DTXSID5042324	0	0
DTXSID5043897	0	1
DTXSID5044239	0	0
DTXSID5044289	0	0
DTXSID5044360	0	0
DTXSID5044314	0	0
DTXSID5044316	0	0
DTXSID5044447	0	0
DTXSID5044491	0	0
DTXSID5044495	0	0
DTXSID5044445	0	0
DTXSID5044493	0	0
DTXSID5044362	0	0
DTXSID5044522	0	0
DTXSID5044441	0	0
DTXSID5044520	0	0
DTXSID5044572	0	0
DTXSID5044576	0	0
DTXSID5044526	0	0
DTXSID5044578	0	0
DTXSID5044574	0	0
DTXSID5044528	0	0
DTXSID5044732	0	0
DTXSID5044609	0	0
DTXSID5044815	0	0
DTXSID5044738	0	0
DTXSID5044607	0	0
DTXSID5044863	0	0
DTXSID5044655	0	0
DTXSID5044817	0	1
DTXSID5044780	0	0
DTXSID5044786	0	0
DTXSID5044940	0	0
DTXSID5044869	0	0
DTXSID5044992	0	0
DTXSID5044819	0	0
DTXSID5044867	0	0
DTXSID5044994	0	0
DTXSID5044811	0	0
DTXSID5044782	0	0
DTXSID5044784	0	0
DTXSID5044996	0	0
DTXSID5044990	0	0
DTXSID5045124	0	0
DTXSID5045176	0	0
DTXSID5045128	0	0
DTXSID5044998	0	0
DTXSID5045209	0	0
DTXSID5045091	0	0
DTXSID5045178	0	0
DTXSID5045093	0	0
DTXSID5045099	0	0
DTXSID5045203	0	0
DTXSID5045174	0	0
DTXSID5045380	0	0
DTXSID5045120	0	0
DTXSID5045122	0	0
DTXSID5045382	0	0
DTXSID5045205	0	0
DTXSID5045332	0	0
DTXSID5045384	0	0
DTXSID5045386	0	0
DTXSID5045546	0	0
DTXSID5045675	0	0
DTXSID5045677	0	0
DTXSID5045542	0	0
DTXSID5045594	0	0
DTXSID5045590	0	0
DTXSID5045596	0	0
DTXSID5045469	0	0
DTXSID5045540	0	0
DTXSID5045673	0	0
DTXSID5045388	0	0
DTXSID5045461	0	0
DTXSID5045413	0	0
DTXSID5045417	0	0
DTXSID5045419	0	0
DTXSID5045467	0	0
DTXSID5045625	0	0
DTXSID5045671	0	0
DTXSID5045598	0	0
DTXSID5045544	0	0
DTXSID5045623	0	0
DTXSID5045881	1	1
DTXSID5045679	0	0
DTXSID5045700	0	0
DTXSID5045831	0	0
DTXSID5045704	0	0
DTXSID5045752	0	0
DTXSID5045756	0	0
DTXSID5045702	0	0
DTXSID5045887	0	0
DTXSID5045706	0	0
DTXSID5045708	0	0
DTXSID5045889	1	1
DTXSID5045835	0	0
DTXSID5045910	0	0
DTXSID5045914	0	0
DTXSID5045885	1	0
DTXSID5045916	0	0
DTXSID5045960	0	0
DTXSID5045962	0	0
DTXSID5045964	0	0
DTXSID5046017	0	0
DTXSID5046061	0	0
DTXSID5046063	0	0
DTXSID5046067	1	1
DTXSID5046069	0	0
DTXSID5046192	0	0
DTXSID5046194	0	0
DTXSID5046198	0	0
DTXSID5046221	0	0
DTXSID5046275	0	0
DTXSID5046223	0	0
DTXSID5046140	0	0
DTXSID5046142	0	0
DTXSID5046144	0	0
DTXSID5046146	0	0
DTXSID5046148	0	0
DTXSID5046279	0	0
DTXSID5046225	1	0
DTXSID5046227	0	0
DTXSID5046229	0	0
DTXSID5046271	0	0
DTXSID5046273	0	0
DTXSID5046300	0	0
DTXSID5046306	0	0
DTXSID5046356	0	0
DTXSID5046358	0	0
DTXSID5046308	0	1
DTXSID5046433	0	1
DTXSID5046512	0	0
DTXSID5046483	0	0
DTXSID5046487	0	0
DTXSID5046485	0	0
DTXSID5046352	0	0
DTXSID5046481	0	0
DTXSID5046354	0	0
DTXSID5046435	0	0
DTXSID5046518	0	0
DTXSID5046489	0	0
DTXSID5046510	0	0
DTXSID5046770	0	0
DTXSID5046772	0	0
DTXSID5046649	0	0
DTXSID5046691	0	0
DTXSID5046641	0	0
DTXSID5046699	0	0
DTXSID5046720	0	0
DTXSID5046643	0	0
DTXSID5046776	0	0
DTXSID5046695	0	0
DTXSID5046722	0	1
DTXSID5046778	0	1
DTXSID5046647	0	1
DTXSID5046697	0	0
DTXSID5046560	0	0
DTXSID5046801	0	0
DTXSID5046724	0	0
DTXSID5046726	0	1
DTXSID5046564	0	0
DTXSID5046566	0	0
DTXSID5046728	0	0
DTXSID5046693	0	0
DTXSID5046853	0	0
DTXSID5046857	0	0
DTXSID5046986	0	0
DTXSID5046859	0	0
DTXSID5047037	0	0
DTXSID5046938	0	0
DTXSID5046980	0	0
DTXSID5046803	0	0
DTXSID5046805	0	0
DTXSID5046807	0	0
DTXSID5046851	1	0
DTXSID5047039	0	0
DTXSID5046988	0	0
DTXSID5047031	0	0
DTXSID5047081	0	0
DTXSID5047160	0	0
DTXSID5047116	0	0
DTXSID5047087	0	0
DTXSID5047164	0	0
DTXSID5047089	0	0
DTXSID5047166	0	0
DTXSID5047168	0	0
DTXSID5047241	0	0
DTXSID5047118	0	0
DTXSID5047110	0	0
DTXSID5047162	0	0
DTXSID5047083	0	0
DTXSID5047085	0	0
DTXSID5047291	0	0
DTXSID5047243	0	0
DTXSID5047297	0	0
DTXSID5047249	0	0
DTXSID5047299	0	0
DTXSID5047295	0	1
DTXSID5047320	0	0
DTXSID5047324	0	0
DTXSID5047328	1	1
DTXSID5047322	0	0
DTXSID5047372	0	0
DTXSID5047611	0	0
DTXSID5047451	0	0
DTXSID5047453	0	0
DTXSID5047530	0	0
DTXSID5047617	0	0
DTXSID5047538	0	0
DTXSID5047459	0	0
DTXSID5047582	0	0
DTXSID5047584	0	0
DTXSID5047374	1	1
DTXSID5047376	0	0
DTXSID5047405	0	0
DTXSID5047790	0	0
DTXSID5047663	0	0
DTXSID5047661	0	0
DTXSID5047665	0	0
DTXSID5047744	0	0
DTXSID5047879	0	0
DTXSID5047875	0	0
DTXSID5047877	0	0
DTXSID5047902	0	0
DTXSID5047825	0	0
DTXSID5048180	0	0
DTXSID5048184	0	1
DTXSID5048182	0	0
DTXSID5047954	0	0
DTXSID5047956	0	0
DTXSID5047904	1	1
DTXSID5048186	0	0
DTXSID5047906	0	0
DTXSID5047908	0	0
DTXSID5048211	0	0
DTXSID5048506	0	0
DTXSID5048637	0	0
DTXSID5048714	0	0
DTXSID5048716	0	0
DTXSID5048639	0	0
DTXSID5048681	0	0
DTXSID5048687	0	0
DTXSID5048689	0	0
DTXSID5048710	0	0
DTXSID5048712	0	0
DTXSID5048718	0	1
DTXSID5048760	0	0
DTXSID5048762	0	0
DTXSID5048685	0	0
DTXSID5048764	0	1
DTXSID5048766	0	0
DTXSID5048633	0	0
DTXSID5048635	0	0
DTXSID5048768	0	0
DTXSID5048841	0	0
DTXSID5048188	0	0
DTXSID5048847	0	0
DTXSID5048970	0	0
DTXSID5048972	0	0
DTXSID5048849	0	0
DTXSID5048891	0	0
DTXSID5048926	0	0
DTXSID5048928	0	0
DTXSID5048893	0	0
DTXSID5048895	0	0
DTXSID5048922	0	0
DTXSID5048845	0	0
DTXSID5048897	0	0
DTXSID5048920	1	0
DTXSID5048924	0	0
DTXSID5048978	0	0
DTXSID5049021	1	1
DTXSID5049079	0	0
DTXSID5049239	0	0
DTXSID5049025	0	0
DTXSID5049075	0	0
DTXSID5048974	0	0
DTXSID5049285	0	0
DTXSID5049077	0	0
DTXSID5049029	0	0
DTXSID5049071	0	1
DTXSID5049027	0	0
DTXSID5049073	0	0
DTXSID5049233	0	0
DTXSID5049235	0	0
DTXSID5049364	0	0
DTXSID5049366	0	0
DTXSID5049289	0	0
DTXSID5049368	0	0
DTXSID5049318	0	0
DTXSID5049360	0	0
DTXSID5049312	0	0
DTXSID5049362	0	0
DTXSID5049314	0	0
DTXSID5050426	0	0
DTXSID5051440	0	0
DTXSID6020014	0	0
DTXSID6020068	0	0
DTXSID6020149	0	0
DTXSID6020147	0	0
DTXSID6020197	0	0
DTXSID6020220	0	0
DTXSID6020222	0	0
DTXSID6020145	0	0
DTXSID6020143	0	0
DTXSID6020224	0	0
DTXSID6020309	0	0
DTXSID6020359	0	0
DTXSID6020355	0	0
DTXSID6020303	0	0
DTXSID6020307	0	0
DTXSID6020274	0	0
DTXSID6020276	0	0
DTXSID6020430	0	0
DTXSID6020432	0	0
DTXSID6020517	0	0
DTXSID6020434	0	0
DTXSID6020511	0	0
DTXSID6020438	0	0
DTXSID6020561	0	0
DTXSID6020480	0	0
DTXSID6020484	0	0
DTXSID6020779	0	0
DTXSID6020569	0	0
DTXSID6020690	1	1
DTXSID6020771	0	0
DTXSID6020696	0	0
DTXSID6020721	0	0
DTXSID6020777	0	0
DTXSID6020646	0	0
DTXSID6020692	0	0
DTXSID6020648	0	0
DTXSID6020804	0	0
DTXSID6020856	0	0
DTXSID6020933	0	0
DTXSID6020939	0	0
DTXSID6021030	0	0
DTXSID6021080	0	0
DTXSID6021082	0	0
DTXSID6021117	0	0
DTXSID6021240	0	0
DTXSID6021244	0	0
DTXSID6021294	0	0
DTXSID6021327	0	1
DTXSID6021371	1	1
DTXSID6021296	0	0
DTXSID6021246	0	0
DTXSID6021321	0	0
DTXSID6021375	0	0
DTXSID6021248	0	0
DTXSID6021290	0	0
DTXSID6021292	0	0
DTXSID6021165	0	0
DTXSID6021408	0	1
DTXSID6021379	0	0
DTXSID6021402	0	0
DTXSID6021583	0	0
DTXSID6021618	0	0
DTXSID6021660	0	0
DTXSID6021581	0	0
DTXSID6021668	0	0
DTXSID6021749	0	0
DTXSID6021585	0	0
DTXSID6021610	0	0
DTXSID6021666	0	0
DTXSID6021456	0	0
DTXSID6021795	0	0
DTXSID6021820	0	0
DTXSID6021901	0	0
DTXSID6021909	0	0
DTXSID6021953	0	0
DTXSID6021824	1	1
DTXSID6021872	0	0
DTXSID6021957	0	0
DTXSID6021828	0	0
DTXSID6021959	0	0
DTXSID6022056	0	0
DTXSID6022006	0	0
DTXSID6022187	0	0
DTXSID6022000	0	0
DTXSID6022131	0	0
DTXSID6022218	0	0
DTXSID6022133	0	0
DTXSID6022137	0	0
DTXSID6022050	0	0
DTXSID6022391	0	0
DTXSID6022393	0	0
DTXSID6022399	0	0
DTXSID6022420	0	0
DTXSID6022345	1	1
DTXSID6022422	0	0
DTXSID6022472	0	0
DTXSID6022684	0	0
DTXSID6022557	0	0
DTXSID6022553	0	0
DTXSID6022719	0	0
DTXSID6022630	0	1
DTXSID6022632	0	0
DTXSID6022842	0	0
DTXSID6022474	0	1
DTXSID6022636	0	0
DTXSID6022555	0	0
DTXSID6022927	0	0
DTXSID6022973	0	0
DTXSID6022975	0	0
DTXSID6023078	0	0
DTXSID6023020	0	0
DTXSID6022846	0	0
DTXSID6023024	0	0
DTXSID6023101	0	0
DTXSID6022892	0	0
DTXSID6023103	0	0
DTXSID6023028	0	0
DTXSID6022894	0	0
DTXSID6023076	0	0
DTXSID6023109	0	0
DTXSID6022898	0	1
DTXSID6023313	0	0
DTXSID6023153	0	0
DTXSID6023315	0	0
DTXSID6023155	0	0
DTXSID6023157	0	0
DTXSID6023317	0	1
DTXSID6023319	1	0
DTXSID6023367	0	0
DTXSID6023232	0	0
DTXSID6023280	0	0
DTXSID6023159	0	0
DTXSID6023363	0	0
DTXSID6023365	0	0
DTXSID6023286	0	0
DTXSID6023602	0	0
DTXSID6023440	0	0
DTXSID6023656	0	1
DTXSID6023658	0	0
DTXSID6023608	0	0
DTXSID6023650	0	0
DTXSID6023442	0	0
DTXSID6023490	0	0
DTXSID6023492	0	0
DTXSID6023868	1	1
DTXSID6023523	0	0
DTXSID6023529	0	0
DTXSID6023571	0	0
DTXSID6023810	1	1
DTXSID6023862	0	0
DTXSID6023600	0	0
DTXSID6023997	0	0
DTXSID6023864	0	0
DTXSID6023733	0	0
DTXSID6023735	0	0
DTXSID6023737	0	0
DTXSID6024175	0	0
DTXSID6024200	0	0
DTXSID6024204	0	0
DTXSID6024206	0	0
DTXSID6024177	0	0
DTXSID6024414	0	0
DTXSID6024331	0	0
DTXSID6024048	0	0
DTXSID6024460	0	0
DTXSID6024337	0	0
DTXSID6024462	0	0
DTXSID6024466	0	0
DTXSID6024412	0	0
DTXSID6024123	0	0
DTXSID6024591	0	0
DTXSID6024628	0	0
DTXSID6024670	0	0
DTXSID6024597	0	0
DTXSID6024676	0	0
DTXSID6024599	0	0
DTXSID6024622	1	0
DTXSID6024624	0	0
DTXSID6024834	0	0
DTXSID6024836	0	0
DTXSID6024882	0	0
DTXSID6024886	0	0
DTXSID6024832	0	0
DTXSID6024915	0	0
DTXSID6025012	0	0
DTXSID6025014	0	0
DTXSID6024961	0	0
DTXSID6024917	0	0
DTXSID6025064	0	0
DTXSID6024965	0	0
DTXSID6024967	0	1
DTXSID6025010	0	0
DTXSID6025226	1	1
DTXSID6025272	0	0
DTXSID6025145	0	0
DTXSID6025143	0	0
DTXSID6025141	0	0
DTXSID6025068	0	0
DTXSID6025301	0	0
DTXSID6025278	0	0
DTXSID6025438	0	0
DTXSID6025303	0	0
DTXSID6025307	0	0
DTXSID6025565	0	0
DTXSID6025692	0	0
DTXSID6025567	0	0
DTXSID6025569	0	0
DTXSID6025309	0	0
DTXSID6025355	0	0
DTXSID6025480	0	0
DTXSID6025486	0	0
DTXSID6025513	0	1
DTXSID6025854	0	0
DTXSID6025939	0	0
DTXSID6025983	0	0
DTXSID6026080	0	0
DTXSID6026088	0	0
DTXSID6026084	0	0
DTXSID6026115	0	0
DTXSID6025804	0	0
DTXSID6026119	0	0
DTXSID6026161	0	0
DTXSID6026167	0	0
DTXSID6026797	0	0
DTXSID6026664	0	0
DTXSID6026169	0	0
DTXSID6026240	0	0
DTXSID6026294	0	0
DTXSID6026872	0	0
DTXSID6026878	0	0
DTXSID6026450	0	0
DTXSID6026535	0	0
DTXSID6026537	0	0
DTXSID6026612	0	0
DTXSID6026298	0	0
DTXSID6026325	0	0
DTXSID6026373	0	0
DTXSID6026905	0	0
DTXSID6026955	0	0
DTXSID6027052	0	0
DTXSID6027131	0	0
DTXSID6027133	0	0
DTXSID6027137	0	0
DTXSID6027181	0	0
DTXSID6027262	0	0
DTXSID6027185	0	0
DTXSID6027214	0	0
DTXSID6027218	0	0
DTXSID6027503	0	0
DTXSID6027636	0	0
DTXSID6027713	0	0
DTXSID6027343	0	0
DTXSID6027507	0	0
DTXSID6027509	0	0
DTXSID6027397	0	0
DTXSID6027551	0	0
DTXSID6028022	0	0
DTXSID6029254	0	0
DTXSID6027975	0	0
DTXSID6029250	0	0
DTXSID6028028	0	0
DTXSID6029121	0	0
DTXSID6029127	0	0
DTXSID6029202	0	0
DTXSID6029707	0	0
DTXSID6030607	0	0
DTXSID6029331	0	0
DTXSID6029626	0	0
DTXSID6029670	0	0
DTXSID6029703	0	0
DTXSID6032192	0	0
DTXSID6032354	0	0
DTXSID6031380	0	0
DTXSID6032352	0	0
DTXSID6032061	0	0
DTXSID6032358	0	0
DTXSID6032356	0	0
DTXSID6032431	0	0
DTXSID6032514	0	0
DTXSID6032645	0	0
DTXSID6032518	0	0
DTXSID6032641	0	0
DTXSID6032562	0	0
DTXSID6034186	0	0
DTXSID6033401	0	0
DTXSID6033241	0	0
DTXSID6034005	0	0
DTXSID6033538	0	0
DTXSID6033825	0	0
DTXSID6032722	0	0
DTXSID6032649	0	0
DTXSID6034972	0	0
DTXSID6034924	0	0
DTXSID6034392	0	0
DTXSID6034265	0	0
DTXSID6034764	0	0
DTXSID6034928	0	0
DTXSID6035152	0	0
DTXSID6035106	0	0
DTXSID6035784	0	0
DTXSID6035156	0	0
DTXSID6035285	0	0
DTXSID6036467	0	1
DTXSID6038798	0	0
DTXSID6037649	0	0
DTXSID6038875	0	0
DTXSID6037697	0	0
DTXSID6037728	0	0
DTXSID6037069	0	0
DTXSID6040111	0	0
DTXSID6040404	0	0
DTXSID6040583	0	0
DTXSID6040246	0	0
DTXSID6040290	0	0
DTXSID6038877	0	0
DTXSID6040296	0	0
DTXSID6040745	0	0
DTXSID6040614	0	0
DTXSID6040662	1	0
DTXSID6040664	0	0
DTXSID6041137	0	0
DTXSID6041185	0	0
DTXSID6040747	0	0
DTXSID6041133	0	0
DTXSID6040666	0	0
DTXSID6040795	0	0
DTXSID6041210	0	0
DTXSID6041056	0	0
DTXSID6041424	0	0
DTXSID6041268	0	1
DTXSID6041347	0	0
DTXSID6041349	0	0
DTXSID6041426	0	0
DTXSID6041472	0	0
DTXSID6041420	0	0
DTXSID6041422	1	1
DTXSID6041682	1	0
DTXSID6041636	0	0
DTXSID6041638	0	0
DTXSID6041684	0	0
DTXSID6041680	1	0
DTXSID6041507	0	0
DTXSID6041715	0	0
DTXSID6041719	0	0
DTXSID6041688	0	0
DTXSID6042280	0	0
DTXSID6042074	0	0
DTXSID6042157	0	0
DTXSID6041973	0	0
DTXSID6041892	0	0
DTXSID6042232	0	0
DTXSID6041925	0	0
DTXSID6041977	0	0
DTXSID6042072	0	0
DTXSID6042440	0	0
DTXSID6042448	0	0
DTXSID6042490	0	0
DTXSID6042579	0	0
DTXSID6042315	0	0
DTXSID6042365	0	0
DTXSID6043709	0	0
DTXSID6042369	0	0
DTXSID6043913	0	0
DTXSID6044014	0	0
DTXSID6042494	0	0
DTXSID6042602	0	0
DTXSID6042498	0	0
DTXSID6044307	0	0
DTXSID6044272	0	0
DTXSID6044303	0	0
DTXSID6044226	0	0
DTXSID6043915	0	0
DTXSID6044353	0	0
DTXSID6044511	0	0
DTXSID6044513	0	0
DTXSID6044515	0	0
DTXSID6044430	0	0
DTXSID6044357	0	0
DTXSID6044486	0	0
DTXSID6044436	0	0
DTXSID6044359	0	0
DTXSID6044438	0	0
DTXSID6044355	0	0
DTXSID6044488	0	0
DTXSID6044517	0	0
DTXSID6044561	0	0
DTXSID6044563	0	0
DTXSID6044644	0	0
DTXSID6044646	0	0
DTXSID6044779	0	0
DTXSID6044648	0	0
DTXSID6044723	0	0
DTXSID6044725	0	0
DTXSID6044771	0	0
DTXSID6044773	0	0
DTXSID6044690	0	0
DTXSID6044692	0	0
DTXSID6044777	0	0
DTXSID6044696	0	0
DTXSID6044698	0	0
DTXSID6044721	0	0
DTXSID6044804	0	0
DTXSID6044856	0	0
DTXSID6044858	0	0
DTXSID6044931	0	0
DTXSID6044808	0	0
DTXSID6044933	0	0
DTXSID6044852	0	0
DTXSID6044802	0	0
DTXSID6044854	0	0
DTXSID6045082	0	0
DTXSID6045084	0	0
DTXSID6044983	0	0
DTXSID6045086	0	0
DTXSID6044989	0	0
DTXSID6044939	0	0
DTXSID6044981	0	0
DTXSID6045371	0	1
DTXSID6045088	0	0
DTXSID6045323	0	0
DTXSID6045248	0	0
DTXSID6045115	0	0
DTXSID6045117	0	0
DTXSID6045161	0	0
DTXSID6045163	0	0
DTXSID6045240	0	0
DTXSID6045165	0	0
DTXSID6045325	0	0
DTXSID6045119	0	0
DTXSID6045292	0	0
DTXSID6045296	0	0
DTXSID6045167	0	0
DTXSID6045321	0	0
DTXSID6045169	0	0
DTXSID6045583	0	0
DTXSID6045618	0	0
DTXSID6045660	0	0
DTXSID6045452	1	0
DTXSID6045375	1	1
DTXSID6045531	0	0
DTXSID6045377	0	0
DTXSID6045408	0	0
DTXSID6045662	0	0
DTXSID6045614	0	0
DTXSID6045666	0	0
DTXSID6045585	0	0
DTXSID6045587	0	0
DTXSID6045533	0	0
DTXSID6045535	1	1
DTXSID6045616	0	0
DTXSID6045537	0	0
DTXSID6045539	0	0
DTXSID6045581	0	0
DTXSID6045749	0	0
DTXSID6045668	0	0
DTXSID6045905	1	1
DTXSID6045907	0	1
DTXSID6045878	0	0
DTXSID6045795	0	0
DTXSID6045741	0	0
DTXSID6045828	0	0
DTXSID6045870	0	0
DTXSID6045745	0	0
DTXSID6045872	0	0
DTXSID6045909	0	0
DTXSID6045901	0	0
DTXSID6045874	0	0
DTXSID6045820	0	0
DTXSID6045951	0	0
DTXSID6045791	0	1
DTXSID6045953	0	0
DTXSID6045955	0	0
DTXSID6045959	1	0
DTXSID6046131	0	0
DTXSID6046133	0	0
DTXSID6046135	0	0
DTXSID6046189	0	0
DTXSID6046210	0	1
DTXSID6046212	0	0
DTXSID6046214	0	0
DTXSID6046216	0	0
DTXSID6046137	0	0
DTXSID6046000	0	0
DTXSID6046260	0	0
DTXSID6045957	0	0
DTXSID6046139	0	0
DTXSID6046181	0	0
DTXSID6046218	0	0
DTXSID6046262	0	0
DTXSID6046183	0	0
DTXSID6046185	0	0
DTXSID6046187	0	0
DTXSID6046008	0	0
DTXSID6046054	0	0
DTXSID6046397	0	0
DTXSID6046420	0	0
DTXSID6046422	0	0
DTXSID6046264	0	0
DTXSID6046266	0	0
DTXSID6046268	0	0
DTXSID6046341	0	0
DTXSID6046343	0	0
DTXSID6046424	0	0
DTXSID6046345	0	0
DTXSID6046426	0	0
DTXSID6046347	0	0
DTXSID6046349	0	0
DTXSID6046428	1	0
DTXSID6046393	0	0
DTXSID6046395	0	0
DTXSID6046470	1	1
DTXSID6046713	0	0
DTXSID6046557	0	1
DTXSID6046630	0	0
DTXSID6046472	1	1
DTXSID6046634	0	0
DTXSID6046715	0	0
DTXSID6046503	0	0
DTXSID6046474	0	1
DTXSID6046636	1	1
DTXSID6046761	0	0
DTXSID6046638	0	0
DTXSID6046476	0	0
DTXSID6046478	0	0
DTXSID6046505	0	0
DTXSID6046507	0	1
DTXSID6046509	0	0
DTXSID6046551	0	0
DTXSID6046553	0	0
DTXSID6046501	0	0
DTXSID6046686	0	0
DTXSID6046688	0	0
DTXSID6046555	0	0
DTXSID6046763	0	0
DTXSID6046765	0	0
DTXSID6046767	0	0
DTXSID6046844	1	1
DTXSID6046846	0	0
DTXSID6046890	0	0
DTXSID6047101	0	0
DTXSID6046979	0	0
DTXSID6046892	0	0
DTXSID6047074	0	0
DTXSID6047103	0	0
DTXSID6046923	0	0
DTXSID6046898	0	0
DTXSID6046925	0	0
DTXSID6046977	0	0
DTXSID6047072	0	0
DTXSID6046921	0	0
DTXSID6047078	0	0
DTXSID6047105	0	0
DTXSID6047157	0	0
DTXSID6047159	0	0
DTXSID6047236	0	0
DTXSID6047107	0	0
DTXSID6047109	0	0
DTXSID6047155	0	0
DTXSID6047284	0	0
DTXSID6047313	0	0
DTXSID6047286	0	0
DTXSID6047288	1	1
DTXSID6047280	0	0
DTXSID6047282	0	0
DTXSID6047311	0	0
DTXSID6047363	0	0
DTXSID6047490	0	0
DTXSID6047444	0	0
DTXSID6047315	1	1
DTXSID6047319	0	0
DTXSID6047498	1	1
DTXSID6047446	0	0
DTXSID6047656	0	0
DTXSID6047781	0	0
DTXSID6047608	0	0
DTXSID6047604	0	0
DTXSID6047654	0	0
DTXSID6047606	0	0
DTXSID6047525	0	0
DTXSID6047529	0	0
DTXSID6047523	0	0
DTXSID6047369	1	1
DTXSID6047440	0	0
DTXSID6047783	0	0
DTXSID6047785	0	0
DTXSID6047787	0	0
DTXSID6047579	0	0
DTXSID6047789	0	0
DTXSID6047810	0	0
DTXSID6047818	0	0
DTXSID6047941	0	0
DTXSID6048175	0	0
DTXSID6048171	0	0
DTXSID6048200	0	0
DTXSID6048206	0	0
DTXSID6048208	0	0
DTXSID6048202	0	0
DTXSID6048204	0	0
DTXSID6048626	0	0
DTXSID6048628	0	0
DTXSID6048670	0	0
DTXSID6048676	0	0
DTXSID6048678	0	0
DTXSID6048703	0	0
DTXSID6048705	0	0
DTXSID6048707	0	0
DTXSID6048709	0	0
DTXSID6048597	0	0
DTXSID6048599	0	0
DTXSID6048620	0	0
DTXSID6048333	0	0
DTXSID6048383	0	0
DTXSID6048751	0	0
DTXSID6048753	1	0
DTXSID6048757	0	0
DTXSID6048759	0	0
DTXSID6048830	0	0
DTXSID6048832	0	0
DTXSID6048834	0	0
DTXSID6048672	0	0
DTXSID6048622	0	0
DTXSID6048624	0	0
DTXSID6048591	0	0
DTXSID6048593	0	0
DTXSID6048595	0	0
DTXSID6048674	0	0
DTXSID6048969	0	0
DTXSID6049010	0	0
DTXSID6048886	0	0
DTXSID6048888	0	0
DTXSID6048836	0	0
DTXSID6048917	0	0
DTXSID6049272	0	0
DTXSID6049276	0	0
DTXSID6049060	0	0
DTXSID6048882	0	0
DTXSID6048884	0	0
DTXSID6048965	0	0
DTXSID6049062	0	0
DTXSID6048967	0	0
DTXSID6049064	0	0
DTXSID6049066	0	0
DTXSID6048961	0	0
DTXSID6049018	0	0
DTXSID6048913	0	0
DTXSID6049012	0	0
DTXSID6049016	0	0
DTXSID6048915	0	0
DTXSID6048911	0	0
DTXSID6048838	0	0
DTXSID6048880	0	0
DTXSID6049068	0	0
DTXSID6049220	0	0
DTXSID6049305	0	0
DTXSID6049307	0	0
DTXSID6049430	0	0
DTXSID6049357	0	0
DTXSID6049432	0	0
DTXSID6050386	0	0
DTXSID7020007	0	0
DTXSID7020053	0	0
DTXSID7020057	0	0
DTXSID7020005	0	0
DTXSID7020184	0	0
DTXSID7020211	0	0
DTXSID7020182	0	0
DTXSID7020138	0	0
DTXSID7020390	0	0
DTXSID7020267	1	1
DTXSID7020340	0	0
DTXSID7020342	0	0
DTXSID7020392	0	0
DTXSID7020261	0	0
DTXSID7020344	0	0
DTXSID7020263	0	0
DTXSID7020550	0	0
DTXSID7020427	0	0
DTXSID7020504	0	0
DTXSID7020479	0	0
DTXSID7020425	0	1
DTXSID7020398	0	0
DTXSID7020421	0	0
DTXSID7020508	0	0
DTXSID7020423	0	0
DTXSID7020552	0	0
DTXSID7020683	1	0
DTXSID7020558	0	0
DTXSID7020631	0	0
DTXSID7020687	1	0
DTXSID7020685	0	0
DTXSID7020635	0	1
DTXSID7020714	0	1
DTXSID7020760	0	0
DTXSID7020716	0	0
DTXSID7020710	0	0
DTXSID7020762	0	0
DTXSID7020764	0	0
DTXSID7020768	0	0
DTXSID7020766	0	0
DTXSID7020845	0	0
DTXSID7020899	0	0
DTXSID7020893	0	0
DTXSID7020843	0	0
DTXSID7020928	0	0
DTXSID7020897	0	0
DTXSID7021104	0	0
DTXSID7021150	0	1
DTXSID7021152	0	0
DTXSID7021156	0	0
DTXSID7021106	0	0
DTXSID7021158	0	0
DTXSID7021231	0	0
DTXSID7021233	0	0
DTXSID7021235	0	0
DTXSID7021237	0	0
DTXSID7021102	0	0
DTXSID7021360	0	0
DTXSID7021362	0	0
DTXSID7021366	0	0
DTXSID7021287	0	0
DTXSID7021312	0	0
DTXSID7021314	1	1
DTXSID7021493	0	0
DTXSID7021495	0	0
DTXSID7021364	0	0
DTXSID7021316	0	0
DTXSID7021239	0	0
DTXSID7021499	0	0
DTXSID7021491	0	0
DTXSID7021526	0	0
DTXSID7021576	0	0
DTXSID7021603	0	0
DTXSID7021601	0	0
DTXSID7021605	0	0
DTXSID7021780	0	0
DTXSID7021863	0	0
DTXSID7021607	0	0
DTXSID7021655	0	0
DTXSID7021867	0	0
DTXSID7021784	0	0
DTXSID7021653	0	0
DTXSID7021657	0	0
DTXSID7021815	0	0
DTXSID7021659	0	0
DTXSID7021869	0	0
DTXSID7021996	0	0
DTXSID7021992	0	0
DTXSID7021998	0	0
DTXSID7022093	0	0
DTXSID7022120	0	0
DTXSID7021994	0	0
DTXSID7022124	0	0
DTXSID7022128	0	0
DTXSID7021948	0	0
DTXSID7022049	0	0
DTXSID7022413	0	0
DTXSID7022253	0	0
DTXSID7022384	1	1
DTXSID7022332	0	0
DTXSID7022411	1	0
DTXSID7022382	0	0
DTXSID7022546	0	0
DTXSID7022417	0	0
DTXSID7022590	0	0
DTXSID7022540	0	0
DTXSID7022592	0	0
DTXSID7022544	0	0
DTXSID7022598	0	0
DTXSID7022170	0	0
DTXSID7022172	0	0
DTXSID7022839	0	0
DTXSID7022883	0	1
DTXSID7022912	0	0
DTXSID7022914	0	0
DTXSID7022968	0	0
DTXSID7023011	0	0
DTXSID7023019	0	0
DTXSID7023061	0	1
DTXSID7022833	0	0
DTXSID7023063	0	0
DTXSID7022835	0	0
DTXSID7023067	0	0
DTXSID7022679	0	0
DTXSID7022837	0	0
DTXSID7022629	0	0
DTXSID7022752	0	0
DTXSID7022671	1	1
DTXSID7022754	0	0
DTXSID7022673	1	1
DTXSID7023194	0	0
DTXSID7023225	0	0
DTXSID7023227	0	0
DTXSID7023302	1	1
DTXSID7023481	0	0
DTXSID7023485	0	0
DTXSID7023350	0	0
DTXSID7023190	0	0
DTXSID7023487	0	0
DTXSID7023192	0	0
DTXSID7023352	0	0
DTXSID7023356	0	0
DTXSID7023435	0	0
DTXSID7023437	0	0
DTXSID7023693	0	0
DTXSID7023724	0	0
DTXSID7023697	0	0
DTXSID7023510	0	0
DTXSID7023512	0	0
DTXSID7023516	0	0
DTXSID7023518	0	1
DTXSID7023566	0	0
DTXSID7023568	0	0
DTXSID7023643	0	0
DTXSID7023645	0	0
DTXSID7023691	0	0
DTXSID7023932	0	0
DTXSID7023699	0	0
DTXSID7023936	0	0
DTXSID7023938	0	0
DTXSID7024085	0	0
DTXSID7023300	0	1
DTXSID7024035	0	0
DTXSID7023271	0	0
DTXSID7024081	0	0
DTXSID7023980	0	0
DTXSID7023986	0	0
DTXSID7023277	0	0
DTXSID7024031	0	0
DTXSID7024164	0	0
DTXSID7024110	0	0
DTXSID7024166	0	0
DTXSID7024247	0	0
DTXSID7024291	0	0
DTXSID7024409	0	0
DTXSID7024455	0	0
DTXSID7024328	0	0
DTXSID7024370	0	0
DTXSID7024160	0	0
DTXSID7024299	0	0
DTXSID7024661	0	0
DTXSID7024320	0	0
DTXSID7024875	0	0
DTXSID7024821	0	0
DTXSID7024956	0	1
DTXSID7025001	0	0
DTXSID7024902	0	0
DTXSID7025003	0	0
DTXSID7025005	0	0
DTXSID7025051	0	0
DTXSID7025053	0	0
DTXSID7024538	0	0
DTXSID7024580	0	0
DTXSID7024586	0	0
DTXSID7025269	0	0
DTXSID7025215	0	0
DTXSID7025217	0	0
DTXSID7025055	0	0
DTXSID7025180	0	0
DTXSID7025346	0	0
DTXSID7025502	0	0
DTXSID7025421	0	0
DTXSID7025423	0	0
DTXSID7025506	0	0
DTXSID7025425	0	0
DTXSID7025427	0	0
DTXSID7025508	0	0
DTXSID7025479	0	0
DTXSID7025849	0	0
DTXSID7025895	0	0
DTXSID7025556	0	0
DTXSID7026102	0	0
DTXSID7025922	0	0
DTXSID7025716	0	0
DTXSID7026235	0	0
DTXSID7026285	0	0
DTXSID7025924	0	0
DTXSID7025926	0	0
DTXSID7026029	0	0
DTXSID7026156	0	0
DTXSID7025972	0	0
DTXSID7026526	0	0
DTXSID7026441	0	0
DTXSID7026528	0	0
DTXSID7026520	0	0
DTXSID7026609	0	0
DTXSID7026499	0	0
DTXSID7026653	0	0
DTXSID7026366	0	0
DTXSID7026368	0	0
DTXSID7026998	0	0
DTXSID7027041	0	0
DTXSID7026811	0	0
DTXSID7027043	0	0
DTXSID7026994	0	0
DTXSID7026867	0	0
DTXSID7027047	0	0
DTXSID7026946	0	0
DTXSID7027049	0	0
DTXSID7026863	0	0
DTXSID7027259	0	0
DTXSID7027099	0	0
DTXSID7027174	0	0
DTXSID7027178	0	0
DTXSID7027205	0	0
DTXSID7027338	0	0
DTXSID7027201	0	0
DTXSID7027253	0	0
DTXSID7027097	0	0
DTXSID7027334	0	0
DTXSID7027120	0	0
DTXSID7027122	0	0
DTXSID7027594	0	0
DTXSID7027596	0	0
DTXSID7027544	0	0
DTXSID7027413	0	0
DTXSID7027540	0	0
DTXSID7027546	0	0
DTXSID7027461	0	0
DTXSID7027598	0	0
DTXSID7027833	0	0
DTXSID7027625	0	0
DTXSID7027835	0	0
DTXSID7027887	1	1
DTXSID7027756	0	0
DTXSID7028300	0	0
DTXSID7029110	0	0
DTXSID7028015	0	0
DTXSID7029162	0	0
DTXSID7029160	0	0
DTXSID7029164	0	0
DTXSID7029166	0	0
DTXSID7029241	1	1
DTXSID7029611	0	0
DTXSID7029534	0	0
DTXSID7029661	0	0
DTXSID7029247	0	0
DTXSID7029320	0	0
DTXSID7029665	0	0
DTXSID7029871	1	1
DTXSID7030060	0	0
DTXSID7030307	0	0
DTXSID7029879	1	1
DTXSID7029904	0	0
DTXSID7031248	0	0
DTXSID7031294	0	0
DTXSID7031458	0	0
DTXSID7031290	0	0
DTXSID7031797	0	0
DTXSID7031903	0	0
DTXSID7032345	1	1
DTXSID7032393	0	0
DTXSID7032474	0	0
DTXSID7032470	0	0
DTXSID7032555	0	0
DTXSID7034250	0	0
DTXSID7032559	0	0
DTXSID7032638	0	0
DTXSID7032630	0	0
DTXSID7034252	0	0
DTXSID7034383	0	0
DTXSID7032688	0	0
DTXSID7034545	0	0
DTXSID7034672	0	0
DTXSID7034674	1	1
DTXSID7034676	0	0
DTXSID7034836	0	0
DTXSID7035010	0	0
DTXSID7034961	0	0
DTXSID7037131	0	0
DTXSID7037185	1	1
DTXSID7035305	0	0
DTXSID7037478	0	0
DTXSID7037551	0	0
DTXSID7037715	0	0
DTXSID7037555	0	0
DTXSID7037717	0	0
DTXSID7037680	0	0
DTXSID7037262	0	0
DTXSID7038864	0	1
DTXSID7040283	0	0
DTXSID7038810	0	0
DTXSID7040285	0	0
DTXSID7038814	0	0
DTXSID7040287	0	0
DTXSID7038317	0	0
DTXSID7038818	0	0
DTXSID7040732	0	0
DTXSID7040609	0	0
DTXSID7040360	0	0
DTXSID7040526	0	0
DTXSID7040651	0	0
DTXSID7040653	0	0
DTXSID7040788	0	0
DTXSID7040734	0	0
DTXSID7041091	0	0
DTXSID7040948	0	0
DTXSID7040736	0	0
DTXSID7041253	0	0
DTXSID7040990	0	0
DTXSID7041178	0	0
DTXSID7041097	0	0
DTXSID7041388	0	0
DTXSID7041201	0	0
DTXSID7041209	0	0
DTXSID7041336	0	0
DTXSID7041411	0	0
DTXSID7041413	0	0
DTXSID7041671	0	0
DTXSID7041625	0	0
DTXSID7041621	0	0
DTXSID7041752	0	0
DTXSID7041461	0	1
DTXSID7041675	0	0
DTXSID7041467	0	0
DTXSID7041627	0	0
DTXSID7041623	0	0
DTXSID7041544	0	0
DTXSID7041629	0	1
DTXSID7041756	0	0
DTXSID7041966	0	0
DTXSID7042011	0	0
DTXSID7041962	0	0
DTXSID7041887	1	1
DTXSID7041889	0	0
DTXSID7041910	0	0
DTXSID7041916	0	0
DTXSID7042140	0	0
DTXSID7041964	0	0
DTXSID7042146	0	0
DTXSID7042061	0	0
DTXSID7042273	0	0
DTXSID7042063	0	0
DTXSID7042279	0	0
DTXSID7042065	1	0
DTXSID7042352	0	0
DTXSID7042356	0	0
DTXSID7042196	0	0
DTXSID7042437	0	0
DTXSID7042198	0	0
DTXSID7042019	0	0
DTXSID7043829	0	0
DTXSID7043873	0	0
DTXSID7043908	0	0
DTXSID7043950	0	0
DTXSID7043952	0	1
DTXSID7044130	0	0
DTXSID7044132	0	0
DTXSID7044215	0	0
DTXSID7044217	0	0
DTXSID7044394	0	0
DTXSID7044267	0	0
DTXSID7044340	0	0
DTXSID7044342	0	0
DTXSID7044398	0	0
DTXSID7044421	0	0
DTXSID7044390	0	0
DTXSID7044423	1	0
DTXSID7044427	0	0
DTXSID7044429	0	0
DTXSID7044502	0	0
DTXSID7044425	0	0
DTXSID7044471	0	0
DTXSID7044631	0	0
DTXSID7044473	0	0
DTXSID7044475	0	0
DTXSID7044633	0	0
DTXSID7044635	0	0
DTXSID7044552	0	0
DTXSID7044479	0	0
DTXSID7044554	0	0
DTXSID7044506	0	0
DTXSID7044768	0	0
DTXSID7044718	0	0
DTXSID7044764	0	0
DTXSID7044710	0	0
DTXSID7044712	0	0
DTXSID7044841	0	0
DTXSID7044762	0	0
DTXSID7044681	0	0
DTXSID7044685	0	0
DTXSID7044716	0	0
DTXSID7044689	0	0
DTXSID7044843	0	0
DTXSID7044899	0	0
DTXSID7044847	0	0
DTXSID7044922	0	0
DTXSID7044845	0	0
DTXSID7044893	0	0
DTXSID7044926	0	0
DTXSID7044895	0	0
DTXSID7044897	0	0
DTXSID7044972	0	0
DTXSID7045360	0	0
DTXSID7045364	0	0
DTXSID7045366	0	0
DTXSID7044976	0	0
DTXSID7045368	0	0
DTXSID7045287	0	0
DTXSID7045441	0	0
DTXSID7045029	0	0
DTXSID7045310	0	0
DTXSID7045152	0	1
DTXSID7045316	0	0
DTXSID7045108	0	0
DTXSID7045312	0	0
DTXSID7045150	0	0
DTXSID7045281	0	0
DTXSID7045443	0	0
DTXSID7045447	1	0
DTXSID7045493	1	1
DTXSID7045497	0	0
DTXSID7045522	0	0
DTXSID7045526	0	0
DTXSID7045578	0	0
DTXSID7045603	0	0
DTXSID7045605	0	0
DTXSID7045570	0	0
DTXSID7045607	0	0
DTXSID7045572	0	0
DTXSID7045574	0	0
DTXSID7045576	0	0
DTXSID7045867	0	0
DTXSID7045942	0	0
DTXSID7045948	0	0
DTXSID7045782	0	0
DTXSID7045786	0	0
DTXSID7045863	0	0
DTXSID7045940	0	0
DTXSID7045811	0	0
DTXSID7045813	0	0
DTXSID7045992	0	0
DTXSID7045865	0	0
DTXSID7045944	0	0
DTXSID7045946	0	1
DTXSID7045651	0	0
DTXSID7045653	0	0
DTXSID7045655	0	0
DTXSID7045780	0	0
DTXSID7045815	0	0
DTXSID7046386	0	0
DTXSID7046093	0	0
DTXSID7046170	0	0
DTXSID7046176	0	0
DTXSID7046259	0	0
DTXSID7046332	1	0
DTXSID7046178	0	0
DTXSID7046201	0	0
DTXSID7045996	0	0
DTXSID7045998	0	0
DTXSID7046384	0	0
DTXSID7046041	0	0
DTXSID7046091	0	0
DTXSID7046045	0	0
DTXSID7046126	0	0
DTXSID7046128	0	0
DTXSID7046047	0	0
DTXSID7046095	0	0
DTXSID7046174	0	0
DTXSID7046205	0	0
DTXSID7046097	0	0
DTXSID7046099	0	0
DTXSID7046120	0	0
DTXSID7046415	0	0
DTXSID7046417	0	0
DTXSID7046700	0	0
DTXSID7046702	0	0
DTXSID7046411	0	0
DTXSID7046465	0	0
DTXSID7046621	0	0
DTXSID7046463	0	0
DTXSID7046623	0	0
DTXSID7046673	0	0
DTXSID7046675	0	0
DTXSID7046122	0	0
DTXSID7046207	0	0
DTXSID7046677	1	0
DTXSID7046592	0	0
DTXSID7046594	0	0
DTXSID7046251	0	0
DTXSID7046253	0	0
DTXSID7046255	0	0
DTXSID7046257	0	0
DTXSID7046706	0	0
DTXSID7046752	0	0
DTXSID7046754	0	0
DTXSID7046758	0	0
DTXSID7046461	0	0
DTXSID7046627	0	0
DTXSID7046831	0	0
DTXSID7046467	0	0
DTXSID7046542	0	0
DTXSID7047065	0	0
DTXSID7047067	0	0
DTXSID7046889	0	0
DTXSID7046881	0	0
DTXSID7046883	0	0
DTXSID7047142	0	0
DTXSID7046910	0	0
DTXSID7046912	0	0
DTXSID7046914	0	0
DTXSID7046833	0	0
DTXSID7046837	1	1
DTXSID7046918	0	0
DTXSID7047144	1	1
DTXSID7046885	0	0
DTXSID7046966	0	0
DTXSID7047146	0	0
DTXSID7047190	0	1
DTXSID7047271	0	0
DTXSID7047196	0	0
DTXSID7047198	0	0
DTXSID7047279	0	0
DTXSID7047277	0	1
DTXSID7047192	0	0
DTXSID7047306	0	0
DTXSID7047304	1	1
DTXSID7047562	0	0
DTXSID7047308	0	0
DTXSID7047518	0	0
DTXSID7047437	0	0
DTXSID7047358	0	0
DTXSID7047439	0	0
DTXSID7047356	0	0
DTXSID7047435	0	1
DTXSID7047433	0	0
DTXSID7047568	0	0
DTXSID7047641	0	0
DTXSID7047643	0	0
DTXSID7047487	0	0
DTXSID7047560	0	0
DTXSID7047510	0	0
DTXSID7047645	0	0
DTXSID7047647	0	0
DTXSID7047803	0	0
DTXSID7047807	0	0
DTXSID7047726	0	0
DTXSID7047851	0	0
DTXSID7047772	0	0
DTXSID7047857	0	0
DTXSID7047649	0	0
DTXSID7047774	0	0
DTXSID7047776	0	0
DTXSID7047930	0	0
DTXSID7047801	0	0
DTXSID7047936	0	0
DTXSID7048168	0	0
DTXSID7048291	0	0
DTXSID7048611	0	0
DTXSID7048669	0	0
DTXSID7047938	0	0
DTXSID7048580	0	0
DTXSID7048615	0	0
DTXSID7048617	0	0
DTXSID7048582	0	0
DTXSID7048661	0	0
DTXSID7048166	0	0
DTXSID7048586	0	0
DTXSID7048663	0	0
DTXSID7048665	0	0
DTXSID7048667	0	0
DTXSID7048588	0	0
DTXSID7048740	0	0
DTXSID7048742	0	0
DTXSID7048746	0	0
DTXSID7048748	0	0
DTXSID7048790	0	0
DTXSID7048792	0	0
DTXSID7048827	0	0
DTXSID7048879	0	0
DTXSID7048794	0	0
DTXSID7048796	0	0
DTXSID7048829	0	0
DTXSID7048900	0	0
DTXSID7048871	0	0
DTXSID7048873	0	0
DTXSID7048823	0	0
DTXSID7048908	0	0
DTXSID7048825	0	0
DTXSID7048950	0	0
DTXSID7048952	0	0
DTXSID7048798	1	1
DTXSID7048902	0	0
DTXSID7048821	0	0
DTXSID7048904	0	0
DTXSID7048906	0	0
DTXSID7048958	0	0
DTXSID7049001	0	0
DTXSID7049003	0	0
DTXSID7049005	1	1
DTXSID7049007	0	0
DTXSID7049009	0	0
DTXSID7049213	0	0
DTXSID7049215	0	0
DTXSID7049051	0	0
DTXSID7049053	0	0
DTXSID7049055	0	0
DTXSID7049261	0	0
DTXSID7049057	0	0
DTXSID7049059	0	0
DTXSID7049263	0	0
DTXSID7049265	0	0
DTXSID7049267	0	0
DTXSID7049269	0	0
DTXSID7049344	0	0
DTXSID7049346	0	0
DTXSID7049394	0	0
DTXSID7049396	0	0
DTXSID7049390	0	0
DTXSID7049421	0	0
DTXSID7049425	0	0
DTXSID7049423	0	0
DTXSID8020040	1	1
DTXSID8020044	0	0
DTXSID8020090	0	0
DTXSID8020123	0	0
DTXSID8020092	0	0
DTXSID8020094	0	0
DTXSID8020129	0	0
DTXSID8020179	0	0
DTXSID8020175	0	0
DTXSID8020202	0	1
DTXSID8020252	0	0
DTXSID8020331	0	0
DTXSID8020256	0	0
DTXSID8020337	0	1
DTXSID8020381	0	1
DTXSID8020468	0	0
DTXSID8020541	0	0
DTXSID8020464	0	0
DTXSID8020591	0	0
DTXSID8020383	0	0
DTXSID8020543	0	0
DTXSID8020466	0	0
DTXSID8020593	0	0
DTXSID8020410	0	0
DTXSID8020545	0	0
DTXSID8020674	0	0
DTXSID8020626	0	0
DTXSID8020597	0	0
DTXSID8020628	0	0
DTXSID8020703	0	0
DTXSID8020678	0	0
DTXSID8020620	0	0
DTXSID8020834	0	0
DTXSID8020838	0	0
DTXSID8020759	0	0
DTXSID8020709	0	0
DTXSID8020755	0	0
DTXSID8020886	0	0
DTXSID8020830	0	0
DTXSID8020757	0	0
DTXSID8021147	0	0
DTXSID8021195	0	0
DTXSID8021062	0	0
DTXSID8021197	0	0
DTXSID8021145	0	0
DTXSID8021222	0	0
DTXSID8021224	0	0
DTXSID8021270	1	1
DTXSID8021484	0	0
DTXSID8021301	0	1
DTXSID8021359	0	0
DTXSID8021305	0	0
DTXSID8021309	0	0
DTXSID8021438	0	0
DTXSID8021482	0	0
DTXSID8021561	0	0
DTXSID8021563	0	0
DTXSID8021565	0	0
DTXSID8021515	0	0
DTXSID8021488	0	0
DTXSID8021513	0	0
DTXSID8021517	0	0
DTXSID8021278	0	0
DTXSID8021640	0	0
DTXSID8021642	0	0
DTXSID8021771	0	0
DTXSID8021725	0	0
DTXSID8021729	0	0
DTXSID8021721	0	0
DTXSID8021777	0	0
DTXSID8021775	0	0
DTXSID8021644	0	0
DTXSID8021800	0	0
DTXSID8021646	0	0
DTXSID8021648	0	0
DTXSID8021690	0	0
DTXSID8021854	0	0
DTXSID8022082	0	0
DTXSID8021804	0	0
DTXSID8021856	0	0
DTXSID8021808	0	0
DTXSID8022113	0	0
DTXSID8022325	1	1
DTXSID8022246	0	0
DTXSID8022292	0	0
DTXSID8022117	0	0
DTXSID8022111	0	0
DTXSID8022161	0	0
DTXSID8022589	0	0
DTXSID8022612	0	0
DTXSID8022666	0	0
DTXSID8022741	0	0
DTXSID8022749	0	0
DTXSID8022404	0	0
DTXSID8022371	0	0
DTXSID8022614	0	0
DTXSID8022377	0	0
DTXSID8022406	0	0
DTXSID8022408	0	0
DTXSID8022822	0	0
DTXSID8022870	0	0
DTXSID8022872	0	0
DTXSID8022901	1	1
DTXSID8022955	1	1
DTXSID8022959	0	1
DTXSID8023000	0	0
DTXSID8023004	0	0
DTXSID8023050	0	0
DTXSID8023054	0	0
DTXSID8023137	0	0
DTXSID8023187	0	0
DTXSID8023472	0	0
DTXSID8023349	0	0
DTXSID8023393	0	0
DTXSID8023478	0	0
DTXSID8023474	0	1
DTXSID8023551	0	0
DTXSID8023395	0	0
DTXSID8023422	1	1
DTXSID8023476	0	0
DTXSID8023426	0	0
DTXSID8023632	0	0
DTXSID8023470	0	0
DTXSID8023713	0	0
DTXSID8023636	0	0
DTXSID8023719	0	0
DTXSID8023688	0	0
DTXSID8023846	0	0
DTXSID8023848	0	0
DTXSID8023890	0	0
DTXSID8023262	0	0
DTXSID8023345	0	0
DTXSID8023977	0	0
DTXSID8023927	0	0
DTXSID8024072	0	0
DTXSID8023216	0	0
DTXSID8023260	0	0
DTXSID8024101	0	0
DTXSID8023347	0	0
DTXSID8023214	0	0
DTXSID8024107	0	0
DTXSID8024109	0	0
DTXSID8024105	0	0
DTXSID8023973	0	0
DTXSID8024151	0	1
DTXSID8024159	0	0
DTXSID8024234	0	0
DTXSID8024280	0	0
DTXSID8024284	0	0
DTXSID8024286	0	0
DTXSID8024311	0	0
DTXSID8024317	0	0
DTXSID8024315	0	0
DTXSID8024442	0	0
DTXSID8024523	0	0
DTXSID8024529	0	0
DTXSID8024739	0	0
DTXSID8024573	0	0
DTXSID8024810	0	0
DTXSID8024787	0	0
DTXSID8024658	0	0
DTXSID8024814	0	0
DTXSID8024733	0	0
DTXSID8024862	0	0
DTXSID8024448	0	0
DTXSID8024498	0	0
DTXSID8024521	0	0
DTXSID8024600	0	0
DTXSID8024602	0	0
DTXSID8024608	0	1
DTXSID8024864	0	0
DTXSID8024866	1	1
DTXSID8024991	0	0
DTXSID8025096	0	0
DTXSID8025258	0	0
DTXSID8025337	0	0
DTXSID8025040	0	0
DTXSID8024993	0	0
DTXSID8025094	0	0
DTXSID8025670	1	1
DTXSID8025593	0	0
DTXSID8025595	0	0
DTXSID8025886	0	0
DTXSID8025963	0	0
DTXSID8025967	0	0
DTXSID8025969	0	0
DTXSID8026018	0	0
DTXSID8026060	0	0
DTXSID8026064	0	0
DTXSID8026195	0	0
DTXSID8026068	0	0
DTXSID8026228	0	0
DTXSID8026220	0	0
DTXSID8026303	0	0
DTXSID8026141	0	0
DTXSID8026305	0	0
DTXSID8026145	0	0
DTXSID8026307	0	0
DTXSID8026193	0	0
DTXSID8026563	0	0
DTXSID8026488	0	0
DTXSID8026698	0	0
DTXSID8026694	0	0
DTXSID8026309	0	0
DTXSID8026432	0	0
DTXSID8026513	0	0
DTXSID8026436	0	0
DTXSID8026515	0	0
DTXSID8026640	0	0
DTXSID8026725	0	0
DTXSID8026519	0	0
DTXSID8026802	0	0
DTXSID8026729	0	0
DTXSID8026931	0	0
DTXSID8026981	0	0
DTXSID8027032	0	0
DTXSID8026773	0	0
DTXSID8027036	0	0
DTXSID8026727	0	0
DTXSID8026775	0	0
DTXSID8027084	0	0
DTXSID8027163	0	0
DTXSID8027086	0	0
DTXSID8027294	0	0
DTXSID8027113	0	0
DTXSID8027167	0	0
DTXSID8027537	0	0
DTXSID8027329	0	0
DTXSID8027321	0	0
DTXSID8027244	0	0
DTXSID8027581	0	0
DTXSID8027400	0	0
DTXSID8027402	0	0
DTXSID8027246	0	0
DTXSID8027452	0	0
DTXSID8027454	0	0
DTXSID8027585	0	0
DTXSID8027749	0	0
DTXSID8027589	0	0
DTXSID8027826	0	0
DTXSID8027797	0	0
DTXSID8027747	0	0
DTXSID8027822	0	0
DTXSID8027793	1	1
DTXSID8029230	0	0
DTXSID8029072	0	0
DTXSID8029105	0	0
DTXSID8029234	0	0
DTXSID8029236	0	0
DTXSID8029153	0	0
DTXSID8029317	0	0
DTXSID8029280	0	0
DTXSID8029157	0	0
DTXSID8029282	0	1
DTXSID8029286	0	0
DTXSID8029315	0	0
DTXSID8029600	0	0
DTXSID8029606	0	0
DTXSID8029159	0	0
DTXSID8029575	0	0
DTXSID8029608	0	0
DTXSID8027959	0	0
DTXSID8028008	0	0
DTXSID8029650	0	0
DTXSID8029652	0	0
DTXSID8029602	1	1
DTXSID8029604	0	0
DTXSID8029733	0	0
DTXSID8031077	0	0
DTXSID8030138	0	0
DTXSID8029868	0	0
DTXSID8031497	0	0
DTXSID8031603	0	0
DTXSID8032417	0	0
DTXSID8032544	0	0
DTXSID8031863	0	0
DTXSID8031865	0	0
DTXSID8032548	0	0
DTXSID8032623	0	0
DTXSID8032627	0	0
DTXSID8033512	0	0
DTXSID8034401	0	0
DTXSID8033564	0	0
DTXSID8034580	0	0
DTXSID8033649	0	0
DTXSID8032675	0	0
DTXSID8032673	0	0
DTXSID8033433	0	0
DTXSID8034087	0	0
DTXSID8034089	0	0
DTXSID8034586	0	0
DTXSID8034588	1	1
DTXSID8033803	0	0
DTXSID8034376	0	0
DTXSID8034085	0	0
DTXSID8034324	0	0
DTXSID8034665	0	0
DTXSID8034669	0	0
DTXSID8034792	0	0
DTXSID8034871	0	0
DTXSID8034956	0	0
DTXSID8035180	0	0
DTXSID8035001	0	0
DTXSID8035186	0	0
DTXSID8035423	0	0
DTXSID8037207	0	0
DTXSID8037752	0	0
DTXSID8037708	0	0
DTXSID8037754	0	0
DTXSID8037756	0	0
DTXSID8037750	0	0
DTXSID8037706	0	0
DTXSID8038770	0	0
DTXSID8040270	0	0
DTXSID8040274	0	0
DTXSID8040278	0	0
DTXSID8040438	1	1
DTXSID8038801	0	0
DTXSID8040694	0	0
DTXSID8038855	0	0
DTXSID8038857	0	0
DTXSID8039241	0	0
DTXSID8040484	0	0
DTXSID8040222	0	0
DTXSID8040698	0	0
DTXSID8040725	0	0
DTXSID8041034	0	0
DTXSID8040721	0	0
DTXSID8041080	0	0
DTXSID8040800	0	0
DTXSID8041032	0	0
DTXSID8040727	0	0
DTXSID8041242	0	0
DTXSID8041115	0	0
DTXSID8041246	0	0
DTXSID8041379	0	0
DTXSID8041400	0	0
DTXSID8041327	0	0
DTXSID8041329	0	0
DTXSID8041298	0	0
DTXSID8041404	0	0
DTXSID8041248	0	0
DTXSID8041452	0	0
DTXSID8041321	0	0
DTXSID8041668	0	0
DTXSID8041373	0	0
DTXSID8042137	0	0
DTXSID8041951	0	0
DTXSID8041959	0	0
DTXSID8041957	0	0
DTXSID8042181	0	0
DTXSID8042052	0	0
DTXSID8042187	0	0
DTXSID8042210	0	0
DTXSID8042218	0	0
DTXSID8042189	0	0
DTXSID8042260	0	0
DTXSID8042264	0	1
DTXSID8041797	0	0
DTXSID8041799	0	0
DTXSID8041828	0	0
DTXSID8042632	0	0
DTXSID8042509	0	0
DTXSID8042559	0	0
DTXSID8042422	0	0
DTXSID8043814	0	0
DTXSID8042349	0	0
DTXSID8042399	0	0
DTXSID8043941	0	0
DTXSID8042507	0	0
DTXSID8042478	0	0
DTXSID8042503	0	0
DTXSID8042426	0	0
DTXSID8044206	0	0
DTXSID8044381	0	1
DTXSID8044208	0	0
DTXSID8044252	0	0
DTXSID8044383	0	0
DTXSID8044200	0	0
DTXSID8044202	0	0
DTXSID8044204	0	1
DTXSID8044389	0	0
DTXSID8044410	0	0
DTXSID8044462	0	0
DTXSID8044591	0	0
DTXSID8044593	0	0
DTXSID8044547	0	0
DTXSID8044595	0	0
DTXSID8044412	0	0
DTXSID8044543	0	0
DTXSID8044464	0	0
DTXSID8044545	0	0
DTXSID8044466	0	0
DTXSID8044414	0	0
DTXSID8044597	0	0
DTXSID8044624	0	0
DTXSID8044626	0	0
DTXSID8044670	0	0
DTXSID8044620	0	0
DTXSID8044622	0	0
DTXSID8044709	0	0
DTXSID8044751	0	0
DTXSID8044757	0	0
DTXSID8044755	0	0
DTXSID8044830	0	0
DTXSID8044753	0	0
DTXSID8044759	0	0
DTXSID8044832	0	0
DTXSID8044834	0	0
DTXSID8044836	0	0
DTXSID8044915	0	0
DTXSID8044919	0	0
DTXSID8044678	0	0
DTXSID8044701	0	0
DTXSID8044703	0	0
DTXSID8044886	0	0
DTXSID8044963	0	0
DTXSID8044961	0	0
DTXSID8044967	0	0
DTXSID8045141	0	0
DTXSID8045226	0	0
DTXSID8045228	0	0
DTXSID8045357	0	0
DTXSID8045351	0	0
DTXSID8044888	0	0
DTXSID8045147	0	0
DTXSID8044882	0	0
DTXSID8044884	0	0
DTXSID8045191	0	0
DTXSID8045305	0	0
DTXSID8045193	0	0
DTXSID8045195	0	0
DTXSID8045220	0	0
DTXSID8045222	0	0
DTXSID8045565	0	0
DTXSID8045561	0	0
DTXSID8045486	0	0
DTXSID8045488	0	0
DTXSID8045567	0	0
DTXSID8045569	0	0
DTXSID8045640	0	0
DTXSID8045511	1	1
DTXSID8045359	0	0
DTXSID8045432	0	0
DTXSID8045149	0	0
DTXSID8045513	0	0
DTXSID8045515	0	0
DTXSID8045307	1	1
DTXSID8045519	0	0
DTXSID8045438	0	0
DTXSID8045563	0	0
DTXSID8045806	1	1
DTXSID8045850	0	0
DTXSID8045694	0	0
DTXSID8045696	0	0
DTXSID8045852	0	0
DTXSID8045698	0	0
DTXSID8045771	0	0
DTXSID8045854	0	0
DTXSID8045856	0	0
DTXSID8045773	0	0
DTXSID8045775	0	0
DTXSID8045933	0	0
DTXSID8045642	0	1
DTXSID8045935	0	0
DTXSID8045937	0	0
DTXSID8045939	0	0
DTXSID8045646	1	1
DTXSID8045648	0	0
DTXSID8045690	0	0
DTXSID8045692	0	0
DTXSID8046246	0	0
DTXSID8046248	0	0
DTXSID8046036	0	0
DTXSID8046086	0	0
DTXSID8046115	0	0
DTXSID8046323	0	0
DTXSID8046038	0	0
DTXSID8046084	0	0
DTXSID8045983	0	0
DTXSID8045985	0	1
DTXSID8046088	0	0
DTXSID8046163	0	0
DTXSID8046165	0	0
DTXSID8046167	0	0
DTXSID8046113	0	0
DTXSID8046117	0	0
DTXSID8045987	0	0
DTXSID8045989	0	0
DTXSID8046119	0	0
DTXSID8046161	0	0
DTXSID8046169	0	0
DTXSID8046240	0	0
DTXSID8046242	0	0
DTXSID8046296	0	0
DTXSID8046298	0	0
DTXSID8046325	0	0
DTXSID8046327	0	0
DTXSID8046404	0	0
DTXSID8046244	0	0
DTXSID8046454	0	1
DTXSID8046456	0	0
DTXSID8046531	0	0
DTXSID8046535	0	0
DTXSID8046539	0	0
DTXSID8046406	0	0
DTXSID8046581	0	0
DTXSID8046458	0	0
DTXSID8046450	0	0
DTXSID8046614	0	0
DTXSID8046660	0	0
DTXSID8046662	0	0
DTXSID8046664	0	0
DTXSID8045800	0	0
DTXSID8045802	0	0
DTXSID8046585	0	0
DTXSID8046537	0	0
DTXSID8046589	0	0
DTXSID8046610	0	0
DTXSID8046743	0	0
DTXSID8046749	0	0
DTXSID8046876	0	0
DTXSID8046791	0	0
DTXSID8046793	0	0
DTXSID8046824	0	0
DTXSID8046828	0	0
DTXSID8046795	0	0
DTXSID8047006	0	0
DTXSID8046799	0	0
DTXSID8046820	0	0
DTXSID8047050	0	0
DTXSID8046905	0	0
DTXSID8046909	0	0
DTXSID8046951	0	0
DTXSID8046822	0	0
DTXSID8047058	0	0
DTXSID8046870	0	0
DTXSID8046872	1	1
DTXSID8047131	0	0
DTXSID8047135	0	0
DTXSID8047137	1	1
DTXSID8047139	0	0
DTXSID8047183	0	0
DTXSID8047185	0	0
DTXSID8047187	0	0
DTXSID8047189	0	0
DTXSID8047264	0	0
DTXSID8047133	0	0
DTXSID8047052	0	0
DTXSID8047266	0	0
DTXSID8047268	0	0
DTXSID8047262	1	0
DTXSID8047347	0	1
DTXSID8047341	0	0
DTXSID8047399	0	0
DTXSID8047420	0	0
DTXSID8047422	0	0
DTXSID8047349	0	0
DTXSID8047391	0	0
DTXSID8047397	0	0
DTXSID8047424	0	0
DTXSID8047426	0	0
DTXSID8047428	0	0
DTXSID8047505	0	0
DTXSID8047551	0	0
DTXSID8047553	0	0
DTXSID8047476	0	0
DTXSID8047501	0	0
DTXSID8047559	0	0
DTXSID8047636	0	0
DTXSID8047682	0	0
DTXSID8047890	0	0
DTXSID8047846	0	0
DTXSID8047686	0	0
DTXSID8047892	0	0
DTXSID8047894	0	0
DTXSID8047840	0	0
DTXSID8047842	0	0
DTXSID8047848	0	0
DTXSID8047684	0	0
DTXSID8047713	0	0
DTXSID8047717	0	0
DTXSID8047844	0	0
DTXSID8047896	0	0
DTXSID8048577	0	0
DTXSID8048579	0	1
DTXSID8048650	0	0
DTXSID8047971	0	0
DTXSID8047973	0	1
DTXSID8048600	0	0
DTXSID8048652	0	0
DTXSID8048654	0	0
DTXSID8048521	0	0
DTXSID8048575	0	0
DTXSID8048602	0	0
DTXSID8048731	0	0
DTXSID8048737	0	0
DTXSID8048606	0	0
DTXSID8048733	0	0
DTXSID8048785	0	0
DTXSID8048656	0	0
DTXSID8048787	0	0
DTXSID8048789	0	0
DTXSID8048781	0	0
DTXSID8048735	0	0
DTXSID8048658	0	0
DTXSID8048860	0	0
DTXSID8048862	0	0
DTXSID8049044	0	0
DTXSID8048814	0	0
DTXSID8049042	0	0
DTXSID8048993	0	0
DTXSID8048995	0	0
DTXSID8048997	0	0
DTXSID8048999	0	0
DTXSID8049046	0	0
DTXSID8048864	0	0
DTXSID8048866	0	0
DTXSID8048818	0	0
DTXSID8048868	0	0
DTXSID8048810	0	0
DTXSID8048812	0	1
DTXSID8048816	0	0
DTXSID8048941	0	0
DTXSID8049048	0	0
DTXSID8049202	0	0
DTXSID8049204	0	0
DTXSID8049040	0	0
DTXSID8049381	0	0
DTXSID8049258	0	0
DTXSID8048943	0	0
DTXSID8049206	0	0
DTXSID8048945	0	0
DTXSID8049335	0	0
DTXSID8049337	0	0
DTXSID8049385	0	0
DTXSID8049416	0	0
DTXSID8049418	0	0
DTXSID8049389	0	0
DTXSID8049410	0	0
DTXSID8049412	0	0
DTXSID8049414	0	0
DTXSID8049387	0	0
DTXSID8048947	0	0
DTXSID8048949	0	0
DTXSID8048991	0	0
DTXSID9020031	0	0
DTXSID9020081	0	0
DTXSID9020083	0	0
DTXSID9020118	0	0
DTXSID9020160	0	0
DTXSID9020110	1	1
DTXSID9020166	0	0
DTXSID9020249	0	0
DTXSID9020243	0	0
DTXSID9020241	0	0
DTXSID9020247	0	0
DTXSID9020293	0	0
DTXSID9020245	0	0
DTXSID9020295	0	0
DTXSID9020299	1	1
DTXSID9020370	0	0
DTXSID9020322	0	0
DTXSID9020374	0	0
DTXSID9020372	1	1
DTXSID9020378	0	1
DTXSID9020580	0	0
DTXSID9020538	0	0
DTXSID9020401	0	0
DTXSID9020407	0	0
DTXSID9020453	0	0
DTXSID9020582	0	0
DTXSID9020584	0	0
DTXSID9020615	0	0
DTXSID9020663	0	0
DTXSID9020617	0	0
DTXSID9020667	0	0
DTXSID9020669	0	0
DTXSID9020740	0	0
DTXSID9020742	0	0
DTXSID9020796	0	0
DTXSID9020792	0	0
DTXSID9020829	0	0
DTXSID9020821	0	0
DTXSID9020790	0	0
DTXSID9020825	0	0
DTXSID9020902	0	0
DTXSID9021134	0	0
DTXSID9021130	0	0
DTXSID9020875	0	0
DTXSID9021053	0	0
DTXSID9021059	0	0
DTXSID9021136	0	0
DTXSID9021138	0	0
DTXSID9021182	0	0
DTXSID9021184	0	1
DTXSID9021188	0	0
DTXSID9021342	1	1
DTXSID9021217	0	0
DTXSID9021344	0	0
DTXSID9021340	0	0
DTXSID9021346	0	0
DTXSID9021219	0	0
DTXSID9021267	0	0
DTXSID9021215	0	0
DTXSID9021390	0	0
DTXSID9021396	0	0
DTXSID9021398	0	0
DTXSID9021425	0	0
DTXSID9021427	0	0
DTXSID9021348	0	0
DTXSID9021683	0	0
DTXSID9021552	0	0
DTXSID9021685	0	0
DTXSID9021479	0	0
DTXSID9021554	0	0
DTXSID9021631	0	0
DTXSID9021633	0	0
DTXSID9021635	0	0
DTXSID9021922	0	0
DTXSID9021718	0	0
DTXSID9021762	0	0
DTXSID9021843	0	0
DTXSID9021924	0	0
DTXSID9021764	0	0
DTXSID9021716	0	0
DTXSID9021841	0	0
DTXSID9021897	0	0
DTXSID9021847	0	0
DTXSID9021899	0	0
DTXSID9022310	0	0
DTXSID9022027	0	0
DTXSID9022360	0	1
DTXSID9022079	0	0
DTXSID9022312	0	0
DTXSID9022100	0	0
DTXSID9022364	0	0
DTXSID9022445	0	0
DTXSID9022366	0	0
DTXSID9022520	0	0
DTXSID9021928	0	0
DTXSID9021974	0	0
DTXSID9021976	0	0
DTXSID9022609	0	0
DTXSID9022655	0	0
DTXSID9022526	0	0
DTXSID9022522	0	0
DTXSID9022659	0	0
DTXSID9022574	0	0
DTXSID9022524	0	0
DTXSID9022578	0	0
DTXSID9022528	0	0
DTXSID9022603	0	0
DTXSID9022607	0	0
DTXSID9022944	0	0
DTXSID9022946	0	0
DTXSID9022861	0	0
DTXSID9023128	0	0
DTXSID9022780	0	0
DTXSID9022948	0	0
DTXSID9023170	0	0
DTXSID9023095	0	0
DTXSID9022782	0	0
DTXSID9022813	0	0
DTXSID9022730	0	0
DTXSID9022940	0	0
DTXSID9022815	0	0
DTXSID9023097	0	0
DTXSID9023122	0	0
DTXSID9022734	0	0
DTXSID9022736	0	0
DTXSID9022738	0	0
DTXSID9023201	0	0
DTXSID9023205	0	0
DTXSID9023209	0	0
DTXSID9023255	0	0
DTXSID9022998	0	0
DTXSID9023041	0	0
DTXSID9023386	0	0
DTXSID9023388	0	0
DTXSID9023043	0	0
DTXSID9023463	0	0
DTXSID9023540	0	0
DTXSID9023049	0	0
DTXSID9023411	0	0
DTXSID9023413	0	0
DTXSID9023546	0	0
DTXSID9023415	0	0
DTXSID9023548	0	0
DTXSID9023590	0	0
DTXSID9023621	0	0
DTXSID9023623	0	0
DTXSID9023629	0	0
DTXSID9023673	0	0
DTXSID9023677	0	0
DTXSID9023380	0	0
DTXSID9023679	0	0
DTXSID9023706	0	0
DTXSID9023889	0	0
DTXSID9023881	0	0
DTXSID9023752	0	0
DTXSID9023756	0	0
DTXSID9024304	0	0
DTXSID9024194	0	0
DTXSID9024431	0	0
DTXSID9024063	0	0
DTXSID9024300	0	0
DTXSID9023914	0	0
DTXSID9023966	0	0
DTXSID9024437	0	0
DTXSID9024015	0	0
DTXSID9024483	0	0
DTXSID9024489	0	0
DTXSID9024512	0	0
DTXSID9024568	0	0
DTXSID9024774	0	0
DTXSID9024724	0	0
DTXSID9024726	0	0
DTXSID9024770	0	0
DTXSID9024855	0	0
DTXSID9024772	0	0
DTXSID9024691	0	0
DTXSID9024699	0	0
DTXSID9024930	0	0
DTXSID9024934	0	0
DTXSID9024980	0	0
DTXSID9025110	0	0
DTXSID9025112	0	0
DTXSID9025114	0	1
DTXSID9025037	0	0
DTXSID9025087	0	0
DTXSID9025085	0	0
DTXSID9024986	0	0
DTXSID9025035	1	1
DTXSID9025291	0	0
DTXSID9025293	0	0
DTXSID9025299	0	0
DTXSID9025536	0	0
DTXSID9025403	0	0
DTXSID9025370	0	0
DTXSID9025401	0	0
DTXSID9025538	0	0
DTXSID9025409	0	0
DTXSID9025451	0	0
DTXSID9025580	0	0
DTXSID9025588	0	0
DTXSID9025297	0	0
DTXSID9025453	0	0
DTXSID9025665	0	0
DTXSID9025455	0	0
DTXSID9025534	0	0
DTXSID9025825	0	0
DTXSID9026132	0	0
DTXSID9025873	0	0
DTXSID9025617	0	0
DTXSID9025661	0	0
DTXSID9026261	0	0
DTXSID9025879	0	0
DTXSID9026265	0	0
DTXSID9026558	0	0
DTXSID9026631	0	0
DTXSID9026710	0	0
DTXSID9026712	0	0
DTXSID9026342	0	0
DTXSID9026714	0	0
DTXSID9026849	0	0
DTXSID9026716	0	0
DTXSID9026718	0	0
DTXSID9026766	0	0
DTXSID9026841	0	0
DTXSID9027104	0	0
DTXSID9027158	0	0
DTXSID9027233	0	0
DTXSID9026423	0	0
DTXSID9027310	0	0
DTXSID9026500	0	0
DTXSID9027312	0	0
DTXSID9027314	0	0
DTXSID9026974	1	1
DTXSID9027368	0	0
DTXSID9027360	0	0
DTXSID9027021	0	0
DTXSID9027443	0	0
DTXSID9027364	0	0
DTXSID9027570	0	0
DTXSID9027653	0	0
DTXSID9027522	0	0
DTXSID9027528	0	0
DTXSID9027441	0	0
DTXSID9028120	0	0
DTXSID9029146	0	0
DTXSID9029221	0	0
DTXSID9029192	0	0
DTXSID9029223	0	0
DTXSID9029691	0	0
DTXSID9031800	0	0
DTXSID9029275	0	0
DTXSID9029277	0	0
DTXSID9029279	0	0
DTXSID9030048	0	0
DTXSID9030258	0	0
DTXSID9029302	0	0
DTXSID9029649	0	0
DTXSID9032406	0	0
DTXSID9032329	0	0
DTXSID9032113	1	0
DTXSID9032531	0	0
DTXSID9032327	0	0
DTXSID9032533	1	0
DTXSID9032375	0	0
DTXSID9032589	1	1
DTXSID9032535	0	0
DTXSID9032379	1	0
DTXSID9032610	0	0
DTXSID9032581	0	1
DTXSID9032878	0	0
DTXSID9033058	0	0
DTXSID9034232	0	0
DTXSID9034282	0	0
DTXSID9034361	0	0
DTXSID9034365	0	0
DTXSID9034286	0	0
DTXSID9033923	0	0
DTXSID9033979	0	0
DTXSID9034070	0	0
DTXSID9034492	0	0
DTXSID9035753	0	0
DTXSID9036226	0	0
DTXSID9036438	0	0
DTXSID9035204	0	1
DTXSID9034816	0	0
DTXSID9035206	0	0
DTXSID9035620	0	0
DTXSID9035175	0	0
DTXSID9034818	0	0
DTXSID9034864	0	0
DTXSID9036515	0	0
DTXSID9036690	0	0
DTXSID9037248	0	0
DTXSID9037749	0	0
DTXSID9037612	0	0
DTXSID9037741	0	0
DTXSID9037745	0	0
DTXSID9037539	1	0
DTXSID9040134	0	0
DTXSID9040342	0	0
DTXSID9040635	0	0
DTXSID9040001	0	0
DTXSID9040683	0	0
DTXSID9040130	0	0
DTXSID9040502	0	0
DTXSID9040554	0	0
DTXSID9040718	0	0
DTXSID9040760	0	1
DTXSID9041021	0	0
DTXSID9041023	0	0
DTXSID9041075	0	0
DTXSID9041104	0	0
DTXSID9041152	0	0
DTXSID9040714	0	0
DTXSID9041237	0	0
DTXSID9040687	0	0
DTXSID9040710	0	0
DTXSID9040712	0	0
DTXSID9040716	0	0
DTXSID9041368	0	0
DTXSID9041362	0	0
DTXSID9041441	0	0
DTXSID9041491	0	0
DTXSID9042097	0	0
DTXSID9041813	0	0
DTXSID9041815	0	0
DTXSID9041861	0	0
DTXSID9042124	1	1
DTXSID9041528	0	0
DTXSID9041607	0	0
DTXSID9041653	0	0
DTXSID9042465	0	0
DTXSID9042259	0	0
DTXSID9043938	0	0
DTXSID9042415	0	0
DTXSID9041659	0	0
DTXSID9042382	0	0
DTXSID9042592	0	0
DTXSID9044374	0	0
DTXSID9044378	0	0
DTXSID9044401	0	0
DTXSID9042594	0	0
DTXSID9043988	0	0
DTXSID9044112	0	0
DTXSID9044241	0	0
DTXSID9044370	0	0
DTXSID9044457	0	0
DTXSID9044405	0	0
DTXSID9044407	0	0
DTXSID9044534	0	0
DTXSID9044451	0	0
DTXSID9044455	0	0
DTXSID9044459	0	0
DTXSID9044532	0	0
DTXSID9044320	0	0
DTXSID9044536	0	0
DTXSID9044584	0	0
DTXSID9044663	0	0
DTXSID9044667	0	0
DTXSID9044740	0	0
DTXSID9044615	0	0
DTXSID9044617	0	0
DTXSID9044746	0	0
DTXSID9044790	0	0
DTXSID9044748	0	0
DTXSID9044794	0	0
DTXSID9044796	0	1
DTXSID9044829	0	0
DTXSID9044871	0	0
DTXSID9044825	0	0
DTXSID9044877	0	0
DTXSID9044950	0	0
DTXSID9044827	0	0
DTXSID9044908	0	0
DTXSID9044879	0	0
DTXSID9044873	0	0
DTXSID9044823	0	0
DTXSID9044798	0	0
DTXSID9044821	0	0
DTXSID9045182	0	0
DTXSID9045184	0	0
DTXSID9045186	0	0
DTXSID9045188	0	0
DTXSID9045215	0	0
DTXSID9045003	0	0
DTXSID9045005	0	0
DTXSID9045217	0	0
DTXSID9045267	0	0
DTXSID9045342	0	0
DTXSID9045132	0	0
DTXSID9045344	0	0
DTXSID9045136	0	0
DTXSID9045138	0	0
DTXSID9045348	0	0
DTXSID9045552	0	0
DTXSID9045394	0	0
DTXSID9045502	0	1
DTXSID9045425	0	0
DTXSID9045506	0	0
DTXSID9045508	0	0
DTXSID9045346	0	0
DTXSID9045556	0	0
DTXSID9045633	0	1
DTXSID9045390	0	0
DTXSID9045635	0	0
DTXSID9045637	0	0
DTXSID9045500	0	0
DTXSID9045558	0	0
DTXSID9045392	0	0
DTXSID9045849	0	0
DTXSID9045891	0	0
DTXSID9045897	0	0
DTXSID9045899	0	0
DTXSID9045768	0	0
DTXSID9045639	0	0
DTXSID9045762	0	0
DTXSID9045683	0	0
DTXSID9045685	0	0
DTXSID9045847	0	0
DTXSID9045895	0	1
DTXSID9045922	0	0
DTXSID9045924	0	0
DTXSID9045764	0	0
DTXSID9045766	0	0
DTXSID9045687	0	0
DTXSID9045843	0	0
DTXSID9045845	0	0
DTXSID9045689	0	0
DTXSID9045928	0	0
DTXSID9045972	0	0
DTXSID9045976	0	0
DTXSID9045978	0	0
DTXSID9046152	0	0
DTXSID9046237	0	0
DTXSID9046239	0	0
DTXSID9046154	0	0
DTXSID9046156	0	0
DTXSID9046281	0	0
DTXSID9046100	0	0
DTXSID9046283	0	0
DTXSID9046285	0	0
DTXSID9046158	0	0
DTXSID9046102	0	0
DTXSID9046491	0	0
DTXSID9046104	0	0
DTXSID9046106	0	0
DTXSID9046108	0	0
DTXSID9046497	0	1
DTXSID9046231	0	0
DTXSID9046150	0	0
DTXSID9046023	0	0
DTXSID9046029	0	0
DTXSID9046071	0	0
DTXSID9046445	0	0
DTXSID9046073	0	0
DTXSID9046360	0	0
DTXSID9046499	0	0
DTXSID9046520	0	0
DTXSID9046449	0	0
DTXSID9046287	0	0
DTXSID9046289	1	0
DTXSID9046524	0	0
DTXSID9046784	0	0
DTXSID9046786	0	0
DTXSID9046572	0	0
DTXSID9046526	0	0
DTXSID9046815	0	0
DTXSID9046570	0	0
DTXSID9046817	0	0
DTXSID9046788	0	0
DTXSID9046605	0	0
DTXSID9046607	0	0
DTXSID9046653	0	0
DTXSID9046657	0	0
DTXSID9046659	1	1
DTXSID9046578	0	0
DTXSID9046609	0	0
DTXSID9046576	0	0
DTXSID9046730	0	0
DTXSID9046732	0	0
DTXSID9046736	0	0
DTXSID9046813	0	0
DTXSID9046738	0	0
DTXSID9046780	0	0
DTXSID9046782	0	0
DTXSID9046992	0	0
DTXSID9047043	0	0
DTXSID9047091	0	0
DTXSID9046994	0	0
DTXSID9046861	0	0
DTXSID9047045	0	0
DTXSID9046942	0	0
DTXSID9046869	0	0
DTXSID9046863	0	0
DTXSID9046865	0	0
DTXSID9047041	0	0
DTXSID9046946	0	0
DTXSID9047093	0	0
DTXSID9047095	0	0
DTXSID9047176	0	0
DTXSID9047124	0	0
DTXSID9047126	0	0
DTXSID9047178	0	0
DTXSID9047201	0	0
DTXSID9047203	0	0
DTXSID9047128	0	0
DTXSID9047205	0	0
DTXSID9047174	0	0
DTXSID9047259	0	0
DTXSID9047255	0	0
DTXSID9047257	0	0
DTXSID9047099	0	0
DTXSID9047251	0	0
DTXSID9047120	0	0
DTXSID9047253	0	0
DTXSID9047417	0	0
DTXSID9047334	0	0
DTXSID9047330	0	0
DTXSID9047413	0	0
DTXSID9047463	0	1
DTXSID9047461	0	0
DTXSID9047415	0	0
DTXSID9047419	0	0
DTXSID9047338	0	1
DTXSID9047411	0	0
DTXSID9047542	0	0
DTXSID9047548	0	0
DTXSID9047467	0	0
DTXSID9047540	0	0
DTXSID9047590	0	0
DTXSID9047594	0	0
DTXSID9047598	0	0
DTXSID9047623	0	0
DTXSID9047673	0	0
DTXSID9047677	0	0
DTXSID9047704	0	0
DTXSID9047675	0	0
DTXSID9047833	0	0
DTXSID9047679	0	0
DTXSID9047700	0	0
DTXSID9047706	0	0
DTXSID9047702	0	0
DTXSID9047839	0	0
DTXSID9047881	0	0
DTXSID9047883	0	0
DTXSID9047885	1	1
DTXSID9047835	0	0
DTXSID9047887	0	0
DTXSID9047837	0	0
DTXSID9048510	0	0
DTXSID9048194	0	0
DTXSID9048190	0	0
DTXSID9048196	0	0
DTXSID9048198	0	0
DTXSID9047966	0	0
DTXSID9047968	0	0
DTXSID9048192	0	0
DTXSID9048512	0	1
DTXSID9047960	0	0
DTXSID9047962	0	0
DTXSID9048518	0	0
DTXSID9048649	0	0
DTXSID9048691	0	0
DTXSID9048641	0	0
DTXSID9048778	0	0
DTXSID9048643	0	0
DTXSID9048647	0	0
DTXSID9048514	0	0
DTXSID9048516	0	0
DTXSID9048805	0	0
DTXSID9048851	0	0
DTXSID9048695	0	0
DTXSID9048697	0	0
DTXSID9048853	0	0
DTXSID9048807	0	0
DTXSID9048801	0	0
DTXSID9048803	0	0
DTXSID9048809	0	0
DTXSID9048986	0	0
DTXSID9049031	0	0
DTXSID9049033	0	0
DTXSID9049035	0	0
DTXSID9049037	0	0
DTXSID9048720	0	0
DTXSID9048722	0	0
DTXSID9048724	0	0
DTXSID9048726	0	1
DTXSID9048728	0	0
DTXSID9048774	0	0
DTXSID9049039	0	0
DTXSID9048855	0	0
DTXSID9048932	0	0
DTXSID9048934	0	0
DTXSID9049241	0	0
DTXSID9048930	0	0
DTXSID9048936	0	0
DTXSID9048938	0	0
DTXSID9048980	0	0
DTXSID9049370	0	0
DTXSID9049322	0	0
DTXSID9049326	0	0
DTXSID9049372	0	0
DTXSID9049374	0	0
DTXSID9049376	0	0
DTXSID9049247	0	0
DTXSID9049320	0	0
DTXSID9049324	0	0
DTXSID9049295	0	0
DTXSID9049291	0	0
DTXSID9049378	0	0
DTXSID9049403	0	0
DTXSID9049401	0	1
DTXSID9049409	0	0
