compound	predicted	actual	p(0)	p(1)
DTXSID0020022	0	0	0.9277125000953674	0.07228753715753555
DTXSID0020076	0	0	0.9561880230903625	0.043812014162540436
DTXSID0020288	0	0	0.9452022910118103	0.05479772388935089
DTXSID0020311	0	0	0.9390544891357422	0.06094549223780632
DTXSID0020442	0	0	0.9500613808631897	0.04993864893913269
DTXSID0020498	0	0	0.9456599950790405	0.054339975118637085
DTXSID0020440	0	0	0.9571164846420288	0.04288356006145477
DTXSID0020575	0	0	0.9500613808631897	0.04993864893913269
DTXSID0020737	0	0	0.9526437520980835	0.047356292605400085
DTXSID0021127	0	0	0.9360195398330688	0.06398048251867294
DTXSID0021333	0	0	0.9458275437355042	0.05417243018746376
DTXSID0021337	0	0	0.95133376121521	0.04866628721356392
DTXSID0021464	0	0	0.9458275437355042	0.05417243018746376
DTXSID0021965	0	0	0.9500613808631897	0.04993864893913269
DTXSID0021969	0	0	0.9529316425323486	0.04706835746765137
DTXSID0022012	0	0	0.8940868973731995	0.10591311752796173
DTXSID0022014	0	0	0.9500613808631897	0.04993864893913269
DTXSID0022301	0	0	0.9493285417556763	0.05067143589258194
DTXSID0023113	0	0	0.9500613808631897	0.04993864893913269
DTXSID0023296	0	0	0.9456214904785156	0.05437856912612915
DTXSID0023878	0	0	0.9500613808631897	0.04993864893913269
DTXSID0023907	0	0	0.9577900767326355	0.04220989719033241
DTXSID0024002	0	0	0.9462317228317261	0.05376829579472542
DTXSID0023955	0	0	0.9191861748695374	0.08081380277872086
DTXSID0024000	0	0	0.9442270994186401	0.055772870779037476
DTXSID0024216	0	0	0.9500613808631897	0.04993864893913269
DTXSID0026171	0	0	0.9526437520980835	0.047356292605400085
DTXSID0027856	0	0	0.9484312534332275	0.05156879872083664
DTXSID0027852	0	0	0.9355550408363342	0.06444495916366577
DTXSID0027983	0	0	0.9484312534332275	0.05156879872083664
DTXSID0052124	0	0	0.9507555961608887	0.04924440383911133
DTXSID1027390	0	0	0.9613012075424194	0.038698840886354446
DTXSID1027926	0	1	0.8897407054901123	0.1102592870593071
DTXSID1027924	0	0	0.9498691558837891	0.050130896270275116
DTXSID1027899	0	0	0.9355550408363342	0.06444495916366577
DTXSID2025216	0	0	0.9355550408363342	0.06444495916366577
DTXSID3024364	0	0	0.9094375371932983	0.09056244790554047
DTXSID3024861	0	0	0.9355550408363342	0.06444495916366577
DTXSID3025465	0	0	0.9361393451690674	0.063860684633255
DTXSID3026302	0	0	0.9577392339706421	0.042260780930519104
DTXSID3032412	0	0	0.9520581364631653	0.0479419082403183
DTXSID4021391	0	0	0.9355550408363342	0.06444495916366577
DTXSID4022521	0	0	0.9316264390945435	0.06837356090545654
DTXSID4025082	0	0	0.9316264390945435	0.06837356090545654
DTXSID4035708	0	0	0.9536556601524353	0.0463443249464035
DTXSID5027932	0	0	0.9473342895507812	0.05266566574573517
DTXSID5041302	0	0	0.9152917861938477	0.08470819145441055
DTXSID6024701	0	0	0.9355550408363342	0.06444495916366577
DTXSID6027921	0	0	0.9337242841720581	0.0662756860256195
DTXSID7025130	0	1	0.9500613808631897	0.04993864893913269
DTXSID7026314	0	0	0.950477123260498	0.04952286183834076
DTXSID7027386	0	0	0.9408636093139648	0.05913644656538963
DTXSID7027388	0	0	0.9498691558837891	0.050130896270275116
DTXSID7027837	0	0	0.9484312534332275	0.05156879872083664
DTXSID7041708	0	0	0.9136347770690918	0.08636524528265
DTXSID8027377	0	0	0.9387304782867432	0.06126956641674042
DTXSID8047470	0	0	0.9094375371932983	0.09056244790554047
DTXSID9020794	0	0	0.9442270994186401	0.055772870779037476
DTXSID9023833	0	0	0.9535273313522339	0.04647267609834671
DTXSID9027863	0	0	0.9507555961608887	0.04924440383911133
DTXSID0026252	0	0	0.9424268007278442	0.05757321044802666
DTXSID0027438	0	0	0.9456486701965332	0.054351333528757095
DTXSID0032493	0	0	0.9521197080612183	0.04788028448820114
DTXSID0032520	0	0	0.9438889026641846	0.05611108988523483
DTXSID0032601	0	0	0.9577710032463074	0.042229022830724716
DTXSID0032605	0	0	0.9529325366020203	0.047067493200302124
DTXSID0032655	0	0	0.9578275680541992	0.042172450572252274
DTXSID0034695	0	0	0.9442270994186401	0.055772870779037476
DTXSID0034803	0	0	0.9359719753265381	0.0640280619263649
DTXSID0034851	0	0	0.9571164846420288	0.04288356006145477
DTXSID0034855	0	1	0.9583617448806763	0.041638243943452835
DTXSID0034936	0	0	0.910179853439331	0.08982017636299133
DTXSID0037495	0	0	0.9127786159515381	0.08722136169672012
DTXSID0038831	0	0	0.9507555961608887	0.04924440383911133
DTXSID0040127	0	0	0.9492096900939941	0.05079033225774765
DTXSID0042325	0	0	0.9330418705940247	0.06695815175771713
DTXSID0044490	0	0	0.9422793388366699	0.05772067978978157
DTXSID0044369	0	0	0.9246916174888611	0.0753084048628807
DTXSID0044860	0	0	0.9492096900939941	0.05079033225774765
DTXSID0044781	0	0	0.9507555961608887	0.04924440383911133
DTXSID0046567	0	0	0.9500613808631897	0.04993864893913269
DTXSID0047038	0	0	0.955564558506012	0.044435419142246246
DTXSID0047082	0	0	0.9588630795478821	0.04113694652915001
DTXSID0047290	0	0	0.8998180031776428	0.10018197447061539
DTXSID0047294	0	0	0.959464967250824	0.04053500294685364
DTXSID0047296	0	0	0.9429605603218079	0.05703945830464363
DTXSID0047379	0	0	0.9595118761062622	0.04048818349838257
DTXSID0047406	0	0	0.9313051700592041	0.06869486719369888
DTXSID0047741	0	0	0.9337322115898132	0.06626776605844498
DTXSID0048210	0	0	0.9355550408363342	0.06444495916366577
DTXSID0051493	0	0	0.9452022910118103	0.05479772388935089
DTXSID0052621	0	0	0.9657672643661499	0.0342327244579792
DTXSID0052596	0	0	0.9500613808631897	0.04993864893913269
DTXSID0052463	0	0	0.9387304782867432	0.06126956641674042
DTXSID0052590	0	0	0.9457293152809143	0.054270707070827484
DTXSID1020142	0	0	0.9530712962150574	0.046928733587265015
DTXSID1020350	0	0	0.9413459897041321	0.05865401402115822
DTXSID1020308	0	0	0.9500613808631897	0.04993864893913269
DTXSID1020431	0	0	0.9500613808631897	0.04993864893913269
DTXSID1020516	0	0	0.9430223107337952	0.05697770416736603
DTXSID1020485	0	1	0.9512274861335754	0.04877253249287605
DTXSID1020510	0	0	0.9214171171188354	0.07858292013406754
DTXSID1020439	0	0	0.9500613808631897	0.04993864893913269
DTXSID1020560	0	0	0.930040717124939	0.06995929777622223
DTXSID1020807	0	0	0.9620535373687744	0.03794648498296738
DTXSID1020930	0	0	0.9679688215255737	0.03203123062849045
DTXSID1021087	0	0	0.9355550408363342	0.06444495916366577
DTXSID1021116	0	0	0.9456599950790405	0.054339975118637085
DTXSID1021118	0	0	0.9387304782867432	0.06126956641674042
DTXSID1021160	0	0	0.9513877630233765	0.048612236976623535
DTXSID1021166	0	0	0.9254640340805054	0.07453599572181702
DTXSID1021798	0	0	0.9500613808631897	0.04993864893913269
DTXSID1022421	0	0	0.9203479290008545	0.0796520784497261
DTXSID1022394	0	1	0.6836498975753784	0.3163501024246216
DTXSID1023869	0	0	0.8701400756835938	0.12985998392105103
DTXSID1024049	0	0	0.9456599950790405	0.054339975118637085
DTXSID1023990	0	0	0.9201991558074951	0.07980083674192429
DTXSID1023998	0	0	0.9355550408363342	0.06444495916366577
DTXSID1024124	0	0	0.9236431121826172	0.07635685801506042
DTXSID1024126	0	0	0.9507555961608887	0.04924440383911133
DTXSID1024255	0	0	0.9326738119125366	0.06732623279094696
DTXSID1024338	0	0	0.9287407994270325	0.07125923037528992
DTXSID1024966	0	0	0.9452022910118103	0.05479772388935089
DTXSID1026035	0	0	0.9524809122085571	0.047519125044345856
DTXSID1025857	0	0	0.9500613808631897	0.04993864893913269
DTXSID1026665	0	0	0.9606347680091858	0.03936520963907242
DTXSID1027346	0	0	0.9507555961608887	0.04924440383911133
DTXSID1031591	0	0	0.9507555961608887	0.04924440383911133
DTXSID1029251	0	0	0.9582946300506592	0.041705358773469925
DTXSID1032309	0	1	0.948181688785553	0.05181829258799553
DTXSID1032488	0	0	0.9419699311256409	0.05803012475371361
DTXSID1032359	0	0	0.962975263595581	0.03702477738261223
DTXSID1032640	0	0	0.9515365958213806	0.048463404178619385
DTXSID1032690	0	0	0.9503727555274963	0.04962722212076187
DTXSID1034503	0	0	0.9583617448806763	0.041638243943452835
DTXSID1034181	0	1	0.7879605293273926	0.2120395302772522
DTXSID1034187	0	1	0.9135419726371765	0.0864580050110817
DTXSID1034501	0	0	0.9469563961029053	0.05304362252354622
DTXSID1034769	0	0	0.9383660554885864	0.061633963137865067
DTXSID1036545	0	0	0.9355550408363342	0.06444495916366577
DTXSID1037806	0	0	0.9473206400871277	0.052679359912872314
DTXSID1038298	0	0	0.953920304775238	0.04607968404889107
DTXSID1038321	0	0	0.9452577829360962	0.05474220961332321
DTXSID1038743	0	0	0.9493422508239746	0.05065774917602539
DTXSID1040792	0	0	0.9507555961608887	0.04924440383911133
DTXSID1040794	0	0	0.9355550408363342	0.06444495916366577
DTXSID1040661	0	0	0.9500613808631897	0.04993864893913269
DTXSID1040372	0	0	0.9542344808578491	0.0457654669880867
DTXSID1041346	0	0	0.9543159008026123	0.045684076845645905
DTXSID1041421	0	0	0.9500613808631897	0.04993864893913269
DTXSID1041508	0	0	0.9452022910118103	0.05479772388935089
DTXSID1041978	0	0	0.8473347425460815	0.15266531705856323
DTXSID1042445	0	0	0.9201991558074951	0.07980083674192429
DTXSID1044352	0	0	0.9274745583534241	0.07252544164657593
DTXSID1044564	0	0	0.9282032251358032	0.07179675996303558
DTXSID1044720	0	0	0.9452022910118103	0.05479772388935089
DTXSID1044770	0	0	0.8940868973731995	0.10591311752796173
DTXSID1044853	0	1	0.9582914113998413	0.04170859232544899
DTXSID1047281	0	0	0.9498552083969116	0.0501447468996048
DTXSID1047283	0	0	0.9591466784477234	0.04085333272814751
DTXSID1047316	0	0	0.9598577618598938	0.040142253041267395
DTXSID1047318	0	0	0.9380417466163635	0.06195823848247528
DTXSID1047310	0	0	0.9284890294075012	0.07151096314191818
DTXSID1047360	0	0	0.940859854221344	0.05914013087749481
DTXSID1047368	0	0	0.9599130749702454	0.04008692502975464
DTXSID1047443	0	1	0.9179317355155945	0.0820682942867279
DTXSID1048203	0	0	0.9500613808631897	0.04993864893913269
DTXSID1048207	0	0	0.9390555024147034	0.06094448268413544
DTXSID1051690	0	0	0.9500613808631897	0.04993864893913269
DTXSID1052587	0	1	0.9442270994186401	0.055772870779037476
DTXSID2020349	0	1	0.9452022910118103	0.05479772388935089
DTXSID2020688	0	0	0.9507555961608887	0.04924440383911133
DTXSID2020929	0	0	0.9537256360054016	0.046274371445178986
DTXSID2021103	0	0	0.9507555961608887	0.04924440383911133
DTXSID2021498	0	1	0.9428701400756836	0.0571298822760582
DTXSID2022179	0	0	0.9507555961608887	0.04924440383911133
DTXSID2022628	0	0	0.9466210603713989	0.053378913551568985
DTXSID2023270	0	0	0.9435725808143616	0.05642739683389664
DTXSID2024585	0	0	0.9560942649841309	0.04390576481819153
DTXSID2024242	0	0	0.950707733631134	0.049292273819446564
DTXSID2024163	0	0	0.9360795617103577	0.06392044574022293
DTXSID2024662	0	0	0.9459351897239685	0.05406484007835388
DTXSID2024793	0	0	0.9507555961608887	0.04924440383911133
DTXSID2025050	0	0	0.9440942406654358	0.055905770510435104
DTXSID2026238	0	0	0.9458275437355042	0.05417243018746376
DTXSID2025892	0	0	0.9255274534225464	0.07447248697280884
DTXSID2026573	0	0	0.9695836305618286	0.030416397377848625
DTXSID2026864	0	0	0.9460364580154419	0.053963515907526016
DTXSID2026997	0	0	0.9500613808631897	0.04993864893913269
DTXSID2027200	0	0	0.9500613808631897	0.04993864893913269
DTXSID2027204	0	0	0.9507555961608887	0.04924440383911133
DTXSID2027593	0	0	0.9536643624305725	0.04633563756942749
DTXSID2027333	0	0	0.9473206400871277	0.052679359912872314
DTXSID2029325	0	1	0.9508472681045532	0.049152716994285583
DTXSID2029167	0	0	0.9442270994186401	0.055772870779037476
DTXSID2029616	0	0	0.9507555961608887	0.04924440383911133
DTXSID2029874	0	0	0.9444872140884399	0.05551277846097946
DTXSID2032348	0	0	0.9355550408363342	0.06444495916366577
DTXSID2032390	0	0	0.9650454521179199	0.03495456278324127
DTXSID2032550	0	1	0.9378279447555542	0.06217208132147789
DTXSID2032392	0	0	0.9265764951705933	0.07342351973056793
DTXSID2032683	0	0	0.9442270994186401	0.055772870779037476
DTXSID2032556	0	0	0.9411620497703552	0.058837976306676865
DTXSID2032558	0	0	0.9249737858772278	0.07502618432044983
DTXSID2032500	0	0	0.9502434730529785	0.04975653439760208
DTXSID2033314	0	0	0.9515117406845093	0.048488229513168335
DTXSID2034598	0	0	0.9265764951705933	0.07342351973056793
DTXSID2034625	0	0	0.7257022857666016	0.27429771423339844
DTXSID2034338	0	0	0.950400173664093	0.04959984868764877
DTXSID2034627	0	0	0.967046320438385	0.0329536572098732
DTXSID2034673	0	0	0.8996824026107788	0.1003175675868988
DTXSID2034700	0	0	0.9561583995819092	0.04384162276983261
DTXSID2034881	0	0	0.9556657075881958	0.044334232807159424
DTXSID2035013	0	0	0.9507555961608887	0.04924440383911133
DTXSID2036588	0	1	0.9478262066841125	0.05217382311820984
DTXSID2040361	0	0	0.9442270994186401	0.055772870779037476
DTXSID2040363	0	0	0.9666079878807068	0.03339198976755142
DTXSID2042191	0	0	0.9479899406433105	0.052010081708431244
DTXSID2042436	0	0	0.9452577829360962	0.05474220961332321
DTXSID2044347	0	0	0.9500613808631897	0.04993864893913269
DTXSID2044428	0	0	0.9507555961608887	0.04924440383911133
DTXSID2044767	0	0	0.9456599950790405	0.054339975118637085
DTXSID2044717	0	0	0.9355550408363342	0.06444495916366577
DTXSID2044896	0	0	0.9586074948310852	0.0413924977183342
DTXSID2044898	0	0	0.9500613808631897	0.04993864893913269
DTXSID2045232	0	1	0.961561918258667	0.038438085466623306
DTXSID2047060	0	0	0.9500613808631897	0.04993864893913269
DTXSID2047274	0	0	0.9369088411331177	0.0630912184715271
DTXSID2047199	0	0	0.9271371364593506	0.0728629007935524
DTXSID2047303	0	0	0.9536375999450684	0.04636240750551224
DTXSID2047278	0	0	0.9558767676353455	0.04412327706813812
DTXSID2047305	0	0	0.9133548140525818	0.0866452008485794
DTXSID2047351	0	0	0.9452468156814575	0.05475316941738129
DTXSID2047359	0	0	0.9645317792892456	0.03546823561191559
DTXSID2047357	0	1	0.9606139659881592	0.0393860824406147
DTXSID2047644	0	0	0.9669837355613708	0.03301624581217766
DTXSID2051687	0	0	0.9375532269477844	0.06244683265686035
DTXSID2052603	0	0	0.9500613808631897	0.04993864893913269
DTXSID2051895	0	0	0.9500613808631897	0.04993864893913269
DTXSID2052607	0	0	0.9189920425415039	0.0810079574584961
DTXSID2052447	0	0	0.9355550408363342	0.06444495916366577
DTXSID3020336	0	0	0.9500613808631897	0.04993864893913269
DTXSID3020621	0	0	0.9387304782867432	0.06126956641674042
DTXSID3020627	0	0	0.9553085565567017	0.04469138756394386
DTXSID3020679	0	0	0.930040717124939	0.06995929777622223
DTXSID3020887	0	0	0.9500613808631897	0.04993864893913269
DTXSID3020918	0	0	0.9456599950790405	0.054339975118637085
DTXSID3021196	0	0	0.9442270994186401	0.055772870779037476
DTXSID3021774	0	0	0.949506402015686	0.05049357935786247
DTXSID3022162	0	0	0.9537206292152405	0.046279340982437134
DTXSID3022455	0	0	0.9456599950790405	0.054339975118637085
DTXSID3022405	0	0	0.9094375371932983	0.09056244790554047
DTXSID3023897	0	1	0.9357669949531555	0.06423299759626389
DTXSID3023845	0	0	0.953920304775238	0.04607968404889107
DTXSID3024104	0	0	0.953920304775238	0.04607968404889107
DTXSID3023974	0	0	0.9500613808631897	0.04993864893913269
DTXSID3024318	0	0	0.8799785375595093	0.12002143263816833
DTXSID3024289	0	0	0.953920304775238	0.04607968404889107
DTXSID3025091	0	0	0.9512274861335754	0.04877253249287605
DTXSID3025122	0	0	0.9442270994186401	0.055772870779037476
DTXSID3026566	0	0	0.9629801511764526	0.03701986372470856
DTXSID3027401	0	0	0.9507555961608887	0.04924440383911133
DTXSID3027584	0	0	0.9643969535827637	0.03560302406549454
DTXSID3029237	0	0	0.9507555961608887	0.04924440383911133
DTXSID3028005	0	0	0.9355550408363342	0.06444495916366577
DTXSID3032416	0	0	0.891819953918457	0.10817999392747879
DTXSID3030636	0	0	0.9570966362953186	0.042903341352939606
DTXSID3032547	0	0	0.9586890935897827	0.041310910135507584
DTXSID3032620	0	0	0.9414775371551514	0.05852247029542923
DTXSID3032628	0	0	0.9456599950790405	0.054339975118637085
DTXSID3032670	0	0	0.9571164846420288	0.04288356006145477
DTXSID3034612	0	0	0.9583617448806763	0.041638243943452835
DTXSID3034614	0	0	0.9337322115898132	0.06626776605844498
DTXSID3037541	0	1	0.930040717124939	0.06995929777622223
DTXSID3037094	0	0	0.7220153212547302	0.27798470854759216
DTXSID3037626	0	0	0.950400173664093	0.04959984868764877
DTXSID3040271	0	0	0.9533494710922241	0.04665050655603409
DTXSID3040300	0	0	0.9355550408363342	0.06444495916366577
DTXSID3041035	0	0	0.9268738627433777	0.07312613725662231
DTXSID3044203	0	0	0.950295627117157	0.04970436915755272
DTXSID3044621	0	0	0.9473206400871277	0.052679359912872314
DTXSID3044914	0	0	0.9507555961608887	0.04924440383911133
DTXSID3047001	0	0	0.9418660998344421	0.05813388526439667
DTXSID3047136	0	0	0.9507555961608887	0.04924440383911133
DTXSID3047130	0	0	0.9094375371932983	0.09056244790554047
DTXSID3047265	0	0	0.9426305890083313	0.05736943706870079
DTXSID3047342	0	0	0.9616975784301758	0.038302406668663025
DTXSID3047267	0	0	0.9359666705131531	0.06403335928916931
DTXSID3047639	0	0	0.9351553320884705	0.06484469026327133
DTXSID3052060	0	0	0.9442270994186401	0.055772870779037476
DTXSID3052307	0	0	0.9507555961608887	0.04924440383911133
DTXSID3052309	0	0	0.9606347680091858	0.03936520963907242
DTXSID3052010	0	0	0.9407704472541809	0.059229522943496704
DTXSID30865801	0	0	0.9054468870162964	0.09455310553312302
DTXSID4020373	0	0	0.9500613808631897	0.04993864893913269
DTXSID4020321	0	0	0.9567438364028931	0.04325617104768753
DTXSID4020450	0	0	0.9536643624305725	0.04633563756942749
DTXSID4020375	0	0	0.923099160194397	0.07690083980560303
DTXSID4020618	0	1	0.9390047192573547	0.06099529564380646
DTXSID4020828	0	0	0.571531355381012	0.4284686744213104
DTXSID4021131	0	0	0.9391620755195618	0.06083794683218002
DTXSID4021135	0	1	0.9456672668457031	0.05433279275894165
DTXSID4021268	0	0	0.9071751832962036	0.0928247943520546
DTXSID4021892	0	0	0.9500613808631897	0.04993864893913269
DTXSID4022107	0	0	0.9442423582077026	0.05575770139694214
DTXSID4022288	0	0	0.9435144662857056	0.05648551136255264
DTXSID4022313	0	0	0.9609249234199524	0.0390750914812088
DTXSID4023202	0	0	0.9477164149284363	0.05228357017040253
DTXSID4023541	0	0	0.9507555961608887	0.04924440383911133
DTXSID4024012	0	0	0.9553074240684509	0.04469254985451698
DTXSID4024193	0	0	0.9500613808631897	0.04993864893913269
DTXSID4024018	0	0	0.9500613808631897	0.04993864893913269
DTXSID4024195	0	0	0.9500613808631897	0.04993864893913269
DTXSID4024272	0	0	0.916817307472229	0.0831826776266098
DTXSID4024276	0	1	0.9432241320610046	0.05677586793899536
DTXSID4024729	0	0	0.9530091881752014	0.04699083790183067
DTXSID4025610	0	0	0.9456599950790405	0.054339975118637085
DTXSID4025668	0	0	0.9456599950790405	0.054339975118637085
DTXSID4026214	0	0	0.9456599950790405	0.054339975118637085
DTXSID4025824	0	0	0.9507555961608887	0.04924440383911133
DTXSID4026216	0	0	0.9500613808631897	0.04993864893913269
DTXSID4026842	0	0	0.9460364580154419	0.053963515907526016
DTXSID4027153	0	0	0.9594197273254395	0.04058029130101204
DTXSID4027288	0	0	0.9582739472389221	0.04172609746456146
DTXSID4027496	0	0	0.9561583995819092	0.04384162276983261
DTXSID4027608	0	1	0.9201991558074951	0.07980083674192429
DTXSID4029145	0	0	0.9442270994186401	0.055772870779037476
DTXSID4032372	0	0	0.953171968460083	0.04682804271578789
DTXSID4032405	0	0	0.9480226039886475	0.05197741463780403
DTXSID4032536	0	0	0.9355550408363342	0.06444495916366577
DTXSID4032619	0	0	0.9391620755195618	0.06083794683218002
DTXSID4034150	0	0	0.875693678855896	0.1243063285946846
DTXSID4032667	0	0	0.9387304782867432	0.06126956641674042
DTXSID4034497	0	0	0.9422897100448608	0.05771033838391304
DTXSID4034653	0	0	0.9491684436798096	0.05083158612251282
DTXSID4037611	0	0	0.9094375371932983	0.09056244790554047
DTXSID4038346	0	0	0.9280197620391846	0.07198028266429901
DTXSID4038762	0	0	0.9392202496528625	0.06077975779771805
DTXSID4038847	0	0	0.9510397911071777	0.048960208892822266
DTXSID4040686	0	0	0.9431139230728149	0.05688609927892685
DTXSID4041230	0	0	0.9473206400871277	0.052679359912872314
DTXSID4040765	0	0	0.9582946300506592	0.041705358773469925
DTXSID4041490	0	0	0.9507555961608887	0.04924440383911133
DTXSID4042121	0	0	0.9579427242279053	0.042057327926158905
DTXSID4044955	0	0	0.9606347680091858	0.03936520963907242
DTXSID4044909	0	0	0.9355550408363342	0.06444495916366577
DTXSID4046999	0	0	0.9500613808631897	0.04993864893913269
DTXSID4047331	0	0	0.9596343040466309	0.040365688502788544
DTXSID4047464	0	0	0.9507555961608887	0.04924440383911133
DTXSID4047620	0	0	0.9507555961608887	0.04924440383911133
DTXSID4048199	0	0	0.9435144662857056	0.05648551136255264
DTXSID4051619	0	0	0.9500613808631897	0.04993864893913269
DTXSID5020154	0	0	0.9355550408363342	0.06444495916366577
DTXSID5020443	0	0	0.9190453290939331	0.0809546709060669
DTXSID5020445	0	0	0.9543159008026123	0.045684076845645905
DTXSID5020368	0	0	0.9494867920875549	0.050513237714767456
DTXSID5020493	0	0	0.9507555961608887	0.04924440383911133
DTXSID5020360	0	0	0.9382094144821167	0.06179055571556091
DTXSID5020811	0	0	0.9507555961608887	0.04924440383911133
DTXSID5020730	0	0	0.9542735815048218	0.04572644084692001
DTXSID5021332	0	1	0.8926602602005005	0.10733973234891891
DTXSID5021386	0	0	0.9507555961608887	0.04924440383911133
DTXSID5021968	0	0	0.9465075135231018	0.05349251627922058
DTXSID5022510	0	0	0.9500613808631897	0.04993864893913269
DTXSID5023114	0	0	0.9568910002708435	0.0431089848279953
DTXSID5023035	0	0	0.9117501378059387	0.08824983984231949
DTXSID5023796	0	0	0.9491467475891113	0.05085328593850136
DTXSID5023900	0	0	0.9509589672088623	0.04904106631875038
DTXSID5023877	0	0	0.9452022910118103	0.05479772388935089
DTXSID5023902	0	1	0.9475372433662415	0.052462782710790634
DTXSID5024055	0	0	0.9507555961608887	0.04924440383911133
DTXSID5024057	0	0	0.9442270994186401	0.055772870779037476
DTXSID5024346	0	0	0.9445651173591614	0.05543489009141922
DTXSID5024845	0	0	0.945236325263977	0.05476365238428116
DTXSID5025102	0	0	0.8923448920249939	0.10765507817268372
DTXSID5025152	0	0	0.950294017791748	0.04970594123005867
DTXSID5025607	0	0	0.9500613808631897	0.04993864893913269
DTXSID5025572	0	0	0.9391620755195618	0.06083794683218002
DTXSID5025659	0	0	0.9553298950195312	0.04467013105750084
DTXSID5026889	0	0	0.9460364580154419	0.053963515907526016
DTXSID5026706	0	0	0.9586045742034912	0.04139544814825058
DTXSID5027142	0	0	0.9613485932350159	0.03865142539143562
DTXSID5027304	0	0	0.9507555961608887	0.04924440383911133
DTXSID5027433	0	0	0.9440942406654358	0.055905770510435104
DTXSID5027518	0	0	0.9483804702758789	0.05161953344941139
DTXSID5032365	0	0	0.9182599782943726	0.08174007385969162
DTXSID5032525	0	0	0.9192653894424438	0.08073458820581436
DTXSID5032498	0	0	0.9500613808631897	0.04993864893913269
DTXSID5032577	0	0	0.9338731169700623	0.06612687557935715
DTXSID5032600	0	0	0.9465329051017761	0.05346710979938507
DTXSID5034729	0	0	0.9456599950790405	0.054339975118637085
DTXSID5034773	0	0	0.9382094144821167	0.06179055571556091
DTXSID5035957	0	0	0.9355550408363342	0.06444495916366577
DTXSID5037494	0	0	0.9440942406654358	0.055905770510435104
DTXSID5040700	0	0	0.9355550408363342	0.06444495916366577
DTXSID5041512	0	0	0.9422793388366699	0.05772067978978157
DTXSID50441560	0	0	0.9479899406433105	0.052010081708431244
DTXSID5044447	0	0	0.9500613808631897	0.04993864893913269
DTXSID5044526	0	0	0.9456599950790405	0.054339975118637085
DTXSID5044570	0	0	0.9473206400871277	0.052679359912872314
DTXSID5044998	0	0	0.9568910002708435	0.0431089848279953
DTXSID5047087	0	0	0.9456599950790405	0.054339975118637085
DTXSID5047166	0	0	0.9500613808631897	0.04993864893913269
DTXSID5047299	0	0	0.951514720916748	0.04848529398441315
DTXSID5047297	0	0	0.8861116766929626	0.11388826370239258
DTXSID5047324	0	0	0.9451212286949158	0.05487876385450363
DTXSID5047322	0	0	0.9171435236930847	0.08285646885633469
DTXSID5047374	0	0	0.9520427584648132	0.04795721918344498
DTXSID5047376	0	0	0.9301086664199829	0.06989135593175888
DTXSID5047617	0	0	0.9522993564605713	0.0477006658911705
DTXSID5048186	0	0	0.9623054265975952	0.03769458830356598
DTXSID5052254	0	0	0.9507555961608887	0.04924440383911133
DTXSID5052460	0	0	0.9613499641418457	0.038650017231702805
DTXSID5052620	0	0	0.9480926394462585	0.05190730839967728
DTXSID5052593	0	0	0.9500613808631897	0.04993864893913269
DTXSID6020141	0	0	0.9500613808631897	0.04993864893913269
DTXSID6020147	0	0	0.9526437520980835	0.047356292605400085
DTXSID6020309	0	0	0.9718080759048462	0.028191935271024704
DTXSID6020307	0	0	0.9507555961608887	0.04924440383911133
DTXSID6020430	0	0	0.9500613808631897	0.04993864893913269
DTXSID6020561	0	1	0.9152917861938477	0.08470819145441055
DTXSID6021373	0	0	0.9597572088241577	0.040242813527584076
DTXSID6021248	0	1	0.9453907608985901	0.054609254002571106
DTXSID6021404	0	0	0.9436715841293335	0.05632839724421501
DTXSID6021793	0	0	0.9560942649841309	0.04390576481819153
DTXSID6021824	0	0	0.9500613808631897	0.04993864893913269
DTXSID6021959	0	0	0.9599146246910095	0.040085319429636
DTXSID6022056	0	0	0.9500613808631897	0.04993864893913269
DTXSID6022341	0	0	0.9442270994186401	0.055772870779037476
DTXSID6022345	0	1	0.923099160194397	0.07690083980560303
DTXSID6022557	0	0	0.9440942406654358	0.055905770510435104
DTXSID6023367	0	0	0.9718080759048462	0.028191935271024704
DTXSID6023999	0	0	0.9243992567062378	0.0756007581949234
DTXSID6023652	0	0	0.9642965197563171	0.03570351004600525
DTXSID6024254	0	0	0.9464799165725708	0.05352006480097771
DTXSID6024337	0	0	0.9500613808631897	0.04993864893913269
DTXSID6024123	0	0	0.9540147185325623	0.04598529264330864
DTXSID6024624	0	0	0.9613485932350159	0.03865142539143562
DTXSID6024838	0	0	0.9560942649841309	0.04390576481819153
DTXSID6025226	0	0	0.928808331489563	0.07119172066450119
DTXSID6025567	0	0	0.9422793388366699	0.05772067978978157
DTXSID6025436	0	0	0.9542735815048218	0.04572644084692001
DTXSID6026088	0	0	0.9500613808631897	0.04993864893913269
DTXSID6026799	0	0	0.9507555961608887	0.04924440383911133
DTXSID6027050	0	0	0.9458275437355042	0.05417243018746376
DTXSID6027131	0	0	0.9507555961608887	0.04924440383911133
DTXSID6027345	0	1	0.9355550408363342	0.06444495916366577
DTXSID6028022	0	0	0.9392754435539246	0.06072458624839783
DTXSID6032354	0	0	0.9643693566322327	0.035630688071250916
DTXSID6032358	0	0	0.9071751832962036	0.0928247943520546
DTXSID6032641	0	0	0.9500613808631897	0.04993864893913269
DTXSID6032647	0	0	0.9500613808631897	0.04993864893913269
DTXSID6034265	0	0	0.9527813792228699	0.04721863940358162
DTXSID6034928	0	0	0.9500613808631897	0.04993864893913269
DTXSID6034764	0	0	0.945674479007721	0.05432553216814995
DTXSID6034392	0	0	0.9287407994270325	0.07125923037528992
DTXSID6038326	0	0	0.9280197620391846	0.07198028266429901
DTXSID6037564	0	0	0.950400173664093	0.04959984868764877
DTXSID6040115	0	1	0.9507555961608887	0.04924440383911133
DTXSID6041503	0	0	0.9591935276985168	0.04080645367503166
DTXSID6042151	0	0	0.9561675190925598	0.043832454830408096
DTXSID6042494	0	0	0.911899983882904	0.08810000866651535
DTXSID6044480	0	0	0.9440942406654358	0.055905770510435104
DTXSID6044357	0	0	0.9500613808631897	0.04993864893913269
DTXSID6044777	0	0	0.9607012271881104	0.03929879888892174
DTXSID6044858	0	1	0.9355550408363342	0.06444495916366577
DTXSID6044981	0	0	0.9390555024147034	0.06094448268413544
DTXSID6047105	0	0	0.955564558506012	0.044435419142246246
DTXSID6047159	0	0	0.9500613808631897	0.04993864893913269
DTXSID6047280	0	0	0.9617124795913696	0.03828754276037216
DTXSID6047109	0	0	0.9355550408363342	0.06444495916366577
DTXSID6047286	0	0	0.931272566318512	0.06872743368148804
DTXSID6047282	0	0	0.956902801990509	0.043097224086523056
DTXSID6047363	0	0	0.9639586210250854	0.03604135662317276
DTXSID6047315	0	0	0.9448603391647339	0.0551396943628788
DTXSID6047369	0	0	0.9589565396308899	0.0410434752702713
DTXSID6048206	0	0	0.9478262066841125	0.05217382311820984
DTXSID6048208	0	0	0.9516733884811401	0.04832658916711807
DTXSID6052291	0	0	0.9507555961608887	0.04924440383911133
DTXSID6051564	0	0	0.9500613808631897	0.04993864893913269
DTXSID7020348	0	0	0.9500613808631897	0.04993864893913269
DTXSID7020267	0	0	0.9280197620391846	0.07198028266429901
DTXSID7020920	0	0	0.9491467475891113	0.05085328593850136
DTXSID7020895	0	0	0.9507555961608887	0.04924440383911133
DTXSID7021237	0	0	0.927632212638855	0.072367824614048
DTXSID7021102	0	0	0.9478790760040283	0.052120909094810486
DTXSID7021316	0	0	0.9500613808631897	0.04993864893913269
DTXSID7022043	0	0	0.9452022910118103	0.05479772388935089
DTXSID7022413	0	0	0.9529316425323486	0.04706835746765137
DTXSID7022172	0	0	0.8996863961219788	0.10031358897686005
DTXSID7024035	0	0	0.9500613808631897	0.04993864893913269
DTXSID7024247	0	0	0.8922213912010193	0.10777859389781952
DTXSID7024241	0	0	0.9277125000953674	0.07228753715753555
DTXSID7024299	0	0	0.958477795124054	0.041522249579429626
DTXSID7024112	0	0	0.9295059442520142	0.07049405574798584
DTXSID7024160	0	0	0.9246294498443604	0.07537053525447845
DTXSID7024320	0	0	0.9507555961608887	0.04924440383911133
DTXSID7024827	0	0	0.9175640940666199	0.08243592828512192
DTXSID7024821	0	0	0.9536643624305725	0.04633563756942749
DTXSID7024873	0	0	0.9507555961608887	0.04924440383911133
DTXSID7025003	0	0	0.9500613808631897	0.04993864893913269
DTXSID7024586	0	0	0.950400173664093	0.04959984868764877
DTXSID7026285	0	1	0.9657672643661499	0.0342327244579792
DTXSID7026499	0	0	0.9422793388366699	0.05772067978978157
DTXSID7027259	0	0	0.9500613808631897	0.04993864893913269
DTXSID7027334	0	0	0.9553245306015015	0.04467545449733734
DTXSID7027461	0	0	0.9440942406654358	0.055905770510435104
DTXSID7027596	0	0	0.9473206400871277	0.052679359912872314
DTXSID7027598	0	0	0.9507555961608887	0.04924440383911133
DTXSID7027756	0	0	0.9355550408363342	0.06444495916366577
DTXSID7029871	0	0	0.9506515860557556	0.049348413944244385
DTXSID7029879	0	0	0.9546582698822021	0.045341700315475464
DTXSID7032345	0	0	0.9515117406845093	0.048488229513168335
DTXSID7032559	0	0	0.9469563961029053	0.05304362252354622
DTXSID7032393	0	0	0.9391620755195618	0.06083794683218002
DTXSID7034250	0	0	0.9473469257354736	0.05265304446220398
DTXSID7032638	0	0	0.8517614006996155	0.14823861420154572
DTXSID7034383	0	0	0.9513471722602844	0.048652857542037964
DTXSID7034460	0	0	0.9657672643661499	0.0342327244579792
DTXSID7032688	0	0	0.9094375371932983	0.09056244790554047
DTXSID7034545	0	0	0.8774796724319458	0.12252029776573181
DTXSID7034674	0	0	0.9500613808631897	0.04993864893913269
DTXSID7034961	0	0	0.9616975784301758	0.038302406668663025
DTXSID7035272	0	0	0.9351993799209595	0.06480066478252411
DTXSID7040287	0	0	0.9390544891357422	0.06094549223780632
DTXSID7040289	0	0	0.9500613808631897	0.04993864893913269
DTXSID7040732	0	0	0.950400173664093	0.04959984868764877
DTXSID7040316	0	0	0.9507555961608887	0.04924440383911133
DTXSID7041889	0	1	0.9440686702728271	0.05593135952949524
DTXSID7042065	0	0	0.9507555961608887	0.04924440383911133
DTXSID7041962	0	0	0.9507555961608887	0.04924440383911133
DTXSID7044390	0	0	0.9440942406654358	0.055905770510435104
DTXSID7044392	0	0	0.9500613808631897	0.04993864893913269
DTXSID7044471	0	0	0.9505533576011658	0.04944667965173721
DTXSID7044473	0	0	0.9616975784301758	0.038302406668663025
DTXSID7044479	0	0	0.9507555961608887	0.04924440383911133
DTXSID7044689	0	0	0.9456599950790405	0.054339975118637085
DTXSID7044841	0	0	0.9500613808631897	0.04993864893913269
DTXSID7044974	0	0	0.8869083523750305	0.11309164762496948
DTXSID7047065	0	0	0.9500613808631897	0.04993864893913269
DTXSID7047304	0	0	0.9473206400871277	0.052679359912872314
DTXSID7047358	0	0	0.9445137977600098	0.05548623204231262
DTXSID7047645	0	0	0.9456599950790405	0.054339975118637085
DTXSID7047649	0	0	0.9280763864517212	0.07192359864711761
DTXSID7047697	0	0	0.9489240646362305	0.05107598006725311
DTXSID7051474	0	0	0.9456486701965332	0.054351333528757095
DTXSID7051557	0	0	0.9500613808631897	0.04993864893913269
DTXSID70537191	0	0	0.9663482904434204	0.0336516872048378
DTXSID7052529	0	0	0.9529316425323486	0.04706835746765137
DTXSID8020040	0	0	0.9507555961608887	0.04924440383911133
DTXSID8020092	0	1	0.9452022910118103	0.05479772388935089
DTXSID8020337	0	1	0.9333698153495789	0.06663018465042114
DTXSID8020381	0	0	0.9355550408363342	0.06444495916366577
DTXSID8020466	0	0	0.911237359046936	0.08876261115074158
DTXSID8020545	0	0	0.9471688270568848	0.05283118784427643
DTXSID8020830	0	0	0.9613485932350159	0.03865142539143562
DTXSID8020834	0	0	0.9440942406654358	0.055905770510435104
DTXSID8020913	0	0	0.9500613808631897	0.04993864893913269
DTXSID8020917	0	1	0.8987081050872803	0.10129187256097794
DTXSID8021301	0	0	0.9135419726371765	0.0864580050110817
DTXSID8022292	0	0	0.9094375371932983	0.09056244790554047
DTXSID8022828	0	0	0.9433543682098389	0.05664564669132233
DTXSID8023719	0	0	0.9394910335540771	0.06050901487469673
DTXSID8023927	0	0	0.940973699092865	0.05902628228068352
DTXSID8023214	0	0	0.9471871852874756	0.05281282588839531
DTXSID8023216	0	1	0.9562107920646667	0.04378923028707504
DTXSID8024109	0	0	0.950512707233429	0.049487292766571045
DTXSID8023973	0	0	0.9572227597236633	0.04277723282575607
DTXSID8024153	0	0	0.949506402015686	0.05049357935786247
DTXSID8024151	0	0	0.9441782236099243	0.055821746587753296
DTXSID8024159	0	0	0.9391620755195618	0.06083794683218002
DTXSID8024284	0	0	0.9507555961608887	0.04924440383911133
DTXSID8024315	0	0	0.9528553485870361	0.04714463651180267
DTXSID8024280	0	0	0.9471035003662109	0.05289650335907936
DTXSID8024573	0	0	0.9526437520980835	0.047356292605400085
DTXSID8024810	0	0	0.9500613808631897	0.04993864893913269
DTXSID8024814	0	0	0.9500613808631897	0.04993864893913269
DTXSID8025094	0	0	0.9500613808631897	0.04993864893913269
DTXSID8025096	0	0	0.9513543844223022	0.04864559322595596
DTXSID8026193	0	1	0.9500613808631897	0.04993864893913269
DTXSID8027084	0	0	0.9507555961608887	0.04924440383911133
DTXSID8027086	0	0	0.9460364580154419	0.053963515907526016
DTXSID8027402	0	0	0.9456599950790405	0.054339975118637085
DTXSID8027589	0	1	0.9460136890411377	0.0539863146841526
DTXSID8027959	0	0	0.9460136890411377	0.0539863146841526
DTXSID8031077	0	0	0.9366281032562256	0.06337186694145203
DTXSID8032548	0	0	0.9444332122802734	0.05556683987379074
DTXSID8032673	0	0	0.9445050954818726	0.05549490079283714
DTXSID8034580	0	0	0.9500613808631897	0.04993864893913269
DTXSID8034241	0	0	0.9452022910118103	0.05479772388935089
DTXSID8034372	0	0	0.9512639045715332	0.0487360954284668
DTXSID8034588	0	0	0.9391620755195618	0.06083794683218002
DTXSID8034877	0	0	0.9561173319816589	0.043882668018341064
DTXSID8034956	0	0	0.9522522687911987	0.047747671604156494
DTXSID8035186	0	0	0.9380275011062622	0.06197253614664078
DTXSID8037752	0	0	0.9355550408363342	0.06444495916366577
DTXSID8040222	0	0	0.9459080696105957	0.05409197136759758
DTXSID8041909	0	0	0.9507555961608887	0.04924440383911133
DTXSID8044620	0	0	0.9456599950790405	0.054339975118637085
DTXSID8044703	0	0	0.9500613808631897	0.04993864893913269
DTXSID8044969	0	0	0.9633345007896423	0.03666550666093826
DTXSID8047266	0	0	0.9469980597496033	0.05300193279981613
DTXSID8047268	0	0	0.9044712781906128	0.095528744161129
DTXSID8047347	0	0	0.8404269814491272	0.1595730185508728
DTXSID8047420	0	1	0.955564558506012	0.044435419142246246
DTXSID8047428	0	0	0.9500613808631897	0.04993864893913269
DTXSID8047713	0	0	0.9272260069847107	0.0727739930152893
DTXSID8051708	0	0	0.9500613808631897	0.04993864893913269
DTXSID9020087	0	0	0.9500613808631897	0.04993864893913269
DTXSID9020112	0	0	0.9071751832962036	0.0928247943520546
DTXSID9020089	0	0	0.9170284867286682	0.08297151327133179
DTXSID9020322	0	0	0.9613144993782043	0.03868551924824715
DTXSID9020299	0	0	0.9536643624305725	0.04633563756942749
DTXSID9020374	0	0	0.9500613808631897	0.04993864893913269
DTXSID9020372	0	0	0.9227257370948792	0.07727429270744324
DTXSID9020409	0	0	0.9475372433662415	0.052462782710790634
DTXSID9020376	0	0	0.9507555961608887	0.04924440383911133
DTXSID9020453	0	1	0.9152917861938477	0.08470819145441055
DTXSID9020617	0	0	0.955564558506012	0.044435419142246246
DTXSID9020582	0	0	0.9455522298812866	0.05444776639342308
DTXSID9020580	0	0	0.9422793388366699	0.05772067978978157
DTXSID9020740	0	0	0.9500613808631897	0.04993864893913269
DTXSID9020827	0	1	0.9145724773406982	0.08542750030755997
DTXSID9020877	0	0	0.9560942649841309	0.04390576481819153
DTXSID9021215	0	0	0.9473206400871277	0.052679359912872314
DTXSID9021217	0	0	0.9452022910118103	0.05479772388935089
DTXSID9021340	0	1	0.9473206400871277	0.052679359912872314
DTXSID9021346	0	0	0.9440942406654358	0.055905770510435104
DTXSID9021348	0	1	0.9473206400871277	0.052679359912872314
DTXSID9021843	0	0	0.9500613808631897	0.04993864893913269
DTXSID9021847	0	0	0.9355550408363342	0.06444495916366577
DTXSID9021976	0	0	0.9355550408363342	0.06444495916366577
DTXSID9023889	0	0	0.958834171295166	0.04116584360599518
DTXSID9023881	0	0	0.9500613808631897	0.04993864893913269
DTXSID9024194	0	0	0.9571164846420288	0.04288356006145477
DTXSID9024015	0	0	0.9553074240684509	0.04469254985451698
DTXSID9024485	0	0	0.9452022910118103	0.05479772388935089
DTXSID9024772	0	1	0.9500613808631897	0.04993864893913269
DTXSID9024986	0	0	0.9500613808631897	0.04993864893913269
DTXSID9025873	0	0	0.9355550408363342	0.06444495916366577
DTXSID9026558	0	1	0.9332066774368286	0.06679332256317139
DTXSID9027312	0	0	0.9599713683128357	0.04002861678600311
DTXSID9027441	0	0	0.8897407054901123	0.1102592870593071
DTXSID9027520	0	0	0.96729975938797	0.03270023316144943
DTXSID9029192	0	0	0.9442270994186401	0.055772870779037476
DTXSID9029221	0	0	0.9553085565567017	0.04469138756394386
DTXSID9032113	0	0	0.9553085565567017	0.04469138756394386
DTXSID9032531	0	0	0.9300311803817749	0.06996876746416092
DTXSID9032533	0	0	0.9540408253669739	0.04595920816063881
DTXSID9032610	0	0	0.9239485859870911	0.07605142891407013
DTXSID9033058	0	1	0.9616071581840515	0.0383928120136261
DTXSID9034232	0	0	0.957940399646759	0.04205961897969246
DTXSID9034282	0	0	0.9500613808631897	0.04993864893913269
DTXSID9035175	0	0	0.9448754787445068	0.055124517530202866
DTXSID9034864	0	1	0.9022126197814941	0.09778742492198944
DTXSID9037539	0	0	0.930040717124939	0.06995929777622223
DTXSID9037749	0	0	0.9391620755195618	0.06083794683218002
DTXSID9040215	0	0	0.9442270994186401	0.055772870779037476
DTXSID9040001	0	0	0.9456599950790405	0.054339975118637085
DTXSID9040635	0	0	0.9500613808631897	0.04993864893913269
DTXSID9040718	0	0	0.9473206400871277	0.052679359912872314
DTXSID9041653	0	0	0.9665732979774475	0.03342670947313309
DTXSID9042382	0	0	0.9622293710708618	0.037770628929138184
DTXSID9044403	0	0	0.9355550408363342	0.06444495916366577
DTXSID9044372	0	0	0.9507555961608887	0.04924440383911133
DTXSID9044405	0	0	0.9452254772186279	0.05477454513311386
DTXSID9044744	0	0	0.9507555961608887	0.04924440383911133
DTXSID9047093	0	0	0.9351553320884705	0.06484469026327133
DTXSID9047126	0	0	0.9500613808631897	0.04993864893913269
DTXSID9047201	0	0	0.9657672643661499	0.0342327244579792
DTXSID9047259	0	0	0.96160489320755	0.03839512914419174
DTXSID9047251	0	0	0.9382908940315247	0.06170910596847534
DTXSID9047330	0	0	0.9575254321098328	0.042474597692489624
DTXSID9047338	0	0	0.949611485004425	0.05038852617144585
DTXSID9047465	0	0	0.9500613808631897	0.04993864893913269
DTXSID9047542	0	1	0.8517614006996155	0.14823861420154572
DTXSID9047592	0	0	0.9511752724647522	0.04882475361227989
DTXSID9048192	0	0	0.9478262066841125	0.05217382311820984
DTXSID9051907	0	0	0.9551994800567627	0.04480050504207611
