compound	predicted	actual	p(0)	p(1)
DTXSID0020072	1	0	0.7482402675807472	0.2517597324192526
DTXSID0020074	1	0	0.9113476841995296	0.08865231580047023
DTXSID0020236	1	0	0.8727279010655771	0.12727209893442293
DTXSID0020238	1	0	0.8944383302180778	0.105561669781922
DTXSID0020107	1	0	0.9127283608926039	0.08727163910739644
DTXSID0020153	1	0	0.9302962562500777	0.06970374374992237
DTXSID0020155	1	0	0.804747244615224	0.19525275538477588
DTXSID0020157	1	0	0.9077249412681833	0.09227505873181671
DTXSID0020365	1	1	0.928062101946597	0.07193789805340298
DTXSID0020151	1	0	0.9404794589868251	0.059520541013174874
DTXSID0020367	1	0	0.808646699292335	0.19135330070766512
DTXSID0020650	1	1	0.8879248771346412	0.11207512286535883
DTXSID0021094	1	0	0.2645869075025031	0.7354130924974968
DTXSID0021125	1	0	0.7403860027534392	0.25961399724656065
DTXSID0021121	1	1	0.9171686968888221	0.08283130311117784
DTXSID0021123	1	0	0.890009520742214	0.10999047925778606
DTXSID0021127	1	0	0.7058381800370284	0.2941618199629717
DTXSID0021129	1	0	0.734222546336843	0.26577745366315675
DTXSID0021258	1	0	0.9539579730151234	0.04604202698487654
DTXSID0021385	1	1	0.8855576068787353	0.11444239312126468
DTXSID0021387	1	0	0.8557898659759959	0.14421013402400426
DTXSID0021418	1	0	0.8740380984007109	0.12596190159928905
DTXSID0021545	1	0	0.8684807847661927	0.13151921523380738
DTXSID0021460	1	1	0.7619038778729474	0.23809612212705264
DTXSID0021547	1	0	0.9663706807440378	0.03362931925596231
DTXSID0021414	1	0	0.8626330109478003	0.13736698905219988
DTXSID0021628	1	0	0.9358326950276556	0.06416730497234417
DTXSID0021709	1	0	0.9243919295472321	0.07560807045276785
DTXSID0021620	1	0	0.9342836531856207	0.06571634681437909
DTXSID0021626	1	0	0.9274069264077206	0.07259307359227928
DTXSID0021961	1	0	0.8986356270859358	0.10136437291406424
DTXSID0021963	1	0	0.8783459458512021	0.12165405414879776
DTXSID0022193	1	0	0.906198265072313	0.09380173492768681
DTXSID0022301	1	0	0.8743833876125195	0.12561661238748048
DTXSID0022353	1	0	0.6234111568969829	0.37658884310301716
DTXSID0022062	1	0	0.9582689169120444	0.04173108308795562
DTXSID0022644	1	0	0.5800574773138818	0.4199425226861181
DTXSID0022480	1	0	0.6899741145564825	0.3100258854435178
DTXSID0022690	1	0	0.6783263059805958	0.3216736940194043
DTXSID0022725	1	0	0.9082626688669578	0.09173733113304208
DTXSID0023030	1	1	0.7543394728549665	0.24566052714503367
DTXSID0023169	1	0	0.8880515983245952	0.11194840167540494
DTXSID0023298	1	0	0.8449453024343166	0.15505469756568335
DTXSID0023329	1	0	0.7850876554989747	0.21491234450102542
DTXSID0023371	1	1	0.41552029001031915	0.584479709989681
DTXSID0023618	1	0	0.8048669524671649	0.19513304753283497
DTXSID0023377	1	0	0.8568814818245457	0.1431185181754544
DTXSID0023458	1	0	0.7493547512789852	0.2506452487210147
DTXSID0023581	1	0	0.8157130044588404	0.18428699554115963
DTXSID0023660	1	0	0.8678996919187999	0.1321003080812
DTXSID0023587	1	0	0.8678907983271278	0.13210920167287205
DTXSID0023749	1	0	0.9516431701913293	0.04835682980867062
DTXSID0023901	1	0	0.7958213330443153	0.20417866695568454
DTXSID0024002	1	0	0.5878302974049473	0.41216970259505253
DTXSID0024399	1	0	0.9674568230645622	0.032543176935437915
DTXSID0024395	1	0	0.9423663374920181	0.05763366250798199
DTXSID0024553	1	0	0.9047880787899218	0.09521192121007815
DTXSID0024559	1	0	0.6457870141372609	0.354212985862739
DTXSID0024638	1	0	0.9090167150214947	0.09098328497850536
DTXSID0024979	1	0	0.8750459886195122	0.12495401138048769
DTXSID0025363	1	0	0.8618287860777321	0.13817121392226783
DTXSID0025234	1	1	0.9128523918241299	0.08714760817587026
DTXSID0025315	1	0	0.813050907170072	0.1869490928299281
DTXSID0025074	1	0	0.8157627447954177	0.18423725520458215
DTXSID0025577	1	0	0.9449818106978417	0.055018189302158425
DTXSID0025812	1	0	0.6368140811112476	0.36318591888875246
DTXSID0025816	1	0	0.7663488854966499	0.23365111450335013
DTXSID0025818	1	0	0.7495921422165004	0.25040785778349944
DTXSID0025862	1	0	0.7806803476391012	0.2193196523608989
DTXSID0026040	1	1	0.9400351071963432	0.059964892803656994
DTXSID0025991	1	0	0.699459556407551	0.30054044359244897
DTXSID0025864	1	0	0.7101476962287578	0.2898523037712423
DTXSID0025866	1	0	0.9241452693712124	0.0758547306287874
DTXSID0026880	1	0	0.9079846758848655	0.0920153241151346
DTXSID0026252	1	0	0.9259975140213644	0.07400248597863544
DTXSID0027149	1	0	0.8675018435476328	0.13249815645236718
DTXSID0026967	1	0	0.5	0.5
DTXSID0027438	1	0	0.908752745744949	0.09124725425505104
DTXSID0027436	1	0	0.8622073267140359	0.13779267328596428
DTXSID0027640	1	0	0.7356965844855033	0.26430341551449665
DTXSID0027773	1	1	0.5949856363825127	0.40501436361748727
DTXSID0027802	1	0	0.6042519032401482	0.3957480967598518
DTXSID0027806	1	0	0.856470547782838	0.14352945221716193
DTXSID0029218	1	0	0.9222398483931845	0.07776015160681558
DTXSID0029133	1	0	0.7567943673842141	0.2432056326157857
DTXSID0029189	1	0	0.9239338140150859	0.07606618598491416
DTXSID0029559	1	0	0.880628589274643	0.11937141072535692
DTXSID0032029	1	0	0.9346534565186172	0.06534654348138268
DTXSID0033047	1	0	0.9182358696658888	0.08176413033411128
DTXSID0033332	1	0	0.9273539923360787	0.07264600766392111
DTXSID0034223	1	1	0.6060313645395031	0.3939686354604968
DTXSID0033960	1	1	0.9268153468073886	0.07318465319261128
DTXSID0034227	1	0	0.9150356607952748	0.08496433920472532
DTXSID0034930	1	0	0.939170090874805	0.06082990912519493
DTXSID0034722	1	0	0.9166527851347822	0.08334721486521773
DTXSID0037522	1	0	0.8916863785821704	0.10831362141782967
DTXSID0037730	1	1	0.7489073868677797	0.2510926131322204
DTXSID0037734	1	0	0.9481372815602375	0.051862718439762485
DTXSID0038887	1	0	0.8942694546243636	0.10573054537563632
DTXSID0038756	1	0	0.932954614130961	0.06704538586903888
DTXSID0038831	1	0	0.9045702471441232	0.09542975285587682
DTXSID0040701	1	0	0.8453323211080047	0.15466767889199542
DTXSID0040464	1	0	0.9297248068286379	0.07027519317136212
DTXSID0040208	1	1	0.9336332640392749	0.06636673596072522
DTXSID0037231	1	0	0.8534748433534791	0.14652515664652083
DTXSID0040707	1	0	0.8586664917530523	0.14133350824694768
DTXSID0040705	1	0	0.8589061724448059	0.14109382755519412
DTXSID0040751	1	0	0.9175893421778804	0.08241065782211977
DTXSID0040757	1	0	0.8668561079417787	0.1331438920582214
DTXSID0041274	1	1	0.8361462754411908	0.16385372455880926
DTXSID0041357	1	0	0.9023233868951038	0.09767661310489605
DTXSID0041484	1	0	0.9547321526078322	0.04526784739216781
DTXSID0041519	1	0	0.9573997387325657	0.04260026126743433
DTXSID0041852	1	0	0.9529749943153566	0.04702500568464331
DTXSID0041981	1	0	0.859511455579991	0.140488544420009
DTXSID0041987	1	0	0.5950788847046561	0.40492111529534386
DTXSID0042117	1	0	0.9078744418211845	0.0921255581788155
DTXSID0042169	1	0	0.9010497034772506	0.09895029652274946
DTXSID0042167	1	0	0.8730130168191412	0.1269869831808586
DTXSID0042080	1	0	0.6940489432956968	0.3059510567043032
DTXSID0042242	1	0	0.8580179765934387	0.1419820234065614
DTXSID0044107	1	0	0.9019449558603969	0.09805504413960305
DTXSID0044236	1	0	0.9531776207303775	0.04682237926962239
DTXSID0043892	1	0	0.7781694960854899	0.22183050391451023
DTXSID0044494	1	0	0.8252589718160732	0.17474102818392687
DTXSID0044440	1	0	0.6508171081280528	0.34918289187194723
DTXSID0044496	1	0	0.9508171041972444	0.04918289580275559
DTXSID0044654	1	0	0.6725598357388933	0.32744016426110667
DTXSID0044525	1	1	0.8676144843039726	0.13238551569602727
DTXSID0044573	1	0	0.9381164757755647	0.06188352422443523
DTXSID0044575	1	0	0.9200480670100295	0.0799519329899707
DTXSID0044527	1	0	0.8291499579169634	0.17085004208303642
DTXSID0044949	1	0	0.9215960650045376	0.07840393499546272
DTXSID0045090	1	0	0.7980402207108851	0.20195977928911504
DTXSID0045125	1	1	0.4715808446024461	0.5284191553975539
DTXSID0045127	1	0	0.8361342673117704	0.16386573268822982
DTXSID0045171	1	0	0.8892838542746708	0.11071614572532937
DTXSID0045389	1	0	0.9115746943894143	0.08842530561058572
DTXSID0045252	1	0	0.9406775642733088	0.0593224357266911
DTXSID0045412	1	0	0.8881213392807207	0.11187866071927943
DTXSID0045670	1	0	0.8989580475249287	0.1010419524750713
DTXSID0045674	1	0	0.9138655899815912	0.08613441001840885
DTXSID0045466	1	0	0.9489846749449669	0.051015325055032985
DTXSID0045701	1	1	0.9131201761507967	0.08687982384920324
DTXSID0045753	1	0	0.8115495373738602	0.18845046262613996
DTXSID0045703	1	0	0.7020079344286979	0.29799206557130214
DTXSID0045707	1	0	0.7892207513927149	0.2107792486072852
DTXSID0045709	1	0	0.9323921055103087	0.06760789448969134
DTXSID0045838	1	0	0.8214268813815147	0.1785731186184854
DTXSID0045880	1	0	0.7912559630808969	0.20874403691910295
DTXSID0045886	1	0	0.8660075719820965	0.1339924280179034
DTXSID0045595	1	0	0.9185504302971028	0.08144956970289721
DTXSID0045597	1	0	0.8848088363685355	0.1151911636314646
DTXSID0045543	1	0	0.86628694534045	0.13371305465955
DTXSID0046060	1	0	0.7198886559830805	0.28011134401691923
DTXSID0045624	1	0	0.8252966321890961	0.174703367810904
DTXSID0045626	1	0	0.8746740348895852	0.12532596511041477
DTXSID0046066	1	0	0.8238829079669326	0.1761170920330674
DTXSID0046145	1	0	0.6144360495533953	0.3855639504466049
DTXSID0046147	1	0	0.9303673737644226	0.06963262623557753
DTXSID0046222	1	1	0.7238907897336782	0.27610921026632207
DTXSID0046270	1	0	0.9456375274159725	0.05436247258402755
DTXSID0046357	1	0	0.8005528497461027	0.1994471502538972
DTXSID0046430	1	0	0.9220822955715011	0.07791770442849902
DTXSID0046432	1	0	0.9338715631370664	0.0661284368629336
DTXSID0046434	1	0	0.7906205628444231	0.20937943715557686
DTXSID0046513	1	0	0.9132012040418765	0.08679879595812354
DTXSID0046565	1	0	0.7375291218889399	0.26247087811106
DTXSID0046274	1	0	0.8993459472378444	0.1006540527621556
DTXSID0046484	1	0	0.7672132401680606	0.23278675983193944
DTXSID0046486	1	0	0.9002212079108447	0.09977879208915519
DTXSID0046488	1	0	0.9001581830232759	0.09984181697672422
DTXSID0046309	1	1	0.6640302526611347	0.3359697473388654
DTXSID0046480	1	0	0.9439806288096493	0.05601937119035066
DTXSID0046569	1	0	0.9000573835069546	0.09994261649304524
DTXSID0046482	1	0	0.9208533757831883	0.0791466242168119
DTXSID0046644	1	0	0.8782215289329237	0.12177847106707622
DTXSID0046690	1	0	0.8634873301259064	0.13651266987409377
DTXSID0046640	1	0	0.9151004140160416	0.08489958598395828
DTXSID0046696	1	0	0.910650765296414	0.08934923470358609
DTXSID0046989	1	0	0.8740380984007109	0.12596190159928905
DTXSID0047030	1	0	0.8841638561636541	0.11583614383634581
DTXSID0046727	1	0	0.9320212360816231	0.06797876391837675
DTXSID0046561	1	0	0.695666202095126	0.3043337979048744
DTXSID0046692	1	0	0.9066162033612741	0.09338379663872565
DTXSID0047034	1	0	0.8551684883221536	0.14483151167784608
DTXSID0047163	1	0	0.8969367248241578	0.10306327517584221
DTXSID0047080	1	0	0.9344027162309705	0.06559728376902979
DTXSID0047086	1	0	0.9402737410095309	0.05972625899046905
DTXSID0047161	1	0	0.6558520579819583	0.3441479420180416
DTXSID0047084	1	0	0.9395486876518405	0.06045131234815965
DTXSID0047248	1	0	0.7441795064407608	0.2558204935592391
DTXSID0047375	1	0	0.9153263219965199	0.08467367800347993
DTXSID0047325	1	0	0.8013263802629631	0.19867361973703712
DTXSID0047327	1	0	0.8698624802797624	0.13013751972023774
DTXSID0047371	1	1	0.663474939081568	0.33652506091843215
DTXSID0047377	1	1	0.9216773345871756	0.07832266541282414
DTXSID0047539	1	0	0.4297979331277407	0.5702020668722594
DTXSID0047533	1	0	0.8707556049604003	0.12924439503959975
DTXSID0047585	1	0	0.9454520847145813	0.054547915285418795
DTXSID0047589	1	0	0.9121366549883473	0.08786334501165266
DTXSID0047822	1	0	0.8829425708042732	0.11705742919572693
DTXSID0047610	1	0	0.9229003559020681	0.07709964409793205
DTXSID0047745	1	0	0.8049918311933302	0.19500816880666977
DTXSID0047797	1	1	0.9383144970899624	0.061685502910037784
DTXSID0047957	1	1	0.6048003085818288	0.3951996914181712
DTXSID0047876	1	0	0.571115748417953	0.4288842515820469
DTXSID0047878	1	0	0.746222274714106	0.25377772528589415
DTXSID0048185	1	1	0.9291311647144146	0.07086883528558549
DTXSID0048183	1	0	0.5780380335696661	0.4219619664303339
DTXSID0048189	1	1	0.8736041536660801	0.12639584633391984
DTXSID0048210	1	0	0.7443129667488881	0.25568703325111186
DTXSID0048680	1	0	0.7977497852500246	0.2022502147499751
DTXSID0048840	1	0	0.6229754596558904	0.3770245403441094
DTXSID0048638	1	0	0.703980562313999	0.2960194376860011
DTXSID0048842	1	1	0.9319053787724704	0.06809462122752942
DTXSID0049022	1	0	0.7390124677583081	0.26098753224169186
DTXSID0049076	1	0	0.9283844586474741	0.07161554135252567
DTXSID0048927	1	0	0.8738215534376473	0.12617844656235275
DTXSID0048929	1	0	0.746409511143071	0.253590488856929
DTXSID0048975	1	0	0.9507683434772736	0.049231656522726486
DTXSID0049078	1	0	0.8323137443149784	0.1676862556850217
DTXSID0048921	1	0	0.8829523838955119	0.11704761610448829
DTXSID0048896	1	0	0.8970935074720193	0.10290649252798072
DTXSID0048892	1	0	0.6367193993087326	0.36328060069126733
DTXSID0049288	1	0	0.9561917677920369	0.04380823220796329
DTXSID0049311	1	0	0.864066076236437	0.13593392376356278
DTXSID0049365	1	0	0.9372285440189172	0.0627714559810827
DTXSID0050423	1	0	0.9159328603599078	0.08406713964009198
DTXSID0049238	1	1	0.8066137063010325	0.1933862936989675
DTXSID0051732	1	0	0.5540844072929181	0.44591559270708186
DTXSID0051736	1	0	0.937732330810873	0.0622676691891271
DTXSID0051782	1	0	0.9329910556884187	0.06700894431158105
DTXSID0051863	1	0	0.9157711976376857	0.08422880236231425
DTXSID0052598	1	0	0.9039620473867377	0.09603795261326245
DTXSID0052629	1	0	0.9378466707025155	0.06215332929748462
DTXSID0057629	1	0	0.9570351387946608	0.042964861205339135
DTXSID0052594	1	0	0.8821883312220817	0.11781166877791839
DTXSID0052833	1	0	0.9223063192622926	0.07769368073770724
DTXSID0052837	1	0	0.8657958792954636	0.13420412070453636
DTXSID0057679	1	0	0.8322676861287923	0.16773231387120774
DTXSID0057700	1	0	0.6350226643047386	0.3649773356952612
DTXSID0052542	1	0	0.9592061828842074	0.04079381711579255
DTXSID0057621	1	0	0.9475553174058202	0.05244468259417972
DTXSID0057839	1	0	0.8551731489572507	0.14482685104274906
DTXSID0057702	1	1	0.9325557236719988	0.06744427632800132
DTXSID0057704	1	0	0.8656717635665989	0.13432823643340125
DTXSID0057708	1	0	0.8798776589167072	0.12012234108329281
DTXSID1020140	1	0	0.9357620723009737	0.06423792769902638
DTXSID0057835	1	0	0.9576676565825035	0.04233234341749637
DTXSID1020144	1	0	0.757696683680742	0.24230331631925792
DTXSID1020352	1	0	0.8754343618786369	0.1245656381213632
DTXSID1020437	1	0	0.9400669624467084	0.059933037553291615
DTXSID1020647	1	0	0.9204432716503265	0.07955672834967338
DTXSID1020699	1	1	0.6849992828185947	0.315000717181405
DTXSID1020805	1	0	0.9401299293480089	0.05987007065199114
DTXSID1022180	1	0	0.9401299293480089	0.05987007065199114
DTXSID1020859	1	0	0.9416933190632033	0.0583066809367967
DTXSID1021089	1	0	0.7717313538900996	0.22826864610990055
DTXSID1021114	1	1	0.9445704660528071	0.055429533947192765
DTXSID1021166	1	0	0.7354991885603194	0.2645008114396805
DTXSID1021168	1	1	0.8274999520093043	0.1725000479906957
DTXSID1021372	1	0	0.2819425912570671	0.7180574087429327
DTXSID1021409	1	1	0.6542088176418657	0.34579118235813433
DTXSID1021584	1	0	0.9218112368547309	0.07818876314526899
DTXSID1021247	1	1	0.36167407009557895	0.638325929904421
DTXSID1021619	1	0	0.9392819443661072	0.06071805563389276
DTXSID1021827	1	0	0.9417900639855994	0.05820993601440068
DTXSID1021873	1	0	0.9612050343057312	0.038794965694268685
DTXSID1021792	1	0	0.8376693588929183	0.16233064110708198
DTXSID1021821	1	0	0.9434815904184394	0.05651840958156049
DTXSID1021956	1	0	0.7438537199925239	0.25614628000747613
DTXSID1021958	1	0	0.7661796096417335	0.23382039035826668
DTXSID1022001	1	0	0.964340008691329	0.035659991308671014
DTXSID1021879	1	0	0.9509666287870712	0.04903337121292895
DTXSID1021952	1	0	0.784764265609405	0.21523573439059498
DTXSID1022396	1	0	0.8515118501802301	0.14848814981976974
DTXSID1022425	1	0	0.5	0.5
DTXSID1022265	1	1	0.6110755375864921	0.3889244624135079
DTXSID1022186	1	0	0.8983053462366822	0.10169465376331793
DTXSID1022479	1	0	0.7029349907511366	0.2970650092488634
DTXSID1022508	1	1	0.727435790071219	0.27256420992878105
DTXSID1022718	1	0	0.9448088879617638	0.05519111203823623
DTXSID1022843	1	1	0.8701475189829881	0.12985248101701183
DTXSID1022764	1	0	0.9384867019498471	0.06151329805015287
DTXSID1022926	1	0	0.9105714448589292	0.08942855514107077
DTXSID1022635	1	0	0.904797206994371	0.09520279300562914
DTXSID1023102	1	0	0.9041086392765861	0.09589136072341402
DTXSID1023495	1	0	0.9123037813959923	0.08769621860400766
DTXSID1023231	1	0	0.9086258338489749	0.09137416615102502
DTXSID1023283	1	0	0.9286755732313935	0.07132442676860648
DTXSID1023815	1	0	0.8179094422095993	0.18209055779040065
DTXSID1023572	1	0	0.8142354163582964	0.18576458364170345
DTXSID1023605	1	0	0.9059325010289331	0.0940674989710669
DTXSID1023730	1	0	0.7959192821347894	0.20408071786521073
DTXSID1023786	1	0	0.9402893825336915	0.05971061746630845
DTXSID1023998	1	0	0.802519905371488	0.19748009462851182
DTXSID1024091	1	0	0.9453619084552742	0.054638091544725736
DTXSID1024176	1	0	0.9494320613038599	0.05056793869613992
DTXSID1024835	1	0	0.9283627514187818	0.07163724858121837
DTXSID1024598	1	0	0.6180067938167767	0.38199320618322324
DTXSID1024625	1	0	0.7797559384075233	0.22024406159247667
DTXSID1025279	1	0	0.9304614284777123	0.06953857152228755
DTXSID1025481	1	0	0.9538654382135142	0.04613456178648577
DTXSID1025437	1	0	0.7879920135715632	0.21200798642843666
DTXSID1025300	1	0	0.689180509149411	0.3108194908505889
DTXSID1025306	1	0	0.9435703127745623	0.056429687225437786
DTXSID1025483	1	0	0.9306068286838924	0.06939317131610749
DTXSID1025308	1	0	0.9464218698114771	0.05357813018852271
DTXSID1025512	1	1	0.843891028349226	0.15610897165077395
DTXSID1025805	1	1	0.853806441806566	0.1461935581934341
DTXSID1025930	1	1	0.7721299009066401	0.22787009909336026
DTXSID1025807	1	0	0.7959263600847238	0.20407363991527616
DTXSID1026118	1	0	0.8631922109229213	0.13680778907707875
DTXSID1026241	1	0	0.5901616343262369	0.4098383656737631
DTXSID1026615	1	0	0.7844151509508114	0.21558484904918837
DTXSID1026796	1	0	0.9512954474083472	0.04870455259165283
DTXSID1026661	1	0	0.9347270256257502	0.06527297437424963
DTXSID1027134	1	1	0.8952396612616648	0.10476033873833548
DTXSID1027186	1	0	0.9412480060741346	0.05875199392586528
DTXSID1026904	1	0	0.9241809741746208	0.07581902582537912
DTXSID1027188	1	0	0.9436526977407362	0.056347302259263765
DTXSID1026954	1	0	0.8759815261487166	0.12401847385128342
DTXSID1027342	1	0	0.8993867447398485	0.10061325526015154
DTXSID1027007	1	0	0.9279767361948904	0.07202326380510973
DTXSID1027219	1	0	0.927736422528803	0.0722635774711972
DTXSID1027263	1	0	0.9546810733092027	0.04531892669079737
DTXSID1027550	1	0	0.8888534352182271	0.11114656478177284
DTXSID1027556	1	0	0.8208617125007619	0.17913828749923819
DTXSID1029120	1	1	0.6905301114453724	0.3094698885546275
DTXSID1029122	1	0	0.6957718858496449	0.3042281141503552
DTXSID1029170	1	0	0.938172098832979	0.06182790116702103
DTXSID1029629	1	0	0.9472677367079642	0.05273226329203582
DTXSID1031462	1	0	0.7484536355329009	0.2515463644670995
DTXSID1031626	1	0	0.9306353954955352	0.06936460450446459
DTXSID1029889	1	0	0.927788250454542	0.07221174954545816
DTXSID1030319	1	0	0.7445909076333138	0.2554090923666861
DTXSID1032278	1	1	0.9278229787056395	0.07217702129436047
DTXSID1032355	1	0	0.923352701744716	0.07664729825528407
DTXSID1032511	1	0	0.9198806042980955	0.08011939570190452
DTXSID1033402	1	0	0.737982093010463	0.262017906989537
DTXSID1033876	1	0	0.9206575132480541	0.07934248675194595
DTXSID1034503	1	0	0.6853894994041343	0.3146105005958656
DTXSID1034260	1	0	0.9055538475607275	0.09444615243927257
DTXSID1034181	1	1	0.952786235073467	0.047213764926532856
DTXSID1034187	1	1	0.9027200523684523	0.09727994763154782
DTXSID1034501	1	0	0.7276779246523299	0.27232207534767
DTXSID1037197	1	0	0.822638219622442	0.17736178037755776
DTXSID1038822	1	0	0.5444089686053298	0.45559103139467
DTXSID1038321	1	0	0.8305563260467298	0.16944367395327034
DTXSID1038876	1	0	0.5758522667248589	0.4241477332751412
DTXSID1040110	1	0	0.9410393354317749	0.058960664568225095
DTXSID1040740	1	0	0.9263590359663496	0.0736409640336506
DTXSID1040619	1	1	0.7302173900888191	0.26978260991118075
DTXSID1041188	1	1	0.8846560856678046	0.11534391433219564
DTXSID1041425	1	0	0.9465656195827011	0.05343438041729882
DTXSID1041267	1	0	0.9560205930691288	0.04397940693087114
DTXSID1041396	1	0	0.9640767444035997	0.03592325559640022
DTXSID1041891	1	0	0.8802501250801067	0.11974987491989317
DTXSID1041897	1	1	0.7348816568014569	0.265118343198543
DTXSID1042281	1	0	0.8640953378639131	0.1359046621360868
DTXSID1042285	1	0	0.8690086294494547	0.13099137055054522
DTXSID1042154	1	0	0.8268645803339081	0.17313541966609203
DTXSID1044223	1	0	0.6940023048931047	0.30599769510689495
DTXSID1044352	1	0	0.9440966726539685	0.055903327346031616
DTXSID1042570	1	1	0.7822848507879143	0.21771514921208576
DTXSID1044198	1	0	0.9663852186449142	0.033614781355085846
DTXSID1044221	1	0	0.8998287615467188	0.10017123845328138
DTXSID1042499	1	1	0.9040382102815503	0.09596178971845001
DTXSID1044439	1	0	0.9184306891344056	0.08156931086559405
DTXSID1044435	1	0	0.7419923943298512	0.25800760567014885
DTXSID1044437	1	0	0.6617859261962858	0.33821407380371415
DTXSID1044514	1	0	0.6364775776980647	0.36352242230193527
DTXSID1044485	1	0	0.8334430383405833	0.16655696165941664
DTXSID1044356	1	0	0.9229961053226484	0.07700389467735151
DTXSID1044697	1	0	0.8974236960375519	0.1025763039624479
DTXSID1044693	1	0	0.9163114384552833	0.08368856154471677
DTXSID1044647	1	0	0.8683528824099009	0.1316471175900989
DTXSID1044691	1	0	0.8081195619111919	0.1918804380888082
DTXSID1044801	1	0	0.842951854655641	0.15704814534435882
DTXSID1044934	1	0	0.866013222749612	0.13398677725038816
DTXSID1045118	1	0	0.9252125407587877	0.07478745924121234
DTXSID1044936	1	1	0.858248810569362	0.14175118943063786
DTXSID1044851	1	0	0.7741341733588997	0.22586582664110016
DTXSID1044982	1	0	0.7503373951540592	0.24966260484594102
DTXSID1045164	1	0	0.9048582063055091	0.09514179369449079
DTXSID1045291	1	0	0.6214286187704025	0.3785713812295976
DTXSID1045293	1	0	0.7379442345317542	0.2620557654682459
DTXSID1045085	1	0	0.8879337956288053	0.1120662043711947
DTXSID1045328	1	0	0.580133422286251	0.419866577713749
DTXSID1045297	1	0	0.876537837996382	0.123462162003618
DTXSID1045370	1	0	0.8045112895986675	0.1954887104013327
DTXSID1045320	1	0	0.8757370889533551	0.12426291104664475
DTXSID1045324	1	0	0.794923486923768	0.20507651307623198
DTXSID1044859	1	0	0.8051554498469001	0.19484455015309973
DTXSID1045619	1	0	0.9239721966439459	0.07602780335605425
DTXSID1045661	1	0	0.7942328836605237	0.20576711633947653
DTXSID1045663	1	0	0.688102034470102	0.3118979655298982
DTXSID1045538	1	0	0.9153109296732537	0.08468907032674647
DTXSID1045405	1	0	0.9268644439291911	0.07313555607080886
DTXSID1045459	1	0	0.9380166404604257	0.06198335953957431
DTXSID1045580	1	0	0.9300090856453387	0.06999091435466123
DTXSID1045790	1	0	0.9373320114915648	0.06266798850843525
DTXSID1045792	1	0	0.8005257079958793	0.1994742920041208
DTXSID1045794	1	0	0.9320910388341433	0.06790896116585658
DTXSID1046003	1	0	0.9366242740372797	0.06337572596272054
DTXSID1046007	1	0	0.9370612774589084	0.06293872254109156
DTXSID1045798	1	0	0.9450593266725308	0.05494067332746929
DTXSID1045952	1	1	0.9397850463996756	0.06021495360032438
DTXSID1045958	1	0	0.8985513867150217	0.1014486132849783
DTXSID1045906	1	0	0.7469778824445044	0.25302211755549553
DTXSID1045825	1	0	0.9207770150854582	0.07922298491454159
DTXSID1046134	1	1	0.8872401261754992	0.11275987382450095
DTXSID1046180	1	0	0.9015320166950067	0.09846798330499319
DTXSID1046188	1	0	0.7607250833263343	0.23927491667366602
DTXSID1046348	1	0	0.8517921537102071	0.14820784628979292
DTXSID1046504	1	0	0.7108004524466938	0.2891995475533061
DTXSID1046429	1	1	0.8264279479531987	0.17357205204680123
DTXSID1046631	1	0	0.8825084015938028	0.11749159840619698
DTXSID1046768	1	0	0.9381248803093755	0.06187511969062431
DTXSID1046714	1	0	0.8875657136368701	0.11243428636312988
DTXSID1046685	1	0	0.897927006541124	0.10207299345887619
DTXSID1046970	1	1	0.8359688735794598	0.16403112642054027
DTXSID1046847	1	0	0.7667346205197	0.23326537948030007
DTXSID1046974	1	0	0.9096663568770169	0.09033364312298287
DTXSID1047102	1	0	0.9452496532060406	0.05475034679395938
DTXSID1047104	1	0	0.9275127174741854	0.07248728252581464
DTXSID1047150	1	0	0.8683919827524686	0.13160801724753124
DTXSID1047158	1	0	0.9663892946689312	0.03361070533106876
DTXSID1047318	1	0	0.9123542085798404	0.08764579142015955
DTXSID1047285	1	0	0.8189026697827803	0.18109733021721983
DTXSID1047360	1	0	0.7459493355288841	0.25405066447111607
DTXSID1047310	1	1	0.9350257360939468	0.06497426390605313
DTXSID1047312	1	0	0.5716691505444352	0.4283308494555647
DTXSID1047316	1	0	0.9109680657265476	0.0890319342734522
DTXSID1047362	1	1	0.8010345750720765	0.19896542492792324
DTXSID1047287	1	0	0.8449057042692815	0.15509429573071848
DTXSID1047447	1	0	0.9136751337872652	0.08632486621273484
DTXSID1047528	1	0	0.8177322755237364	0.1822677244762639
DTXSID1047497	1	0	0.788464408360406	0.21153559163959415
DTXSID1047607	1	0	0.9132948759461099	0.08670512405388994
DTXSID1047603	1	0	0.9217879435074412	0.0782120564925588
DTXSID1047780	1	0	0.697330422399365	0.3026695776006349
DTXSID1047788	1	0	0.8957991387119139	0.1042008612880862
DTXSID1047605	1	0	0.8454849193313595	0.1545150806686405
DTXSID1047784	1	0	0.9139158306598024	0.08608416934019764
DTXSID1048170	1	0	0.9281912012994777	0.0718087987005222
DTXSID1048172	1	1	0.9213557881542813	0.0786442118457187
DTXSID1048176	1	1	0.928048393790716	0.0719516062092841
DTXSID1048590	1	0	0.9467085162661825	0.0532914837338176
DTXSID1048207	1	0	0.6575707600131013	0.34242923998689867
DTXSID1048209	1	0	0.9474152227068905	0.05258477729310951
DTXSID1048201	1	0	0.920709080882217	0.07929091911778298
DTXSID1048627	1	0	0.916482141205032	0.08351785879496772
DTXSID1048837	1	0	0.8731084717676716	0.1268915282323282
DTXSID1048910	1	0	0.9385315901590752	0.061468409840924894
DTXSID1048679	1	0	0.8203272128794767	0.1796727871205231
DTXSID1048912	1	0	0.7561108209872518	0.24388917901274795
DTXSID1048914	1	0	0.9268996548820336	0.07310034511796627
DTXSID1048839	1	0	0.8295491516273811	0.17045084837261903
DTXSID1048833	1	0	0.8248943640770359	0.17510563592296433
DTXSID1048706	1	0	0.8269656369383981	0.17303436306160194
DTXSID1048916	1	0	0.6665892506254876	0.33341074937451237
DTXSID1048835	1	0	0.8447653971967378	0.15523460280326204
DTXSID1049067	1	0	0.8668618075969463	0.13313819240305355
DTXSID1048918	1	0	0.9382985720502315	0.06170142794976838
DTXSID1049223	1	0	0.7713736819895906	0.2286263180104098
DTXSID1049225	1	0	0.8706011731665171	0.1293988268334827
DTXSID1049227	1	0	0.5446330873332764	0.45536691266672347
DTXSID1049433	1	0	0.7698508382228603	0.2301491617771398
DTXSID1049358	1	0	0.9298891509443638	0.0701108490556363
DTXSID1049431	1	0	0.8368708081808972	0.16312919181910304
DTXSID1049308	1	0	0.9418272221574254	0.05817277784257454
DTXSID1049279	1	0	0.6604758758592881	0.33952412414071187
DTXSID1049697	1	0	0.9392609670853669	0.060739032914633034
DTXSID1051779	0	0	0.9754887642803162	0.024511235719683847
DTXSID1052585	1	0	0.7403899877414399	0.2596100122585601
DTXSID1057666	1	0	0.9190735633447426	0.08092643665525744
DTXSID1051939	1	0	0.8747485045211073	0.12525149547889278
DTXSID1052294	1	0	0.8881484423872466	0.11185155761275338
DTXSID1057612	1	0	0.6930382017997033	0.3069617982002966
DTXSID1052587	0	0	0.9721721235967695	0.027827876403230634
DTXSID1057799	1	0	0.7000808540358842	0.29991914596411584
DTXSID1057820	1	0	0.859783168280452	0.1402168317195479
DTXSID1057741	1	0	0.8440030060062081	0.15599699399379194
DTXSID1057793	1	0	0.8675140647999611	0.13248593520003882
DTXSID1057743	1	0	0.8463721675004815	0.15362783249951853
DTXSID2020054	1	1	0.6538056071670774	0.3461943928329227
DTXSID2020137	1	0	0.3594997939150948	0.6405002060849051
DTXSID2020262	1	0	0.7459883361354717	0.2540116638645281
DTXSID2020399	1	0	0.6443319527159479	0.35566804728405216
DTXSID2020391	1	0	0.8915844931712659	0.10841550682873428
DTXSID2020428	1	0	0.8456423012308328	0.1543576987691671
DTXSID2020557	1	0	0.9094483074023666	0.09055169259763328
DTXSID2020501	1	0	0.7247202331492586	0.27527976685074135
DTXSID2020474	1	0	0.808615941906858	0.19138405809314185
DTXSID2020636	1	0	0.87656932196186	0.12343067803814006
DTXSID2020717	1	0	0.4576842549281184	0.5423157450718815
DTXSID2020767	1	0	0.781659956941838	0.21834004305816207
DTXSID2020898	1	1	0.9554101032313592	0.04458989676864071
DTXSID2021022	1	0	0.8853343979474222	0.11466560205257774
DTXSID2021159	1	0	0.8323165690441694	0.16768343095583066
DTXSID2021151	1	0	0.7402193375492296	0.25978066245077036
DTXSID2021367	1	1	0.9321604266978228	0.06783957330217709
DTXSID2021650	1	0	0.8503204178840624	0.14967958211593754
DTXSID2021577	1	0	0.9178337767287422	0.0821662232712579
DTXSID2021492	1	0	0.8985272740429122	0.10147272595708802
DTXSID2021656	1	0	0.8943434246415007	0.10565657535849936
DTXSID2021781	1	0	0.7156721095691858	0.284327890430814
DTXSID2021789	1	0	0.8005232227480957	0.19947677725190413
DTXSID2021658	1	0	0.9477447388583776	0.05225526114162249
DTXSID2021810	1	0	0.7267063004459655	0.2732936995540344
DTXSID2021604	1	0	0.9429141047936695	0.05708589520633042
DTXSID2021818	1	0	0.951347658230502	0.048652341769497884
DTXSID2021608	1	0	0.9396722019387037	0.06032779806129629
DTXSID2021735	1	0	0.9393379056293322	0.06066209437066767
DTXSID2022048	1	0	0.8510669931834092	0.14893300681659086
DTXSID2022121	1	0	0.8494140099621871	0.15058599003781298
DTXSID2022331	1	0	0.7361085662026573	0.26389143379734264
DTXSID2022333	1	0	0.9497798688056203	0.05022013119437982
DTXSID2022127	1	0	0.5357557481654601	0.4642442518345399
DTXSID2022381	1	1	0.519312216370067	0.480687783629933
DTXSID2022674	1	0	0.7482510459927666	0.2517489540072334
DTXSID2022462	1	0	0.6707261159645941	0.3292738840354059
DTXSID2022676	1	0	0.9519553117529052	0.04804468824709481
DTXSID2022541	1	0	0.6087630829830978	0.3912369170169024
DTXSID2022595	1	0	0.8505160172628273	0.14948398273717253
DTXSID2022628	1	0	0.8115495373738602	0.18845046262613996
DTXSID2022753	1	0	0.892635495992397	0.10736450400760292
DTXSID2023222	1	0	0.8844990803817978	0.11550091961820223
DTXSID2023519	1	0	0.8201486101714712	0.17985138982852886
DTXSID2023307	1	0	0.8509315544001966	0.1490684455998033
DTXSID2023064	1	0	0.8564546125536238	0.14354538744637615
DTXSID2023068	1	0	0.8789196851267586	0.12108031487324146
DTXSID2023480	1	0	0.733674664635837	0.2663253353641629
DTXSID2023309	1	0	0.8216165954146208	0.17838340458537905
DTXSID2023488	1	0	0.8283470825294195	0.1716529174705806
DTXSID2023143	1	0	0.944142863717404	0.05585713628259615
DTXSID2023775	1	0	0.8958083579312	0.10419164206880005
DTXSID2023569	1	1	0.9300660172548759	0.06993398274512398
DTXSID2023642	1	0	0.7212964586849218	0.27870354131507835
DTXSID2024113	1	0	0.821083470036419	0.17891652996358093
DTXSID2024589	1	0	0.9041613421579393	0.09583865784206043
DTXSID2024664	1	0	0.9438788586517755	0.05612114134822461
DTXSID2025139	1	1	0.6218737982612501	0.3781262017387498
DTXSID2025058	1	1	0.6046394527972111	0.3953605472027889
DTXSID2025264	1	0	0.7438806386213651	0.25611936137863467
DTXSID2025345	1	0	0.9215070182256597	0.07849298177434029
DTXSID2025347	1	0	0.9390436634229973	0.060956336577002605
DTXSID2025210	1	0	0.7778154236458921	0.2221845763541079
DTXSID2025422	1	0	0.8673755689382256	0.13262443106177443
DTXSID2025478	1	0	0.9659160446588189	0.03408395534118112
DTXSID2025680	1	0	0.8416202540376484	0.15837974596235188
DTXSID2025501	1	0	0.9459758371974558	0.054024162802544386
DTXSID2025503	1	0	0.7124968253862095	0.28750317461379066
DTXSID2026074	1	0	0.8285970332464468	0.1714029667535532
DTXSID2025975	1	0	0.9409680244851456	0.0590319755148545
DTXSID2026022	1	0	0.9318655112833236	0.06813448871667654
DTXSID2026446	1	0	0.8835581807802579	0.11644181921974221
DTXSID2025896	1	0	0.9304462313266801	0.0695537686733197
DTXSID2025925	1	0	0.753083418478537	0.24691658152146312
DTXSID2026232	1	0	0.8318507626388183	0.16814923736118165
DTXSID2026608	1	0	0.7408544331881787	0.2591455668118214
DTXSID2026991	1	0	0.9055723832691756	0.09442761673082452
DTXSID2026739	1	0	0.6974506212563487	0.3025493787436513
DTXSID2027044	1	0	0.9014617162535599	0.09853828374643991
DTXSID2027175	1	0	0.8878836826855986	0.11211631731440118
DTXSID2027094	1	0	0.8501574614705417	0.14984253852945803
DTXSID2027254	1	0	0.9602816570913126	0.03971834290868732
DTXSID2027258	1	0	0.9537082397233134	0.04629176027668655
DTXSID2027599	1	0	0.8602646801947038	0.13973531980529613
DTXSID2027832	1	0	0.9206754503008633	0.07932454969913691
DTXSID2027884	1	0	0.9552155197236627	0.04478448027633725
DTXSID2027886	1	0	0.8745149307223995	0.1254850692776004
DTXSID2028010	1	0	0.9186303010322583	0.08136969896774164
DTXSID2031089	1	1	0.9308564844201002	0.0691435155798999
DTXSID2030695	1	0	0.6599207706013132	0.34007922939868684
DTXSID2032550	1	1	0.9088813407474442	0.09111865925255605
DTXSID2032554	1	0	0.8884843659730571	0.11151563402694294
DTXSID2032398	1	1	0.3363220634278214	0.6636779365721786
DTXSID2032639	1	0	0.7958842207808435	0.2041157792191566
DTXSID2032631	1	0	0.8324378487709214	0.1675621512290786
DTXSID2033493	1	0	0.9343994011997536	0.06560059880024632
DTXSID2034255	1	0	0.9607570494262201	0.039242950573779835
DTXSID2034259	1	0	0.9409412363885791	0.059058763611420866
DTXSID2033736	1	1	0.9298607699844856	0.07013923001551425
DTXSID2034091	1	0	0.9517131822398102	0.04828681776018987
DTXSID2033281	1	0	0.8396691321725118	0.16033086782748807
DTXSID2034590	1	1	0.9303982296918928	0.06960177030810723
DTXSID2034382	1	0	0.5297474027067666	0.4702525972932335
DTXSID2035481	1	0	0.75552095108563	0.24447904891437006
DTXSID2036588	1	1	0.6945682984619884	0.3054317015380116
DTXSID2036827	1	0	0.18622252066395484	0.8137774793360449
DTXSID2037502	1	1	0.8707333387867784	0.12926666121322183
DTXSID2037714	1	0	0.6122741024358035	0.3877258975641965
DTXSID2038788	1	0	0.842663713286371	0.15733628671362898
DTXSID2040151	1	0	0.9302159446947365	0.06978405530526352
DTXSID2040608	1	0	0.9281953663036342	0.07180463369636561
DTXSID2040236	1	0	0.8832751839189427	0.11672481608105738
DTXSID2040731	1	0	0.7895894409275043	0.21041055907249542
DTXSID2040284	1	0	0.8299129422850899	0.17008705771491037
DTXSID2040733	1	1	0.767936293310116	0.23206370668988385
DTXSID2041252	1	0	0.688785174816348	0.3112148251836521
DTXSID2040787	1	1	0.5161836888523803	0.4838163111476198
DTXSID6028492	1	1	0.5161836888523803	0.4838163111476198
DTXSID2041200	1	0	0.5877702335255536	0.4122297664744465
DTXSID2041418	1	0	0.9015915098251374	0.09840849017486263
DTXSID2041460	1	0	0.8435568008171754	0.15644319918282448
DTXSID2041541	1	0	0.9097571003219527	0.0902428996780473
DTXSID2041622	1	0	0.9077732125865647	0.09222678741343521
DTXSID2042276	1	1	0.6850563629451507	0.3149436370548494
DTXSID2043747	1	0	0.8798242971957089	0.12017570280429088
DTXSID2041886	1	0	0.7678908579952287	0.23210914200477134
DTXSID2041672	1	0	0.8495119945848572	0.15048800541514318
DTXSID2041674	1	0	0.8957606981772108	0.10423930182278911
DTXSID2043874	1	0	0.6561085599438388	0.3438914400561614
DTXSID2042195	1	0	0.869400872555006	0.13059912744499413
DTXSID2044000	1	0	0.90546149463206	0.09453850536793991
DTXSID2044002	1	0	0.8565987971751954	0.1434012028248047
DTXSID2044137	1	0	0.8694668176084158	0.1305331823915842
DTXSID2044420	1	0	0.7761280810510623	0.22387191894893754
DTXSID2044399	1	0	0.9300758654474653	0.06992413455253457
DTXSID2044218	1	0	0.9000276331739081	0.09997236682609209
DTXSID2044391	1	0	0.7162411096458035	0.28375889035419666
DTXSID2044393	1	0	0.9268657044649049	0.07313429553509514
DTXSID2044472	1	0	0.906346607698181	0.09365339230181895
DTXSID2044470	1	0	0.9460133517628261	0.05398664823717402
DTXSID2044503	1	0	0.7515531309833856	0.2484468690166145
DTXSID2044765	1	0	0.9382790899161295	0.06172091008387055
DTXSID2044719	1	0	0.8596771724278851	0.14032282757211517
DTXSID2044763	1	0	0.7736097305830507	0.22639026941694895
DTXSID2044769	1	0	0.9203814148575773	0.07961858514242263
DTXSID2044921	1	0	0.8848508464087271	0.11514915359127292
DTXSID2044898	1	0	0.8971218989330423	0.10287810106695777
DTXSID2044848	1	0	0.9475224876517503	0.05247751234824987
DTXSID2044923	1	1	0.7924285878028654	0.20757141219713449
DTXSID2044925	1	0	0.6845797279755276	0.31542027202447226
DTXSID2044890	1	0	0.5	0.5
DTXSID2044892	1	0	0.5618621983059469	0.43813780169405325
DTXSID2044927	1	0	0.8948509124519652	0.1051490875480344
DTXSID2045107	1	0	0.8342518572388622	0.16574814276113783
DTXSID2045076	1	0	0.9384747264044943	0.06152527359550589
DTXSID2044973	1	0	0.9506075161675082	0.04939248383249176
DTXSID2045232	1	0	0.8984838490718466	0.10151615092815329
DTXSID2045280	1	0	0.6377364889945483	0.3622635110054517
DTXSID2045575	1	0	0.8891927739784288	0.11080722602157135
DTXSID2045315	1	0	0.9364165575273441	0.0635834424726562
DTXSID2045527	1	0	0.8993627190853604	0.10063728091463947
DTXSID2045781	1	1	0.7479779417551049	0.252022058244895
DTXSID2045868	1	0	0.9185037028386297	0.0814962971613704
DTXSID2045600	1	0	0.9629500439549668	0.0370499560450331
DTXSID2045941	1	0	0.7679292150313309	0.23207078496866893
DTXSID2045656	1	0	0.5211886997917387	0.4788113002082614
DTXSID2045810	1	0	0.7775829839910989	0.22241701600890101
DTXSID2046090	1	0	0.5919672671565933	0.4080327328434067
DTXSID2046092	1	1	0.9279606497907966	0.0720393502092033
DTXSID2045860	1	1	0.8563082702245611	0.14369172977543895
DTXSID2046410	1	0	0.8528030726728218	0.14719692732717815
DTXSID2046412	1	0	0.888498337203957	0.11150166279604304
DTXSID2046385	1	0	0.9133206759157498	0.08667932408425008
DTXSID2046123	1	0	0.8542485900348676	0.1457514099651325
DTXSID2046418	1	0	0.830280981214447	0.1697190187855529
DTXSID2046464	1	0	0.8963258437367896	0.10367415626321055
DTXSID2046599	1	0	0.9009257554600996	0.09907424453990026
DTXSID2046543	1	0	0.8438370128067516	0.15616298719324856
DTXSID2046545	1	1	0.9110879622917047	0.08891203770829509
DTXSID2046670	1	0	0.8557474488575968	0.1442525511424032
DTXSID2046882	1	0	0.9012627314604333	0.09873726853956646
DTXSID2046591	1	1	0.7452368301844052	0.25476316981559466
DTXSID2046678	1	0	0.9491138626816364	0.0508861373183635
DTXSID2046705	1	0	0.9506246256268838	0.04937537437311628
DTXSID2046911	1	0	0.9175434078320697	0.08245659216793036
DTXSID2047064	1	0	0.8885019464078852	0.11149805359211482
DTXSID2047270	1	1	0.7140125971568033	0.285987402843197
DTXSID2047066	1	0	0.9206416731831449	0.07935832681685503
DTXSID2047145	1	0	0.8767132462513623	0.1232867537486379
DTXSID2047191	1	0	0.7701529350228526	0.2298470649771473
DTXSID2047303	1	1	0.9072069925996081	0.09279300740039183
DTXSID2047353	1	1	0.8826405573896662	0.11735944261033411
DTXSID2047359	1	0	0.8565352524574622	0.14346474754253757
DTXSID2047519	1	0	0.9437412423574664	0.05625875764253365
DTXSID2047567	1	0	0.9325555964103732	0.0674444035896268
DTXSID2047646	1	0	0.9248397506039098	0.0751602493960904
DTXSID2047569	1	0	0.6146749102337359	0.38532508976626406
DTXSID2047648	1	0	0.923968915332012	0.07603108466798804
DTXSID2047773	1	0	0.8101997559888475	0.1898002440111523
DTXSID2047775	1	0	0.917045505930809	0.08295449406919074
DTXSID2047777	1	0	0.8540789459260177	0.14592105407398204
DTXSID2047725	1	0	0.8699036794441013	0.13009632055589856
DTXSID2047727	1	0	0.6876361810838308	0.3123638189161693
DTXSID2047933	1	0	0.7487348544911538	0.2512651455088463
DTXSID2048167	1	0	0.894720680231342	0.10527931976865813
DTXSID2047935	1	1	0.5900864862554439	0.4099135137445561
DTXSID2047806	1	0	0.9400159436321552	0.05998405636784476
DTXSID2048161	1	0	0.7684354978487644	0.2315645021512355
DTXSID2047856	1	0	0.6659245068857874	0.33407549311421253
DTXSID2047804	1	0	0.9281558518876599	0.07184414811234019
DTXSID2048799	1	0	0.8256565709950435	0.17434342900495645
DTXSID2048820	1	0	0.809229288692372	0.190770711307628
DTXSID2048666	1	0	0.7795769310618313	0.22042306893816868
DTXSID2048618	1	0	0.958098050237904	0.04190194976209594
DTXSID2048795	1	0	0.8949085938104103	0.10509140618958952
DTXSID2048662	1	0	0.9264297865266603	0.07357021347333968
DTXSID2048797	1	1	0.875043763730268	0.1249562362697317
DTXSID2048901	1	0	0.8824189580620058	0.11758104193799437
DTXSID2048905	1	1	0.9045667595280548	0.09543324047194535
DTXSID2048870	1	0	0.8843177298078245	0.11568227019217549
DTXSID2048959	1	0	0.8704498129447987	0.12955018705520116
DTXSID2048828	1	0	0.8773603967213511	0.12263960327864906
DTXSID2049050	1	0	0.7340888375152358	0.265911162484764
DTXSID2049052	1	0	0.7396776915590043	0.2603223084409958
DTXSID2049210	1	1	0.8897712777326396	0.11022872226736025
DTXSID2049268	1	0	0.885653419590909	0.11434658040909088
DTXSID2049393	1	0	0.9203973527416737	0.07960264725832643
DTXSID2049426	1	0	0.9354788419147704	0.06452115808522957
DTXSID2049399	1	0	0.8961156314373584	0.10388436856264167
DTXSID2049422	1	0	0.7913158906371098	0.2086841093628901
DTXSID2049428	1	0	0.8126088191986899	0.1873911808013102
DTXSID2051631	1	0	0.7430877045038429	0.2569122954961571
DTXSID2051716	1	0	0.9506917556923762	0.04930824430762373
DTXSID2051764	1	0	0.8723287541142838	0.1276712458857164
DTXSID2057603	1	0	0.962158208535178	0.03784179146482208
DTXSID2057655	1	1	0.891638841834696	0.10836115816530392
DTXSID2057657	1	0	0.826980292836261	0.17301970716373896
DTXSID2057734	1	0	0.7459240803259144	0.25407591967408566
DTXSID2057736	1	0	0.8964992210533638	0.10350077894663606
DTXSID2057738	1	0	0.8785091758934862	0.12149082410651389
DTXSID2057819	1	0	0.7248454143792635	0.2751545856207362
DTXSID2057732	1	0	0.8135501881934623	0.18644981180653772
DTXSID2057811	1	0	0.8219939464958506	0.17800605350414925
DTXSID3020095	1	0	0.7106549469953399	0.2893450530046601
DTXSID3020091	1	0	0.7879214380375299	0.21207856196247
DTXSID3020043	1	0	0.9252316126774183	0.07476838732258169
DTXSID3020122	1	1	0.789553462094417	0.21044653790558296
DTXSID3020120	1	1	0.825896962547156	0.17410303745284403
DTXSID3020209	1	0	0.6936567844865386	0.30634321551346155
DTXSID3020205	1	0	0.5716264384131196	0.4283735615868804
DTXSID3020257	1	1	0.7611590498440959	0.2388409501559042
DTXSID3020419	1	1	0.9066369783348941	0.09336302166510574
DTXSID3020463	1	0	0.94306451842762	0.05693548157237995
DTXSID3020330	1	0	0.6174159062176664	0.38258409378233343
DTXSID3020465	1	1	0.6219614095240679	0.3780385904759324
DTXSID3020548	1	1	0.9233488970870485	0.07665110291295149
DTXSID3020596	1	0	0.9443486043734669	0.05565139562653304
DTXSID3020540	1	0	0.6000527352435571	0.399947264756443
DTXSID3020708	1	0	0.83634977099484	0.1636502290051598
DTXSID3020750	1	0	0.9394760205215746	0.06052397947842534
DTXSID3020912	1	0	0.7777023638825556	0.22229763611744416
DTXSID3021144	1	0	0.8875517911347681	0.11244820886523198
DTXSID3021277	1	0	0.870522499816602	0.1294775001833979
DTXSID3021140	1	0	0.45792032932574916	0.5420796706742509
DTXSID3021192	1	1	0.7167138719598571	0.2832861280401428
DTXSID3021190	1	0	0.9023037323131284	0.0976962676868716
DTXSID3021431	0	0	0.9739357041079516	0.026064295892048246
DTXSID3021221	1	0	0.9415661612309766	0.05843383876902351
DTXSID3021483	1	0	0.9288724332973194	0.07112756670268072
DTXSID3021516	1	0	0.9592715228738113	0.040728477126188566
DTXSID3021518	1	0	0.745922636117503	0.2540773638824967
DTXSID3021487	1	0	0.8657857564884713	0.13421424351152872
DTXSID3021485	1	0	0.8637078688516661	0.13629213114833388
DTXSID3021647	1	0	0.8413352508057218	0.15866474919427814
DTXSID3021726	1	0	0.8826961912496466	0.11730380875035332
DTXSID3021803	1	0	0.8937494922627506	0.1062505077372495
DTXSID3021805	1	0	0.7432703413146998	0.25672965868530007
DTXSID3021778	1	0	0.7268039783135829	0.273196021686417
DTXSID3021982	1	0	0.9600120502078959	0.039987949792103974
DTXSID3021986	1	0	0.8577041795480203	0.14229582045197936
DTXSID3022320	1	0	0.9286911774382026	0.07130882256179734
DTXSID3022164	1	0	0.7289622977571699	0.27103770224282997
DTXSID3022160	1	0	0.6529604970557166	0.3470395029442833
DTXSID3022582	1	0	0.9021467018588968	0.09785329814110294
DTXSID3022584	1	0	0.9379825955211046	0.062017404478895526
DTXSID3022748	1	0	0.933326617667795	0.06667338233220495
DTXSID3022663	1	1	0.846338159929397	0.153661840070603
DTXSID3022821	1	0	0.9330013770011736	0.06699862299882643
DTXSID3022950	1	0	0.7544692836044334	0.24553071639556656
DTXSID3023051	1	0	0.8192266622340694	0.18077333776593055
DTXSID3023188	1	0	0.8173146613175954	0.18268533868240447
DTXSID3022958	1	0	0.7818593457533609	0.2181406542466393
DTXSID3023427	1	0	0.9004055469573338	0.099594453042666
DTXSID3023471	1	0	0.8623479892149227	0.13765201078507713
DTXSID3023508	1	0	0.7864653070556312	0.21353469294436891
DTXSID3023265	1	0	0.9063226723942966	0.09367732760570335
DTXSID3023550	1	1	0.9519795385908894	0.048020461409110704
DTXSID3023340	1	0	0.9239775893501352	0.07602241064986485
DTXSID3023425	1	0	0.5797504781121202	0.4202495218878799
DTXSID3023687	1	0	0.7207312157860714	0.27926878421392876
DTXSID3024154	1	0	0.9171924808244755	0.08280751917552455
DTXSID3024152	1	0	0.8368026764408599	0.16319732355914013
DTXSID3024100	1	0	0.8006889447373476	0.19931105526265241
DTXSID3024239	1	1	0.7626921464999858	0.23730785350001402
DTXSID3024362	1	0	0.9219082154109826	0.07809178458901726
DTXSID3024441	1	0	0.8415611846377234	0.15843881536227658
DTXSID3024499	1	1	0.37925462328249393	0.6207453767175061
DTXSID3024522	1	0	0.9251468047928195	0.07485319520718033
DTXSID3024786	1	0	0.9286249947115381	0.07137500528846165
DTXSID3025041	1	0	0.904613736108348	0.09538626389165189
DTXSID3025257	1	0	0.8335278117020507	0.16647218829794913
DTXSID3025253	1	1	0.9280489217137592	0.07195107828624075
DTXSID3025330	1	0	0.9389435568759611	0.06105644312403889
DTXSID3025332	1	0	0.8936425463522022	0.1063574536477977
DTXSID3025461	1	1	0.9397881205984879	0.06021187940151216
DTXSID3025540	1	1	0.8562161329796717	0.14378386702032825
DTXSID3025542	1	0	0.895799081065491	0.10420091893450889
DTXSID3026223	1	0	0.7969916056162593	0.2030083943837408
DTXSID3026279	1	0	0.6517753868224273	0.3482246131775726
DTXSID3025881	1	0	0.429517932726327	0.5704820672736729
DTXSID3026514	1	0	0.886668248122531	0.11333175187746886
DTXSID3026560	1	0	0.7933514841845927	0.20664851581540733
DTXSID3026564	1	0	0.8492429725651907	0.15075702743480932
DTXSID3026512	1	0	0.8265408795593364	0.1734591204406639
DTXSID3026691	1	0	0.8764963627015977	0.12350363729840244
DTXSID3026647	1	0	0.803739239065477	0.19626076093452283
DTXSID3026724	1	0	0.8560938438867627	0.14390615611323737
DTXSID3027249	1	0	0.9220971078148581	0.07790289218514208
DTXSID3027293	1	0	0.9220346363861367	0.07796536361386315
DTXSID3027530	1	0	0.662217475478214	0.3377825245217859
DTXSID3027534	1	0	0.9483447792207205	0.051655220779279566
DTXSID3027790	1	0	0.8633541985990587	0.13664580140094135
DTXSID3027586	1	0	0.9177717500417577	0.08222824995824238
DTXSID3027588	1	0	0.9276043787823718	0.0723956212176282
DTXSID3027615	1	0	0.8930348133621009	0.10696518663789915
DTXSID3027792	1	0	0.8984091475530921	0.10159085244690777
DTXSID3027950	1	1	0.607154502734723	0.39284549726527707
DTXSID3029281	1	0	0.8431526019314758	0.15684739806852438
DTXSID3029289	1	0	0.8898738470881349	0.11012615291186498
DTXSID3029283	1	0	0.863828965935794	0.13617103406420605
DTXSID3029312	1	0	0.6605668283441892	0.33943317165581094
DTXSID3028005	1	0	0.8493582638652607	0.15064173613473922
DTXSID3029651	1	1	0.8715781137625592	0.12842188623744075
DTXSID3029233	1	0	0.8958061653772594	0.10419383462274036
DTXSID3029572	1	1	0.7271711325542249	0.27282886744577484
DTXSID3029607	1	0	0.6424721412642298	0.3575278587357701
DTXSID3030189	1	0	0.7691087587423717	0.23089124125762844
DTXSID3031492	1	0	0.9567983753835041	0.04320162461649598
DTXSID3031521	1	0	0.8538896836999351	0.1461103163000647
DTXSID3030428	1	0	0.9131079628206548	0.08689203717934496
DTXSID3032624	1	0	0.8338535682018124	0.16614643179818733
DTXSID3032832	1	0	0.8106965851266597	0.18930341487334026
DTXSID3033276	1	0	0.9364020144748092	0.06359798552519084
DTXSID3033307	1	1	0.41905429521098475	0.5809457047890152
DTXSID3033519	1	0	0.8686440696163841	0.13135593038361598
DTXSID3034402	1	0	0.6686456268888638	0.33135437311113614
DTXSID3034458	1	0	0.904373906856109	0.09562609314389106
DTXSID3034456	1	0	0.7796025313724535	0.22039746862754658
DTXSID3035214	1	0	0.9632306214367704	0.03676937856322957
DTXSID3037094	1	1	0.8652032046621548	0.13479679533784503
DTXSID3037545	1	0	0.7927903848863654	0.2072096151136346
DTXSID3038694	1	0	0.7425721186173089	0.2574278813826911
DTXSID3038696	1	0	0.9109350263599467	0.08906497364005334
DTXSID3039242	1	0	0.9234222956155019	0.07657770438449803
DTXSID3038771	1	0	0.9331404735640814	0.06685952643591861
DTXSID3040728	1	0	0.92186818289306	0.07813181710694007
DTXSID3040693	1	0	0.8897305616125819	0.11026943838741819
DTXSID3040770	1	0	0.6219614095240679	0.3780385904759324
DTXSID3041293	1	0	0.7780719741694847	0.22192802583051532
DTXSID3041328	1	0	0.7663120158536918	0.2336879841463082
DTXSID3041247	1	0	0.7173983881283096	0.2826016118716905
DTXSID3040776	1	0	0.898129297454168	0.10187070254583196
DTXSID3041085	1	0	0.909024042755926	0.09097595724407394
DTXSID3040724	1	0	0.9325443612481007	0.06745563875189925
DTXSID3041877	1	0	0.9423397677556925	0.05766023224430758
DTXSID3041665	1	1	0.5583047006611764	0.4416952993388237
DTXSID3041744	1	0	0.8909762303868975	0.10902376961310219
DTXSID3041663	1	0	0.8461436701356231	0.15385632986437706
DTXSID3041619	1	0	0.7905795808703231	0.20942041912967715
DTXSID3041661	1	0	0.7394145266165316	0.26058547338346844
DTXSID3042053	1	1	0.8308628833599491	0.1691371166400507
DTXSID3042130	1	0	0.5639115517168437	0.43608844828315635
DTXSID3042390	1	1	0.8972849250614785	0.10271507493852147
DTXSID3042219	1	0	0.9505353754406187	0.04946462455938128
DTXSID3044332	1	0	0.8853698485581564	0.11463015144184356
DTXSID3044334	0	0	0.9751645763714418	0.024835423628558055
DTXSID3044380	1	0	0.753542108619314	0.24645789138068602
DTXSID3042500	1	1	0.7007649531616683	0.29923504683833146
DTXSID3043782	1	0	0.8322675828856505	0.16773241711434955
DTXSID3044251	1	0	0.6307335259556769	0.3692664740443231
DTXSID3044201	1	0	0.9254214441035118	0.07457855589648811
DTXSID3044203	1	1	0.8167658875661409	0.18323411243385912
DTXSID3044461	1	0	0.9400090099703315	0.05999099002966853
DTXSID3044384	1	0	0.9215038309100487	0.07849616908995138
DTXSID3044590	1	1	0.92675168116372	0.07324831883627998
DTXSID3044702	1	0	0.9200786887331622	0.07992131126683757
DTXSID3044887	1	0	0.8049399246738941	0.19506007532610592
DTXSID3044833	1	0	0.9345191347287	0.06548086527129998
DTXSID3044835	1	0	0.5201897296180421	0.4798102703819577
DTXSID3044960	1	0	0.6514893694649833	0.34851063053501685
DTXSID3044966	1	0	0.554938860625909	0.44506113937409103
DTXSID3044916	1	0	0.6936555153106291	0.3063444846893708
DTXSID3044758	1	0	0.8751842125226169	0.12481578747738288
DTXSID3045229	1	0	0.8736577836942242	0.12634221630577594
DTXSID3045198	1	1	0.8554044238125896	0.14459557618741029
DTXSID3045140	1	1	0.845637409826224	0.15436259017377613
DTXSID3045271	1	0	0.7808520328747212	0.21914796712527895
DTXSID3045300	1	0	0.7558854360518087	0.24411456394819125
DTXSID3045190	1	0	0.9152953200400381	0.08470467995996177
DTXSID3045435	1	0	0.7798666026757242	0.22013339732427592
DTXSID3045485	1	0	0.7430858046067893	0.2569141953932109
DTXSID3045649	1	0	0.894616138785199	0.10538386121480095
DTXSID3045697	1	0	0.9023311721799815	0.0976688278200184
DTXSID3045560	1	0	0.9099713030817174	0.09002869691828273
DTXSID3045562	1	0	0.9391180001936801	0.060881999806319656
DTXSID3045859	1	0	0.8192980965723764	0.1807019034276236
DTXSID3046083	1	1	0.8231555992280242	0.17684440077197597
DTXSID3045770	1	0	0.7891901613554971	0.21080983864450265
DTXSID3045851	1	0	0.8464150660712569	0.15358493392874306
DTXSID3046114	1	0	0.42335063602169487	0.5766493639783052
DTXSID3046320	1	0	0.865959880403033	0.1340401195969668
DTXSID3046324	1	0	0.9071217961013879	0.09287820389861216
DTXSID3046295	1	0	0.862925191314017	0.13707480868598293
DTXSID3046326	1	0	0.8665482597495114	0.13345174025048856
DTXSID3046299	1	0	0.7831423876072674	0.21685761239273263
DTXSID3046403	1	0	0.8121142906184207	0.18788570938157934
DTXSID3046451	1	0	0.8294629794117808	0.17053702058821918
DTXSID3046536	1	0	0.8432022161620923	0.15679778383790755
DTXSID3046580	1	0	0.7841767910049924	0.21582320899500754
DTXSID3046584	1	0	0.8310993754756373	0.168900624524363
DTXSID3046665	1	0	0.840208012757062	0.159791987242938
DTXSID3046459	1	0	0.8691674756600543	0.1308325243399458
DTXSID3046821	0	0	0.975155967629721	0.024844032370278872
DTXSID3046908	1	0	0.9345415453569167	0.06545845464308346
DTXSID3046744	1	0	0.639249144528586	0.3607508554714141
DTXSID3047059	1	0	0.9413572106728102	0.05864278932718995
DTXSID3047130	1	0	0.8852199477118128	0.11478005228818708
DTXSID3047134	1	0	0.9370131846275468	0.06298681537245321
DTXSID3047057	1	0	0.9475393301319643	0.05246066986803572
DTXSID3047186	1	0	0.7480033073004576	0.2519966926995427
DTXSID3047188	0	0	0.9709033169413083	0.02909668305869188
DTXSID3047348	1	1	0.48415251307676604	0.515847486923234
DTXSID3047265	1	0	0.9092544615620312	0.09074553843796894
DTXSID3047261	1	0	0.8882308290567102	0.11176917094328973
DTXSID3047425	1	0	0.640714778255925	0.35928522174407485
DTXSID3047504	1	0	0.9080963406254814	0.09190365937451836
DTXSID3047558	1	0	0.8113711268865595	0.18862887311344037
DTXSID3047556	1	0	0.8709043734904474	0.12909562650955253
DTXSID3047554	1	0	0.8566108335803984	0.14338916641960137
DTXSID3047843	1	0	0.8524964219040603	0.1475035780959399
DTXSID3047681	1	0	0.8553588975913875	0.14464110240861275
DTXSID3047891	1	0	0.5168045063007014	0.48319549369929843
DTXSID3048522	1	0	0.9112948607285399	0.08870513927146001
DTXSID3047895	1	1	0.7419695936771713	0.25803040632282853
DTXSID3047974	1	1	0.8083047414269386	0.19169525857306133
DTXSID3048576	1	0	0.9618072475243143	0.03819275247568575
DTXSID3048786	1	1	0.7931743463702539	0.20682565362974611
DTXSID3048655	1	0	0.7928827486315304	0.20711725136846948
DTXSID3048605	1	0	0.9334912190809472	0.06650878091905292
DTXSID3048657	1	1	0.9609541741729711	0.03904582582702888
DTXSID3048653	1	1	0.9093454000717268	0.09065459992827336
DTXSID3048869	1	0	0.8482491032365385	0.15175089676346135
DTXSID3048788	1	0	0.9531782338806507	0.046821766119349364
DTXSID3048811	1	0	0.7315857362869216	0.26841426371307847
DTXSID3048815	1	0	0.8607917317681654	0.1392082682318347
DTXSID3048948	1	0	0.8165818920599865	0.18341810794001343
DTXSID3048992	1	0	0.9339841441382125	0.06601585586178756
DTXSID3049330	1	0	0.9238820058060969	0.07611799419390324
DTXSID3049334	1	0	0.9612251992825662	0.03877480071743391
DTXSID3049047	1	1	0.7773253808739728	0.2226746191260273
DTXSID3049380	1	0	0.9395117155738862	0.06048828442611388
DTXSID3049382	1	0	0.9263088037172118	0.07369119628278803
DTXSID3049419	1	0	0.9324062687194027	0.06759373128059719
DTXSID3049413	1	0	0.8282396377970049	0.17176036220299512
DTXSID3049415	1	0	0.9409250274448993	0.059074972555100684
DTXSID3052278	1	0	0.9055095519589541	0.09449044804104574
DTXSID3052301	1	0	0.9461149330319463	0.05388506696805366
DTXSID3051707	1	0	0.9161030892812775	0.08389691071872249
DTXSID3052648	1	0	0.9071801928018242	0.09281980719817573
DTXSID3057698	0	0	0.9726701300846659	0.027329869915334117
DTXSID3057644	1	1	0.8907550706200982	0.1092449293799016
DTXSID3057723	1	0	0.8647612462849789	0.13523875371502114
DTXSID3057725	1	0	0.8864252560509316	0.11357474394906844
DTXSID3057729	1	0	0.8583965046379461	0.14160349536205386
DTXSID3057771	1	0	0.874694755187378	0.12530524481262165
DTXSID3057646	1	0	0.9096175795887207	0.09038242041127936
DTXSID3057648	1	0	0.930882974016481	0.06911702598351926
DTXSID3057777	1	0	0.6614083551301724	0.3385916448698277
DTXSID3057802	1	1	0.7905582176156203	0.20944178238437944
DTXSID3057804	1	0	0.6950498629190538	0.3049501370809462
DTXSID3057858	1	0	0.8871990413448311	0.11280095865516908
DTXSID3057808	1	0	0.9108709636297296	0.08912903637027046
DTXSID3057850	1	0	0.9381048834920838	0.061895116507916126
DTXSID4020161	1	0	0.9129944429412977	0.08700555705870229
DTXSID4020167	1	0	0.9073663878628898	0.09263361213711009
DTXSID4020113	1	0	0.8363759769301705	0.16362402306982943
DTXSID4020242	1	1	0.9152866860440294	0.08471331395597052
DTXSID4020327	1	0	0.8754925561739237	0.1245074438260764
DTXSID4020587	1	0	0.9405078981691781	0.059492101830821764
DTXSID4020589	1	0	0.5175454965385692	0.482454503461431
DTXSID4020539	1	0	0.8238463849551705	0.1761536150448293
DTXSID4020612	1	0	0.9116180229128588	0.08838197708714136
DTXSID4020581	1	0	0.8722784447593275	0.12772155524067272
DTXSID4020583	1	0	0.9638685594818426	0.036131440518157344
DTXSID4020749	1	0	0.7681124270947118	0.2318875729052882
DTXSID4020791	1	0	0.9108115945122205	0.08918840548777947
DTXSID4020901	1	0	0.850166711292242	0.14983328870775797
DTXSID4021135	1	1	0.7952387807008267	0.20476121929917313
DTXSID4021218	1	0	0.8977406116883063	0.10225938831169373
DTXSID4021212	1	0	0.8260740984444283	0.17392590155557192
DTXSID4021214	1	1	0.748017869049159	0.25198213095084093
DTXSID4021189	1	0	0.9220365749531702	0.07796342504683013
DTXSID4021347	1	0	0.9345224816027109	0.06547751839728926
DTXSID4021426	1	1	0.9423898989047251	0.057610101095274764
DTXSID4021424	1	0	0.9517630495705526	0.04823695042944753
DTXSID4021472	1	0	0.9401265640170344	0.05987343598296571
DTXSID4021636	1	0	0.8947456690825277	0.10525433091747217
DTXSID4021634	1	0	0.957973977018353	0.04202602298164695
DTXSID4021680	1	0	0.9168699108257344	0.08313008917426537
DTXSID4021761	1	0	0.9656811062100048	0.034318893789995294
DTXSID4022020	1	0	0.866974399768166	0.13302560023183385
DTXSID4021977	1	0	0.639699173559611	0.360300826440389
DTXSID4022284	0	0	0.9682746844212891	0.03172531557871096
DTXSID4022288	1	0	0.756460468808693	0.24353953119130717
DTXSID4022315	1	1	0.7513519170731395	0.24864808292686044
DTXSID4022446	1	0	0.5319496129174895	0.46805038708251046
DTXSID4022523	1	0	0.61674061714757	0.38325938285243005
DTXSID4022527	1	0	0.7939331456703592	0.20606685432964061
DTXSID4022525	1	1	0.6423190296858604	0.35768097031413953
DTXSID4022731	1	0	0.5502925281024039	0.4497074718975961
DTXSID4022602	1	0	0.9389760687163277	0.061023931283672464
DTXSID4022785	1	0	0.9266229040845676	0.0733770959154323
DTXSID4022783	1	0	0.9449278640010224	0.055072135998977485
DTXSID4022652	1	1	0.7330884495278727	0.2669115504721272
DTXSID4022658	1	0	0.8520367879369697	0.1479632120630306
DTXSID4022812	1	0	0.7492341630041642	0.25076583699583577
DTXSID4022866	1	0	0.8044531786071596	0.19554682139284013
DTXSID4023179	1	0	0.773750404687874	0.226249595312126
DTXSID4023252	1	0	0.7318284284305381	0.26817157156946203
DTXSID4023387	1	0	0.4231495441586999	0.5768504558413
DTXSID4023412	1	0	0.9166172836667218	0.08338271633327805
DTXSID4023460	1	0	0.9242024088806134	0.07579759111938655
DTXSID4023753	1	1	0.8931291472160462	0.10687085278395371
DTXSID4023628	1	0	0.8182912533845315	0.18170874661546868
DTXSID4023624	1	0	0.8520709080989237	0.14792909190107614
DTXSID4023678	1	0	0.827938879118047	0.17206112088195313
DTXSID4024274	1	1	0.7041738936450799	0.2958261063549201
DTXSID4024642	1	0	0.8260700182935701	0.17392998170642981
DTXSID4024696	1	0	0.9401050778635239	0.05989492213647603
DTXSID4024640	1	0	0.8930026730345468	0.10699732696545321
DTXSID4024644	1	0	0.805823985523778	0.194176014476222
DTXSID4024937	1	0	0.7432505970057743	0.25674940299422594
DTXSID4025080	1	0	0.9095463064804297	0.09045369351957026
DTXSID4024771	1	0	0.8996536153188712	0.10034638468112897
DTXSID4025296	1	0	0.9426275523901797	0.057372447609820236
DTXSID4025086	1	0	0.876779778223946	0.12322022177605413
DTXSID4025404	1	0	0.802565981567937	0.1974340184320629
DTXSID4025113	1	0	0.9543852544834847	0.045614745516515384
DTXSID4025662	1	0	0.9306353954955352	0.06936460450446459
DTXSID4025298	0	0	0.9764143373335207	0.02358566266647918
DTXSID4025329	1	0	0.9398944016159844	0.060105598384015746
DTXSID4025406	1	0	0.9174188144419486	0.08258118555805148
DTXSID4025612	1	0	0.8856545265538346	0.11434547344616545
DTXSID4025454	1	0	0.8981687941751731	0.10183120582482674
DTXSID4025587	1	0	0.9257875814453612	0.07421241855463867
DTXSID4026000	1	0	0.80224301403163	0.1977569859683698
DTXSID4026050	1	0	0.9135494383904464	0.08645056160955346
DTXSID4026684	1	0	0.9278805920833129	0.07211940791668683
DTXSID4026711	1	0	0.9006791447939422	0.09932085520605773
DTXSID4026713	1	0	0.9121889990813151	0.08781100091868473
DTXSID4026715	1	0	0.9441381991129558	0.05586180088704417
DTXSID4026472	1	0	0.9424649567709507	0.05753504322904932
DTXSID4027072	1	0	0.9404297394064656	0.0595702605935344
DTXSID4027282	1	0	0.8765761348287522	0.12342386517124766
DTXSID4027103	1	0	0.8377648099282449	0.1622351900717551
DTXSID4027288	1	0	0.9528592346410767	0.047140765358923344
DTXSID4027525	1	0	0.9157628137703427	0.08423718622965723
DTXSID4027604	1	0	0.8298804539599558	0.17011954604004445
DTXSID4027656	1	0	0.9342424847624399	0.06575751523756022
DTXSID4029195	0	1	0.9753249892479416	0.024675010752058354
DTXSID4029224	1	0	0.9563801747337624	0.043619825266237505
DTXSID4029143	0	0	0.9737497994490082	0.026250200550991837
DTXSID4031980	1	0	0.7959836063127333	0.20401639368726684
DTXSID4032374	1	1	0.9047122341775092	0.09528776582249088
DTXSID4032378	1	0	0.8610917058493762	0.13890829415062356
DTXSID4032536	1	0	0.7187090036310133	0.28129099636898675
DTXSID4034576	1	0	0.666899284826937	0.33310071517306294
DTXSID4037748	1	0	0.925017790511951	0.07498220948804908
DTXSID4039233	1	0	0.9414163162065557	0.05858368379344423
DTXSID4038924	1	0	0.6915520879988246	0.30844791200117555
DTXSID4039235	1	0	0.7781779472210852	0.22182205277891465
DTXSID4038926	1	0	0.742153424470489	0.2578465755295109
DTXSID4040343	1	0	0.8892139373632513	0.11078606263674884
DTXSID4040711	1	0	0.9112325242526729	0.08876747574732727
DTXSID4040002	1	0	0.8766567054768987	0.12334329452310118
DTXSID4040713	1	1	0.8516524794714014	0.14834752052859845
DTXSID4040715	1	0	0.8112608359542801	0.1887391640457198
DTXSID4041317	1	0	0.8170363226382834	0.18296367736171668
DTXSID4041238	1	0	0.9644925517394183	0.03550744826058166
DTXSID4041440	1	0	0.9333930829548239	0.06660691704517624
DTXSID4041490	1	0	0.9454896755469303	0.054510324453069685
DTXSID4041492	1	0	0.9485898763844289	0.05141012361557111
DTXSID4041573	1	0	0.8808104889121915	0.11918951108780874
DTXSID4041575	1	0	0.7358603109170643	0.26413968908293595
DTXSID4041444	1	0	0.9612016522025905	0.038798347797409476
DTXSID4041446	1	0	0.8912012078906194	0.10879879210938076
DTXSID4042123	1	1	0.8137729014572673	0.18622709854273264
DTXSID4042129	1	1	0.8021271233908343	0.197872876609166
DTXSID4041654	1	0	0.8474706094094604	0.15252939059053974
DTXSID4041656	1	0	0.6503249637604229	0.34967503623957696
DTXSID4042171	1	0	0.8387513124628287	0.16124868753717136
DTXSID4041818	1	0	0.9433166502470571	0.05668334975294276
DTXSID4042335	1	0	0.9563268140135407	0.04367318598645935
DTXSID4042208	1	0	0.8378003373198069	0.16219966268019284
DTXSID4042337	1	0	0.9444164522863462	0.055583547713653814
DTXSID4044791	1	0	0.9165037610324193	0.08349623896758057
DTXSID4044450	1	0	0.8879515095113635	0.11204849048863644
DTXSID4044878	1	0	0.9121212085412675	0.08787879145873266
DTXSID4044822	1	0	0.886418739688321	0.11358126031167899
DTXSID4044826	1	0	0.9443764327957649	0.05562356720423517
DTXSID4044870	1	0	0.7329321871332529	0.2670678128667474
DTXSID4044587	1	0	0.730643863455689	0.26935613654431106
DTXSID4044616	1	0	0.7386812265523708	0.26131877344762916
DTXSID4044901	1	0	0.6969484961534377	0.3030515038465626
DTXSID4044903	1	0	0.7948964468818976	0.20510355311810255
DTXSID4045183	1	0	0.8220121910933275	0.17798780890667262
DTXSID4045187	1	0	0.8347387537164833	0.16526124628351666
DTXSID4045347	1	0	0.7674988232110064	0.23250117678899362
DTXSID4045632	1	0	0.8314853254420148	0.1685146745579853
DTXSID4045636	1	0	0.8824810443367387	0.11751895566326125
DTXSID4045478	1	0	0.7716187653596721	0.22838123464032803
DTXSID4045551	1	0	0.9583311248065638	0.04166887519343613
DTXSID4045680	1	0	0.7118336375731764	0.2881663624268235
DTXSID4045393	1	0	0.7327203928824688	0.26727960711753124
DTXSID4045555	1	0	0.9331982861687934	0.06680171383120667
DTXSID4045262	1	0	0.9030289558692135	0.09697104413078635
DTXSID4045763	1	0	0.8206140323620109	0.17938596763798928
DTXSID4045341	1	0	0.8209087375588895	0.17909126244111054
DTXSID4045133	1	0	0.813123501268225	0.18687649873177492
DTXSID4045181	1	0	0.7190922702751392	0.28090772972486067
DTXSID4045765	1	0	0.8719460428436968	0.12805395715630308
DTXSID4046024	1	0	0.7861874390754886	0.21381256092451106
DTXSID4046076	1	0	0.9066013173784327	0.09339868262156738
DTXSID4046313	1	0	0.8307612887479694	0.16923871125203047
DTXSID4046282	1	0	0.913134024864299	0.08686597513570103
DTXSID4046288	1	0	0.9326713667551343	0.06732863324486564
DTXSID4046442	1	0	0.8490146781782985	0.1509853218217015
DTXSID4046448	1	0	0.9286022764134323	0.07139772358656742
DTXSID4046440	1	0	0.8607022097055089	0.13929779029449108
DTXSID4046523	1	0	0.8588852383830615	0.14111476161693848
DTXSID4046606	1	1	0.5	0.5
DTXSID4046600	1	0	0.8977286565699404	0.1022713434300597
DTXSID4046529	1	0	0.826631502390155	0.17336849760984507
DTXSID4046492	1	1	0.9296201905861416	0.07037980941385816
DTXSID4047046	1	0	0.9516134926362934	0.04838650736370666
DTXSID4046864	1	0	0.9280197716017031	0.07198022839829692
DTXSID4047094	1	0	0.8489837398010249	0.15101626019897493
DTXSID4047098	1	0	0.9362011393283541	0.06379886067164604
DTXSID4047123	1	0	0.9254294954754891	0.07457050452451076
DTXSID4047125	1	0	0.9158688617334597	0.08413113826654021
DTXSID4047254	1	1	0.7040568923938081	0.295943107606192
DTXSID4047258	1	0	0.883657432696933	0.11634256730306684
DTXSID4047337	1	0	0.9137995425408557	0.0862004574591444
DTXSID4047389	1	0	0.8972277439120844	0.1027722560879156
DTXSID4047385	1	1	0.8715500657777393	0.12844993422226078
DTXSID4047339	1	0	0.829575365644692	0.17042463435530808
DTXSID4047387	1	1	0.9247548048551663	0.0752451951448335
DTXSID4047335	1	0	0.9409733984571815	0.05902660154281838
DTXSID4047381	1	1	0.8830366039406138	0.11696339605938595
DTXSID4047383	1	0	0.9237018456911006	0.07629815430889943
DTXSID4047418	1	0	0.9231161368018967	0.07688386319810324
DTXSID4047410	1	0	0.8117171457626156	0.1882828542373845
DTXSID4047414	1	0	0.9335535246024085	0.06644647539759163
DTXSID4047545	1	1	0.9257923187400219	0.07420768125997818
DTXSID4047549	1	0	0.9374046464877854	0.0625953535122146
DTXSID4047599	1	0	0.9417329039748338	0.058267096025166304
DTXSID4047674	1	0	0.9318281511310086	0.06817184886899164
DTXSID4047670	1	0	0.9454617893773074	0.05453821062269266
DTXSID4047703	1	0	0.8817221274229198	0.1182778725770801
DTXSID4047882	1	0	0.561437298624258	0.438562701375742
DTXSID4047880	1	0	0.5275291029114922	0.4724708970885077
DTXSID4047969	1	0	0.8016541533562469	0.1983458466437529
DTXSID4047838	1	0	0.9073208562935141	0.09267914370648572
DTXSID4047963	1	1	0.5775635306973947	0.42243646930260514
DTXSID4048513	1	1	0.8451170213200764	0.15488297867992393
DTXSID4048195	1	0	0.6832936276818773	0.31670637231812265
DTXSID4048191	1	1	0.834840569283922	0.16515943071607816
DTXSID4048519	1	1	0.869023598330641	0.1309764016693591
DTXSID4048199	1	0	0.7267450251611903	0.2732549748388095
DTXSID4048644	1	0	0.8876405035855038	0.11235949641449616
DTXSID4048690	1	1	0.9398398355151502	0.06016016448484976
DTXSID4048692	1	0	0.9254434923665786	0.07455650763342135
DTXSID4048698	1	1	0.5	0.5
DTXSID4048721	1	0	0.9060565906819027	0.0939434093180973
DTXSID4048725	1	0	0.8608615991172409	0.139138400882759
DTXSID4048773	1	0	0.8855554392878225	0.11444456071217725
DTXSID4048777	1	0	0.8503003924918174	0.14969960750818256
DTXSID4048800	1	0	0.8628179118643116	0.13718208813568833
DTXSID4048933	1	0	0.8135577929690189	0.18644220703098113
DTXSID4048935	1	1	0.8410558229300359	0.15894417706996417
DTXSID4048937	1	0	0.8641372403509184	0.1358627596490816
DTXSID4048858	1	0	0.8768534947288771	0.12314650527112306
DTXSID4048852	1	0	0.8807493224028778	0.11925067759712242
DTXSID4048854	1	0	0.9243364753279133	0.07566352467208663
DTXSID4049032	1	0	0.8716369253878504	0.1283630746121495
DTXSID4048806	1	0	0.7688318226029902	0.23116817739700973
DTXSID4048804	1	0	0.9026645295136727	0.09733547048632717
DTXSID4048856	1	0	0.8076573553967094	0.1923426446032907
DTXSID4049244	1	0	0.8882963826168813	0.11170361738311857
DTXSID4049242	1	0	0.7913239415299566	0.20867605847004364
DTXSID4049327	1	0	0.5403422858817271	0.4596577141182731
DTXSID4049373	1	0	0.7797488593893797	0.22025114061062032
DTXSID4049400	1	0	0.794011687804739	0.205988312195261
DTXSID4051536	1	0	0.9431421314644084	0.05685786853559162
DTXSID4051900	1	0	0.9381275841912604	0.06187241580873962
DTXSID4052132	1	0	0.8692594901659016	0.13074050983409824
DTXSID4052186	1	0	0.5365612314658091	0.46343876853419097
DTXSID4052213	1	0	0.8503085219256047	0.1496914780743951
DTXSID4057687	1	0	0.8318481705594167	0.16815182944058324
DTXSID4052269	1	0	0.7526178580241526	0.24738214197584749
DTXSID4057685	1	0	0.6838767389345072	0.3161232610654927
DTXSID4052554	1	0	0.8774114529708673	0.12258854702913285
DTXSID4057841	1	0	0.8286396902352628	0.1713603097647369
DTXSID4057849	1	1	0.6277080540820477	0.37229194591795234
DTXSID5020079	1	0	0.859480972721787	0.14051902727821286
DTXSID5020108	1	0	0.8841247382973849	0.11587526170261511
DTXSID5020021	1	0	0.8165575093308264	0.18344249066917362
DTXSID5020152	1	0	0.9392572785096591	0.06074272149034105
DTXSID5020156	1	0	0.9278756802365173	0.07212431976348287
DTXSID5020231	1	0	0.8374606900267869	0.16253930997321298
DTXSID5020071	1	0	0.7848733575885292	0.21512664241147084
DTXSID5020239	1	1	0.9038948225581337	0.09610517744186635
DTXSID5020520	1	0	0.9621265192208963	0.03787348077910362
DTXSID5020607	1	0	0.7240097440579317	0.2759902559420683
DTXSID5020732	1	0	0.901161278222312	0.09883872177768807
DTXSID5020738	1	0	0.8381483465776912	0.1618516534223088
DTXSID5020784	1	0	0.8220115369240296	0.17798846307597044
DTXSID5020813	1	0	0.934585571951469	0.06541442804853125
DTXSID5021093	1	0	0.7730408719620728	0.22695912803792737
DTXSID5020863	1	0	0.9219865865773369	0.078013413422663
DTXSID5021124	1	0	0.6590231540780535	0.3409768459219466
DTXSID5021097	1	0	0.9215483700152752	0.07845162998472482
DTXSID5021120	1	0	0.7990676019935936	0.20093239800640628
DTXSID5021126	1	0	0.614863453084986	0.3851365469150141
DTXSID5021122	1	0	0.9209015905862288	0.07909840941377125
DTXSID5021253	1	0	0.8852332017093689	0.11476679829063105
DTXSID5021201	1	0	0.861718788996168	0.13828121100383206
DTXSID5021209	1	0	0.8702950583708602	0.12970494162913954
DTXSID5021251	1	0	0.8954124250804371	0.10458757491956275
DTXSID5021388	1	0	0.8338057154231839	0.16619428457681612
DTXSID5021413	1	0	0.9317914116945746	0.06820858830542546
DTXSID5021621	1	0	0.9023576565796302	0.09764234342036984
DTXSID5021627	1	0	0.8765737925411115	0.12342620745888837
DTXSID5021419	1	0	0.8740380984007109	0.12596190159928905
DTXSID5021461	1	0	0.8381691017810904	0.1618308982189098
DTXSID5021544	1	0	0.6718706401341192	0.32812935986588065
DTXSID5021758	1	0	0.8040555433708909	0.1959444566291091
DTXSID5021708	1	0	0.8978856710568962	0.10211432894310395
DTXSID5021839	1	0	0.9453943423309649	0.05460565766903503
DTXSID5022194	1	0	0.9426876758941294	0.0573123241058706
DTXSID5021962	1	0	0.636860642820234	0.36313935717976603
DTXSID5021889	1	0	0.9552683545134479	0.044731645486552
DTXSID5021910	1	0	0.9242636540085039	0.07573634599149612
DTXSID5022308	1	0	0.8867859400248889	0.1132140599751111
DTXSID5021968	1	0	0.8610961321897194	0.13890386781028052
DTXSID5022437	1	0	0.8433486627932699	0.15665133720673005
DTXSID5022439	1	0	0.835300390286462	0.16469960971353811
DTXSID5022271	1	0	0.8077187598383532	0.1922812401616467
DTXSID5022485	1	1	0.5609912690081327	0.43900873099186716
DTXSID5022489	1	0	0.887821394836379	0.11217860516362098
DTXSID5022932	1	0	0.7128870066130855	0.2871129933869145
DTXSID5022647	1	0	0.8370259053044896	0.16297409469551027
DTXSID5022699	1	0	0.8315027072048262	0.16849729279517386
DTXSID5022982	1	0	0.937968839762668	0.06203116023733193
DTXSID5022984	1	0	0.8606602447703566	0.13933975522964326
DTXSID5022774	1	0	0.9282508510458957	0.07174914895410436
DTXSID5023033	1	0	0.776337335890993	0.2236626641090068
DTXSID5023089	1	0	0.9282696828247992	0.0717303171752007
DTXSID5023370	1	0	0.4537452915957682	0.5462547084042316
DTXSID5023295	1	0	0.8784796506006802	0.1215203493993198
DTXSID5023293	1	0	0.9112688081772372	0.08873119182276284
DTXSID5023378	1	0	0.8230014563179262	0.17699854368207388
DTXSID5023453	1	0	0.7483101480812713	0.2516898519187289
DTXSID5023586	1	0	0.9413152811960035	0.0586847188039966
DTXSID5023665	1	0	0.8387192093719138	0.16128079062808626
DTXSID5023740	1	0	0.8917165944742363	0.10828340552576365
DTXSID5023742	1	0	0.6774160920647168	0.3225839079352832
DTXSID5023669	1	0	0.821517941746304	0.17848205825369595
DTXSID5023950	1	0	0.8774654254560945	0.12253457454390537
DTXSID5024211	1	1	0.8916356450673454	0.1083643549326546
DTXSID5024051	1	0	0.9406239533772022	0.05937604662279767
DTXSID5024263	1	0	0.9294303375715101	0.07056966242848982
DTXSID5024261	1	0	0.8757349702978467	0.1242650297021533
DTXSID5024344	1	0	0.8789724303323522	0.12102756966764772
DTXSID5024683	1	0	0.7914406205908503	0.2085593794091497
DTXSID5024637	1	0	0.9365713552867396	0.06342864471326033
DTXSID5024394	1	0	0.8880294573483742	0.11197054265162557
DTXSID5024506	1	0	0.7240624165898024	0.2759375834101974
DTXSID5024710	1	0	0.956020835209648	0.04397916479035199
DTXSID5024764	1	0	0.913341064716267	0.08665893528373303
DTXSID5025021	1	1	0.6526265379668117	0.3473734620331883
DTXSID5024976	1	0	0.8920442025901417	0.1079557974098583
DTXSID5025285	1	0	0.9326240677058608	0.0673759322941394
DTXSID5025364	1	0	0.9257557651836452	0.07424423481635463
DTXSID5025318	1	0	0.9660872995095652	0.03391270049043481
DTXSID5025447	1	0	0.9231404944165341	0.07685950558346574
DTXSID5025570	1	0	0.9265723183489722	0.07342768165102785
DTXSID5025572	1	0	0.9297977148195651	0.07020228518043457
DTXSID5025863	1	0	0.7395304518366322	0.26046954816336765
DTXSID5025861	1	0	0.6321339832014402	0.36786601679855985
DTXSID5026049	1	0	0.9135494383904464	0.08645056160955346
DTXSID5025819	1	0	0.8126548605499857	0.1873451394500143
DTXSID5026251	1	0	0.875257318903785	0.12474268109621513
DTXSID5026259	1	0	0.8643895350798608	0.13561046492013937
DTXSID5026837	1	0	0.96090190115584	0.03909809884416006
DTXSID5026706	1	0	0.7411469639259588	0.2588530360740413
DTXSID5027063	1	0	0.9397734480596179	0.06022655194038207
DTXSID5027198	1	0	0.8915039930718045	0.10849600692819551
DTXSID5027223	1	0	0.9394691104959871	0.060530889504012864
DTXSID5027358	1	0	0.8946998138213624	0.10530018617863733
DTXSID5027308	1	0	0.955174328637045	0.04482567136295504
DTXSID5027279	1	0	0.8055861098512677	0.1944138901487323
DTXSID5027518	1	0	0.9299947743017019	0.07000522569829808
DTXSID5029136	1	0	0.7348520634420612	0.26514793655793895
DTXSID5029182	1	0	0.8993731564895174	0.10062684351048244
DTXSID5029211	1	0	0.893743194607493	0.106256805392507
DTXSID5029217	1	0	0.9620905246634355	0.0379094753365644
DTXSID5029762	1	0	0.8726232096002742	0.12737679039972605
DTXSID5031131	1	0	0.6678852959815966	0.33211470401840343
DTXSID5032523	1	1	0.8969797550941173	0.10302024490588266
DTXSID5032361	1	0	0.870807379345997	0.1291926206540033
DTXSID5031133	1	0	0.7673163532434133	0.23268364675658645
DTXSID5032577	1	0	0.8082788648858977	0.19172113511410205
DTXSID5033098	1	0	0.8869070497091438	0.11309295029085592
DTXSID5032654	1	0	0.9581153236031003	0.04188467639689974
DTXSID5033096	1	0	0.8171681463255536	0.18283185367444632
DTXSID5033836	1	1	0.6310355791337793	0.3689644208662207
DTXSID5033468	1	1	0.6926519310947173	0.30734806890528255
DTXSID5034723	1	0	0.8924589844739651	0.10754101552603483
DTXSID5034729	1	0	0.7806718027879553	0.21932819721204483
DTXSID5034981	1	1	0.8606973317557608	0.1393026682442392
DTXSID5036684	1	1	0.49200221226531643	0.5079977877346834
DTXSID5035957	1	0	0.7666668925100393	0.23333310748996083
DTXSID5037072	1	0	0.9260278130012932	0.07397218699870686
DTXSID5037498	1	1	0.7744668005570078	0.22553319944299213
DTXSID5037731	1	1	0.9169341536767376	0.08306584632326257
DTXSID5038830	1	0	0.912654910360844	0.08734508963915594
DTXSID5040675	1	0	0.8869165652754851	0.11308343472451503
DTXSID5039224	1	1	0.9524990472702596	0.04750095272974034
DTXSID5040679	1	1	0.7883085037301721	0.21169149626982758
DTXSID5040704	1	1	0.795107958576349	0.20489204142365103
DTXSID5040708	1	0	0.8468963227995507	0.15310367720044932
DTXSID5041306	1	0	0.8036753790671594	0.19632462093284042
DTXSID5041514	1	0	0.9241702751656918	0.07582972483430808
DTXSID5041516	1	0	0.8936048198444626	0.10639518015553716
DTXSID5041431	1	0	0.7021478921872051	0.2978521078127949
DTXSID5041691	1	0	0.9174278259383258	0.0825721740616743
DTXSID5041851	1	1	0.6927674764495542	0.3072325235504456
DTXSID5042324	1	0	0.7840166217489252	0.215983378251075
DTXSID5042584	1	0	0.8216573734029614	0.17834262659703864
DTXSID5042459	1	1	0.33581865672494116	0.6641813432750586
DTXSID5042299	1	0	0.6527030370718497	0.3472969629281504
DTXSID5042083	1	1	0.7487157853780483	0.25128421462195183
DTXSID5042249	1	1	0.8986684141689912	0.10133158583100865
DTXSID5043895	1	0	0.7261070696174505	0.2738929303825493
DTXSID5044289	1	0	0.8028379997540092	0.19716200024599095
DTXSID5044522	1	0	0.8764816743239667	0.1235183256760333
DTXSID5044445	1	0	0.9139641326910014	0.08603586730899877
DTXSID5044520	1	0	0.8729380435480708	0.12706195645192928
DTXSID5044495	1	0	0.5641418556154864	0.43585814438451365
DTXSID5044576	1	0	0.8464143671816899	0.1535856328183104
DTXSID5044528	1	1	0.6922827068939875	0.30771729310601237
DTXSID5044738	1	0	0.8801346108328673	0.11986538916713277
DTXSID5044607	1	0	0.7339108032093267	0.26608919679067317
DTXSID5044863	1	0	0.920235291477931	0.0797647085220689
DTXSID5044732	1	0	0.7973870128129318	0.20261298718706827
DTXSID5044940	1	0	0.782774890619827	0.21722510938017286
DTXSID5044786	1	1	0.8279906929829179	0.1720093070170819
DTXSID5044784	1	0	0.794968903229087	0.205031096770913
DTXSID5044994	1	0	0.7674944518468836	0.2325055481531163
DTXSID5045099	1	0	0.8263329965657477	0.17366700343425237
DTXSID5045205	1	1	0.7376376527666102	0.2623623472333897
DTXSID5045209	1	0	0.9400712517055834	0.059928748294416585
DTXSID5045382	1	0	0.9258885468417446	0.07411145315825564
DTXSID5045386	1	0	0.9398147703917145	0.06018522960828565
DTXSID5045623	1	0	0.8330440977274278	0.1669559022725724
DTXSID5045590	1	0	0.9336983911827963	0.06630160881720382
DTXSID5045677	1	0	0.803483505723726	0.1965164942762743
DTXSID5045673	1	0	0.684727804756314	0.3152721952436859
DTXSID5045419	1	0	0.8036575401733077	0.19634245982669243
DTXSID5045388	1	0	0.9392151085173949	0.06078489148260521
DTXSID5045417	1	0	0.9360821822259957	0.06391781777400433
DTXSID5045469	1	0	0.8335923908813592	0.1664076091186409
DTXSID5045752	1	0	0.8439066124963931	0.15609338750360693
DTXSID5045887	1	0	0.9280492324333356	0.07195076756666421
DTXSID5045960	1	0	0.6508827949404914	0.34911720505950855
DTXSID5046148	1	0	0.5664597964100624	0.4335402035899374
DTXSID5046271	1	0	0.9179069989588133	0.08209300104118654
DTXSID5046433	1	0	0.8331511872094318	0.16684881279056818
DTXSID5046483	1	0	0.9097424659635625	0.09025753403643731
DTXSID5046510	1	0	0.9354427770012215	0.06455722299877835
DTXSID5046691	1	1	0.7178273343655021	0.28217266563449794
DTXSID5046776	1	1	0.7982135938230882	0.20178640617691182
DTXSID5046772	1	0	0.7665109343093571	0.2334890656906428
DTXSID5046697	1	0	0.8480982066172371	0.15190179338276277
DTXSID5046726	1	0	0.7983607658363566	0.20163923416364343
DTXSID5047035	1	0	0.9378689446550639	0.06213105534493599
DTXSID5047037	1	0	0.9231432837528931	0.07685671624710695
DTXSID5046986	1	0	0.7814921626529631	0.21850783734703685
DTXSID5046988	1	0	0.8387892765657502	0.1612107234342498
DTXSID5047031	1	0	0.8923777695698062	0.10762223043019382
DTXSID5047039	1	0	0.9241749204264562	0.07582507957354381
DTXSID5047116	1	0	0.9400090099703311	0.05999099002966888
DTXSID5047089	1	0	0.9055957450396538	0.09440425496034634
DTXSID5047164	1	0	0.9534084326876686	0.04659156731233137
DTXSID5047320	1	1	0.8747957143920682	0.12520428560793195
DTXSID5047299	1	0	0.8418177269684348	0.15818227303156523
DTXSID5047249	1	0	0.917208441805454	0.08279155819454596
DTXSID5047297	1	0	0.9117334472447747	0.08826655275522513
DTXSID5047582	1	0	0.9333357749355903	0.06666422506440985
DTXSID5047459	1	0	0.896322004731285	0.1036779952687152
DTXSID5047538	1	0	0.46482273135748486	0.535177268642515
DTXSID5047584	1	0	0.8976368969439442	0.10236310305605559
DTXSID5047790	1	0	0.9394919650275393	0.06050803497246085
DTXSID5047663	1	0	0.8480196323694607	0.15198036763053926
DTXSID5047661	1	0	0.9356551643546149	0.06434483564538494
DTXSID5047665	1	0	0.9225987567886695	0.07740124321133052
DTXSID5047744	1	0	0.8303707218110546	0.16962927818894524
DTXSID5047879	1	0	0.4750041163899881	0.524995883610012
DTXSID5047875	1	0	0.5	0.5
DTXSID5047825	1	1	0.9280018912446765	0.07199810875532374
DTXSID5047956	1	0	0.8174276687166455	0.1825723312833544
DTXSID5048180	1	0	0.855928598026244	0.14407140197375595
DTXSID5048182	1	0	0.9182769184883753	0.08172308151162462
DTXSID5048637	1	0	0.8903332372061561	0.10966676279384402
DTXSID5048211	1	0	0.8955601956606597	0.10443980433934047
DTXSID5048716	1	0	0.8506222131362983	0.1493777868637019
DTXSID5048635	1	0	0.9343227255180904	0.06567727448190952
DTXSID5048841	1	0	0.9311098423207527	0.06889015767924736
DTXSID5048186	1	0	0.9106392407259561	0.08936075927404405
DTXSID5048847	1	0	0.918452102804123	0.08154789719587706
DTXSID5048849	1	1	0.7891092999512395	0.2108907000487605
DTXSID5048891	1	0	0.8237017334248645	0.17629826657513553
DTXSID5048897	1	0	0.8271501398390285	0.17284986016097156
DTXSID5048845	1	0	0.9205134827764234	0.07948651722357669
DTXSID5048922	1	1	0.8481323588062618	0.15186764119373805
DTXSID5048895	1	0	0.9003053104832468	0.09969468951675307
DTXSID5048928	1	1	0.9287128397840239	0.07128716021597624
DTXSID5048924	1	0	0.9607992589552364	0.039200741044763544
DTXSID5048920	1	1	0.6196316118282491	0.3803683881717508
DTXSID5048978	1	0	0.9410436200494378	0.05895637995056215
DTXSID5048974	1	0	0.9061304802633509	0.09386951973664913
DTXSID5049366	1	0	0.7594655973968854	0.24053440260311473
DTXSID5049364	1	0	0.8137712346609468	0.18622876533905333
DTXSID5052597	1	0	0.8634185999211206	0.1365814000788794
DTXSID5052591	1	0	0.7919599974503037	0.20804000254969635
DTXSID5051529	1	0	0.8499955317187888	0.15000446828121125
DTXSID5057620	1	0	0.9517421320172882	0.0482578679827118
DTXSID5057622	1	0	0.8360784096307753	0.16392159036922477
DTXSID5057626	1	0	0.7861980714366558	0.2138019285633443
DTXSID5057628	1	0	0.8407344082530152	0.15926559174698474
DTXSID5057678	1	0	0.8650906046530482	0.13490939534695162
DTXSID5057836	1	0	0.8941002255927014	0.10589977440729871
DTXSID5057751	1	0	0.8746407255290258	0.12535927447097406
DTXSID5057701	1	0	0.8999722222972719	0.1000277777027281
DTXSID5057755	1	0	0.8756160289674279	0.1243839710325722
DTXSID5057670	1	0	0.9263645499201095	0.07363545007989024
DTXSID5057757	1	0	0.7297812354674801	0.2702187645325198
DTXSID5057672	1	0	0.7420375348695187	0.25796246513048116
DTXSID5057676	1	0	0.9017726079545189	0.09822739204548116
DTXSID5057759	1	0	0.8553730935030471	0.1446269064969527
DTXSID5057705	1	0	0.9218988492331669	0.07810115076683284
DTXSID5057830	1	0	0.7858254079878052	0.2141745920121949
DTXSID6020068	1	0	0.7273804289651961	0.2726195710348037
DTXSID6020197	1	0	0.9498128015283526	0.05018719847164756
DTXSID6020149	1	0	0.9228097633140161	0.07719023668598386
DTXSID6020143	1	0	0.8854914587169673	0.11450854128303257
DTXSID6020771	1	0	0.8416012409748745	0.15839875902512554
DTXSID6020648	1	0	0.7851732479354148	0.2148267520645852
DTXSID6020804	1	1	0.7894102797770378	0.21058972022296243
DTXSID6020939	1	0	0.8702422518398046	0.12975774816019542
DTXSID6021030	1	0	0.577114652943102	0.42288534705689806
DTXSID6021117	1	0	0.8209710680963141	0.17902893190368593
DTXSID6021244	1	0	0.9284557946915618	0.07154420530843832
DTXSID6021294	1	0	0.9126748155111484	0.08732518448885154
DTXSID6021296	1	0	0.925007142624034	0.07499285737596602
DTXSID6021321	1	0	0.9254319440978788	0.0745680559021213
DTXSID6021408	1	1	0.6940386197853098	0.30596138021469044
DTXSID6021795	1	0	0.7610768364050582	0.23892316359494187
DTXSID6021583	1	0	0.9071745958649045	0.09282540413509548
DTXSID6021668	1	0	0.7758026156462147	0.22419738435378544
DTXSID6021610	1	0	0.8346420377174463	0.16535796228255378
DTXSID6021820	1	0	0.9234775349812554	0.07652246501874455
DTXSID6021901	1	0	0.9652461011242909	0.03475389887570915
DTXSID6021957	1	0	0.5552666123858733	0.44473338761412684
DTXSID6021828	1	0	0.9418783819035454	0.05812161809645458
DTXSID6022131	1	0	0.8009273108882745	0.19907268911172543
DTXSID6022218	1	0	0.9424996912571637	0.05750030874283615
DTXSID6022006	1	0	0.9511408909250543	0.04885910907494565
DTXSID6022391	1	0	0.879638789323804	0.12036121067619607
DTXSID6022393	1	0	0.7817845093335692	0.2182154906664308
DTXSID6022399	1	0	0.8164242602082576	0.1835757397917423
DTXSID6022422	1	1	0.4372532187721913	0.5627467812278087
DTXSID6022420	1	1	0.7289000636959844	0.27109993630401574
DTXSID6022472	1	0	0.9418594232805614	0.058140576719438605
DTXSID6022715	1	0	0.6982638438802216	0.3017361561197785
DTXSID6022719	1	0	0.8934071321607759	0.10659286783922402
DTXSID6022684	1	0	0.6572411540016796	0.3427588459983204
DTXSID6022973	1	1	0.7470069780712992	0.25299302192870055
DTXSID6023078	1	0	0.9296104247659066	0.07038957523409327
DTXSID6023101	1	0	0.8844999723355106	0.1155000276644894
DTXSID6023109	1	0	0.8682671756365609	0.13173282436343908
DTXSID6023315	1	0	0.8290778713561584	0.1709221286438415
DTXSID6023317	1	0	0.8916635898273446	0.10833641017265548
DTXSID6023363	1	0	0.694493085867259	0.3055069141327407
DTXSID6023159	1	0	0.8633537958224047	0.13664620417759524
DTXSID6023440	1	0	0.9502844535435951	0.04971554645640479
DTXSID6023656	1	0	0.8878835673756862	0.11211643262431371
DTXSID6023442	1	0	0.9088412639073075	0.09115873609269237
DTXSID6023733	1	0	0.9201632432901491	0.07983675670985083
DTXSID6023490	1	0	0.7737351002175793	0.22626489978242068
DTXSID6023529	1	0	0.8384170285210469	0.16158297147895295
DTXSID6023997	1	0	0.7276779246523299	0.27232207534767
DTXSID6023810	1	1	0.8014535347357223	0.19854646526427772
DTXSID6024206	1	0	0.9625785763835557	0.03742142361644428
DTXSID6024460	1	0	0.7248809755514248	0.275119024448575
DTXSID6024331	1	0	0.8483931956635585	0.15160680433644153
DTXSID6024466	1	0	0.813619497704655	0.186380502295345
DTXSID6024591	1	0	0.7457972416262406	0.25420275837375916
DTXSID6024670	1	0	0.9126607874461132	0.08733921255388653
DTXSID6024597	1	0	0.8161524490978104	0.18384755090218977
DTXSID6024674	1	0	0.9268613888508711	0.07313861114912888
DTXSID6024599	1	0	0.8295700753797203	0.1704299246202799
DTXSID6024834	1	0	0.9283627514187818	0.07163724858121837
DTXSID6024676	1	0	0.961781307080962	0.03821869291903813
DTXSID6024911	1	0	0.9363097128194504	0.06369028718054953
DTXSID6024882	1	1	0.8994309867787482	0.10056901322125189
DTXSID6024915	1	0	0.8606232290749292	0.13937677092507103
DTXSID6025014	1	0	0.8750984737530094	0.12490152624699054
DTXSID6024965	1	0	0.9231070810093586	0.0768929189906415
DTXSID6025272	1	0	0.8139652708455736	0.18603472915442623
DTXSID6025278	1	0	0.9532322979055065	0.04676770209449365
DTXSID6025068	1	0	0.7022214601152179	0.29777853988478226
DTXSID6025303	1	0	0.895851501186054	0.10414849881394603
DTXSID6025305	1	0	0.9558323080918371	0.04416769190816291
DTXSID6025696	1	1	0.3312630497780421	0.6687369502219579
DTXSID6025355	1	0	0.923709890038946	0.07629010996105398
DTXSID6025513	1	1	0.9280430654996097	0.07195693450039059
DTXSID6025939	1	0	0.909313886241777	0.09068611375822289
DTXSID6026080	1	0	0.866944103509259	0.13305589649074076
DTXSID6026612	1	0	0.9499995438645338	0.05000045613546611
DTXSID6026664	1	0	0.9392994077588243	0.0607005922411758
DTXSID6026373	1	0	0.8053819126309488	0.19461808736905115
DTXSID6026905	1	0	0.8851129295186295	0.11488707048137041
DTXSID6026955	1	0	0.8377189304922837	0.16228106950771626
DTXSID6027218	1	0	0.8297066323490576	0.17029336765094216
DTXSID6027181	1	0	0.9499843691807753	0.05001563081922484
DTXSID6027214	1	0	0.7639119986216255	0.2360880013783748
DTXSID6027636	1	0	0.9293053421097676	0.07069465789023253
DTXSID6027345	1	0	0.9147118379736932	0.0852881620263069
DTXSID6029331	1	0	0.9461414410819352	0.053858558918064875
DTXSID6028022	1	0	0.8328491625416601	0.16715083745834
DTXSID6027975	1	0	0.8689505230146509	0.13104947698534886
DTXSID6029121	1	0	0.9427881666212433	0.05721183337875664
DTXSID6029127	1	0	0.9610316505380124	0.038968349461987704
DTXSID6030607	1	0	0.9379595621629954	0.06204043783700433
DTXSID6032356	1	0	0.9552974984207672	0.044702501579232945
DTXSID6032514	1	0	0.9227616025801216	0.07723839741987838
DTXSID6032562	1	1	0.8832659065413334	0.11673409345866673
DTXSID6032649	1	0	0.8809276164549356	0.11907238354506422
DTXSID6033241	1	0	0.917623462517634	0.08237653748236583
DTXSID6033401	1	0	0.9403929326497039	0.05960706735029616
DTXSID6035152	1	0	0.9123069053844767	0.08769309461552338
DTXSID6035156	1	0	0.9288852093152709	0.07111479068472944
DTXSID6035784	1	0	0.9029302874985173	0.09706971250148264
DTXSID6038798	1	0	0.7854612906872264	0.21453870931277372
DTXSID6037568	1	0	0.9016993817169804	0.09830061828301981
DTXSID6037728	1	0	0.7824596723592482	0.21754032764075176
DTXSID6040583	1	0	0.9343916216651004	0.06560837833489955
DTXSID6040246	1	0	0.9148632654372019	0.08513673456279805
DTXSID6040614	1	0	0.8519149312613579	0.14808506873864202
DTXSID6040296	1	0	0.846052477224585	0.15394752277541512
DTXSID6040745	1	1	0.939126116963954	0.06087388303604616
DTXSID6040743	1	1	0.7763593212250818	0.22364067877491833
DTXSID6041056	1	0	0.9087000069014796	0.09129999309852058
DTXSID6041420	1	0	0.9289558493543713	0.07104415064562886
DTXSID6041682	1	1	0.913085930836362	0.08691406916363786
DTXSID6041636	1	0	0.9441158849991461	0.05588411500085385
DTXSID6041761	1	1	0.4269766300786848	0.5730233699213152
DTXSID6041638	1	0	0.9218159781538147	0.07818402184618534
DTXSID6042280	1	0	0.868168056065588	0.1318319439344121
DTXSID6041925	1	0	0.9434772514671398	0.056522748532860274
DTXSID6042072	1	0	0.8130421868797431	0.1869578131202569
DTXSID6042448	1	0	0.774171671140935	0.22582832885906504
DTXSID6042579	1	1	0.6472531681620569	0.352746831837943
DTXSID6042315	1	0	0.8512740639142738	0.14872593608572612
DTXSID6042365	1	0	0.757834165665029	0.2421658343349709
DTXSID6042369	1	1	0.8083298612948638	0.19167013870513605
DTXSID6043913	1	0	0.884449682236563	0.11555031776343706
DTXSID6042498	1	0	0.7792164817862604	0.22078351821373965
DTXSID6044303	1	0	0.9280528448939985	0.07194715510600143
DTXSID6044353	1	0	0.9272366759732207	0.07276332402677951
DTXSID6044515	1	0	0.685622487418356	0.3143775125816438
DTXSID6044430	1	0	0.9013797881518874	0.09862021184811273
DTXSID6044355	1	0	0.8346220048841313	0.1653779951158687
DTXSID6044563	1	0	0.7996981499465106	0.20030185005348922
DTXSID6044644	1	0	0.8860375655145839	0.11396243448541621
DTXSID6044646	1	0	0.7965466149320186	0.20345338506798152
DTXSID6044723	1	0	0.9562087909212548	0.04379120907874534
DTXSID6044725	1	0	0.9459838332459575	0.054016166754042486
DTXSID6044771	1	0	0.9400750977702199	0.059924902229780135
DTXSID6044773	1	0	0.7744554861892988	0.22554451381070106
DTXSID6044777	1	0	0.8199516555608394	0.18004834443916054
DTXSID6044692	1	0	0.9270954476378112	0.07290455236218887
DTXSID6044698	1	0	0.9482414311421582	0.051758568857841664
DTXSID6045084	1	0	0.7201842601640013	0.2798157398359988
DTXSID6044983	1	0	0.854437109889153	0.1455628901108471
DTXSID6044933	1	0	0.9275157822273877	0.07248421777261238
DTXSID6044981	1	0	0.9069508503106897	0.09304914968931038
DTXSID6045321	1	0	0.850615262875525	0.149384737124475
DTXSID6045323	1	0	0.8542195764359012	0.14578042356409884
DTXSID6045119	1	0	0.9276180271286009	0.07238197287139894
DTXSID6045292	1	0	0.7701030032009833	0.22989699679901648
DTXSID6045167	1	0	0.777991108934729	0.22200889106527089
DTXSID6045583	1	1	0.9042797275709628	0.09572027242903709
DTXSID6045616	1	0	0.718401576992698	0.281598423007302
DTXSID6045618	1	0	0.9060371707122313	0.09396282928776867
DTXSID6045531	1	0	0.8864903857926011	0.11350961420739882
DTXSID6045662	1	0	0.7923633746631153	0.2076366253368844
DTXSID6045587	1	0	0.9447261937650768	0.055273806234923215
DTXSID6045533	1	0	0.9442575531735502	0.055742446826449674
DTXSID6045614	1	0	0.9240110806049779	0.07598891939502228
DTXSID6045874	1	0	0.925745986382613	0.07425401361738693
DTXSID6045878	1	0	0.8050799739608094	0.19492002603919056
DTXSID6045828	1	0	0.7550596620094662	0.24494033799053383
DTXSID6045870	1	0	0.8714362321855346	0.12856376781446532
DTXSID6045909	1	0	0.9000443846506865	0.09995561534931349
DTXSID6045901	1	0	0.8282857408934067	0.17171425910659346
DTXSID6045820	1	0	0.9405383016744321	0.05946169832556792
DTXSID6045953	1	1	0.9378979070841077	0.062102092915892505
DTXSID6046137	1	0	0.8193213560102339	0.18067864398976594
DTXSID6046181	1	0	0.8230061027391732	0.1769938972608267
DTXSID6046260	1	0	0.8308723419766135	0.16912765802338628
DTXSID6046131	1	0	0.8384460100696501	0.16155398993034992
DTXSID6046422	1	0	0.8861254907862408	0.11387450921375919
DTXSID6046266	1	0	0.9076507146765256	0.09234928532347421
DTXSID6046345	1	0	0.8583866980945324	0.1416133019054675
DTXSID6046347	1	0	0.8734231245382391	0.12657687546176116
DTXSID6046349	1	0	0.7958061597635588	0.20419384023644133
DTXSID6046472	1	1	0.8507602206306433	0.14923977936935662
DTXSID6046634	1	0	0.8568800594244913	0.14311994057550861
DTXSID6046638	1	0	0.9436924937930109	0.05630750620698896
DTXSID6046505	1	0	0.8774068839705356	0.12259311602946446
DTXSID6046557	1	0	0.8492926090559639	0.150707390944036
DTXSID6046979	1	1	0.3518298417532409	0.648170158246759
DTXSID6046892	1	1	0.9480269605225118	0.051973039477488193
DTXSID6047074	1	0	0.9086433731351314	0.0913566268648685
DTXSID6046925	1	0	0.8526845392812373	0.1473154607187624
DTXSID6047157	1	0	0.8513687594238705	0.1486312405761295
DTXSID6047286	1	0	0.9564814252796634	0.04351857472033661
DTXSID6047288	1	0	0.9319175445570919	0.06808245544290814
DTXSID6047282	1	0	0.8441170885182964	0.1558829114817037
DTXSID6047311	1	1	0.8796435342196065	0.12035646578039352
DTXSID6047498	1	1	0.798173902642342	0.201826097357658
DTXSID6047606	1	0	0.9132948759461099	0.08670512405388994
DTXSID6047781	1	0	0.9108525988409998	0.08914740115900029
DTXSID6047783	1	0	0.9376926136794176	0.06230738632058232
DTXSID6047608	1	0	0.9247052731569428	0.07529472684305731
DTXSID6047602	1	0	0.9268480619202735	0.07315193807972649
DTXSID6047604	1	0	0.9322325995879884	0.06776740041201151
DTXSID6047525	1	0	0.9349044160751688	0.0650955839248312
DTXSID6048204	1	0	0.9606524411888961	0.03934755881110376
DTXSID6047945	1	0	0.7312834706075493	0.26871652939245094
DTXSID6048202	1	0	0.9484141809669122	0.051585819033087746
DTXSID6048676	1	0	0.9094130363460081	0.09058696365399183
DTXSID6048597	1	0	0.944680867624793	0.05531913237520702
DTXSID6048591	1	0	0.9188098641946696	0.0811901358053306
DTXSID6048834	1	0	0.7736342585153079	0.22636574148469227
DTXSID6048674	1	0	0.6777331404632164	0.3222668595367836
DTXSID6048965	1	0	0.9485922335682895	0.05140776643171034
DTXSID6049064	1	0	0.7338905465688892	0.2661094534311109
DTXSID6049066	1	1	0.8868917105403427	0.11310828945965741
DTXSID6048961	1	1	0.9339511318509758	0.06604886814902418
DTXSID6049068	1	0	0.8180346546812812	0.18196534531871886
DTXSID6049305	1	0	0.27126026231372796	0.7287397376862721
DTXSID6049307	1	0	0.8410354718238202	0.15896452817617995
DTXSID6049353	1	1	0.6075817048542179	0.392418295145782
DTXSID6049430	1	1	0.7953793678378611	0.20462063216213866
DTXSID6049357	1	0	0.8390147182815986	0.16098528171840137
DTXSID6051306	1	1	0.887693901449185	0.11230609855081493
DTXSID6052112	1	0	0.9182197765576077	0.08178022344239214
DTXSID6052295	1	0	0.9382964988228168	0.061703501177183304
DTXSID6051560	1	0	0.9068986411118327	0.09310135888816715
DTXSID6051566	1	1	0.888432995348925	0.11156700465107491
DTXSID6052619	1	0	0.8936983989017847	0.10630160109821536
DTXSID6052299	1	0	0.9604978053077259	0.03950219469227408
DTXSID6052328	1	0	0.8643836500137828	0.13561634998621702
DTXSID6052536	1	0	0.8868947731288356	0.11310522687116412
DTXSID6057742	1	0	0.9464140792869902	0.053585920713009806
DTXSID6057615	1	0	0.9332677253985794	0.06673227460142067
DTXSID6057663	1	0	0.7412316515287586	0.2587683484712412
DTXSID6057665	1	0	0.8714129213308366	0.12858707866916338
DTXSID6057746	1	0	0.7667360381792941	0.23326396182070572
DTXSID6057748	1	0	0.7502906217037677	0.2497093782962321
DTXSID6057790	1	0	0.9266305732823399	0.07336942671766014
DTXSID6057829	1	0	0.9104457970771649	0.08955420292283506
DTXSID7020005	0	0	0.9727905771356526	0.027209422864347316
DTXSID7020138	1	0	0.3550155325771014	0.6449844674228986
DTXSID7020263	1	0	0.759050199009299	0.24094980099070096
DTXSID7020550	1	1	0.7258690178576624	0.2741309821423375
DTXSID7020504	1	0	0.813061322774841	0.18693867722515897
DTXSID7020425	1	1	0.7390585276067791	0.2609414723932205
DTXSID7020392	1	0	0.790711696432901	0.20928830356709927
DTXSID7020508	1	0	0.9667515164805464	0.033248483519453496
DTXSID7020423	1	0	0.8616317705682328	0.1383682294317674
DTXSID7020631	1	0	0.5987762771706263	0.40122372282937374
DTXSID7020760	1	0	0.841585288638938	0.15841471136106205
DTXSID7020716	1	0	0.7451935409845678	0.2548064590154322
DTXSID7020768	1	0	0.8996442134777602	0.10035578652223984
DTXSID7021150	1	1	0.8755315302647019	0.12446846973529803
DTXSID7021152	1	0	0.6768860371619532	0.3231139628380469
DTXSID7021156	1	0	0.8715847482386699	0.12841525176133034
DTXSID7021158	1	0	0.9229550023919215	0.07704499760807852
DTXSID7021233	1	1	0.9379530631882015	0.062046936811798264
DTXSID7021102	1	0	0.9396210421644124	0.060378957835587464
DTXSID7021312	1	0	0.5539209383517945	0.4460790616482056
DTXSID7021495	1	0	0.8563681360871985	0.14363186391280144
DTXSID7021499	1	0	0.9664381521356904	0.03356184786430974
DTXSID7021491	1	0	0.8834946957787182	0.11650530422128168
DTXSID7021526	1	0	0.7021457041579028	0.29785429584209716
DTXSID7021576	1	0	0.9422621133454118	0.057737886654588184
DTXSID7021780	1	0	0.8106884706752757	0.18931152932472425
DTXSID7021782	1	0	0.8727850921979069	0.12721490780209307
DTXSID7021867	1	0	0.7566894132021372	0.24331058679786285
DTXSID7021653	1	0	0.9441470247583226	0.05585297524167738
DTXSID7021657	1	0	0.8666649175977817	0.1333350824022182
DTXSID7021659	1	0	0.7485157039527648	0.2514842960472354
DTXSID7021996	1	0	0.9208610765517126	0.07913892344828753
DTXSID7021992	1	0	0.898120852229754	0.10187914777024601
DTXSID7021994	1	0	0.48783174719183636	0.5121682528081635
DTXSID7022124	1	0	0.9290667841233018	0.07093321587669814
DTXSID7022128	1	0	0.9481737762239862	0.05182622377601379
DTXSID7021948	1	0	0.7304630758911427	0.26953692410885743
DTXSID7022253	1	0	0.5297474027067666	0.4702525972932335
DTXSID7022332	1	0	0.6681431835587086	0.3318568164412913
DTXSID7022382	1	0	0.5921382347197751	0.4078617652802247
DTXSID7022384	1	1	0.8652032046621548	0.13479679533784503
DTXSID7022417	1	0	0.7636783509089091	0.23632164909109074
DTXSID7022590	1	0	0.829661005488709	0.17033899451129092
DTXSID7022592	1	0	0.9352596594811374	0.06474034051886249
DTXSID7022170	1	0	0.8832668304105822	0.11673316958941789
DTXSID7023011	1	0	0.8359376512172562	0.1640623487827441
DTXSID7022835	1	0	0.8549966134441296	0.14500338655587022
DTXSID7023481	1	0	0.8515966279376677	0.1484033720623323
DTXSID7023485	1	0	0.8640470685291515	0.13595293147084875
DTXSID7023190	1	0	0.8595392769070807	0.14046072309291924
DTXSID7023510	1	0	0.8846660368745936	0.11533396312540628
DTXSID7023192	1	0	0.8841638561636433	0.11583614383635658
DTXSID7023356	1	0	0.926779376682383	0.07322062331761717
DTXSID7023724	1	0	0.7405652641246553	0.2594347358753447
DTXSID7023697	1	0	0.891735117181063	0.10826488281893688
DTXSID7023512	1	0	0.8284983577967219	0.1715016422032783
DTXSID7023516	1	0	0.9028366595337783	0.0971633404662214
DTXSID7023518	1	0	0.7750098291782643	0.22499017082173575
DTXSID7023568	1	0	0.924666065712272	0.07533393428772792
DTXSID7023645	1	0	0.9107609546237774	0.08923904537622263
DTXSID7023936	1	0	0.9304931938128448	0.06950680618715517
DTXSID7023938	1	0	0.7824941195423606	0.21750588045763966
DTXSID7024085	1	0	0.9478626510534991	0.052137348946500794
DTXSID7023271	1	0	0.9528744151052093	0.04712558489479061
DTXSID7023277	1	0	0.8188415533221333	0.1811584466778667
DTXSID7024110	1	0	0.7706838301878209	0.22931616981217925
DTXSID7024376	1	0	0.9403729035142745	0.05962709648572554
DTXSID7024160	1	1	0.3708614742411818	0.6291385257588182
DTXSID7024904	1	0	0.9100697499425184	0.08993025005748169
DTXSID7024538	1	0	0.48518973714650626	0.5148102628534936
DTXSID7024580	1	0	0.8047321096694745	0.19526789033052533
DTXSID7025215	1	0	0.854467078805622	0.1455329211943779
DTXSID7025217	1	0	0.8297528347281748	0.17024716527182523
DTXSID7025180	1	0	0.9272173355382531	0.0727826644617466
DTXSID7025346	1	0	0.9334993587780429	0.06650064122195709
DTXSID7025421	1	0	0.9185042220700966	0.08149577792990315
DTXSID7025716	1	1	0.8863862305083093	0.11361376949169061
DTXSID7026235	1	0	0.8778795239301216	0.12212047606987853
DTXSID7025924	1	0	0.8257012683409356	0.17429873165906448
DTXSID7025926	1	0	0.763335066296067	0.23666493370393324
DTXSID7025972	1	0	0.8668439131330018	0.13315608686699826
DTXSID7026609	1	0	0.9197862391947232	0.08021376080527698
DTXSID7026653	1	0	0.8759851730861362	0.12401482691386387
DTXSID7026368	1	0	0.8269855922405684	0.17301440775943155
DTXSID7026811	1	0	0.9258377188790837	0.07416228112091636
DTXSID7027043	1	0	0.9095756462136461	0.09042435378635404
DTXSID7026998	1	0	0.9001450103804817	0.09985498961951833
DTXSID7026994	1	0	0.8412899140315179	0.15871008596848246
DTXSID7026863	1	0	0.9278241700706364	0.07217582992936358
DTXSID7027097	1	0	0.7854236840280794	0.21457631597192056
DTXSID7027174	1	0	0.9135531928783144	0.08644680712168562
DTXSID7027253	1	0	0.8523253664539845	0.1476746335460157
DTXSID7027338	1	0	0.9391407865243669	0.060859213475632994
DTXSID7027544	1	0	0.8845580353258373	0.11544196467416253
DTXSID7027756	1	0	0.7645892531765134	0.23541074682348642
DTXSID7027887	1	0	0.923257496857312	0.07674250314268767
DTXSID7027625	1	0	0.6594273083277843	0.3405726916722158
DTXSID7027835	1	0	0.9067964191285174	0.09320358087148278
DTXSID7028015	1	0	0.6327550253475296	0.3672449746524705
DTXSID7029611	1	0	0.5991122010850862	0.4008877989149137
DTXSID7029665	1	0	0.8982146921519524	0.10178530784804767
DTXSID7029320	1	0	0.8203765884289328	0.17962341157106723
DTXSID7031458	1	1	0.8463437410691382	0.15365625893086182
DTXSID7031248	1	1	0.6350641557002589	0.3649358442997412
DTXSID7031294	1	0	0.8534229120812503	0.1465770879187498
DTXSID7032393	1	1	0.6404870121519801	0.3595129878480198
DTXSID7032470	1	0	0.8686983069187421	0.13130169308125797
DTXSID7032555	1	0	0.8481398813913589	0.1518601186086411
DTXSID7032559	1	0	0.7276779246523449	0.27232207534765507
DTXSID7034252	1	0	0.9045177805489457	0.09548221945105441
DTXSID7032688	1	0	0.5985024077037808	0.40149759229621923
DTXSID7035010	1	0	0.753241188669901	0.2467588113300992
DTXSID7037185	1	0	0.9417894639273554	0.05821053607264455
DTXSID7037717	1	1	0.5	0.5
DTXSID7037715	1	0	0.8315778335864014	0.16842216641359872
DTXSID7037555	1	0	0.7706838301878333	0.22931616981216668
DTXSID7037680	1	0	0.8915842787203128	0.10841572127968714
DTXSID7040285	1	0	0.7555144263212278	0.24448557367877238
DTXSID7038814	1	0	0.7778797129521708	0.22212028704782893
DTXSID7040653	1	0	0.9127872524302506	0.08721274756974945
DTXSID7040360	1	0	0.9067208385456165	0.09327916145438368
DTXSID7040526	1	0	0.8293810500297124	0.17061894997028754
DTXSID7040734	1	0	0.6955745340698397	0.30442546593016007
DTXSID7040948	1	0	0.9007967509002852	0.09920324909971474
DTXSID7040784	1	0	0.8437095797964554	0.1562904202035446
DTXSID7041097	1	0	0.8766380058653545	0.1233619941346455
DTXSID7041201	1	0	0.802519905371488	0.19748009462851182
DTXSID7041388	1	0	0.8423091421100811	0.15769085788991888
DTXSID7041621	1	0	0.8230664870091896	0.17693351299081028
DTXSID7041625	1	0	0.8943149786532707	0.10568502134672927
DTXSID7041627	1	0	0.8297003355533491	0.17029966444665087
DTXSID7041756	1	0	0.8238363298120219	0.1761636701879782
DTXSID7041629	1	0	0.8601557945431324	0.1398442054568676
DTXSID7041916	1	0	0.8886959626786359	0.11130403732136385
DTXSID7041889	1	0	0.6924683382392305	0.30753166176076957
DTXSID7041910	1	0	0.7966192699551508	0.20338073004484927
DTXSID7042273	1	0	0.6321782358039999	0.36782176419600005
DTXSID7042063	1	0	0.754839220933958	0.24516077906604203
DTXSID7042279	1	0	0.7698419288792242	0.23015807112077596
DTXSID7042196	1	0	0.9563268140135407	0.04367318598645935
DTXSID7044132	1	0	0.8618317049586374	0.13816829504136263
DTXSID7043908	1	0	0.8649514051518458	0.13504859484815435
DTXSID7044217	1	0	0.9048325260026785	0.09516747399732167
DTXSID7044267	1	0	0.9550648852074789	0.04493511479252107
DTXSID7044429	1	0	0.8197948273568595	0.18020517264314037
DTXSID7044506	1	0	0.9493423651332893	0.05065763486671084
DTXSID7044475	1	0	0.9215038309100487	0.07849616908995138
DTXSID7044633	1	0	0.775561834768121	0.22443816523187893
DTXSID7044552	1	0	0.9199751273712237	0.08002487262877636
DTXSID7044554	1	0	0.913832005491152	0.08616799450884799
DTXSID7044764	1	0	0.9373949681719713	0.06260503182802873
DTXSID7044841	1	1	0.9024048374540578	0.09759516254594237
DTXSID7044843	1	1	0.9353857808713552	0.06461421912864485
DTXSID7044847	1	0	0.8797206753907726	0.12027932460922745
DTXSID7044893	1	0	0.9381500809415032	0.06184991905849682
DTXSID7044970	1	0	0.8436774196052633	0.1563225803947366
DTXSID7044972	1	0	0.6702021493959004	0.32979785060409955
DTXSID7045364	1	1	0.6873781002236532	0.3126218997763467
DTXSID7045368	1	0	0.8590734446578406	0.14092655534215953
DTXSID7045441	1	0	0.7843728629758835	0.21562713702411637
DTXSID7045152	1	1	0.5844552210834358	0.4155447789165642
DTXSID7045158	1	0	0.9375507440368449	0.062449255963155204
DTXSID7045578	0	0	0.971082969438233	0.028917030561767094
DTXSID7045522	1	0	0.8180228185307494	0.1819771814692506
DTXSID7045526	1	0	0.9538832790824746	0.04611672091752528
DTXSID7045570	0	0	0.9692497745757885	0.030750225424211346
DTXSID7045607	1	0	0.8750915058125738	0.12490849418742621
DTXSID7045574	1	0	0.9453421233035031	0.054657876696496896
DTXSID7045948	1	0	0.9262133729223564	0.0737866270776438
DTXSID7045655	1	0	0.9123109664937767	0.08768903350622312
DTXSID7045863	1	0	0.9325215504517667	0.06747844954823358
DTXSID7045651	1	0	0.9437133406240323	0.0562866593759676
DTXSID7045811	1	1	0.9178409892162255	0.08215901078377465
DTXSID7045653	1	0	0.6875410897822376	0.3124589102177622
DTXSID7046093	1	0	0.9004334478734708	0.09956655212652946
DTXSID7046201	1	0	0.8968011417974813	0.10319885820251871
DTXSID7046091	1	1	0.7701052030746188	0.22989479692538112
DTXSID7046045	1	0	0.8453597745611832	0.15464022543881675
DTXSID7046095	1	0	0.9398715595825933	0.06012844041740677
DTXSID7046126	1	0	0.8944142940174262	0.10558570598257393
DTXSID7046047	1	0	0.829983495199476	0.17001650480052402
DTXSID7046174	1	0	0.551220093963265	0.4487799060367351
DTXSID7046415	1	0	0.8307490441091798	0.16925095589082
DTXSID7046673	1	0	0.9287335652067461	0.07126643479325395
DTXSID7046461	1	0	0.7435311433577563	0.2564688566422438
DTXSID7046463	1	0	0.8725304960127254	0.12746950398727466
DTXSID7046675	1	1	0.9151958775916129	0.08480412240838696
DTXSID7046677	1	0	0.6648927314168804	0.3351072685831196
DTXSID7046207	1	0	0.9258246322732793	0.0741753677267208
DTXSID7046176	1	0	0.8891217414646049	0.11087825853539525
DTXSID7046831	1	0	0.8585424647066418	0.1414575352933582
DTXSID7046467	1	0	0.9497517075799703	0.050248292420029754
DTXSID7046912	1	0	0.9396709211927524	0.0603290788072476
DTXSID7046914	1	0	0.9513486071592967	0.04865139284070314
DTXSID7047146	1	1	0.7860589329111582	0.2139410670888419
DTXSID7047271	1	1	0.8896281737268105	0.11037182627318948
DTXSID7047198	1	0	0.9555203411707259	0.04447965882927406
DTXSID7047279	1	0	0.9062453947214707	0.09375460527852914
DTXSID7047277	1	1	0.8053762834615178	0.19462371653848207
DTXSID7047562	1	0	0.9091814419270668	0.09081855807293325
DTXSID7047308	1	1	0.9065350426974484	0.09346495730255164
DTXSID7047356	0	0	0.983445045289225	0.016554954710774953
DTXSID7047439	1	0	0.9345638928316168	0.06543610716838333
DTXSID7047568	1	0	0.7390862533334462	0.26091374666655365
DTXSID7047641	1	0	0.8982403737657033	0.10175962623429692
DTXSID7047510	1	0	0.9185818803097834	0.08141811969021659
DTXSID7047647	1	0	0.8406011802442022	0.15939881975579795
DTXSID7047697	1	0	0.639290182736341	0.3607098172636589
DTXSID7047726	1	0	0.6876361810838308	0.3123638189161693
DTXSID7047772	1	0	0.7255327813970941	0.27446721860290574
DTXSID7047691	1	0	0.946625367180298	0.053374632819702096
DTXSID7047803	1	0	0.9490709120051506	0.050929087994849354
DTXSID7047936	1	1	0.13947573102437846	0.8605242689756215
DTXSID7047934	1	1	0.5898550396904481	0.4101449603095519
DTXSID7048669	1	0	0.9002737064121594	0.09972629358784062
DTXSID7048580	1	0	0.8734714679787702	0.12652853202122982
DTXSID7048582	1	0	0.9666760694904439	0.03332393050955607
DTXSID7048740	1	0	0.8441719388617486	0.1558280611382515
DTXSID7048792	1	0	0.8707115341762675	0.1292884658237328
DTXSID7048796	1	0	0.8113968520577859	0.18860314794221417
DTXSID7048829	1	0	0.7674591868819538	0.23254081311804609
DTXSID7048873	1	0	0.9231552919398797	0.07684470806012028
DTXSID7048908	1	0	0.7598727589286886	0.24012724107131134
DTXSID7048902	1	0	0.9281976970828475	0.07180230291715256
DTXSID7048821	1	0	0.9205774554948386	0.07942254450516131
DTXSID7049007	1	0	0.8203591448169685	0.17964085518303136
DTXSID7049215	1	0	0.920395745597396	0.07960425440260417
DTXSID7049055	1	0	0.7342320644169734	0.2657679355830266
DTXSID7049059	1	0	0.8754544348590101	0.12454556514098997
DTXSID7049265	1	0	0.845059798069604	0.15494020193039587
DTXSID7052288	1	0	0.8865593019318863	0.1134406980681138
DTXSID7052311	1	0	0.9639312411766082	0.036068758823391694
DTXSID7051474	1	0	0.9381506291415201	0.061849370858479864
DTXSID7052652	1	0	0.9210628132560543	0.0789371867439457
DTXSID7057602	1	0	0.962158208535178	0.03784179146482208
DTXSID7052735	1	0	0.9247262596855935	0.07527374031440653
DTXSID7057781	1	0	0.9506148803335683	0.0493851196664316
DTXSID7057783	1	0	0.8836862979328725	0.11631370206712738
DTXSID7057785	1	0	0.9275564340260491	0.07244356597395071
DTXSID7057650	1	0	0.938903930902128	0.06109606909787212
DTXSID7057789	1	0	0.9024215733251847	0.09757842667481528
DTXSID7057735	1	0	0.9174307849228863	0.0825692150771136
DTXSID7057604	1	0	0.7857767276958293	0.2142232723041708
DTXSID7057810	1	0	0.7441546695568216	0.2558453304431783
DTXSID8020090	1	0	0.8100872186103144	0.1899127813896856
DTXSID8020123	1	0	0.8423026089648729	0.15769739103512703
DTXSID8020094	1	0	0.8127923334669546	0.18720766653304544
DTXSID8020331	1	0	0.8194816236393767	0.18051837636062337
DTXSID8020252	1	0	0.9083779262754657	0.09162207372453438
DTXSID8020337	1	1	0.9391770025547767	0.0608229974452233
DTXSID8020381	1	0	0.784403716763903	0.215596283236097
DTXSID8020464	1	0	0.852325366454001	0.14767463354599905
DTXSID8020541	1	0	0.8840065202349611	0.11599347976503877
DTXSID8020591	1	0	0.8860580841375196	0.11394191586248023
DTXSID8020410	1	0	0.7589051860198682	0.2410948139801321
DTXSID8020593	1	0	0.9405978015562015	0.059402198443798425
DTXSID8020626	1	0	0.8722107486000065	0.12778925139999342
DTXSID8020678	1	0	0.8118413538750232	0.18815864612497668
DTXSID8020709	1	1	0.8058534453940487	0.19414655460595107
DTXSID8020886	1	0	0.9035299959476085	0.09647000405239148
DTXSID8021141	1	0	0.4948105573473468	0.5051894426526532
DTXSID8021488	1	0	0.8695895285152976	0.13041047148470242
DTXSID8021482	1	0	0.967260489990157	0.03273951000984291
DTXSID8021484	1	0	0.8717656425867626	0.12823435741323727
DTXSID8021561	1	0	0.9416615410442785	0.05833845895572165
DTXSID8021517	1	0	0.745922636117503	0.2540773638824967
DTXSID8021513	1	0	0.9422815248463572	0.057718475153642916
DTXSID8021301	1	1	0.9310432035696748	0.06895679643032533
DTXSID8021565	1	0	0.9228322132668129	0.07716778673318715
DTXSID8021721	1	0	0.9248971382950572	0.07510286170494301
DTXSID8021729	1	1	0.7716228201166075	0.22837717988339234
DTXSID8021800	1	0	0.8173847771778634	0.18261522282213652
DTXSID8021646	1	0	0.7329814192735584	0.2670185807264416
DTXSID8021856	1	0	0.8710506546911495	0.1289493453088504
DTXSID8021854	1	0	0.9404570957637397	0.059542904236260165
DTXSID8021804	1	0	0.7905871912842541	0.20941280871574586
DTXSID8022325	1	1	0.6874924774986564	0.31250752250134367
DTXSID8022292	1	0	0.7548559121594471	0.2451440878405528
DTXSID8022610	1	0	0.7013452052367817	0.29865479476321843
DTXSID8022589	1	0	0.8734835848670705	0.12651641513292966
DTXSID8022749	1	0	0.940046837848709	0.059953162151290956
DTXSID8022404	1	0	0.604069969225871	0.395930030774129
DTXSID8022614	1	1	0.8254064385163592	0.17459356148364083
DTXSID8022406	1	0	0.6139448042512066	0.3860551957487933
DTXSID8022408	1	0	0.8022661591632774	0.19773384083672266
DTXSID8022822	1	0	0.7680096398177166	0.23199036018228314
DTXSID8022872	1	0	0.8828533507436849	0.11714664925631502
DTXSID8023054	1	0	0.6549960279582367	0.3450039720417633
DTXSID8023472	1	0	0.8267575554977958	0.17324244450220402
DTXSID8023551	1	0	0.9423140285212178	0.057685971478782135
DTXSID8023474	1	1	0.5376833479303307	0.46231665206966926
DTXSID8023395	1	0	0.9123837049669182	0.08761629503308192
DTXSID8023630	1	0	0.9239645782292544	0.07603542177074593
DTXSID8023426	1	0	0.7190035728270976	0.2809964271729023
DTXSID8023632	1	0	0.7814921626529631	0.21850783734703685
DTXSID8023636	1	0	0.8894947774998272	0.11050522250017286
DTXSID8023719	1	1	0.9118670098725153	0.08813299012748448
DTXSID8023262	1	1	0.9285950814440689	0.07140491855593115
DTXSID8023347	1	0	0.7814375141646603	0.21856248583533958
DTXSID8023927	1	1	0.8100556627214908	0.18994433727850937
DTXSID8024072	1	0	0.8081132419112536	0.1918867580887464
DTXSID8023349	1	0	0.8325052952269184	0.1674947047730817
DTXSID8023214	1	0	0.9206594058209077	0.07934059417909245
DTXSID8023216	1	0	0.9183290575940227	0.0816709424059774
DTXSID8024107	1	0	0.6335548750281408	0.3664451249718592
DTXSID8024105	1	0	0.8415867050544931	0.15841329494550685
DTXSID8024311	1	0	0.8937061650871959	0.10629383491280402
DTXSID8024658	1	0	0.9442336176499075	0.05576638235009239
DTXSID8024733	1	0	0.8736185346183668	0.12638146538163336
DTXSID8024498	1	1	0.4309286610818382	0.5690713389181618
DTXSID8024600	1	0	0.8894550641682807	0.11054493583171911
DTXSID8024608	1	0	0.9301809174914057	0.06981908250859419
DTXSID8024864	1	0	0.943324791058231	0.056675208941768994
DTXSID8024866	1	0	0.8159436603291069	0.18405633967089327
DTXSID8025094	1	0	0.7348475978778153	0.265152402122185
DTXSID8025258	1	1	0.7156398690745936	0.2843601309254062
DTXSID8025040	1	0	0.5953603641559575	0.40463963584404244
DTXSID8025337	1	0	0.9658603068043012	0.034139693195698796
DTXSID8025593	1	0	0.47919227034550277	0.5208077296544972
DTXSID8025886	1	0	0.8844938168628798	0.11550618313712026
DTXSID8025961	1	0	0.8965682881558804	0.10343171184411958
DTXSID8025963	1	0	0.9486952260303542	0.051304773969645744
DTXSID8026141	1	0	0.8538061646064534	0.14619383539354652
DTXSID8026220	1	0	0.6908150635514168	0.30918493644858325
DTXSID8026694	1	0	0.9571447070022039	0.04285529299779607
DTXSID8026519	1	0	0.7038650641258011	0.29613493587419903
DTXSID8027294	1	0	0.9616479397392727	0.03835206026072729
DTXSID8027244	1	0	0.9382737518250307	0.061726248174969287
DTXSID8027797	1	0	0.8623947411568365	0.13760525884316357
DTXSID8027589	1	0	0.9559893329187493	0.04401066708125065
DTXSID8027793	1	1	0.8887507790335778	0.11124922096642215
DTXSID8029153	1	0	0.7871579609186379	0.21284203908136232
DTXSID8029236	1	0	0.8352288008168028	0.16477119918319716
DTXSID8029157	1	0	0.9285166709926167	0.07148332900738325
DTXSID8029606	1	0	0.9443793875492494	0.05562061245075064
DTXSID8027959	1	0	0.9283208941134753	0.07167910588652475
DTXSID8029600	1	0	0.9615668770537874	0.03843312294621257
DTXSID8029650	1	0	0.9401299293480092	0.0598700706519908
DTXSID8029159	1	0	0.9027034925018453	0.09729650749815462
DTXSID8029604	1	0	0.7839440083419992	0.21605599165800074
DTXSID8029733	1	0	0.9401299293480092	0.05987007065199092
DTXSID8030423	1	1	0.9113863711822198	0.08861362881778018
DTXSID8029868	1	0	0.9130964849333162	0.08690351506668373
DTXSID8032417	1	1	0.6849321323809395	0.3150678676190604
DTXSID8032623	1	0	0.8445804903398271	0.15541950966017282
DTXSID8033564	1	0	0.8473222342815353	0.15267776571846448
DTXSID8034401	1	1	0.8397748940830838	0.1602251059169161
DTXSID8034580	1	1	0.7214380855788254	0.2785619144211745
DTXSID8034087	1	0	0.6224347507695632	0.37756524923043683
DTXSID8034089	1	1	0.8570632301275227	0.14293676987247728
DTXSID8033803	1	0	0.79660948649094	0.20339051350906004
DTXSID8034588	1	1	0.8383365098459467	0.1616634901540532
DTXSID8034324	1	0	0.8427872744129399	0.15721272558706012
DTXSID8034823	1	0	0.8527570986036339	0.14724290139636595
DTXSID8035217	1	0	0.8905760444526827	0.10942395554731706
DTXSID8037207	1	0	0.8925689361156313	0.10743106388436875
DTXSID8037750	1	0	0.628580896347957	0.3714191036520431
DTXSID8037752	1	0	0.6913186379108117	0.3086813620891882
DTXSID8037756	1	0	0.9569930490482936	0.04300695095170641
DTXSID8038770	1	0	0.8077409075415128	0.19225909245848719
DTXSID8040694	1	0	0.8897952783895889	0.11020472161041099
DTXSID8040270	1	1	0.7326118862476139	0.2673881137523864
DTXSID8038857	1	0	0.8974697549563242	0.10253024504367582
DTXSID8039241	1	0	0.9297790210875212	0.0702209789124788
DTXSID8040698	1	0	0.9002896623245158	0.0997103376754843
DTXSID8040725	1	0	0.7743251544257336	0.22567484557426642
DTXSID8040779	1	0	0.7016396346867962	0.2983603653132037
DTXSID8041242	1	0	0.5969689112710037	0.4030310887289963
DTXSID8041329	1	0	0.8498487668363751	0.1501512331636249
DTXSID8041452	1	0	0.7437523763951454	0.25624762360485487
DTXSID8041668	1	0	0.789897484908724	0.21010251509127573
DTXSID8041373	1	0	0.8918146730992025	0.1081853269007975
DTXSID8042052	1	0	0.9323735497551574	0.06762645024484255
DTXSID8041745	1	0	0.7943877009387396	0.20561229906126052
DTXSID8041951	1	0	0.9112110468832284	0.08878895311677167
DTXSID8041957	1	0	0.8986583825937059	0.10134161740629404
DTXSID8041959	1	0	0.9544546679806962	0.04554533201930387
DTXSID8042002	1	0	0.8225404502771465	0.17745954972285347
DTXSID8042189	1	0	0.7506092731118295	0.24939072688817066
DTXSID8041799	1	0	0.5991511924987212	0.4008488075012789
DTXSID8042632	1	0	0.7549029363317075	0.24509706366829262
DTXSID8043814	1	0	0.7109092737909138	0.28909072620908627
DTXSID8042422	1	0	0.9163306185269756	0.08366938147302436
DTXSID8042509	1	1	0.8183028485650012	0.18169715143499862
DTXSID8042503	1	0	0.9066795215349676	0.0933204784650323
DTXSID8044208	1	0	0.7912122072462248	0.2087877927537753
DTXSID8044383	1	0	0.8378770394730203	0.16212296052697983
DTXSID8044202	1	0	0.9355244253349924	0.06447557466500778
DTXSID8044381	1	0	0.9219206410292166	0.07807935897078343
DTXSID8044385	1	0	0.8984045174319437	0.10159548256805627
DTXSID8044204	1	1	0.8424710119334422	0.1575289880665578
DTXSID8044206	1	0	0.9195182607408503	0.08048173925914957
DTXSID8044462	1	0	0.8114212082214797	0.18857879177852027
DTXSID8044591	1	0	0.8764855150970597	0.12351448490294045
DTXSID8044593	1	1	0.7187664403565084	0.28123355964349167
DTXSID8044547	1	0	0.9432384653318866	0.05676153466811337
DTXSID8044412	1	0	0.8210737724707091	0.178926227529291
DTXSID8044464	1	0	0.6228301649091724	0.37716983509082747
DTXSID8044545	1	0	0.9423752254667722	0.05762477453322792
DTXSID8044466	1	0	0.9077637916944922	0.09223620830550808
DTXSID8044414	1	0	0.8253014958034464	0.17469850419655347
DTXSID8044599	1	0	0.8227822830005391	0.1772177169994609
DTXSID8044624	1	0	0.9211241438460271	0.07887585615397279
DTXSID8044622	1	0	0.9269830920978256	0.07301690790217452
DTXSID8044757	1	0	0.9225618306424955	0.07743816935750433
DTXSID8044836	1	0	0.7460621715869937	0.2539378284130063
DTXSID8044915	1	0	0.6812790620788988	0.3187209379211011
DTXSID8044678	1	0	0.938696341917362	0.061303658082638234
DTXSID8044963	1	0	0.890413656183355	0.10958634381664498
DTXSID8044961	1	0	0.8511987475634243	0.1488012524365756
DTXSID8044886	1	0	0.8097818996465256	0.19021810035347417
DTXSID8045228	1	0	0.9416187095889984	0.0583812904110018
DTXSID8045357	1	0	0.7931413106545593	0.2068586893454405
DTXSID8045359	1	0	0.7993089438845427	0.20069105611545748
DTXSID8044888	1	0	0.9404082079390744	0.05959179206092558
DTXSID8045147	1	0	0.7829271543416286	0.21707284565837137
DTXSID8044882	1	0	0.6606383923660808	0.3393616076339192
DTXSID8045193	1	1	0.8874423025799694	0.11255769742003072
DTXSID8045195	1	0	0.8976530279384914	0.10234697206150842
DTXSID8045220	1	0	0.784847606372283	0.215152393627717
DTXSID8045640	1	0	0.8702966898315054	0.1297033101684944
DTXSID8045513	1	0	0.8747993618173359	0.12520063818266416
DTXSID8045850	1	0	0.8712746164603163	0.12872538353968377
DTXSID8045854	1	0	0.486485049776432	0.513514950223568
DTXSID8045771	1	0	0.9079254712323209	0.09207452876767924
DTXSID8045933	1	0	0.813090141466944	0.18690985853305592
DTXSID8045935	1	0	0.9318286082736459	0.06817139172635385
DTXSID8045648	1	0	0.8859171659312675	0.11408283406873264
DTXSID8045939	1	0	0.8921339153130999	0.1078660846869
DTXSID8045690	1	0	0.8333512230271997	0.16664877697280042
DTXSID8046244	1	0	0.752583143362058	0.24741685663794194
DTXSID8046038	1	0	0.8965049637436909	0.10349503625630913
DTXSID8046088	1	1	0.8459177325314715	0.15408226746852857
DTXSID8046117	1	0	0.7684502889905132	0.23154971100948687
DTXSID8046161	1	0	0.8510657074724206	0.14893429252757923
DTXSID8046404	1	0	0.9149159414793888	0.0850840585206111
DTXSID8046296	1	0	0.937240049016935	0.06275995098306493
DTXSID8046456	1	0	0.9368031563114964	0.0631968436885036
DTXSID8046535	1	0	0.9607304761663518	0.03926952383364835
DTXSID8046539	1	0	0.8813971884972214	0.11860281150277863
DTXSID8046406	1	0	0.7338722938386968	0.2661277061613032
DTXSID8046664	1	0	0.9101456805681661	0.08985431943183382
DTXSID8045802	1	0	0.799220699689532	0.20077930031046803
DTXSID8046585	1	0	0.8839934254505434	0.11600657454945673
DTXSID8046610	1	0	0.9224410560770959	0.07755894392290422
DTXSID8046743	1	1	0.8212796757609877	0.1787203242390123
DTXSID8047131	1	0	0.8725066676115582	0.1274933323884416
DTXSID8047185	1	0	0.8787861078749812	0.12121389212501864
DTXSID8047189	1	0	0.9152686005570903	0.08473139944290997
DTXSID8047264	1	0	0.7696383577230949	0.23036164227690506
DTXSID8047262	1	0	0.8447347953387442	0.15526520466125593
DTXSID8047349	1	1	0.8717123994742728	0.12828760052572716
DTXSID8047341	1	0	0.7973433713395792	0.20265662866042097
DTXSID8047422	1	0	0.9222769127287691	0.07772308727123067
DTXSID8047551	1	0	0.9504866089493716	0.04951339105062844
DTXSID8047505	1	1	0.9188353592388303	0.08116464076116979
DTXSID8047684	1	0	0.8981980260620943	0.10180197393790581
DTXSID8047848	1	0	0.7613246435790166	0.23867535642098378
DTXSID8047842	1	0	0.8919882870745414	0.10801171292545864
DTXSID8047844	1	0	0.8872349108469838	0.11276508915301599
DTXSID8047717	1	0	0.9112367258386168	0.08876327416138308
DTXSID8047840	1	0	0.9240111974530328	0.07598880254696726
DTXSID8048494	1	0	0.8968196462427873	0.10318035375721267
DTXSID8048600	1	0	0.756521335233578	0.2434786647664222
DTXSID8048521	1	0	0.9019991592346579	0.098000840765342
DTXSID8048783	1	0	0.9311446615678043	0.06885533843219581
DTXSID8048785	1	1	0.7931743463702539	0.20682565362974611
DTXSID8048737	1	0	0.8110560581237627	0.18894394187623725
DTXSID8048781	1	0	0.685664162908813	0.31433583709118695
DTXSID8048656	1	0	0.9073105597997385	0.09268944020026153
DTXSID8048735	1	0	0.8996770437391027	0.10032295626089743
DTXSID8048789	1	0	0.9255675720939815	0.07443242790601848
DTXSID8048860	1	0	0.724233141790352	0.2757668582096478
DTXSID8048866	1	0	0.9193930063772103	0.0806069936227895
DTXSID8048868	1	0	0.8946674535747555	0.10533254642524445
DTXSID8049042	1	0	0.8774671646234866	0.1225328353765131
DTXSID8048999	1	0	0.6387036493478453	0.3612963506521548
DTXSID8049202	1	0	0.8995201069702781	0.10047989302972195
DTXSID8049337	1	0	0.9444422930972894	0.055557706902710606
DTXSID8049416	1	0	0.8964059880148615	0.10359401198513851
DTXSID8049418	1	0	0.9401203529681461	0.05987964703185393
DTXSID8049414	1	0	0.6162187463963096	0.38378125360369036
DTXSID8051544	1	0	0.9191878574601754	0.0808121425398246
DTXSID8051704	1	0	0.877798696091814	0.12220130390818595
DTXSID8051914	1	1	0.6980900276308474	0.3019099723691528
DTXSID8057643	1	1	0.74769227046816	0.2523077295318399
DTXSID8057722	1	0	0.7215736914106731	0.2784263085893267
DTXSID8057726	1	0	0.8322450224520858	0.16775497754791427
DTXSID8057699	1	0	0.5888523994955431	0.41114760050445687
DTXSID8057728	1	0	0.9280454470934135	0.07195455290658645
DTXSID8052300	1	0	0.9554800308503026	0.04451996914969727
DTXSID8057693	1	0	0.7906534517135925	0.20934654828640767
DTXSID8052641	1	0	0.648232509554229	0.35176749044577094
DTXSID8057772	1	0	0.8897585656295136	0.11024143437048617
DTXSID8057853	1	0	0.8434333517089959	0.15656664829100417
DTXSID8057855	1	0	0.8152449918773376	0.18475500812266213
DTXSID8057803	1	0	0.9271706932744548	0.07282930672554526
DTXSID8057851	1	0	0.8548687534125309	0.14513124658746918
DTXSID9020031	1	1	0.928040763510304	0.07195923648969604
DTXSID9020083	1	0	0.9599619953580292	0.04003800464197089
DTXSID9020118	1	0	0.7944540252123681	0.20554597478763204
DTXSID9020160	1	0	0.6668334405793831	0.333166559420617
DTXSID9020166	1	1	0.9280498630288523	0.07195013697114779
DTXSID9020293	1	0	0.9042917260878754	0.0957082739121245
DTXSID9020245	1	0	0.7922627849925079	0.20773721500749184
DTXSID9020401	1	0	0.2828986699493957	0.7171013300506041
DTXSID9020582	1	0	0.7061703998244215	0.29382960017557824
DTXSID9020615	1	0	0.9195068108320452	0.08049318916795475
DTXSID9020667	1	0	0.8898816181813565	0.11011838181864361
DTXSID9020742	1	0	0.9537532765260625	0.04624672347393746
DTXSID9020796	1	1	0.8819188230578495	0.1180811769421503
DTXSID9020792	1	0	0.9361476039923509	0.0638523960076493
DTXSID9020829	1	0	0.8860072140053836	0.11399278599461649
DTXSID9020790	1	0	0.8827277118229727	0.11727228817702717
DTXSID9021130	1	0	0.883737587176122	0.116262412823878
DTXSID9021136	1	0	0.757283406880645	0.24271659311935506
DTXSID9021138	1	0	0.4870386815201673	0.5129613184798327
DTXSID9021182	1	0	0.9051162831968457	0.09488371680315436
DTXSID9021267	1	0	0.6365924639791406	0.36340753602085935
DTXSID9021188	1	0	0.8285003233409668	0.17149967665903323
DTXSID9021344	1	0	0.34304536892497905	0.6569546310750212
DTXSID9021219	1	0	0.8952003156008295	0.10479968439917056
DTXSID9021427	1	0	0.9578982215929306	0.042101778407069426
DTXSID9021635	1	0	0.9461570844032793	0.05384291559672077
DTXSID9021633	1	0	0.9089804323273428	0.09101956767265688
DTXSID9021710	1	0	0.8665483207185983	0.13345167928140175
DTXSID9021764	0	0	0.9697821378232007	0.030217862176799254
DTXSID9021847	1	0	0.8439358344544946	0.15606416554550553
DTXSID9021978	1	0	0.9505233621525186	0.04947663784748134
DTXSID9022027	1	0	0.8821412994391998	0.11785870056079992
DTXSID9022310	1	0	0.7864116321804564	0.21358836781954385
DTXSID9022312	1	0	0.6172551035844579	0.3827448964155421
DTXSID9022100	1	0	0.647845430902233	0.352154569097767
DTXSID9022445	1	0	0.5078897512673283	0.49211024873267173
DTXSID9022520	1	0	0.9189418959218705	0.08105810407812958
DTXSID9021928	1	0	0.9307603638810091	0.06923963611899066
DTXSID9021974	1	0	0.9348336515119443	0.06516634848805596
DTXSID9021976	1	0	0.8684810206089261	0.13151897939107401
DTXSID9022655	1	1	0.915644182168053	0.08435581783194698
DTXSID9022526	1	0	0.650028398399065	0.349971601600935
DTXSID9022730	1	0	0.9402042369957117	0.059795763004288356
DTXSID9022522	1	0	0.7684732856081368	0.2315267143918631
DTXSID9022601	1	0	0.9253353555061936	0.07466464449380633
DTXSID9022524	1	0	0.9219666089321263	0.07803339106787387
DTXSID9022528	1	0	0.7779611643442903	0.22203883565571006
DTXSID9023128	1	1	0.8699549605093618	0.1300450394906381
DTXSID9022780	1	0	0.9395436218238812	0.06045637817611879
DTXSID9023170	1	0	0.7774316631699054	0.22256833683009458
DTXSID9023122	1	0	0.9139291083294523	0.08607089167054782
DTXSID9022734	1	0	0.7856545336534251	0.21434546634657506
DTXSID9022736	1	0	0.8814002405358965	0.11859975946410349
DTXSID9022817	1	1	0.9032492457716865	0.09675075422831346
DTXSID9022738	1	0	0.7236907281062203	0.27630927189377946
DTXSID9023205	1	0	0.7905430259586632	0.20945697404133665
DTXSID9023041	1	0	0.7162286154997449	0.283771384500255
DTXSID9023043	1	0	0.8901252091582648	0.10987479084173517
DTXSID9023540	1	0	0.8535717050932875	0.14642829490671258
DTXSID9023388	1	0	0.8697710934404177	0.13022890655958225
DTXSID9023411	1	1	0.7879323717381457	0.21206762826185455
DTXSID9023546	1	0	0.8582449732427202	0.14175502675727988
DTXSID9023548	1	0	0.8673602920815959	0.13263970791840404
DTXSID9023590	1	0	0.9188076662574645	0.08119233374253518
DTXSID9023677	1	1	0.8965265328191194	0.10347346718088084
DTXSID9023386	1	0	0.9254820748528132	0.07451792514718678
DTXSID9023752	1	0	0.9170621341130234	0.08293786588697662
DTXSID9024304	1	0	0.90842720543179	0.09157279456821008
DTXSID9024300	1	1	0.9406069131241318	0.059393086875868355
DTXSID9024437	0	0	0.9730590684581532	0.0269409315418468
DTXSID9023966	1	0	0.9604322935089836	0.03956770649101639
DTXSID9024726	1	0	0.9283288403470037	0.07167115965299627
DTXSID9024699	1	0	0.8650917019948803	0.13490829800511994
DTXSID9025112	1	0	0.9439588914230814	0.05604110857691862
DTXSID9024980	1	0	0.8757912664481857	0.12420873355181418
DTXSID9025087	1	0	0.7957463216409701	0.20425367835903008
DTXSID9025291	1	0	0.9448057000013843	0.05519429999861567
DTXSID9025293	1	0	0.9154115430014204	0.08458845699857945
DTXSID9025536	1	0	0.874704027637261	0.125295972362739
DTXSID9025403	1	0	0.8502654755408667	0.1497345244591334
DTXSID9025297	1	0	0.9447927581004879	0.055207241899512094
DTXSID9025580	1	0	0.9171426992330743	0.08285730076692573
DTXSID9025299	1	0	0.8021101712039044	0.19788982879609568
DTXSID9025453	1	0	0.9555964048635317	0.044403595136468306
DTXSID9025455	1	0	0.9333037384939257	0.06669626150607416
DTXSID9025873	1	0	0.8128909104005916	0.18710908959940836
DTXSID9025661	1	0	0.9610169309863764	0.03898306901362351
DTXSID9026261	1	0	0.9385082507521242	0.06149174924787583
DTXSID9025879	1	0	0.8897369148469506	0.11026308515304953
DTXSID9026631	1	0	0.9120135095474792	0.08798649045252081
DTXSID9026265	1	0	0.8199526893098089	0.1800473106901911
DTXSID9026718	1	0	0.9298204317968201	0.07017956820317973
DTXSID9027158	1	0	0.875818119551871	0.12418188044812889
DTXSID9027233	1	0	0.8593034916051732	0.14069650839482659
DTXSID9026342	1	0	0.9440877657870366	0.055912234212963596
DTXSID9027281	1	0	0.8151001641277695	0.1848998358722306
DTXSID9027312	1	0	0.8801555394107682	0.11984446058923184
DTXSID9027368	1	0	0.8927802143673734	0.10721978563262657
DTXSID9027443	1	0	0.950026641046072	0.049973358953927904
DTXSID9027360	1	0	0.9333846352627192	0.0666153647372806
DTXSID9027021	1	0	0.869031880556799	0.13096811944320083
DTXSID9027441	1	0	0.7260579469019716	0.27394205309802844
DTXSID9027528	1	0	0.9340641300172302	0.06593586998276968
DTXSID9032589	1	0	0.927567011731113	0.07243298826888696
DTXSID9032610	1	0	0.8375090568627428	0.16249094313725718
DTXSID9032535	1	0	0.8413702950422762	0.15862970495772374
DTXSID9032406	1	0	0.9635022288061776	0.03649777119382225
DTXSID9034070	1	0	0.9196423425493814	0.08035765745061867
DTXSID9034365	1	1	0.7321093854933782	0.2678906145066219
DTXSID9035204	1	1	0.9025583907947015	0.09744160920529839
DTXSID9034864	1	0	0.8773784365480688	0.12262156345193123
DTXSID9037248	1	0	0.9354963998896139	0.06450360011038593
DTXSID9040134	1	0	0.9062917395421174	0.09370826045788236
DTXSID9040130	1	0	0.9469966885767188	0.05300331142328117
DTXSID9041075	1	0	0.8146092054507397	0.18539079454926036
DTXSID9040712	1	1	0.9350826250825444	0.06491737491745576
DTXSID9040687	1	0	0.8830880268444382	0.11691197315556184
DTXSID9041441	1	0	0.8316291763799197	0.16837082362008024
DTXSID9041491	1	0	0.9334668029820542	0.0665331970179457
DTXSID9041861	1	0	0.9338674294729189	0.06613257052708119
DTXSID9041570	1	0	0.9585214879965783	0.041478512003421716
DTXSID9043938	1	0	0.8193625065974554	0.1806374934025448
DTXSID9042336	1	0	0.9610316505380124	0.038968349461987704
DTXSID9041659	1	0	0.8991395884036102	0.1008604115963898
DTXSID9042592	1	0	0.7883435549791915	0.21165644502080866
DTXSID9044378	1	0	0.8962694818274501	0.10373051817255018
DTXSID9044401	1	0	0.8814341716952548	0.11856582830474499
DTXSID9044164	1	0	0.6249356322142349	0.3750643677857652
DTXSID9044241	1	0	0.9102393054530559	0.08976069454694441
DTXSID9044299	1	0	0.8581992925865446	0.14180070741345532
DTXSID9044403	1	0	0.8101878348317234	0.18981216516827668
DTXSID9044532	1	0	0.9318556149783612	0.06814438502163898
DTXSID9044534	1	0	0.8287556117038686	0.17124438829613145
DTXSID9044455	1	0	0.6918586579523858	0.3081413420476146
DTXSID9044584	1	0	0.7847783404559938	0.21522165954400616
DTXSID9044661	1	0	0.8581999526405267	0.14180004735947324
DTXSID9044746	1	0	0.9147491710792897	0.08525082892071031
DTXSID9044748	1	0	0.8031775726695208	0.19682242733047947
DTXSID9044794	1	0	0.8191959023846391	0.1808040976153611
DTXSID9044796	1	1	0.9099125200807089	0.0900874799192912
DTXSID9044950	1	0	0.9127423678783487	0.0872576321216513
DTXSID9044827	1	0	0.9302551022595189	0.06974489774048108
DTXSID9044873	1	0	0.8952872296625881	0.10471277033741178
DTXSID9044798	1	0	0.909105561389377	0.09089443861062312
DTXSID9044821	1	0	0.7650976388163966	0.2349023611836035
DTXSID9044823	1	0	0.9171157963034964	0.08288420369650357
DTXSID9045182	1	0	0.8256998568143035	0.1743001431856965
DTXSID9045184	1	0	0.7942039907784004	0.2057960092215994
DTXSID9045215	1	0	0.8887896080882193	0.11121039191178057
DTXSID9045342	1	0	0.878873286345832	0.12112671365416802
DTXSID9045132	1	1	0.7307709227299006	0.2692290772700993
DTXSID9045394	1	0	0.8818233264116523	0.1181766735883477
DTXSID9045556	1	0	0.930242174175476	0.06975782582452403
DTXSID9045508	1	0	0.8578218129405459	0.14217818705945415
DTXSID9045558	1	1	0.918168120829813	0.08183187917018707
DTXSID9045390	1	0	0.8372838116621758	0.162716188337824
DTXSID9045899	1	1	0.8214060800555028	0.17859391994449686
DTXSID9045683	1	0	0.7703383168208877	0.22966168317911229
DTXSID9045685	1	0	0.8229008962725605	0.17709910372743942
DTXSID9045922	1	0	0.9589093271565895	0.0410906728434105
DTXSID9045843	1	0	0.7870628791582027	0.2129371208417973
DTXSID9046283	1	0	0.8154569533924119	0.18454304660758805
DTXSID9046108	1	0	0.9312267301580102	0.0687732698419898
DTXSID9046285	1	0	0.7876397263506906	0.21236027364930923
DTXSID9046073	1	0	0.866974144297535	0.13302585570246508
DTXSID9046449	1	0	0.9391329437336027	0.06086705626639733
DTXSID9046499	1	0	0.8977861626690172	0.10221383733098281
DTXSID9046289	1	0	0.6133101191607104	0.3866898808392895
DTXSID9046786	1	0	0.9141587476549888	0.08584125234501112
DTXSID9046576	1	1	0.7057134784931134	0.2942865215068865
DTXSID9046780	1	0	0.828144249236168	0.17185575076383186
DTXSID9046992	1	1	0.7329500069204138	0.26704999307958605
DTXSID9047041	1	0	0.9220129194267633	0.0779870805732369
DTXSID9047091	1	0	0.9280502092736602	0.07194979072633985
DTXSID9046861	1	0	0.8703420706990409	0.12965792930095912
DTXSID9047047	1	0	0.9375439956092577	0.06245600439074228
DTXSID9047095	1	0	0.9202475146847334	0.07975248531526644
DTXSID9047203	1	0	0.786637427101793	0.2133625728982071
DTXSID9047176	1	0	0.9300377032216632	0.06996229677833679
DTXSID9047128	1	0	0.9469874155427964	0.053012584457203554
DTXSID9047174	1	1	0.6263557878082369	0.37364421219176314
DTXSID9047257	1	1	0.7960687258167941	0.20393127418320586
DTXSID9047099	1	0	0.9455256992294768	0.05447430077052323
DTXSID9047124	1	0	0.9424563336889513	0.05754366631104857
DTXSID9047253	1	1	0.9249194965445595	0.07508050345544041
DTXSID9047419	1	0	0.9275122852615084	0.07248771473849137
DTXSID9047411	1	0	0.767717064190799	0.23228293580920095
DTXSID9047540	1	0	0.6274053261185256	0.3725946738814743
DTXSID9047590	1	0	0.7928704220397099	0.20712957796028994
DTXSID9047629	1	0	0.9400439201743013	0.05995607982569885
DTXSID9047679	1	0	0.919583972478912	0.08041602752108801
DTXSID9047702	1	0	0.7213433763765719	0.2786566236234282
DTXSID9047883	1	1	0.6566138030573866	0.3433861969426134
DTXSID9047885	1	0	0.6025443267728569	0.3974556732271431
DTXSID9047835	1	0	0.9272625277830059	0.0727374722169941
DTXSID9047887	1	0	0.653140767579113	0.346859232420887
DTXSID9047837	1	0	0.8187386378173659	0.18126136218263403
DTXSID9048194	1	0	0.925906586136546	0.0740934138634541
DTXSID9048198	1	0	0.9551206733856644	0.044879326614335635
DTXSID9047966	1	0	0.7884954887479586	0.21150451125204145
DTXSID9047962	1	0	0.5328782042536275	0.46712179574637236
DTXSID9048649	1	0	0.5052861553111608	0.49471384468883917
DTXSID9048516	1	0	0.742702357872458	0.2572976421275419
DTXSID9048803	1	0	0.8378159059259682	0.1621840940740316
DTXSID9047960	1	0	0.4309655772226625	0.5690344227773375
DTXSID9048851	1	0	0.8909545217478579	0.1090454782521423
DTXSID9049037	1	0	0.9275000012075768	0.07249999879242318
DTXSID9048774	1	0	0.8874082921256407	0.11259170787435935
DTXSID9048932	1	0	0.786468700845839	0.2135312991541613
DTXSID9049241	1	0	0.5	0.5
DTXSID9048930	1	1	0.8060027794958874	0.19399722050411256
DTXSID9048934	1	0	0.8273677611939318	0.17263223880606832
DTXSID9048936	1	1	0.8566784489492851	0.14332155105071487
DTXSID9048938	1	1	0.8536458820241172	0.1463541179758827
DTXSID9049322	1	0	0.9034234382360151	0.09657656176398469
DTXSID9049374	1	0	0.8676484452805537	0.13235155471944637
DTXSID9049324	1	0	0.8510736586352008	0.14892634136479913
DTXSID9049295	1	0	0.9105250816636222	0.08947491833637747
DTXSID9049401	1	1	0.8582566072941639	0.14174339270583622
DTXSID9052509	1	0	0.7414473955430729	0.2585526044569271
DTXSID9051824	1	0	0.6993876368128662	0.30061236318713386
DTXSID9057634	1	0	0.7758941279824277	0.22410587201757237
DTXSID9052505	0	0	0.9769204674684696	0.023079532531530337
DTXSID9057846	1	0	0.8070568501406031	0.19294314985939678
DTXSID9057848	1	1	0.8829976852961767	0.11700231470382313
DTXSID9057711	1	0	0.8855074015441974	0.11449259845580272
DTXSID9057636	1	0	0.9097100728986326	0.0902899271013675
DTXSID9057763	1	0	0.6367156767746296	0.36328432322537046
DTXSID9057840	1	0	0.7053442527436675	0.2946557472563324
DTXSID9057684	1	0	0.8926755468925659	0.10732445310743415
DTXSID9057719	1	1	0.943487367623897	0.05651263237610302
