compound	predicted	actual	p(0)	p(1)
DTXSID0020236	0	0	0.9201779961585999	0.07982201874256134
DTXSID0020107	0	0	0.9386429786682129	0.061357028782367706
DTXSID0020365	0	0	0.8277536630630493	0.1722463220357895
DTXSID0020446	0	0	0.9603535532951355	0.03964643180370331
DTXSID0020151	0	0	0.9632152318954468	0.036784738302230835
DTXSID0020577	0	1	0.9554687738418579	0.04453125223517418
DTXSID0020652	0	0	0.8827707171440125	0.11722929775714874
DTXSID0021121	0	0	0.9231916666030884	0.07680833339691162
DTXSID0021123	0	0	0.9372587203979492	0.06274130195379257
DTXSID0021626	0	0	0.953683078289032	0.04631691426038742
DTXSID0021888	0	0	0.9372584223747253	0.06274158507585526
DTXSID0021832	0	0	0.9557135701179504	0.04428645595908165
DTXSID0021915	0	0	0.8850911259651184	0.11490887403488159
DTXSID0021961	0	0	0.9241173267364502	0.07588266581296921
DTXSID0022062	0	0	0.9463751316070557	0.05362488329410553
DTXSID0022519	0	0	0.9287497401237488	0.07125027477741241
DTXSID0023951	0	0	0.9168643951416016	0.08313563466072083
DTXSID0024052	0	0	0.9600390791893005	0.039960943162441254
DTXSID0024399	0	0	0.9480628371238708	0.05193714797496796
DTXSID0024397	0	0	0.9041655659675598	0.09583443403244019
DTXSID0024553	0	0	0.8937731981277466	0.10622680187225342
DTXSID0025363	0	0	0.9656097888946533	0.03439024090766907
DTXSID0025816	0	0	0.9685428142547607	0.03145718574523926
DTXSID0026880	0	0	0.946219801902771	0.0537802055478096
DTXSID0026838	0	0	0.8980149030685425	0.10198506712913513
DTXSID0027191	0	0	0.9665603041648865	0.03343967720866203
DTXSID0026967	0	0	0.92578125	0.07421875
DTXSID0027222	0	0	0.9669514298439026	0.03304857388138771
DTXSID0027640	0	0	0.9518422484397888	0.048157740384340286
DTXSID0028038	0	0	0.938033401966095	0.06196657568216324
DTXSID0032497	0	0	0.9501613974571228	0.049838587641716
DTXSID0032578	0	0	0.9283090233802795	0.07169095426797867
DTXSID0032651	0	0	0.940366804599762	0.05963321775197983
DTXSID0034300	0	0	0.9455416202545166	0.054458390921354294
DTXSID0034227	0	0	0.9374479651451111	0.06255204975605011
DTXSID0034223	0	1	0.8768568634986877	0.12314312160015106
DTXSID0034518	0	0	0.9324900507926941	0.0675099566578865
DTXSID0034722	0	0	0.8822497725486755	0.11775024235248566
DTXSID00379268	0	0	0.9645035266876221	0.03549646958708763
DTXSID0037730	0	0	0.805994987487793	0.19400501251220703
DTXSID0040701	0	1	0.9312400817871094	0.06875990331172943
DTXSID0041981	0	0	0.9547278881072998	0.04527211934328079
DTXSID0042038	0	0	0.9488800764083862	0.05111990496516228
DTXSID0042167	0	0	0.9350542426109314	0.0649457573890686
DTXSID0042242	0	0	0.947138249874115	0.05286172777414322
DTXSID0042454	0	0	0.8857961893081665	0.1142037883400917
DTXSID0044363	0	0	0.9415671825408936	0.05843278765678406
DTXSID0044494	0	0	0.9033946394920349	0.09660535305738449
DTXSID0044446	0	0	0.9434688687324524	0.0565311498939991
DTXSID0044573	0	0	0.9468974471092224	0.053102537989616394
DTXSID0044527	0	0	0.8715757727622986	0.12842421233654022
DTXSID0044575	0	0	0.9409412145614624	0.059058766812086105
DTXSID0044868	0	0	0.9408465623855591	0.05915340781211853
DTXSID0047163	0	0	0.9245644807815552	0.07543551921844482
DTXSID0047161	0	0	0.8712977766990662	0.12870223820209503
DTXSID0047165	0	0	0.9310524463653564	0.06894758343696594
DTXSID0047167	0	0	0.9473227858543396	0.05267723649740219
DTXSID0047248	0	0	0.9317336082458496	0.06826639175415039
DTXSID0047325	0	0	0.9294668436050415	0.0705331563949585
DTXSID0047375	0	0	0.9443529844284058	0.055647023022174835
DTXSID0047327	0	0	0.8850802183151245	0.11491977423429489
DTXSID0047371	0	0	0.9122467041015625	0.0877533107995987
DTXSID0047377	0	0	0.9273272752761841	0.07267270982265472
DTXSID0047537	0	0	0.8021100759506226	0.19788993895053864
DTXSID0047539	0	0	0.882399320602417	0.1176006868481636
DTXSID0047535	0	1	0.8186150789260864	0.18138495087623596
DTXSID0047581	0	0	0.9445085525512695	0.05549146980047226
DTXSID0047533	0	0	0.727377712726593	0.272622287273407
DTXSID0047589	0	0	0.9540836811065674	0.04591631889343262
DTXSID0048189	0	0	0.8256142139434814	0.17438580095767975
DTXSID0051497	0	0	0.9466515183448792	0.053348492830991745
DTXSID0051863	0	1	0.8297076225280762	0.17029237747192383
DTXSID0052598	0	0	0.9422730207443237	0.057726990431547165
DTXSID0052542	0	0	0.9616953134536743	0.038304682821035385
DTXSID1020069	0	0	0.9007291793823242	0.09927083551883698
DTXSID1020140	0	0	0.9640887379646301	0.035911258310079575
DTXSID1020144	0	0	0.8920451402664185	0.10795487463474274
DTXSID1020352	0	0	0.9386082887649536	0.06139170378446579
DTXSID1020512	0	1	0.9519261121749878	0.048073917627334595
DTXSID1020932	0	0	0.9574409127235413	0.04255908355116844
DTXSID1021031	0	0	0.9144479036331177	0.08555208146572113
DTXSID1021243	0	1	0.9316994547843933	0.06830056011676788
DTXSID1021322	0	0	0.8962874412536621	0.1037125512957573
DTXSID1021409	0	0	0.8738588690757751	0.12614113092422485
DTXSID1021617	0	0	0.954761803150177	0.04523817077279091
DTXSID1021821	0	0	0.9683063626289368	0.03169362246990204
DTXSID1022003	0	0	0.958001971244812	0.04199803248047829
DTXSID1021956	0	1	0.8633100986480713	0.1366899013519287
DTXSID1022265	0	0	0.924934983253479	0.0750650018453598
DTXSID1022479	0	0	0.9283778071403503	0.07162220031023026
DTXSID1022267	0	0	0.9439622163772583	0.05603779852390289
DTXSID1023815	0	0	0.9414692521095276	0.05853075906634331
DTXSID1024091	0	0	0.9288808107376099	0.07111921161413193
DTXSID1024598	0	0	0.7360111474990845	0.2639888525009155
DTXSID1025279	0	0	0.9583671689033508	0.04163280874490738
DTXSID1025271	0	0	0.9347951412200928	0.06520484387874603
DTXSID1025485	0	0	0.9165984392166138	0.08340157568454742
DTXSID1025512	0	0	0.8756963610649109	0.12430361658334732
DTXSID1026118	0	0	0.9610644578933716	0.03893551602959633
DTXSID1026241	0	0	0.7242187261581421	0.2757812440395355
DTXSID1026615	0	0	0.9476780295372009	0.052321963012218475
DTXSID1026904	0	0	0.9502363204956055	0.049763698130846024
DTXSID1027342	0	0	0.9660871624946594	0.033912841230630875
DTXSID1027263	0	0	0.9605097770690918	0.03949021175503731
DTXSID1027504	0	0	0.9466692805290222	0.053330693393945694
DTXSID1029124	0	0	0.9492194652557373	0.0507805161178112
DTXSID1029170	0	1	0.9600951671600342	0.039904817938804626
DTXSID1031626	0	0	0.9594823718070984	0.04051763564348221
DTXSID1032355	0	0	0.9237526059150696	0.07624739408493042
DTXSID1032511	0	0	0.9310321807861328	0.06896784156560898
DTXSID1032513	0	0	0.9464555978775024	0.05354442447423935
DTXSID1032519	0	0	0.946738600730896	0.053261399269104004
DTXSID1032569	0	0	0.9491569995880127	0.050843026489019394
DTXSID1034634	0	0	0.9616466760635376	0.03835331276059151
DTXSID1034929	0	0	0.927656352519989	0.07234364748001099
DTXSID1034973	0	0	0.9337557554244995	0.0662442296743393
DTXSID1037567	0	0	0.9317158460617065	0.06828413903713226
DTXSID1037565	0	0	0.9380761384963989	0.06192385405302048
DTXSID1038822	0	0	0.9235134124755859	0.07648660242557526
DTXSID1040110	0	0	0.966684103012085	0.03331590071320534
DTXSID1040295	0	1	0.9344660639762878	0.06553395837545395
DTXSID1040112	0	0	0.9585139155387878	0.04148609936237335
DTXSID1040164	0	0	0.9310842752456665	0.06891574710607529
DTXSID1041188	0	0	0.9615392684936523	0.03846070542931557
DTXSID1041267	0	0	0.9639293551445007	0.03607063740491867
DTXSID1041847	0	0	0.8806659579277039	0.11933403462171555
DTXSID1041891	0	0	0.9075795412063599	0.09242047369480133
DTXSID1042154	0	0	0.910631000995636	0.08936897665262222
DTXSID1044435	0	0	0.9180392026901245	0.08196081221103668
DTXSID1044489	0	1	0.9302845001220703	0.06971550732851028
DTXSID1044693	0	0	0.9378272294998169	0.0621727779507637
DTXSID1047071	0	0	0.9576464295387268	0.042353592813014984
DTXSID1047289	0	0	0.9419984817504883	0.05800150707364082
DTXSID1047362	0	0	0.8811945915222168	0.1188054233789444
DTXSID1047366	0	0	0.9485827684402466	0.05141724273562431
DTXSID1047285	0	0	0.9571171998977661	0.0428827702999115
DTXSID1047312	0	0	0.9133621454238892	0.08663783967494965
DTXSID1047447	0	0	0.922416090965271	0.0775839164853096
DTXSID1047497	0	0	0.8264070749282837	0.17359289526939392
DTXSID1047607	0	1	0.9572284817695618	0.04277152940630913
DTXSID1047603	0	0	0.9565566182136536	0.043443407863378525
DTXSID1047651	0	0	0.9492319226264954	0.05076806992292404
DTXSID1047605	0	0	0.9113785624504089	0.08862143754959106
DTXSID1048201	0	0	0.9390563368797302	0.060943640768527985
DTXSID1049697	0	1	0.871777355670929	0.12822265923023224
DTXSID1052539	0	0	0.953499436378479	0.04650057479739189
DTXSID1052585	0	0	0.8958460092544556	0.10415399074554443
DTXSID1051939	0	0	0.9530087113380432	0.04699130356311798
DTXSID1052294	0	0	0.9485359191894531	0.05146407335996628
DTXSID1052610	0	0	0.9510954022407532	0.04890462011098862
DTXSID2020262	0	0	0.959710955619812	0.04028905928134918
DTXSID2020268	0	0	0.9193730354309082	0.08062694221735
DTXSID2020501	0	0	0.8912613391876221	0.10873869061470032
DTXSID2020428	0	0	0.9616541266441345	0.038345854729413986
DTXSID2020474	0	0	0.9617812037467957	0.03821881487965584
DTXSID2020507	0	0	0.9520729780197144	0.04792703315615654
DTXSID2020713	0	0	0.9588657021522522	0.041134316474199295
DTXSID2020767	0	0	0.9491276741027832	0.05087234824895859
DTXSID2020894	0	0	0.8884407877922058	0.11155922710895538
DTXSID2021028	0	0	0.9521507024765015	0.047849301248788834
DTXSID2021026	0	0	0.9408144354820251	0.059185560792684555
DTXSID2021282	0	0	0.9435669183731079	0.05643308535218239
DTXSID2021650	0	0	0.9338589310646057	0.06614109128713608
DTXSID2021577	0	0	0.9401887655258179	0.05981121212244034
DTXSID2021600	0	0	0.9605415463447571	0.03945847228169441
DTXSID2021654	0	0	0.9609529972076416	0.039047013968229294
DTXSID2021656	0	0	0.9561946988105774	0.043805308640003204
DTXSID2021602	0	0	0.8751527070999146	0.12484726309776306
DTXSID2021781	0	0	0.9145625829696655	0.08543738722801208
DTXSID2021866	0	0	0.9229491949081421	0.07705078274011612
DTXSID2021943	0	0	0.9433366060256958	0.056663405150175095
DTXSID2021993	0	0	0.9195342659950256	0.08046571910381317
DTXSID2022096	0	0	0.9440655708312988	0.05593442916870117
DTXSID2021995	0	0	0.9404410719871521	0.05955890566110611
DTXSID2022333	0	0	0.9556467533111572	0.04435324668884277
DTXSID2022125	0	0	0.9503722190856934	0.04962775111198425
DTXSID2022678	0	0	0.9353400468826294	0.0646599605679512
DTXSID2023519	0	0	0.9184266924858093	0.08157330006361008
DTXSID2025347	0	0	0.9664413928985596	0.03355862572789192
DTXSID2025478	0	0	0.9644008874893188	0.03559913486242294
DTXSID2025925	0	0	0.9461289644241333	0.05387100577354431
DTXSID2026446	0	0	0.902755081653595	0.09724489599466324
DTXSID2026232	0	0	0.8078479766845703	0.1921520233154297
DTXSID2026608	0	0	0.9617010951042175	0.038298916071653366
DTXSID2026652	0	0	0.9460413455963135	0.05395868048071861
DTXSID2026783	0	0	0.9156900644302368	0.08430994302034378
DTXSID2026991	0	0	0.9586288332939148	0.041371166706085205
DTXSID2026781	0	0	0.9596250057220459	0.040374986827373505
DTXSID2029117	0	0	0.8835054636001587	0.11649452149868011
DTXSID2032552	0	0	0.9374145865440369	0.06258543580770493
DTXSID2032398	0	0	0.9423761963844299	0.05762382224202156
DTXSID2032554	0	0	0.9163792133331299	0.0836208164691925
DTXSID2032639	0	1	0.839664101600647	0.16033586859703064
DTXSID2032631	0	0	0.9382355809211731	0.061764419078826904
DTXSID2034255	0	0	0.9404070377349854	0.05959296599030495
DTXSID2034542	0	0	0.927217423915863	0.07278257608413696
DTXSID2034382	0	0	0.9253606796264648	0.07463932782411575
DTXSID2034833	0	0	0.9459492564201355	0.05405073240399361
DTXSID2038732	0	0	0.950168788433075	0.04983122646808624
DTXSID2038788	0	0	0.9517602324485779	0.04823976010084152
DTXSID2040731	0	0	0.9436411261558533	0.056358855217695236
DTXSID2041389	0	0	0.930796205997467	0.06920381635427475
DTXSID2040787	0	1	0.8453431129455566	0.15465685725212097
DTXSID6028492	0	1	0.8453431129455566	0.15465685725212097
DTXSID2041200	0	0	0.8465498089790344	0.15345019102096558
DTXSID2041412	0	0	0.936458945274353	0.06354104727506638
DTXSID2041418	0	0	0.9533321261405945	0.04666788876056671
DTXSID2042276	0	0	0.923015296459198	0.0769847184419632
DTXSID2041674	0	0	0.9627396464347839	0.03726035729050636
DTXSID2044399	0	0	0.9669598937034607	0.033040083944797516
DTXSID2044472	0	0	0.9535272121429443	0.04647276550531387
DTXSID2044470	0	0	0.956199049949646	0.0438009612262249
DTXSID2044765	0	0	0.9590896964073181	0.04091029614210129
DTXSID2047064	0	0	0.9559654593467712	0.04403453320264816
DTXSID2047145	0	1	0.9637908339500427	0.03620918095111847
DTXSID2047272	0	1	0.9465546011924744	0.053445376455783844
DTXSID2047191	0	0	0.9309729933738708	0.06902698427438736
DTXSID2047307	0	0	0.9426816701889038	0.057318314909935
DTXSID2047276	0	0	0.9251341819763184	0.07486583292484283
DTXSID2047309	0	0	0.9441511631011963	0.055848825722932816
DTXSID2047353	0	0	0.9243727922439575	0.07562717795372009
DTXSID2047355	0	0	0.9472236633300781	0.05277634784579277
DTXSID2047511	0	0	0.8751712441444397	0.1248287782073021
DTXSID2047519	0	0	0.9622679948806763	0.03773199021816254
DTXSID2047567	0	1	0.9546254277229309	0.04537457600235939
DTXSID2047646	0	0	0.961746096611023	0.03825391083955765
DTXSID2047648	0	0	0.964257001876831	0.03574297949671745
DTXSID2047725	0	0	0.9573968052864075	0.04260321706533432
DTXSID2047727	0	1	0.8994547724723816	0.10054521262645721
DTXSID2050403	0	0	0.9622694849967957	0.03773053362965584
DTXSID2051477	0	0	0.9615426659584045	0.03845731168985367
DTXSID2051631	0	0	0.9386034607887268	0.06139653921127319
DTXSID2051764	0	0	0.9507184028625488	0.04928162693977356
DTXSID20880144	0	1	0.9304457902908325	0.06955417990684509
DTXSID30170109	0	0	0.961593747138977	0.03840624541044235
DTXSID3020205	0	1	0.9032243490219116	0.09677564352750778
DTXSID3020332	0	0	0.9369198083877563	0.06308017671108246
DTXSID3020881	0	0	0.9257999062538147	0.07420007139444351
DTXSID3020912	0	0	0.9355760216712952	0.06442400068044662
DTXSID3021192	0	0	0.8845815658569336	0.11541842669248581
DTXSID3021190	0	0	0.9324509501457214	0.06754904985427856
DTXSID3021641	0	0	0.9608765244483948	0.039123449474573135
DTXSID3021645	0	0	0.9627060294151306	0.037293996661901474
DTXSID3021487	0	0	0.9382225871086121	0.06177742779254913
DTXSID3021516	0	0	0.943577229976654	0.056422777473926544
DTXSID3021485	0	0	0.9546514749526978	0.045348502695560455
DTXSID3021726	0	0	0.9208343625068665	0.07916563749313354
DTXSID3021778	0	0	0.9143917560577393	0.08560826629400253
DTXSID3021980	0	0	0.959287166595459	0.04071282595396042
DTXSID3022320	0	1	0.8428226113319397	0.1571773737668991
DTXSID3022588	0	0	0.9168117642402649	0.08318822085857391
DTXSID3024100	0	0	0.9303015470504761	0.06969843804836273
DTXSID3024154	0	0	0.9551436305046082	0.04485638812184334
DTXSID3024152	0	0	0.9429681897163391	0.057031795382499695
DTXSID3024287	0	0	0.9501828551292419	0.049817170947790146
DTXSID3024235	0	0	0.9452221393585205	0.0547778457403183
DTXSID3024780	0	0	0.945243239402771	0.054756730794906616
DTXSID3024738	0	0	0.960622251033783	0.03937773406505585
DTXSID3025178	0	0	0.9198577404022217	0.08014223724603653
DTXSID3025461	0	0	0.9656510949134827	0.034348927438259125
DTXSID3025170	0	0	0.8412722945213318	0.1587277054786682
DTXSID3026223	0	0	0.9308362007141113	0.06916382163763046
DTXSID3026562	0	0	0.9033076763153076	0.09669230133295059
DTXSID3026641	0	0	0.9530344009399414	0.0469655767083168
DTXSID3026560	0	0	0.8436154127120972	0.15638461709022522
DTXSID3026645	0	0	0.9555343389511108	0.04446566849946976
DTXSID3026691	0	0	0.9361672401428223	0.06383276730775833
DTXSID3027085	0	0	0.8937499523162842	0.10625004023313522
DTXSID3027297	0	0	0.879967212677002	0.12003279477357864
DTXSID3027530	0	0	0.9335318207740784	0.06646817922592163
DTXSID3027588	0	0	0.9163897037506104	0.08361031115055084
DTXSID3027798	0	0	0.9448251128196716	0.055174898356199265
DTXSID3029289	0	0	0.9501497149467468	0.04985027760267258
DTXSID3029572	0	0	0.9421760439872742	0.05782393366098404
DTXSID3029607	0	0	0.9344437122344971	0.06555631756782532
DTXSID3031492	0	0	0.9680695533752441	0.03193042799830437
DTXSID3032549	0	0	0.8746928572654724	0.1253071278333664
DTXSID3034402	0	0	0.9015399217605591	0.09846004843711853
DTXSID3034458	0	0	0.9275788068771362	0.07242121547460556
DTXSID3034531	0	0	0.9412398934364319	0.058760084211826324
DTXSID3034618	0	0	0.9325225353240967	0.06747744232416153
DTXSID3034583	0	0	0.9100744128227234	0.08992557972669601
DTXSID3034664	0	0	0.952568769454956	0.04743121191859245
DTXSID3037208	0	1	0.9199522137641907	0.08004780858755112
DTXSID3038696	0	0	0.9609643816947937	0.03903563693165779
DTXSID3038800	0	0	0.9348117113113403	0.06518830358982086
DTXSID3038771	0	0	0.9559250473976135	0.04407495632767677
DTXSID3040697	0	0	0.9619376063346863	0.038062404841184616
DTXSID3041247	0	0	0.8873277902603149	0.11267223209142685
DTXSID3041293	0	1	0.914151668548584	0.08584830164909363
DTXSID3041409	0	0	0.9220128059387207	0.07798721641302109
DTXSID3041611	0	0	0.8502882719039917	0.1497117131948471
DTXSID3041877	0	0	0.9520334601402283	0.04796653613448143
DTXSID3041794	0	0	0.9263077974319458	0.0736922025680542
DTXSID3041663	0	0	0.9082163572311401	0.09178366512060165
DTXSID3041665	0	1	0.7940069437026978	0.20599304139614105
DTXSID3041744	0	0	0.8187832832336426	0.18121668696403503
DTXSID3041617	0	0	0.950032651424408	0.04996735602617264
DTXSID3041954	0	0	0.9513043761253357	0.04869561642408371
DTXSID3042051	0	1	0.9224938750267029	0.07750610262155533
DTXSID3042059	0	0	0.9656073451042175	0.03439267724752426
DTXSID3042130	0	0	0.9258975982666016	0.07410237938165665
DTXSID3042390	0	0	0.9516830444335938	0.048316940665245056
DTXSID3042219	0	0	0.9590426683425903	0.040957313030958176
DTXSID3044332	0	0	0.9456273317337036	0.05437266454100609
DTXSID3042423	0	0	0.8798846006393433	0.12011542916297913
DTXSID3044380	0	0	0.8770507574081421	0.12294922024011612
DTXSID3044831	0	0	0.9459389448165894	0.054061081260442734
DTXSID3044833	0	0	0.9540695548057556	0.04593045264482498
DTXSID3044910	0	0	0.9691286087036133	0.03087139129638672
DTXSID3047059	0	0	0.9527820944786072	0.04721789434552193
DTXSID3047057	0	0	0.9621741771697998	0.03782585263252258
DTXSID3047186	0	0	0.8631588220596313	0.13684116303920746
DTXSID3047261	0	0	0.9484710693359375	0.05152895301580429
DTXSID3047188	0	0	0.9580153822898865	0.04198459908366203
DTXSID3047348	0	0	0.937269926071167	0.06273007392883301
DTXSID3047344	0	0	0.9103934168815613	0.08960659801959991
DTXSID3047346	0	1	0.9547969698905945	0.045203011482954025
DTXSID3047552	0	0	0.9378854036331177	0.06211460009217262
DTXSID3047558	0	0	0.9222432374954224	0.07775675505399704
DTXSID3047508	0	0	0.7582768201828003	0.24172315001487732
DTXSID3052278	0	0	0.9583515524864197	0.04164845123887062
DTXSID3051707	0	0	0.8377477526664734	0.1622522473335266
DTXSID3065586	0	0	0.9462950229644775	0.05370499566197395
DTXSID3066215	0	0	0.9232697486877441	0.07673025876283646
DTXSID30622698	0	0	0.9433998465538025	0.056600142270326614
DTXSID4020290	0	0	0.9389759302139282	0.06102408096194267
DTXSID4020161	0	0	0.9299545884132385	0.07004541158676147
DTXSID4020294	0	0	0.9091135263442993	0.09088647365570068
DTXSID4020589	0	0	0.895312488079071	0.10468750447034836
DTXSID4020537	0	0	0.895193338394165	0.10480664670467377
DTXSID4020822	0	0	0.9119438529014587	0.08805616199970245
DTXSID4021006	0	0	0.9001959562301636	0.09980407357215881
DTXSID4021426	0	0	0.9059109687805176	0.09408904612064362
DTXSID4021848	0	0	0.947617769241333	0.05238223075866699
DTXSID4021975	0	0	0.9084365963935852	0.09156342595815659
DTXSID4022284	0	0	0.9559950232505798	0.04400496557354927
DTXSID4022070	0	1	0.9222391843795776	0.07776082307100296
DTXSID4022448	0	0	0.9349636435508728	0.0650363489985466
DTXSID4022731	0	1	0.9122530221939087	0.0877470001578331
DTXSID4024143	0	0	0.918337345123291	0.0816626325249672
DTXSID4024270	0	0	0.9504100680351257	0.04958995059132576
DTXSID4024274	0	0	0.9495354294776917	0.05046456307172775
DTXSID4025080	0	0	0.9495279788970947	0.05047203227877617
DTXSID4025662	0	0	0.9594823718070984	0.04051763564348221
DTXSID4025406	0	0	0.9648615121841431	0.03513849154114723
DTXSID4026684	0	0	0.9191071391105652	0.08089284598827362
DTXSID4027072	0	1	0.9551566243171692	0.04484335705637932
DTXSID4027282	0	0	0.9544541239738464	0.045545876026153564
DTXSID4027103	0	0	0.9149554371833801	0.08504456281661987
DTXSID4032580	0	0	0.9003894329071045	0.0996105968952179
DTXSID4032532	0	0	0.9404811859130859	0.05951881408691406
DTXSID4032376	0	0	0.927217423915863	0.07278257608413696
DTXSID4032615	0	0	0.9438934922218323	0.05610651522874832
DTXSID4034528	0	0	0.9223187565803528	0.07768125832080841
DTXSID4034609	0	0	0.95584636926651	0.04415362700819969
DTXSID4034948	0	0	0.9432556629180908	0.05674434080719948
DTXSID40379666	0	0	0.9425142407417297	0.057485759258270264
DTXSID4038924	0	0	0.7647901773452759	0.23520982265472412
DTXSID4040343	0	0	0.9618533253669739	0.038146696984767914
DTXSID4040713	0	0	0.7966419458389282	0.20335805416107178
DTXSID4040711	0	0	0.9610940217971802	0.03890595585107803
DTXSID4040002	0	0	0.9436694979667664	0.05633051320910454
DTXSID4041232	0	0	0.9364030957221985	0.06359688192605972
DTXSID4040719	0	0	0.9211853742599487	0.07881459593772888
DTXSID4041440	0	0	0.9702145457267761	0.02978545054793358
DTXSID4041492	0	0	0.9543227553367615	0.04567723721265793
DTXSID4041444	0	0	0.9529563784599304	0.04704362526535988
DTXSID4041604	0	0	0.95974200963974	0.040257975459098816
DTXSID4041818	0	0	0.9371603727340698	0.06283961236476898
DTXSID4042335	0	0	0.9580494165420532	0.04195060953497887
DTXSID4042337	0	0	0.9634271860122681	0.036572787910699844
DTXSID4044791	0	0	0.9622093439102173	0.03779062628746033
DTXSID4044822	0	0	0.9424917697906494	0.057508260011672974
DTXSID4044870	0	0	0.9431402683258057	0.05685970187187195
DTXSID4044587	0	0	0.948179304599762	0.05182068794965744
DTXSID4044953	0	0	0.9589962959289551	0.041003718972206116
DTXSID4047044	0	0	0.921904981136322	0.07809503376483917
DTXSID4047094	0	0	0.947449803352356	0.05255022644996643
DTXSID4047046	0	0	0.9678412079811096	0.032158784568309784
DTXSID4047123	0	0	0.945490300655365	0.0545097216963768
DTXSID4047252	0	0	0.9455889463424683	0.05441103130578995
DTXSID4047254	0	1	0.9627084136009216	0.03729156404733658
DTXSID4047258	0	0	0.9472881555557251	0.05271182954311371
DTXSID4047333	0	0	0.9335427284240723	0.06645728647708893
DTXSID4047337	0	0	0.9412128925323486	0.05878709256649017
DTXSID4047381	0	0	0.9110238552093506	0.08897612243890762
DTXSID4047389	0	0	0.9454904198646545	0.05450956150889397
DTXSID4047410	0	0	0.9294699430465698	0.07053005695343018
DTXSID4047385	0	0	0.9689635634422302	0.03103645145893097
DTXSID4047387	0	0	0.9316384792327881	0.06836151331663132
DTXSID4047339	0	0	0.9208080768585205	0.0791919156908989
DTXSID4047335	0	0	0.9494475722312927	0.05055241659283638
DTXSID4047383	0	0	0.9675281643867493	0.032471854239702225
DTXSID4047414	0	0	0.9685993194580078	0.031400710344314575
DTXSID4047549	0	0	0.9670330286026001	0.0329669788479805
DTXSID4047593	0	0	0.9626470804214478	0.03735293820500374
DTXSID4047599	0	0	0.9621756076812744	0.03782440721988678
DTXSID4047703	0	0	0.9581373929977417	0.04186257719993591
DTXSID4048191	0	0	0.8615438342094421	0.13845618069171906
DTXSID4051536	0	0	0.9485518336296082	0.05144818499684334
DTXSID4052132	0	0	0.9635176658630371	0.03648233041167259
DTXSID4052213	0	0	0.9470301270484924	0.05296989157795906
DTXSID4052267	0	0	0.9337548613548279	0.06624516099691391
DTXSID4052269	0	0	0.895736813545227	0.10426318645477295
DTXSID4052502	0	0	0.9093834161758423	0.09061655402183533
DTXSID5020152	0	0	0.9651308059692383	0.034869179129600525
DTXSID5020108	0	0	0.9545761346817017	0.04542388767004013
DTXSID5020499	0	0	0.9516245126724243	0.04837550222873688
DTXSID5020653	0	0	0.887988269329071	0.11201171576976776
DTXSID5020784	0	0	0.9219088554382324	0.07809114456176758
DTXSID5020738	0	0	0.9480522871017456	0.051947712898254395
DTXSID5020732	0	0	0.93625807762146	0.06374190747737885
DTXSID5020869	0	1	0.8921330571174622	0.10786695778369904
DTXSID5021126	0	0	0.9032783508300781	0.09672162681818008
DTXSID5021201	0	0	0.8469205498695374	0.15307946503162384
DTXSID5021388	0	0	0.9616082906723022	0.038391727954149246
DTXSID5021590	0	0	0.9323760271072388	0.06762397289276123
DTXSID5021621	0	0	0.9619548916816711	0.03804510459303856
DTXSID5021415	0	0	0.9500762820243835	0.04992371052503586
DTXSID5021627	0	0	0.955710768699646	0.044289205223321915
DTXSID5021419	0	0	0.9502168297767639	0.04978315904736519
DTXSID5021839	0	0	0.9577400088310242	0.04226001724600792
DTXSID5022198	0	0	0.9617053270339966	0.038294654339551926
DTXSID5021916	0	0	0.9482702016830444	0.05172978714108467
DTXSID5021910	0	0	0.9650685787200928	0.03493142127990723
DTXSID5021914	0	0	0.9480484127998352	0.0519515797495842
DTXSID5022271	0	0	0.7739711403846741	0.22602884471416473
DTXSID5022489	0	1	0.9551437497138977	0.04485626146197319
DTXSID5023742	0	0	0.7937904000282288	0.20620959997177124
DTXSID5023950	0	0	0.9006105065345764	0.09938950836658478
DTXSID5023871	0	0	0.9172471761703491	0.08275283873081207
DTXSID5024211	0	0	0.9517496824264526	0.04825034737586975
DTXSID5024344	0	0	0.9165120124816895	0.08348798006772995
DTXSID5025021	0	0	0.7977118492126465	0.2022881656885147
DTXSID5026251	0	0	0.8515791296958923	0.14842087030410767
DTXSID5026548	0	0	0.8824447393417358	0.11755529046058655
DTXSID5027302	0	0	0.930182158946991	0.06981784105300903
DTXSID5027279	0	0	0.9292194843292236	0.07078048586845398
DTXSID5027774	0	0	0.9190346002578735	0.08096541464328766
DTXSID5029182	0	0	0.9604217410087585	0.03957826644182205
DTXSID5029217	0	0	0.9612805843353271	0.03871939331293106
DTXSID5031131	0	0	0.8983819484710693	0.10161803662776947
DTXSID5032361	0	0	0.9282364845275879	0.07176348567008972
DTXSID5032579	0	0	0.922010064125061	0.07798992097377777
DTXSID5034357	0	0	0.9703862071037292	0.029613809660077095
DTXSID5034303	0	0	0.9125651121139526	0.08743490278720856
DTXSID5034723	0	0	0.9275546073913574	0.07244536280632019
DTXSID5034270	0	0	0.9505122303962708	0.049487754702568054
DTXSID5034981	0	0	0.9396486282348633	0.060351356863975525
DTXSID5038919	0	0	0.9392571449279785	0.06074284389615059
DTXSID5038830	0	0	0.9378626346588135	0.06213736534118652
DTXSID5038888	0	0	0.8937614560127258	0.10623854398727417
DTXSID5041275	0	0	0.8974398970603943	0.10256008803844452
DTXSID5041691	0	1	0.9474686980247498	0.052531301975250244
DTXSID5044493	0	0	0.9503549933433533	0.049644991755485535
DTXSID5044522	0	0	0.9300276637077332	0.06997231394052505
DTXSID5044368	0	0	0.9182509779930115	0.08174904435873032
DTXSID5044441	0	0	0.9635271430015564	0.0364728644490242
DTXSID5044815	0	0	0.8846458196640015	0.11535421013832092
DTXSID5044994	0	0	0.8580225706100464	0.14197739958763123
DTXSID5044786	0	0	0.9147803783416748	0.0852195993065834
DTXSID5044784	0	0	0.9467561841011047	0.053243838250637054
DTXSID5047031	0	0	0.8268386125564575	0.1731613576412201
DTXSID5047320	0	0	0.8933192491531372	0.10668075829744339
DTXSID5047295	0	0	0.9476434588432312	0.0523565374314785
DTXSID5047291	0	0	0.9410733580589294	0.05892666429281235
DTXSID5047249	0	0	0.9210320711135864	0.07896792888641357
DTXSID5047328	0	0	0.9223706722259521	0.07762934267520905
DTXSID5047372	0	0	0.9164267778396606	0.08357324451208115
DTXSID5047582	0	0	0.9611386656761169	0.03886132687330246
DTXSID5047538	0	0	0.8990796208381653	0.10092040151357651
DTXSID5047584	0	0	0.9406024217605591	0.05939755216240883
DTXSID5047879	0	0	0.8400053977966309	0.15999460220336914
DTXSID5048182	0	1	0.9108294248580933	0.08917056769132614
DTXSID5048211	0	0	0.958941638469696	0.041058383882045746
DTXSID5048188	0	0	0.9447611570358276	0.05523882061243057
DTXSID5052595	0	1	0.9604337811470032	0.03956620767712593
DTXSID5052597	0	0	0.9403838515281677	0.059616122394800186
DTXSID5052591	0	0	0.9417856931686401	0.05821429193019867
DTXSID5051529	0	0	0.9096896052360535	0.09031039476394653
DTXSID5063235	0	0	0.9384415745735168	0.06155841797590256
DTXSID6020014	0	0	0.919517457485199	0.08048256486654282
DTXSID6020197	0	0	0.9099113941192627	0.09008857607841492
DTXSID6020143	0	0	0.9547911882400513	0.04520884156227112
DTXSID6020648	0	0	0.952637255191803	0.04736274480819702
DTXSID6020939	0	0	0.9372591376304626	0.06274087727069855
DTXSID6021030	0	0	0.9086817502975464	0.09131824970245361
DTXSID6021086	0	0	0.9313187599182129	0.0686812624335289
DTXSID6021244	0	0	0.7641038298606873	0.23589618504047394
DTXSID6021294	0	0	0.9594062566757202	0.040593765676021576
DTXSID6021375	0	0	0.7796875238418579	0.22031250596046448
DTXSID6021032	0	0	0.9533519744873047	0.046648044139146805
DTXSID6021450	0	0	0.8782959580421448	0.12170404195785522
DTXSID6021402	0	0	0.9617424011230469	0.03825759142637253
DTXSID6021666	0	0	0.9062919020652771	0.0937080979347229
DTXSID6021957	0	0	0.8370471596717834	0.16295284032821655
DTXSID6021828	0	0	0.9605489373207092	0.03945108875632286
DTXSID6022006	0	0	0.9589453935623169	0.041054617613554
DTXSID6022472	0	0	0.9586486220359802	0.041351355612277985
DTXSID6023159	0	1	0.915519654750824	0.08448033034801483
DTXSID6023602	0	0	0.9645651578903198	0.03543481230735779
DTXSID6023868	0	1	0.9003589153289795	0.09964105486869812
DTXSID6023733	0	0	0.9581068754196167	0.04189310222864151
DTXSID6024175	0	0	0.9242772459983826	0.07572273910045624
DTXSID6024206	0	0	0.9301770925521851	0.06982292234897614
DTXSID6024628	0	0	0.9263693690299988	0.07363063097000122
DTXSID6025068	0	0	0.8857853412628174	0.11421466618776321
DTXSID6025014	0	0	0.9578090310096741	0.042190976440906525
DTXSID6025141	0	0	0.9349529147148132	0.06504709273576736
DTXSID6025272	0	0	0.9548669457435608	0.045133061707019806
DTXSID6025438	0	0	0.8975529670715332	0.1024470403790474
DTXSID6025305	0	0	0.9590741991996765	0.04092578962445259
DTXSID6026080	0	0	0.9529433846473694	0.047056615352630615
DTXSID6026119	0	0	0.9551013112068176	0.04489869996905327
DTXSID6026797	0	0	0.9547341465950012	0.045265838503837585
DTXSID6026298	0	0	0.9606856107711792	0.0393143892288208
DTXSID6027218	0	0	0.9357646703720093	0.06423535197973251
DTXSID6027181	0	0	0.9506130218505859	0.049386970698833466
DTXSID6027426	0	0	0.9527901411056519	0.047209832817316055
DTXSID6029331	0	1	0.9420211315155029	0.05797889828681946
DTXSID6032356	0	0	0.9381096363067627	0.061890386044979095
DTXSID6032431	0	0	0.9349636435508728	0.0650363489985466
DTXSID6032437	0	0	0.9333347678184509	0.06666523963212967
DTXSID6033241	0	0	0.948220431804657	0.05177959054708481
DTXSID6034849	0	0	0.9273576140403748	0.07264237850904465
DTXSID6035156	0	0	0.9629533886909485	0.037046633660793304
DTXSID6035784	0	0	0.9508596062660217	0.04914037883281708
DTXSID6037483	0	0	0.9431236982345581	0.05687627196311951
DTXSID6037568	0	0	0.9329792261123657	0.06702074408531189
DTXSID60379901	0	0	0.9220288991928101	0.07797107845544815
DTXSID6040111	0	0	0.9625622630119324	0.037437763065099716
DTXSID6040296	0	0	0.9618067741394043	0.038193196058273315
DTXSID6041137	0	1	0.9498183131217957	0.050181712955236435
DTXSID6041210	0	0	0.964961588382721	0.03503839299082756
DTXSID6041420	0	0	0.9610463380813599	0.038953691720962524
DTXSID6041422	0	0	0.9261659383773804	0.07383406162261963
DTXSID6041636	0	0	0.9640474319458008	0.035952575504779816
DTXSID6041638	0	0	0.9570998549461365	0.04290013015270233
DTXSID6042280	0	0	0.9457129836082458	0.05428700894117355
DTXSID6042369	0	0	0.905730128288269	0.09426984935998917
DTXSID6044199	0	0	0.794921875	0.205078125
DTXSID6044303	0	0	0.8194335699081421	0.18056640028953552
DTXSID6044353	0	0	0.9643563032150269	0.03564366698265076
DTXSID6044511	0	0	0.9328562617301941	0.06714372336864471
DTXSID6044515	0	1	0.933186948299408	0.06681307405233383
DTXSID6044430	0	0	0.8985876441001892	0.101412333548069
DTXSID6044517	0	0	0.9523436427116394	0.0476563423871994
DTXSID6044771	0	0	0.9603731036186218	0.03962688520550728
DTXSID6044800	0	1	0.901138424873352	0.09886159002780914
DTXSID6044696	0	0	0.9359903335571289	0.0640096366405487
DTXSID6044804	0	0	0.9388899207115173	0.061110060662031174
DTXSID6044931	0	0	0.9404065012931824	0.059593476355075836
DTXSID6047074	0	0	0.9615563750267029	0.038443636149168015
DTXSID6047155	0	0	0.942440390586853	0.057559601962566376
DTXSID6047284	0	0	0.9507862329483032	0.04921378567814827
DTXSID6047313	0	0	0.964801549911499	0.03519845008850098
DTXSID6047288	0	0	0.9389535784721375	0.06104644387960434
DTXSID6047311	0	0	0.952407717704773	0.04759228974580765
DTXSID6047319	0	0	0.9465048313140869	0.05349518358707428
DTXSID6047444	0	0	0.9534639120101929	0.04653606191277504
DTXSID6047367	0	0	0.8459038138389587	0.15409620106220245
DTXSID6047608	0	0	0.9513402581214905	0.048659730702638626
DTXSID6047604	0	0	0.9577221870422363	0.04227783530950546
DTXSID6047654	0	0	0.8986677527427673	0.10133223235607147
DTXSID6047525	0	0	0.9213041663169861	0.0786958560347557
DTXSID6047440	0	0	0.9645787477493286	0.035421222448349
DTXSID6047602	0	0	0.9583907127380371	0.04160929471254349
DTXSID6048200	0	0	0.9432508945465088	0.05674910917878151
DTXSID6048202	0	0	0.9525946974754333	0.04740528389811516
DTXSID6052112	0	0	0.9640988111495972	0.03590117767453194
DTXSID6052295	0	0	0.9617797136306763	0.038220278918743134
DTXSID6052299	0	0	0.9565120935440063	0.04348791018128395
DTXSID6051566	0	1	0.8916019797325134	0.10839804261922836
DTXSID6052619	0	0	0.8959975242614746	0.10400249063968658
DTXSID6052328	0	0	0.9461397528648376	0.05386023223400116
DTXSID7020007	0	0	0.9533638954162598	0.046636126935482025
DTXSID7020005	0	0	0.9425784945487976	0.057421520352363586
DTXSID7020263	0	0	0.9133325219154358	0.08666747063398361
DTXSID7020508	0	0	0.8223085403442383	0.17769144475460052
DTXSID7020760	0	0	0.9031363129615784	0.09686370193958282
DTXSID7020766	0	0	0.92898029088974	0.0710197314620018
DTXSID7020764	0	0	0.9514493346214294	0.04855068027973175
DTXSID7020710	0	0	0.9128009080886841	0.08719906210899353
DTXSID7021150	0	0	0.9396712183952332	0.060328781604766846
DTXSID7021029	0	0	0.9468985795974731	0.05310143157839775
DTXSID7021362	0	0	0.9625176191329956	0.037482403218746185
DTXSID7021491	0	0	0.971513569355011	0.028486449271440506
DTXSID7021605	0	0	0.9589003324508667	0.041099660098552704
DTXSID7021607	0	0	0.9604360461235046	0.039563942700624466
DTXSID7021782	0	0	0.9118027091026306	0.08819727599620819
DTXSID7021861	0	0	0.9663684368133545	0.0336315855383873
DTXSID7021655	0	0	0.9622422456741333	0.037757761776447296
DTXSID7021863	0	0	0.9482868313789368	0.05171314626932144
DTXSID7021780	0	0	0.9491591453552246	0.0508408360183239
DTXSID7021948	0	0	0.9353187084197998	0.06468126177787781
DTXSID7022170	0	1	0.9504700303077698	0.04952997714281082
DTXSID7022253	0	0	0.9253606796264648	0.07463932782411575
DTXSID7022679	0	0	0.9566015601158142	0.04339846223592758
DTXSID7023510	0	0	0.9374420642852783	0.06255796551704407
DTXSID7023192	0	0	0.966225266456604	0.0337747298181057
DTXSID7023645	0	0	0.9163446426391602	0.08365534245967865
DTXSID7023936	0	0	0.9380340576171875	0.06196591258049011
DTXSID7023938	0	0	0.91259765625	0.08740234375
DTXSID7024376	0	0	0.9230129718780518	0.07698702812194824
DTXSID7026235	0	0	0.8765013217926025	0.12349867820739746
DTXSID7026029	0	0	0.9216899275779724	0.07831007242202759
DTXSID7026156	0	0	0.939424455165863	0.060575541108846664
DTXSID7026368	0	0	0.925665020942688	0.07433498650789261
DTXSID7026653	0	0	0.9505000710487366	0.04949992150068283
DTXSID7026811	0	0	0.9488340020179749	0.05116602033376694
DTXSID7026863	0	0	0.9639560580253601	0.03604394942522049
DTXSID7026867	0	0	0.8999236226081848	0.10007638484239578
DTXSID7026998	0	0	0.9432671666145325	0.05673281103372574
DTXSID7027540	0	0	0.95925372838974	0.04074624925851822
DTXSID7027833	0	0	0.9488613605499268	0.051138609647750854
DTXSID7027831	0	0	0.9561172723770142	0.04388269782066345
DTXSID7029611	0	1	0.927193820476532	0.07280616462230682
DTXSID7031248	0	0	0.9189687967300415	0.08103121817111969
DTXSID7031531	0	0	0.8695093393325806	0.13049063086509705
DTXSID7031458	0	0	0.946772038936615	0.0532279834151268
DTXSID7032474	0	0	0.9472543597221375	0.05274564400315285
DTXSID7032630	0	0	0.9556348919868469	0.04436510056257248
DTXSID7035010	0	0	0.9130668640136719	0.08693310618400574
DTXSID7037715	0	1	0.9079676270484924	0.09203235805034637
DTXSID7037185	0	0	0.8477774262428284	0.15222258865833282
DTXSID7037551	0	0	0.9323184490203857	0.06768157333135605
DTXSID7040285	0	0	0.9077799320220947	0.09222003817558289
DTXSID7040360	0	0	0.8926870226860046	0.10731297731399536
DTXSID7040784	0	0	0.8607550859451294	0.13924488425254822
DTXSID7041097	0	0	0.9268315434455872	0.07316843420267105
DTXSID7041413	0	0	0.9572480916976929	0.04275192692875862
DTXSID7041623	0	0	0.9238172769546509	0.07618272304534912
DTXSID7041629	0	0	0.8701000809669495	0.12989993393421173
DTXSID7042011	0	0	0.9061069488525391	0.09389307349920273
DTXSID7042279	0	0	0.9553377032279968	0.04466230049729347
DTXSID7042356	0	0	0.9559608697891235	0.04403914138674736
DTXSID7042196	0	0	0.9580494165420532	0.04195060953497887
DTXSID7043902	0	1	0.8893663883209229	0.11063362658023834
DTXSID7044421	0	0	0.9527581930160522	0.04724179953336716
DTXSID7044506	0	0	0.9638636112213135	0.036136381328105927
DTXSID7044552	0	0	0.9353169202804565	0.06468308717012405
DTXSID7044764	0	0	0.9585832953453064	0.041416700929403305
DTXSID7047198	0	0	0.9663530588150024	0.03364691510796547
DTXSID7047271	0	0	0.9055885076522827	0.0944114625453949
DTXSID7047279	0	0	0.9476325511932373	0.05236745998263359
DTXSID7047306	0	0	0.7274601459503174	0.272539883852005
DTXSID7047308	0	0	0.892718493938446	0.10728149861097336
DTXSID7047510	0	0	0.9567731618881226	0.04322686418890953
DTXSID7047439	0	0	0.9486205577850342	0.05137944221496582
DTXSID7047356	0	0	0.9338917136192322	0.06610830128192902
DTXSID7047641	0	0	0.9144920706748962	0.08550791442394257
DTXSID7047647	0	0	0.8903970718383789	0.1096028983592987
DTXSID7052284	0	0	0.9511952996253967	0.04880468174815178
DTXSID7052654	0	0	0.9454559087753296	0.054544106125831604
DTXSID7060332	0	0	0.9032195806503296	0.0967804342508316
DTXSID8020123	0	0	0.923977792263031	0.0760221853852272
DTXSID8020179	0	1	0.9406426548957825	0.05935736373066902
DTXSID8020256	0	0	0.9572480916976929	0.04275192692875862
DTXSID8020252	0	0	0.9417855739593506	0.05821442976593971
DTXSID8020464	0	0	0.9498028755187988	0.05019715428352356
DTXSID8020591	0	0	0.9660302400588989	0.033969730138778687
DTXSID8020410	0	0	0.8872259855270386	0.11277399212121964
DTXSID8020593	0	0	0.9023697972297668	0.09763020277023315
DTXSID8020628	0	0	0.9473748207092285	0.05262519791722298
DTXSID8020755	0	0	0.943164050579071	0.056835923343896866
DTXSID8020915	0	0	0.919331431388855	0.08066858351230621
DTXSID8021147	0	0	0.9457153677940369	0.05428464710712433
DTXSID8021199	0	0	0.9167694449424744	0.08323056995868683
DTXSID8021359	0	0	0.9638798236846924	0.03612018749117851
DTXSID8021515	0	0	0.966651976108551	0.03334803134202957
DTXSID8021640	0	0	0.9338803887367249	0.06611961126327515
DTXSID8021642	0	1	0.8393968939781189	0.1606030911207199
DTXSID8021725	0	0	0.9447098970413208	0.055290114134550095
DTXSID8021800	0	0	0.9282186627388	0.07178132981061935
DTXSID8021648	0	0	0.9375059008598328	0.062494076788425446
DTXSID8022082	0	0	0.9088348746299744	0.09116514027118683
DTXSID8021804	0	0	0.9488739371299744	0.051126088947057724
DTXSID8022111	0	0	0.9460968971252441	0.05390313267707825
DTXSID8023632	0	0	0.9333271980285645	0.06667280197143555
DTXSID8023848	0	0	0.9326188564300537	0.0673811286687851
DTXSID8023977	0	0	0.9706556797027588	0.029344342648983
DTXSID8024072	0	0	0.9331179261207581	0.06688205897808075
DTXSID8024105	0	0	0.935867428779602	0.06413255631923676
DTXSID8024600	0	0	0.9492520689964294	0.05074793100357056
DTXSID8025886	0	0	0.9666934609413147	0.03330652043223381
DTXSID8025961	0	0	0.9654423594474792	0.03455764055252075
DTXSID8026141	0	0	0.9445949196815491	0.05540510267019272
DTXSID8026725	0	0	0.8770846128463745	0.12291540950536728
DTXSID8026640	0	0	0.9487297534942627	0.0512702614068985
DTXSID8027294	0	0	0.9303028583526611	0.06969717144966125
DTXSID8027581	0	0	0.9527358412742615	0.047264132648706436
DTXSID8027454	0	0	0.9201733469963074	0.07982666045427322
DTXSID8029153	0	0	0.9137388467788696	0.08626112341880798
DTXSID8029600	0	0	0.95569908618927	0.04430091381072998
DTXSID8029157	0	0	0.9377982020378113	0.062201790511608124
DTXSID8029159	0	0	0.9502425789833069	0.049757447093725204
DTXSID8032417	0	0	0.9469093084335327	0.053090691566467285
DTXSID8032544	0	0	0.9313269853591919	0.0686730444431305
DTXSID8032623	0	0	0.9503392577171326	0.04966072738170624
DTXSID8032671	0	0	0.9242772459983826	0.07572273910045624
DTXSID8034538	0	0	0.961896538734436	0.03810344263911247
DTXSID8034586	0	0	0.9180312752723694	0.08196871727705002
DTXSID8034376	0	0	0.825761079788208	0.174238920211792
DTXSID8034665	0	0	0.9515355825424194	0.048464443534612656
DTXSID8034792	0	1	0.9276228547096252	0.07237716019153595
DTXSID8034871	0	0	0.9318591356277466	0.06814088672399521
DTXSID8035423	0	0	0.9446922540664673	0.055307745933532715
DTXSID8037756	0	0	0.9605840444564819	0.03941592574119568
DTXSID8038770	0	0	0.926825761795044	0.07317421585321426
DTXSID80379781	0	0	0.9455648064613342	0.054435186088085175
DTXSID80380256	0	0	0.9550183415412903	0.044981665909290314
DTXSID8040694	0	0	0.9631688594818115	0.03683114051818848
DTXSID8040145	0	0	0.9462544918060303	0.053745534271001816
DTXSID8040779	0	0	0.8820326924324036	0.11796732246875763
DTXSID8041327	0	0	0.9462255239486694	0.053774502128362656
DTXSID8041668	0	0	0.9017575979232788	0.09824240952730179
DTXSID8041745	0	1	0.8980699777603149	0.10192999988794327
DTXSID8041957	0	0	0.9591501355171204	0.04084985703229904
DTXSID8042187	0	0	0.9159321188926697	0.08406788110733032
DTXSID8042052	0	0	0.9594452977180481	0.040554702281951904
DTXSID8042189	0	0	0.9306185245513916	0.0693814679980278
DTXSID8042422	0	0	0.9636470675468445	0.03635295480489731
DTXSID8042507	0	0	0.9123629927635193	0.08763698488473892
DTXSID8042426	0	0	0.9512127041816711	0.04878731817007065
DTXSID8044383	0	0	0.9242579340934753	0.07574204355478287
DTXSID8044200	0	0	0.9511380195617676	0.04886196181178093
DTXSID8044202	0	0	0.9530599117279053	0.04694011062383652
DTXSID8044385	0	0	0.968621551990509	0.03137846663594246
DTXSID8044462	0	1	0.9510108232498169	0.04898920655250549
DTXSID8044466	0	0	0.9204028248786926	0.07959717512130737
DTXSID8044757	0	0	0.9660751223564148	0.033924903720617294
DTXSID8044882	0	0	0.9336851239204407	0.06631487607955933
DTXSID8045191	0	0	0.9223424792289734	0.07765750586986542
DTXSID8047058	0	0	0.9390053749084473	0.060994647443294525
DTXSID8047131	0	0	0.9566489458084106	0.043351028114557266
DTXSID8047185	0	0	0.958101749420166	0.04189823940396309
DTXSID8047189	0	0	0.9365056753158569	0.06349431723356247
DTXSID8047135	0	0	0.9473171234130859	0.05268285050988197
DTXSID8047341	0	0	0.897767961025238	0.10223202407360077
DTXSID8047262	0	0	0.9187124967575073	0.08128750324249268
DTXSID8047349	0	0	0.9458128213882446	0.05418715253472328
DTXSID8047391	0	0	0.9495165348052979	0.05048346891999245
DTXSID8047422	0	0	0.9346669912338257	0.06533300876617432
DTXSID8047426	0	0	0.9572480916976929	0.04275192692875862
DTXSID8047636	0	0	0.9234148263931274	0.07658517360687256
DTXSID8047559	0	0	0.9568125605583191	0.043187446892261505
DTXSID8047684	0	0	0.9606132507324219	0.03938675671815872
DTXSID8047717	0	0	0.9426006078720093	0.05739936605095863
DTXSID8047769	0	0	0.9588398337364197	0.04116017743945122
DTXSID8051542	0	0	0.9548565149307251	0.045143477618694305
DTXSID8051704	0	0	0.889127790927887	0.11087222397327423
DTXSID8052300	0	0	0.9476228356361389	0.05237714946269989
DTXSID8062101	0	0	0.9340017437934875	0.06599824130535126
DTXSID90174941	0	0	0.9287148118019104	0.07128521054983139
DTXSID9020160	0	0	0.9243689179420471	0.07563106715679169
DTXSID9020114	0	0	0.9223064184188843	0.07769359648227692
DTXSID9020249	0	0	0.9581365585327148	0.04186346009373665
DTXSID9020247	0	0	0.9565026760101318	0.04349730536341667
DTXSID9020293	0	0	0.9579533934593201	0.042046625167131424
DTXSID9020370	0	0	0.9378501772880554	0.062149837613105774
DTXSID9020790	0	0	0.9358053803443909	0.06419461220502853
DTXSID9021134	0	0	0.9281959533691406	0.07180401682853699
DTXSID9021188	0	0	0.952895998954773	0.04710400104522705
DTXSID9021427	0	0	0.9560503363609314	0.04394964128732681
DTXSID9021683	0	0	0.8707053661346436	0.12929464876651764
DTXSID9021554	0	0	0.9547790288925171	0.04522094130516052
DTXSID9021710	0	0	0.9482774138450623	0.051722608506679535
DTXSID9021764	0	0	0.9584220051765442	0.041577983647584915
DTXSID9022104	0	0	0.9484995603561401	0.051500432193279266
DTXSID9022520	0	0	0.9648172855377197	0.03518272191286087
DTXSID9022522	0	0	0.9430153369903564	0.056984663009643555
DTXSID9021928	0	0	0.9599198698997498	0.040080148726701736
DTXSID9022817	0	0	0.6895238161087036	0.3104762136936188
DTXSID9024304	0	0	0.9274631142616272	0.0725368857383728
DTXSID9024934	0	0	0.9170716404914856	0.0829283744096756
DTXSID9025035	0	0	0.8778159618377686	0.12218401581048965
DTXSID9025403	0	0	0.9528558254241943	0.04714415594935417
DTXSID9025588	0	0	0.9567927718162537	0.04320722818374634
DTXSID9025453	0	0	0.9608474969863892	0.03915248066186905
DTXSID9026689	0	0	0.9342039227485657	0.06579606235027313
DTXSID9026841	0	0	0.9062504768371582	0.0937495157122612
DTXSID9027233	0	0	0.9591308832168579	0.0408690869808197
DTXSID9026342	0	0	0.9610937833786011	0.03890619054436684
DTXSID9027364	0	0	0.9391947388648987	0.06080523878335953
DTXSID9027360	0	0	0.931158185005188	0.06884180754423141
DTXSID9027021	0	0	0.933059811592102	0.06694018840789795
DTXSID9029223	0	0	0.9104158282279968	0.08958419412374496
DTXSID9029649	0	0	0.9211136102676392	0.07888638973236084
DTXSID9032327	0	0	0.9556391835212708	0.044360820204019547
DTXSID9032375	0	1	0.9611579775810242	0.038842011243104935
DTXSID9032589	0	0	0.8968631625175476	0.1031368225812912
DTXSID9032379	0	0	0.9341787099838257	0.06582131236791611
DTXSID9032581	0	0	0.9212098717689514	0.07879011332988739
DTXSID9032535	0	0	0.8806124925613403	0.11938752979040146
DTXSID9033187	0	1	0.8834834694862366	0.11651652306318283
DTXSID9034361	0	0	0.8659803867340088	0.13401958346366882
DTXSID9034365	0	0	0.9330668449401855	0.06693313270807266
DTXSID9034492	0	0	0.9417451620101929	0.05825486779212952
DTXSID9035753	0	0	0.9365348815917969	0.06346513330936432
DTXSID9035204	0	0	0.931018590927124	0.06898143142461777
DTXSID9036690	0	0	0.9432899355888367	0.05671005696058273
DTXSID9037741	0	0	0.926202654838562	0.0737973153591156
DTXSID9041237	0	0	0.964133083820343	0.03586689755320549
DTXSID9041491	0	1	0.9579569101333618	0.04204307496547699
DTXSID9041861	0	0	0.957838237285614	0.042161740362644196
DTXSID9041570	0	0	0.9521228075027466	0.04787717014551163
DTXSID9043938	0	0	0.8986207842826843	0.10137923061847687
DTXSID9042336	0	0	0.9620308876037598	0.03796911984682083
DTXSID9044370	0	0	0.932397723197937	0.06760226935148239
DTXSID9044457	0	0	0.941183865070343	0.05881612002849579
DTXSID9044374	0	0	0.9596288800239563	0.04037110134959221
DTXSID9044746	0	0	0.9606132507324219	0.03938671946525574
DTXSID9044827	0	0	0.9464656114578247	0.0535343699157238
DTXSID9044823	0	0	0.9579216837882996	0.04207831248641014
DTXSID9044821	0	1	0.9298255443572998	0.07017442584037781
DTXSID9047091	0	0	0.9633320569992065	0.036667950451374054
DTXSID9047174	0	0	0.8994020819664001	0.10059791803359985
DTXSID9047203	0	0	0.9584900736808777	0.04150994494557381
DTXSID9047255	0	0	0.9320248961448669	0.06797512620687485
DTXSID9047257	0	0	0.866446852684021	0.13355311751365662
DTXSID9047095	0	0	0.9612288475036621	0.038771145045757294
DTXSID9047124	0	0	0.9569861888885498	0.043013833463191986
DTXSID9047253	0	0	0.9498740434646606	0.05012596398591995
DTXSID9047411	0	0	0.9121120572090149	0.08788792788982391
DTXSID9047334	0	0	0.9472503066062927	0.052749697118997574
DTXSID9047419	0	1	0.9509602189064026	0.04903978109359741
DTXSID9047590	0	0	0.9131227135658264	0.08687730133533478
DTXSID9047623	0	0	0.8738318085670471	0.12616819143295288
DTXSID9047679	0	0	0.959205150604248	0.04079483076930046
DTXSID9047702	0	0	0.90645831823349	0.0935416892170906
DTXSID9048194	0	0	0.9400050640106201	0.05999492108821869
DTXSID9051618	0	0	0.9496898055076599	0.05031021684408188
DTXSID9052505	0	0	0.9672409296035767	0.03275906294584274
DTXSID90880131	0	0	0.9348933100700378	0.06510668247938156
