compound	predicted	actual	p(0)	p(1)
DTXSID0020448	0	0	0.9922810853117123	0.007718914688287688
DTXSID0020650	0	0	0.9848732074517992	0.015126792548200818
DTXSID0020654	0	0	0.9958837702952432	0.004116229704756769
DTXSID0020818	0	0	0.9949210986805441	0.005078901319455864
DTXSID0020868	0	0	0.9890456088578953	0.010954391142104718
DTXSID0021125	0	0	0.9904988773081542	0.009501122691845762
DTXSID0021383	0	0	0.9897743432550351	0.010225656744964904
DTXSID0021333	0	0	0.9928584412578135	0.007141558742186474
DTXSID0021460	0	0	0.9876465887250094	0.012353411274990535
DTXSID0021547	0	0	0.9922707935651149	0.007729206434885074
DTXSID0021462	0	0	0.9879437747673463	0.012056225232653733
DTXSID0021464	0	0	0.9903253253809844	0.009674674619015557
DTXSID0021628	0	0	0.9922943355588091	0.007705664441190943
DTXSID0021888	0	0	0.9891148647439322	0.010885135256067836
DTXSID0021832	0	0	0.9833471130570947	0.016652886942905357
DTXSID0021969	0	0	0.9968722965248658	0.0031277034751342712
DTXSID0022012	0	0	0.9830131963807749	0.016986803619225114
DTXSID0022353	0	0	0.9907392189198178	0.009260781080182266
DTXSID0022062	0	0	0.9932375473916873	0.006762452608312628
DTXSID0022191	0	0	0.9915106174056605	0.008489382594339477
DTXSID0022646	0	0	0.992321718994158	0.007678281005841961
DTXSID0022480	0	0	0.991461463345831	0.008538536654168996
DTXSID0022436	0	0	0.9918849747637081	0.008115025236291953
DTXSID0022808	0	0	0.9963493875728257	0.003650612427174337
DTXSID0023113	0	0	0.9931472048686767	0.006852795131323326
DTXSID0024399	0	0	0.9955502316495571	0.004449768350442917
DTXSID0024395	0	0	0.9931344383902586	0.00686556160974134
DTXSID0024474	0	0	0.9903888708542031	0.009611129145796907
DTXSID0024507	0	0	0.9893095489406173	0.01069045105938272
DTXSID0024553	0	0	0.9894397486621362	0.010560251337863806
DTXSID0025361	0	0	0.9938135302951924	0.006186469704807665
DTXSID0025440	0	0	0.9892981801495768	0.010701819850423162
DTXSID0025074	0	0	0.9910810324485759	0.00891896755142405
DTXSID0025078	0	0	0.9890964625456679	0.01090353745433217
DTXSID0025101	0	0	0.9791355126423521	0.020864487357647947
DTXSID0025523	0	0	0.9911430179965472	0.008856982003452774
DTXSID0025571	0	0	0.98794678354003	0.01205321645997005
DTXSID0025812	0	0	0.9855332551572558	0.014466744842744274
DTXSID0025577	0	0	0.9928471806317732	0.00715281936822671
DTXSID0026040	0	0	0.9906957881271398	0.009304211872860266
DTXSID0025991	0	0	0.9882876077783431	0.011712392221656836
DTXSID0026258	0	0	0.9927043921399629	0.007295607860037156
DTXSID0026880	0	0	0.9924043518036965	0.007595648196303582
DTXSID0026547	0	0	0.9940762841401324	0.005923715859867626
DTXSID0027191	0	0	0.9842182181692652	0.01578178183073477
DTXSID0027432	0	0	0.9844552089198102	0.015544791080189807
DTXSID0027565	0	0	0.9917412636575517	0.008258736342448364
DTXSID0029133	0	0	0.9711379124654328	0.028862087534567246
DTXSID0029262	0	0	0.9921932849529592	0.0078067150470408336
DTXSID0030588	0	0	0.9952491406935069	0.004750859306493066
DTXSID0032316	0	0	0.9879694094964395	0.012030590503560458
DTXSID0032578	0	0	0.9897360079969578	0.010263992003042222
DTXSID0033332	0	0	0.9978335839815725	0.002166416018427503
DTXSID0034695	0	0	0.9910152898689895	0.00898471013101049
DTXSID0037730	0	0	0.995141955036736	0.004858044963263989
DTXSID0038881	0	0	0.9817676194301749	0.018232380569825152
DTXSID0038887	0	0	0.9858295401751517	0.014170459824848299
DTXSID0041270	0	0	0.9952425128079931	0.004757487192006815
DTXSID0041359	0	0	0.9892663457614786	0.01073365423852133
DTXSID0041484	0	0	0.9959310847052136	0.004068915294786418
DTXSID0041692	0	0	0.9968240840423787	0.003175915957621337
DTXSID0041698	0	0	0.9931804507053095	0.006819549294690494
DTXSID0043896	0	0	0.9933631475049107	0.006636852495089246
DTXSID0044236	0	0	0.9976888631665032	0.002311136833496782
DTXSID0044369	0	0	0.9837289515511589	0.016271048448841138
DTXSID0044440	0	0	0.9822777881352989	0.017722211864701146
DTXSID0044654	0	0	0.9986233803738612	0.0013766196261388226
DTXSID0044527	0	0	0.9840315480005769	0.01596845199942311
DTXSID0044571	0	0	0.9920988234693127	0.007901176530687342
DTXSID0044816	0	0	0.9916324399518462	0.008367560048153717
DTXSID0044787	0	0	0.9945424307849962	0.005457569215003815
DTXSID0044943	0	0	0.9982494520488222	0.0017505479511777564
DTXSID0044997	0	0	0.9941664779598102	0.00583352204018978
DTXSID0045173	0	0	0.9930179626892783	0.006982037310721686
DTXSID0045252	0	0	0.9899194569392797	0.010080543060720239
DTXSID0045412	0	0	0.9974885677700479	0.0025114322299521173
DTXSID0045838	0	0	0.9945929692964457	0.005407030703554301
DTXSID0046016	0	0	0.9885682217515263	0.011431778248473778
DTXSID0046066	0	0	0.9938611286148308	0.006138871385169254
DTXSID0047036	0	0	0.995309260157049	0.004690739842950962
DTXSID0047038	0	0	0.9954379677646706	0.004562032235329361
DTXSID0047115	0	0	0.9957155969114558	0.004284403088544183
DTXSID0047167	0	0	0.9895827425865195	0.010417257413480525
DTXSID0047246	0	0	0.9943765903141539	0.005623409685846087
DTXSID0047408	0	0	0.9979430245697208	0.0020569754302791807
DTXSID0047745	0	0	0.9892087497410493	0.010791250258950641
DTXSID0047614	0	0	0.9934617804403065	0.006538219559693519
DTXSID0047957	0	0	0.9563041564806666	0.043695843519333435
DTXSID0047876	0	0	0.9955134086150937	0.00448659138490631
DTXSID0048183	0	0	0.9946244937126584	0.005375506287341592
DTXSID0048189	0	0	0.9798330747399148	0.020166925260085275
DTXSID0048636	0	0	0.9951298226784488	0.004870177321551175
DTXSID0048848	0	0	0.9955138579165975	0.0044861420834024415
DTXSID0048894	0	0	0.9931893185178983	0.006810681482101783
DTXSID0049365	0	0	0.9925212431098769	0.007478756890123085
DTXSID0050423	0	0	0.9981848093405783	0.0018151906594217036
DTXSID0051732	0	0	0.9882138199649058	0.011786180035094247
DTXSID0051782	0	0	0.9947528426235336	0.00524715737646646
DTXSID0051863	0	0	0.9902218116108995	0.009778188389100525
DTXSID0051996	0	0	0.9854785544352745	0.014521445564725465
DTXSID0052833	0	0	0.9918473621410774	0.008152637858922573
DTXSID0057700	0	0	0.9894928187720182	0.010507181227981752
DTXSID1020198	0	0	0.9876382887978321	0.012361711202167903
DTXSID1020221	0	0	0.9886752231093989	0.011324776890601034
DTXSID1020279	0	0	0.993589248386932	0.006410751613068028
DTXSID1020300	0	0	0.990870899865287	0.00912910013471307
DTXSID1020306	0	0	0.9926880924568439	0.007311907543156166
DTXSID1020354	0	0	0.9871439199199332	0.012856080080066768
DTXSID1020512	0	0	0.9923606399366864	0.007639360063313556
DTXSID1020516	0	0	0.988567127739284	0.011432872260716037
DTXSID1020439	0	0	0.9924902293924627	0.007509770607537306
DTXSID1020697	0	0	0.9637569985724905	0.036243001427509414
DTXSID1020699	0	0	0.9822649898778234	0.017735010122176563
DTXSID1020778	0	0	0.9927256107613307	0.00727438923866925
DTXSID1021322	0	0	0.9918268892892235	0.008173110710776579
DTXSID1021374	0	0	0.9880407746198352	0.011959225380164829
DTXSID1021328	0	0	0.995359149880133	0.004640850119867082
DTXSID1021584	0	0	0.9907416292577885	0.009258370742211449
DTXSID1021586	0	0	0.9954533089637577	0.004546691036242259
DTXSID1021871	0	0	0.9913484293470859	0.00865157065291406
DTXSID1021792	0	0	0.9930675999587618	0.00693240004123817
DTXSID1021821	0	0	0.9937937213459376	0.006206278654062452
DTXSID1021877	0	0	0.9909996954087938	0.009000304591206204
DTXSID1022001	0	0	0.9941413798257754	0.005858620174224557
DTXSID1022057	0	0	0.9892570632575554	0.010742936742444628
DTXSID1022396	0	0	0.9920045412775635	0.007995458722436503
DTXSID1022425	0	1	0.9707408358993931	0.02925916410060695
DTXSID1022186	0	0	0.997330292209199	0.0026697077908010495
DTXSID1022479	0	0	0.9937811417049182	0.006218858295081806
DTXSID1022508	0	0	0.9839446024854656	0.016055397514534435
DTXSID1022267	0	0	0.9905711066041973	0.009428893395802627
DTXSID1022394	0	0	0.9930795099263465	0.006920490073653431
DTXSID1022978	0	0	0.9875086549524467	0.012491345047553351
DTXSID1023603	0	0	0.9953438521784642	0.004656147821535808
DTXSID1023730	0	0	0.9958565826590624	0.004143417340937569
DTXSID1024091	0	0	0.9907613609990215	0.00923863900097849
DTXSID1024176	0	0	0.9905341585697928	0.00946584143020726
DTXSID1024837	0	0	0.9948055423966692	0.0051944576033308
DTXSID1024598	0	0	0.9964938721733183	0.003506127826681645
DTXSID1025148	0	0	0.9871029632652758	0.012897036734724247
DTXSID1025063	0	0	0.9924467993882519	0.007553200611748121
DTXSID1025431	0	0	0.9898508367197386	0.01014916328026142
DTXSID1025437	0	0	0.9974063015408544	0.0025936984591455655
DTXSID1025308	0	0	0.9932735760546412	0.006726423945358841
DTXSID1026293	0	0	0.9928686513464374	0.007131348653562561
DTXSID1026083	0	0	0.9868100000852252	0.013189999914774741
DTXSID1026615	0	0	0.993695384554688	0.006304615445312031
DTXSID1026796	0	0	0.9945642866771528	0.005435713322847249
DTXSID1026904	0	0	0.9935994193471758	0.0064005806528241935
DTXSID1027188	0	0	0.9941228934650381	0.005877106534961823
DTXSID1026906	0	0	0.9586039278158506	0.041396072184149445
DTXSID1027346	0	0	0.9880313264859637	0.011968673514036264
DTXSID1027263	0	0	0.9868804998564774	0.013119500143522565
DTXSID1027479	0	0	0.9863926560832071	0.013607343916792854
DTXSID1027504	0	0	0.9939115623544924	0.006088437645507551
DTXSID1027427	0	0	0.9966518740063657	0.0033481259936342755
DTXSID1027550	0	0	0.9924055230940069	0.007594476905993088
DTXSID1027633	0	1	0.9968959925156383	0.0031040074843617085
DTXSID1027920	0	0	0.9767519872199523	0.023248012780047712
DTXSID1027978	0	0	0.9935162113525017	0.006483788647498338
DTXSID1029120	0	0	0.986057285806752	0.013942714193247965
DTXSID1029201	0	0	0.9702334506397823	0.02976654936021774
DTXSID1029203	0	0	0.9752334110381922	0.02476658896180783
DTXSID1029170	0	0	0.992195954505928	0.007804045494071938
DTXSID1029629	0	0	0.9963299159972026	0.0036700840027974507
DTXSID1029889	0	0	0.9935317529919635	0.006468247008036552
DTXSID1029910	0	0	0.9909313783981769	0.009068621601823066
DTXSID1032305	0	0	0.9892570632575554	0.010742936742444628
DTXSID1034187	0	1	0.8313614014878268	0.16863859851217325
DTXSID1034260	0	0	0.9937431212667417	0.006256878733258261
DTXSID1035286	0	0	0.9898512066300403	0.01014879336995964
DTXSID1034769	0	0	0.9900608898607646	0.009939110139235478
DTXSID1038298	0	0	0.9296647709382823	0.07033522906171776
DTXSID1040295	0	0	0.9941973470331908	0.005802652966809158
DTXSID1040164	0	0	0.9931142483965797	0.006885751603420282
DTXSID1041506	0	0	0.9888107303079853	0.011189269692014779
DTXSID1041502	0	0	0.9925186472854213	0.007481352714578746
DTXSID1041550	0	0	0.9954327940108857	0.004567205989114297
DTXSID1043881	0	0	0.9829949483215027	0.017005051678497342
DTXSID1044223	0	0	0.99666799203712	0.003332007962879993
DTXSID1044354	0	0	0.9833441487422724	0.01665585125772758
DTXSID1044489	0	0	0.9943673565205521	0.005632643479447867
DTXSID1044514	0	0	0.962358009121868	0.03764199087813199
DTXSID1044564	0	0	0.990887506177533	0.00911249382246707
DTXSID1044772	0	0	0.9960029134326736	0.0039970865673264674
DTXSID1044809	0	0	0.9915523882090499	0.008447611790950056
DTXSID1044980	0	0	0.9812666634586725	0.018733336541327517
DTXSID1044938	0	0	0.9928828355396662	0.007117164460333865
DTXSID1045291	0	0	0.9891220817981083	0.010877918201891656
DTXSID1045293	0	0	0.9739967147326085	0.026003285267391485
DTXSID1045328	0	0	0.9928091885422967	0.007190811457703236
DTXSID1045370	0	0	0.9981747082285101	0.0018252917714898847
DTXSID1045580	0	0	0.9971794570917631	0.002820542908236909
DTXSID1045405	0	0	0.9967368275307789	0.0032631724692211276
DTXSID1045669	0	0	0.9886237750119375	0.01137622498806241
DTXSID1045798	0	0	0.9936474896034024	0.006352510396597549
DTXSID1046134	0	0	0.9690712862654937	0.030928713734506338
DTXSID1045952	0	0	0.9887560082572056	0.011243991742794454
DTXSID1046263	0	0	0.9757924928557531	0.02420750714424693
DTXSID1046558	0	0	0.9892835317707573	0.01071646822924263
DTXSID1046421	0	0	0.9886002883193163	0.011399711680683624
DTXSID1046976	0	0	0.9586758069493485	0.04132419305065152
DTXSID1046970	0	0	0.9835197938599387	0.016480206140061345
DTXSID1047106	0	0	0.996808622257627	0.00319137774237297
DTXSID1047239	0	0	0.9936623821062252	0.006337617893774905
DTXSID1047152	0	0	0.9952882644618877	0.004711735538112336
DTXSID1047443	0	0	0.9905462077298587	0.00945379227014134
DTXSID1047574	0	0	0.9953106809682334	0.004689319031766633
DTXSID1048671	0	0	0.9741909066737967	0.02580909332620324
DTXSID1049308	0	0	0.9921803583359613	0.007819641664038755
DTXSID1057668	0	0	0.9974638115798653	0.002536188420134658
DTXSID2020006	0	0	0.9908083637266062	0.009191636273393828
DTXSID2020210	0	0	0.9785205302933516	0.021479469706648383
DTXSID2020212	0	0	0.9946275057566507	0.00537249424334924
DTXSID2020216	0	0	0.9945557827828286	0.005444217217171409
DTXSID2020345	0	0	0.9920078947385864	0.007992105261413548
DTXSID2020507	0	0	0.9806419182666763	0.019358081733323682
DTXSID2020557	0	0	0.9898570129466846	0.01014298705331541
DTXSID2020505	0	0	0.9893156280450341	0.010684371954965854
DTXSID2020717	0	0	0.9932765747871742	0.006723425212825717
DTXSID2020894	0	0	0.9634261825930001	0.036573817406999894
DTXSID2020844	0	0	0.9952591818794005	0.004740818120599487
DTXSID2021028	0	0	0.9859277893593218	0.014072210640678161
DTXSID2020927	0	0	0.9874607427818257	0.01253925721817426
DTXSID2021026	0	0	0.9763653100255099	0.023634689974490124
DTXSID2021022	0	0	0.9896534304363653	0.010346569563634713
DTXSID2021238	0	0	0.9880642125242419	0.011935787475758035
DTXSID2021232	0	0	0.936002571743735	0.06399742825626492
DTXSID2021234	0	0	0.9843620765242042	0.01563792347579583
DTXSID2021151	0	0	0.996544917958492	0.0034550820415079875
DTXSID2021317	0	0	0.9897965489811831	0.010203451018816936
DTXSID2021319	0	0	0.9918013169406372	0.008198683059362787
DTXSID2021577	0	0	0.9921739492134058	0.00782605078659415
DTXSID2021650	0	0	0.9913972655059512	0.008602734494048851
DTXSID2021816	0	0	0.99544065685647	0.004559343143530025
DTXSID2021731	0	0	0.9914986304476632	0.008501369552336864
DTXSID2021864	0	0	0.9886238756226964	0.0113761243773036
DTXSID2022331	0	0	0.9914196700375537	0.008580329962446245
DTXSID2022381	0	1	0.9896997875276181	0.01030021247238185
DTXSID2022127	0	1	0.9874221902539603	0.012577809746039725
DTXSID2022462	0	0	0.9713813784694308	0.028618621530569186
DTXSID2022593	0	0	0.9938801906012339	0.0061198093987661455
DTXSID2022676	0	0	0.9837310013977576	0.0162689986022424
DTXSID2022886	0	0	0.9851164633617642	0.014883536638235832
DTXSID2023270	0	0	0.9870154461004375	0.012984553899562587
DTXSID2023434	0	0	0.9890696375522392	0.01093036244776077
DTXSID2024030	0	0	0.9878547707639955	0.012145229236004501
DTXSID2024953	0	0	0.9815374939800847	0.018462506019915274
DTXSID2025050	0	0	0.9908931602708025	0.00910683972919747
DTXSID2025210	0	0	0.9918656209076793	0.008134379092320693
DTXSID2025391	0	0	0.9924456130335607	0.007554386966439283
DTXSID2025478	0	0	0.9943655209732383	0.005634479026761755
DTXSID2025688	0	0	0.9957299947426846	0.004270005257315359
DTXSID2025503	0	0	0.9973292019177799	0.0026707980822201927
DTXSID2026446	0	0	0.9899189074130904	0.010081092586909635
DTXSID2026232	0	0	0.9946827025298375	0.005317297470162508
DTXSID2026238	0	0	0.9871149534202304	0.012885046579769638
DTXSID2026602	0	0	0.9938735920010272	0.006126407998972798
DTXSID2026525	0	0	0.988184020248776	0.01181597975122399
DTXSID2026529	0	0	0.9927275074018715	0.00727249259812846
DTXSID2026783	0	0	0.992234404421583	0.007765595578417042
DTXSID2027044	0	0	0.9913162304605463	0.008683769539453691
DTXSID2027543	0	0	0.9910874075078759	0.00891259249212401
DTXSID2027206	0	0	0.9933518918630624	0.006648108136937656
DTXSID2027254	0	0	0.9954862747259041	0.004513725274095839
DTXSID2027414	0	0	0.9897292853938169	0.010270714606183097
DTXSID2027624	0	0	0.9911831728669386	0.008816827133061379
DTXSID2027599	0	0	0.9930897307776522	0.006910269222347792
DTXSID2027886	0	0	0.9932531632806287	0.0067468367193712665
DTXSID2028985	0	0	0.994822611638599	0.005177388361401058
DTXSID2029167	0	0	0.9885965751491033	0.01140342485089674
DTXSID2030695	0	0	0.9930678755029342	0.006932124497065834
DTXSID2031089	0	0	0.9892339613484669	0.010766038651533128
DTXSID2029612	0	0	0.9927256107613307	0.00727438923866925
DTXSID2032683	0	0	0.9960193448760517	0.003980655123948284
DTXSID2033445	0	0	0.985657808932206	0.014342191067794037
DTXSID2033447	0	0	0.9870290050112035	0.012970994988796497
DTXSID2034255	0	0	0.992806340478209	0.007193659521790931
DTXSID2033281	0	0	0.991487607505323	0.008512392494676927
DTXSID2034540	0	0	0.9945466017981188	0.005453398201881228
DTXSID2034968	0	0	0.993611980955712	0.00638801904428793
DTXSID2036299	0	0	0.9586039278158506	0.041396072184149445
DTXSID2037712	0	0	0.9891113439142437	0.010888656085756282
DTXSID2037714	0	0	0.9857792861482502	0.014220713851749845
DTXSID2040656	0	0	0.9952386324891106	0.004761367510889395
DTXSID2040236	0	0	0.9951176411611748	0.004882358838825174
DTXSID2040361	0	0	0.9873138348615854	0.01268616513841462
DTXSID2041125	0	0	0.9882619806647192	0.01173801933528086
DTXSID2041200	0	0	0.9925931384058582	0.0074068615941418675
DTXSID2041709	0	0	0.9537505401621882	0.046249459837811834
DTXSID2042276	0	0	0.9932110824861241	0.0067889175138758735
DTXSID2041547	0	0	0.9922069202814652	0.0077930797185347695
DTXSID2043874	0	0	0.9907116016937392	0.009288398306260782
DTXSID2042191	0	0	0.9885635260043389	0.011436473995661004
DTXSID2042436	0	0	0.9848547368756871	0.015145263124312837
DTXSID2043903	0	0	0.9864037256601995	0.013596274339800526
DTXSID2044420	0	0	0.9909144665929193	0.009085533407080727
DTXSID2044391	0	0	0.9915230649172976	0.00847693508270238
DTXSID2044393	0	0	0.9827779100250478	0.017222089974952257
DTXSID2044476	0	0	0.995147139416755	0.00485286058324492
DTXSID2044680	0	0	0.9856282490250161	0.014371750974983914
DTXSID2044503	0	0	0.9713829960905017	0.028617003909498232
DTXSID2044713	0	0	0.9593099083591167	0.04069009164088335
DTXSID2044840	0	0	0.994030033088678	0.005969966911322029
DTXSID2044682	0	0	0.9918024477123933	0.008197552287606663
DTXSID2044890	0	0	0.9940980374394597	0.005901962560540313
DTXSID2045151	0	0	0.9957386278446007	0.0042613721553993915
DTXSID2044975	0	0	0.9942053095243077	0.005794690475692244
DTXSID2045232	0	0	0.9945958252630659	0.0054041747369340705
DTXSID2045076	0	0	0.9959331796972333	0.004066820302766756
DTXSID2045105	0	0	0.9919444005671644	0.008055599432835582
DTXSID2045440	0	0	0.9920427557744573	0.007957244225542715
DTXSID2046096	0	0	0.9929567210527723	0.007043278947227697
DTXSID2046410	0	0	0.9935024489265968	0.006497551073403187
DTXSID2047068	0	0	0.9958837702952432	0.004116229704756769
DTXSID2047066	0	0	0.9864633288041975	0.013536671195802513
DTXSID2047145	0	0	0.9951126813599608	0.0048873186400392125
DTXSID2047193	0	0	0.9925513737938478	0.007448626206152135
DTXSID2047199	0	0	0.99669799761941	0.0033020023805899732
DTXSID2047222	0	0	0.9955197096801588	0.004480290319841212
DTXSID2047569	0	1	0.9891641899608432	0.01083581003915675
DTXSID2047642	0	0	0.9941394557300849	0.005860544269915064
DTXSID2047727	0	0	0.995545830269924	0.004454169730075941
DTXSID2047806	0	0	0.9985612749488275	0.0014387250511724828
DTXSID2048820	0	0	0.9955683418475759	0.0044316581524241035
DTXSID2048666	0	0	0.996348218008525	0.003651781991475012
DTXSID2048959	0	0	0.997238187652827	0.002761812347172982
DTXSID2049262	0	0	0.9821196862039298	0.017880313796070243
DTXSID2051631	0	0	0.9956462327034643	0.004353767296535705
DTXSID2052574	0	0	0.9819048043246634	0.018095195675336576
DTXSID2052310	0	0	0.9879821665283772	0.012017833471622746
DTXSID2052607	0	0	0.9889280820601618	0.011071917939838194
DTXSID2057736	0	0	0.9895882602344329	0.010411739765567132
DTXSID2057732	0	0	0.9940146877162084	0.005985312283791624
DTXSID3020209	0	0	0.9804460079827714	0.019553992017228655
DTXSID3020257	0	1	0.9916336669115711	0.008366333088428886
DTXSID3020419	0	0	0.9930052973536697	0.006994702646330325
DTXSID3020465	0	1	0.9728385165835388	0.02716148341646119
DTXSID3020546	0	0	0.9907109869196618	0.00928901308033824
DTXSID3020673	0	0	0.8899570683792006	0.11004293162079938
DTXSID3021142	0	0	0.9920664830973908	0.007933516902609256
DTXSID3021304	0	0	0.9861078757136643	0.013892124286335648
DTXSID3021431	0	0	0.9956208724205138	0.004379127579486184
DTXSID3021275	0	0	0.9880236430044005	0.011976356995599536
DTXSID3021516	0	0	0.9917167492838737	0.008283250716126327
DTXSID3021726	0	0	0.9954559398631472	0.004544060136852793
DTXSID3021982	0	0	0.9907549642640937	0.009245035735906326
DTXSID3022164	0	0	0.9922443702363782	0.0077556297636217665
DTXSID3022326	0	0	0.9945694543778028	0.005430545622197276
DTXSID3022247	0	0	0.9936623821062252	0.006337617893774899
DTXSID3022160	0	0	0.9920284611046004	0.007971538895399605
DTXSID3022162	0	0	0.9748322772718052	0.025167722728194758
DTXSID3022403	0	0	0.9957334766417403	0.004266523358259755
DTXSID3022405	0	0	0.9831332621123985	0.0168667378876015
DTXSID3022536	0	0	0.9933990682287074	0.006600931771292638
DTXSID3022409	0	1	0.9917673869311955	0.008232613068804502
DTXSID3022956	0	0	0.9891916921744373	0.010808307825562751
DTXSID3022958	0	0	0.997296690617222	0.0027033093827779626
DTXSID3023007	0	0	0.9937235632104985	0.006276436789501507
DTXSID3023687	0	0	0.9922939518807042	0.007706048119295709
DTXSID3024366	0	0	0.9878305890871705	0.012169410912829486
DTXSID3024362	0	0	0.9924162294971846	0.007583770502815424
DTXSID3024497	0	0	0.9915517808764368	0.008448219123563153
DTXSID3024499	0	0	0.9901443056890287	0.009855694310971306
DTXSID3024736	0	0	0.9928263858757373	0.007173614124262706
DTXSID3024738	0	0	0.9886144961949942	0.011385503805005796
DTXSID3024786	0	0	0.9981342842664658	0.0018657157335342715
DTXSID3024780	0	0	0.9922745248835059	0.007725475116494127
DTXSID3025461	0	0	0.9966796121509455	0.0033203878490545746
DTXSID3025542	0	0	0.9941542765176536	0.00584572348234639
DTXSID3026223	0	0	0.9952984495903824	0.004701550409617579
DTXSID3026560	0	0	0.9834239734081119	0.016576026591888025
DTXSID3026726	0	0	0.9954327940108857	0.004567205989114297
DTXSID3026647	0	0	0.9711795907398205	0.028820409260179487
DTXSID3026728	0	0	0.9942816682311051	0.005718331768894898
DTXSID3026691	0	0	0.9943427406913844	0.0056572593086155806
DTXSID3027293	0	0	0.9830135332854825	0.016986466714517538
DTXSID3027405	0	0	0.9907997521158757	0.009200247884124282
DTXSID3027530	0	0	0.9929366606742173	0.007063339325782783
DTXSID3027586	0	0	0.9951300423560705	0.004869957643929492
DTXSID3027792	0	0	0.9907825483786201	0.009217451621379867
DTXSID3027798	0	0	0.9905047735984255	0.009495226401574507
DTXSID3027823	0	0	0.9923224139882947	0.007677586011705357
DTXSID3029237	0	0	0.9944725731850446	0.005527426814955447
DTXSID3029283	0	0	0.991961229604439	0.008038770395561006
DTXSID3029651	0	0	0.9911603250129961	0.008839674987003922
DTXSID3029312	0	0	0.9696511930739026	0.030348806926097448
DTXSID3029607	0	0	0.9969908827603086	0.003009117239691427
DTXSID3031492	0	0	0.9946366707208741	0.005363329279125829
DTXSID3031521	0	0	0.9904967355081724	0.009503264491827638
DTXSID3032389	0	0	0.99386397616691	0.006136023833089945
DTXSID3032549	0	0	0.9921101602246407	0.007889839775359241
DTXSID3032624	0	0	0.9898615370924491	0.010138462907550942
DTXSID3032759	0	0	0.9837933616299972	0.016206638370002753
DTXSID3033511	0	0	0.990221861255352	0.009778138744647917
DTXSID3035266	0	0	0.9898512066300403	0.01014879336995964
DTXSID3036105	0	0	0.9844051854316908	0.015594814568309285
DTXSID3034903	0	0	0.9872047584691023	0.012795241530897738
DTXSID3036286	0	0	0.9916324399518462	0.008367560048153717
DTXSID3037094	0	0	0.8644048981407642	0.1355951018592358
DTXSID3040693	0	0	0.993653581435669	0.0063464185643311005
DTXSID3040691	0	0	0.9923945383027166	0.007605461697283363
DTXSID3040770	0	1	0.9728385165835388	0.02716148341646119
DTXSID3041293	0	0	0.9937562614844356	0.0062437385155643755
DTXSID3040776	0	0	0.9940295103184581	0.005970489681541857
DTXSID3041790	0	0	0.995147139416755	0.00485286058324492
DTXSID3041661	0	0	0.9887217482890892	0.011278251710910764
DTXSID3042423	0	0	0.994954897207382	0.0050451027926180754
DTXSID3042633	0	0	0.9843953145652428	0.015604685434757275
DTXSID3044251	0	0	0.9896462476911752	0.010353752308824814
DTXSID3044461	0	0	0.9869947646510319	0.013005235348968153
DTXSID3044542	0	0	0.9932692725908815	0.006730727409118465
DTXSID3044590	0	0	0.9887834855867494	0.011216514413250538
DTXSID3044700	0	0	0.988063136514305	0.011936863485694966
DTXSID3044469	0	0	0.9928786696208288	0.007121330379171224
DTXSID3044916	0	0	0.995954980788763	0.004045019211237003
DTXSID3045437	0	0	0.995203155247171	0.004796844752829083
DTXSID3045851	0	0	0.9950424418647491	0.004957558135250893
DTXSID3046403	0	0	0.9935352455532191	0.006464754446780801
DTXSID3046534	0	0	0.9964020093309597	0.00359799066904031
DTXSID3047184	0	0	0.9879022663681324	0.012097733631867655
DTXSID3047186	0	0	0.9980708504157179	0.0019291495842821507
DTXSID3047263	0	0	0.997191058783463	0.0028089412165369708
DTXSID3047188	0	0	0.9869854550988486	0.013014544901151353
DTXSID3047425	0	0	0.9880630660981856	0.011936933901814434
DTXSID3047558	0	0	0.9816868480224589	0.01831315197754111
DTXSID3047556	0	0	0.9959953310047078	0.0040046689952922074
DTXSID3047891	0	1	0.9937338794305147	0.0062661205694853166
DTXSID3047893	0	1	0.9817150574244166	0.018284942575583482
DTXSID3047974	0	1	0.9833748370696858	0.016625162930314248
DTXSID3048998	0	0	0.9710632433170504	0.028936756682949625
DTXSID3049415	0	0	0.9982663173817742	0.0017336826182258191
DTXSID3052301	0	0	0.9927188917250904	0.007281108274909569
DTXSID3051707	0	0	0.9876159926130199	0.012384007386980058
DTXSID3052567	0	0	0.9934119757920509	0.006588024207949145
DTXSID3057696	0	0	0.9933172571340686	0.006682742865931446
DTXSID3057804	0	0	0.9974047802589309	0.0025952197410691676
DTXSID4020244	0	0	0.99192151341504	0.00807848658496003
DTXSID4020292	0	0	0.9900502255456938	0.00994977445430617
DTXSID4020327	0	0	0.9928766454464334	0.007123354553566642
DTXSID4020533	0	0	0.9953662423325997	0.004633757667400237
DTXSID4020537	0	0	0.9906413468089608	0.009358653191039254
DTXSID4020749	0	0	0.9926381676332544	0.007361832366745576
DTXSID4020870	0	1	0.9931854246922432	0.00681457530775672
DTXSID4020828	0	0	0.9893120345828922	0.010687965417107858
DTXSID4020876	0	0	0.9882531272257725	0.011746872774227458
DTXSID4020826	0	0	0.9932450618198095	0.006754938180190442
DTXSID4021006	0	0	0.9917399662270053	0.008260033772994668
DTXSID4021135	0	0	0.9846241020238959	0.015375897976104058
DTXSID4021218	0	0	0.9900349359112508	0.009965064088749162
DTXSID4021212	0	0	0.9887389341253449	0.01126106587465516
DTXSID4021214	0	0	0.9891387271161484	0.01086127288385163
DTXSID4021341	0	1	0.9920671009331403	0.007932899066859669
DTXSID4021426	0	0	0.9902138071933168	0.009786192806683221
DTXSID4021634	0	0	0.9933814345401988	0.006618565459801192
DTXSID4021717	0	0	0.9915414050795276	0.00845859492047245
DTXSID4021925	0	0	0.9942988641330777	0.005701135866922299
DTXSID4021767	0	0	0.9926933589690276	0.00730664103097249
DTXSID4021977	0	0	0.9920058117478298	0.007994188252170235
DTXSID4021979	0	0	0.9925232461540318	0.0074767538459682035
DTXSID4022311	0	0	0.9871902708387729	0.01280972916122717
DTXSID4022315	0	0	0.9855442583632823	0.014455741636717721
DTXSID4022442	0	0	0.9903841518757875	0.009615848124212508
DTXSID4022446	0	0	0.9905504707834589	0.009449529216541106
DTXSID4022525	0	1	0.9724801546750577	0.027519845324942296
DTXSID4022523	0	0	0.961166860322001	0.03883313967799897
DTXSID4022527	0	0	0.9876877851741829	0.0123122148258171
DTXSID4022529	0	0	0.9877970594070139	0.012202940592986095
DTXSID4022579	0	0	0.9879479132147176	0.012052086785282403
DTXSID4022810	0	0	0.9963443943093477	0.0036556056906522708
DTXSID4023175	0	0	0.9970629640161455	0.002937035983854494
DTXSID4022949	0	0	0.9910182264356299	0.008981773564370146
DTXSID4023387	0	0	0.9964863807547251	0.003513619245274881
DTXSID4023412	0	0	0.993310867851414	0.006689132148585994
DTXSID4023917	0	0	0.9906935857340966	0.009306414265903354
DTXSID4023462	0	0	0.9898384284060556	0.010161571593944393
DTXSID4024062	0	0	0.9899413105596739	0.010058689440326042
DTXSID4024436	0	0	0.9911251818460005	0.008874818153999525
DTXSID4024303	0	0	0.9901723281038446	0.009827671896155379
DTXSID4024488	0	0	0.9889087408032124	0.011091259196787547
DTXSID4024696	0	0	0.9943320594574401	0.005667940542559883
DTXSID4024983	0	0	0.988139117205624	0.011860882794375995
DTXSID4024800	0	0	0.9869767546316756	0.013023245368324485
DTXSID4025371	0	0	0.9924772004028113	0.007522799597188746
DTXSID4025406	0	0	0.9904851556338679	0.009514844366132194
DTXSID4026183	0	0	0.9775154814073322	0.02248451859266776
DTXSID4026000	0	0	0.9906237442897246	0.009376255710275415
DTXSID4026137	0	0	0.9919366467719362	0.008063353228063848
DTXSID4026422	0	0	0.9906410668626736	0.009358933137326398
DTXSID4026713	0	0	0.9932181976266776	0.006781802373322409
DTXSID4027026	0	0	0.9586039278158506	0.041396072184149445
DTXSID4026927	0	0	0.9586039278158506	0.041396072184149445
DTXSID4027284	0	0	0.9958537332890447	0.0041462667109553085
DTXSID4027103	0	0	0.9891068486361696	0.010893151363830445
DTXSID4027288	0	0	0.9961443137845628	0.0038556862154372254
DTXSID4027109	0	0	0.9855406490696319	0.014459350930368146
DTXSID4027600	0	0	0.9878040323976941	0.012195967602305931
DTXSID4029224	0	0	0.992263389590964	0.007736610409035971
DTXSID4031980	0	1	0.9904279243779459	0.009572075622054131
DTXSID4034576	0	0	0.9886036630653263	0.011396336934673727
DTXSID4035592	0	0	0.9868072919993246	0.013192708000675403
DTXSID4040713	0	0	0.9798330747399148	0.020166925260085275
DTXSID4041529	0	0	0.9956247455057267	0.004375254494273306
DTXSID4041490	0	0	0.9917636058847733	0.008236394115226657
DTXSID4041444	0	0	0.991732726289767	0.008267273710232918
DTXSID4042123	0	0	0.9914783930469682	0.008521606953031807
DTXSID4042090	0	0	0.9776019520538378	0.022398047946162222
DTXSID4042094	0	0	0.9886493829694736	0.011350617030526379
DTXSID4041656	0	0	0.9891194055258987	0.010880594474101269
DTXSID4042252	0	0	0.9755566916857915	0.024443308314208524
DTXSID4044402	0	0	0.9939264022388731	0.006073597761126927
DTXSID4044581	0	0	0.9951797368740688	0.004820263125931196
DTXSID4044870	0	0	0.9947278155133452	0.005272184486654774
DTXSID4045391	0	0	0.9945275421854877	0.00547245781451233
DTXSID4045763	0	0	0.9985136877035703	0.0014863122964297287
DTXSID4045133	0	0	0.9965531006822987	0.003446899317701247
DTXSID4045892	0	0	0.9917678957857982	0.008232104214201801
DTXSID4046101	0	0	0.9858601637233348	0.014139836276665149
DTXSID4046107	0	0	0.9984975241997032	0.0015024758002968022
DTXSID4046525	0	0	0.9909186448753713	0.009081355124628692
DTXSID4046949	0	0	0.9948915367227336	0.005108463277266428
DTXSID4047125	0	0	0.9917787417655882	0.008221258234411758
DTXSID4047123	0	0	0.9782586010561454	0.021741398943854653
DTXSID4047129	0	0	0.995516572827581	0.004483427172419
DTXSID4047202	0	0	0.9954210281147513	0.004578971885248685
DTXSID4047416	0	0	0.9970228534059026	0.002977146594097385
DTXSID4047468	0	0	0.9845404058454117	0.015459594154588342
DTXSID4047674	0	0	0.9896164549268114	0.010383545073188602
DTXSID4047880	0	0	0.9569254440850293	0.04307455591497062
DTXSID4047886	0	0	0.9909609763565439	0.009039023643456146
DTXSID4047882	0	0	0.983568979484659	0.016431020515340927
DTXSID4047961	0	0	0.9748197095171066	0.025180290482893417
DTXSID4047963	0	0	0.9729672608675312	0.02703273913246886
DTXSID4048195	0	0	0.9697299499929246	0.030270050007075427
DTXSID4049240	0	0	0.9863814406851529	0.013618559314847073
DTXSID4049327	0	1	0.9858678415925582	0.014132158407441801
DTXSID4051580	0	0	0.9842962657418515	0.01570373425814848
DTXSID4052186	0	0	0.9937384959025668	0.006261504097433188
DTXSID4052506	0	0	0.9940150322078872	0.00598496779211274
DTXSID4058655	0	0	0.9952319846120007	0.004768015387999313
DTXSID5020021	0	0	0.9948326475509703	0.005167352449029659
DTXSID5020154	0	0	0.9918845590206586	0.008115440979341358
DTXSID5020231	0	0	0.9978194885863849	0.0021805114136151022
DTXSID5020491	0	0	0.990820686542274	0.009179313457726079
DTXSID5020520	0	0	0.9900396473816794	0.009960352618320635
DTXSID5020499	0	0	0.9918396502332177	0.008160349766782217
DTXSID5020603	0	0	0.9908136095274943	0.009186390472505673
DTXSID5020653	0	0	0.9682831720283669	0.0317168279716331
DTXSID5020861	0	0	0.9935559406869452	0.006444059313054823
DTXSID5020815	0	0	0.9897312034842469	0.010268796515753102
DTXSID5020863	0	0	0.9977490015694984	0.0022509984305016323
DTXSID5021097	0	0	0.9935879032951009	0.006412096704899089
DTXSID5021124	0	0	0.9905857436484904	0.009414256351509593
DTXSID5020869	0	0	0.9892475669167358	0.010752433083264267
DTXSID5021128	0	0	0.9914898222768375	0.008510177723162588
DTXSID5021201	0	0	0.993780565705186	0.006219434294814
DTXSID5021255	0	0	0.9956563713646054	0.004343628635394622
DTXSID5021332	0	0	0.9948029942378789	0.005197005762121169
DTXSID5021380	0	0	0.9921163652085773	0.007883634791422725
DTXSID5021415	0	0	0.9936847221176399	0.006315277882360124
DTXSID5021463	0	0	0.9896866551158979	0.010313344884102115
DTXSID5021629	0	0	0.9956205995919761	0.004379400408023904
DTXSID5021544	0	0	0.9916206451307036	0.008379354869296422
DTXSID5021461	0	0	0.9909453221589701	0.009054677841029856
DTXSID5021679	0	0	0.9908902619614999	0.009109738038500077
DTXSID5021708	0	0	0.9960027195523088	0.003997280447691243
DTXSID5021835	0	0	0.9873478754141125	0.012652124585887452
DTXSID5021837	0	0	0.9850809509985408	0.014919049001459184
DTXSID5021881	0	0	0.9885309375600017	0.011469062439998358
DTXSID5022227	0	0	0.983057773493406	0.016942226506594077
DTXSID5021889	0	0	0.9936017710990639	0.006398228900936134
DTXSID5021968	0	0	0.9964329311601561	0.003567068839843871
DTXSID5021914	0	0	0.9936061830865351	0.006393816913464865
DTXSID5022308	0	1	0.9926255856068559	0.007374414393144151
DTXSID5022437	0	0	0.9960759113004483	0.003924088699551723
DTXSID5022439	0	0	0.9930694092156246	0.006930590784375396
DTXSID5022271	0	0	0.9918428278243121	0.008157172175687849
DTXSID5022485	0	0	0.9781236380432936	0.02187636195670635
DTXSID5022932	0	0	0.9973456037882753	0.0026543962117247166
DTXSID5022510	0	0	0.990332884766787	0.009667115233212953
DTXSID5022986	0	0	0.9970704198659025	0.00292958013409752
DTXSID5023247	0	0	0.9856118328091206	0.014388167190879377
DTXSID5023295	0	0	0.9978987933685093	0.002101206631490742
DTXSID5023110	0	0	0.9886398348528397	0.011360165147160348
DTXSID5023378	0	0	0.9977803060109333	0.0022196939890666866
DTXSID5024687	0	0	0.9944258109865204	0.005574189013479632
DTXSID5024473	0	0	0.9946535827245784	0.005346417275421601
DTXSID5024500	0	0	0.9937875080653812	0.006212491934618866
DTXSID5024394	0	0	0.991731986622053	0.008268013377947001
DTXSID5024506	0	0	0.9922293922785863	0.007770607721413664
DTXSID5024922	0	0	0.9849638992078427	0.015036100792157283
DTXSID5025156	0	0	0.9918092455551621	0.008190754444837807
DTXSID5025100	0	0	0.9958256891773085	0.004174310822691479
DTXSID5025102	0	0	0.979280194315023	0.020719805684977013
DTXSID5025231	0	0	0.9907883668278155	0.009211633172184574
DTXSID5025659	0	0	0.9960589817942604	0.003941018205739507
DTXSID5025815	0	0	0.9887144954432532	0.011285504556746836
DTXSID5026124	0	0	0.980247778103661	0.019752221896338996
DTXSID5026122	0	0	0.9883437452154618	0.011656254784538203
DTXSID5026548	0	0	0.9862990126452735	0.013700987354726427
DTXSID5026837	0	0	0.9961101258072799	0.003889874192720145
DTXSID5027061	0	0	0.9745292407095858	0.02547075929041415
DTXSID5027229	0	0	0.9865932500398663	0.013406749960133716
DTXSID5027279	0	0	0.9915328881746437	0.008467111825356328
DTXSID5027647	0	0	0.9934235782486813	0.0065764217513186885
DTXSID5027512	0	0	0.9929992023450974	0.0070007976549026005
DTXSID5027774	0	0	0.9910432032783985	0.00895679672160155
DTXSID5027772	0	0	0.9838035335364277	0.016196466463572264
DTXSID5029683	0	0	0.9897782291326901	0.01022177086730996
DTXSID5032498	0	0	0.9933231132523055	0.006676886747694517
DTXSID5033701	0	0	0.9779336860858971	0.022066313914102877
DTXSID5033836	0	0	0.9839446024854656	0.01605539751453442
DTXSID5036684	0	0	0.9531571078637208	0.046842892136279235
DTXSID5037731	0	0	0.9869183374925619	0.013081662507438137
DTXSID5037739	0	0	0.9906366770664837	0.009363322933516282
DTXSID5040706	0	0	0.9633700029490324	0.036629997050967644
DTXSID5041190	0	0	0.9924254344752051	0.007574565524794873
DTXSID5041306	0	1	0.9861200815836797	0.013879918416320277
DTXSID5041516	0	0	0.990634387601384	0.009365612398616014
DTXSID5041431	0	0	0.9938457450645124	0.006154254935487629
DTXSID5042299	0	0	0.9922014180502835	0.0077985819497165335
DTXSID5041803	0	0	0.9890869339292905	0.010913066070709476
DTXSID5044233	0	0	0.9921437346290244	0.00785626537097563
DTXSID5044495	0	0	0.9908865355137896	0.00911346448621041
DTXSID5044528	0	0	0.982176721751176	0.01782327824882399
DTXSID5044570	0	0	0.9881771340457587	0.011822865954241334
DTXSID5044607	0	0	0.9912167346395069	0.008783265360493168
DTXSID5044734	0	0	0.9952827375491555	0.0047172624508444614
DTXSID5044865	0	0	0.9776019520538378	0.022398047946162222
DTXSID5044867	0	0	0.9939197937003741	0.006080206299625902
DTXSID5044784	0	0	0.9959326835275476	0.004067316472452352
DTXSID5044992	0	0	0.9933954160506102	0.006604583949389813
DTXSID5045382	0	0	0.9963181613118084	0.003681838688191645
DTXSID5045673	0	0	0.9964715395780619	0.0035284604219381053
DTXSID5045419	0	0	0.9952121962690889	0.004787803730911094
DTXSID5045889	0	1	0.9912637537460356	0.00873624625396442
DTXSID5045883	0	0	0.99636209099649	0.0036379090035100355
DTXSID5045960	0	1	0.988840467138848	0.01115953286115201
DTXSID5045964	0	0	0.9886493829694736	0.011350617030526379
DTXSID5046772	0	0	0.9970267737612836	0.0029732262387164596
DTXSID5046980	0	0	0.9865244040667849	0.013475595933215113
DTXSID5047160	0	0	0.9967575947147023	0.0032424052852977866
DTXSID5047116	0	0	0.9869947646510319	0.013005235348968162
DTXSID5047110	0	0	0.9955197096801588	0.004480290319841212
DTXSID5047405	0	0	0.9967563475130796	0.0032436524869203327
DTXSID5047956	0	1	0.9941080732253715	0.005891926774628473
DTXSID5048710	0	0	0.9940007813810883	0.005999218618911685
DTXSID5048421	0	0	0.9887636719949119	0.011236328005088144
DTXSID5048899	0	0	0.9938796484481188	0.006120351551881138
DTXSID5048978	0	0	0.9937860485828112	0.006213951417188846
DTXSID5051444	0	0	0.9910679558599808	0.008932044140019246
DTXSID5051525	0	0	0.9827641787136157	0.017235821286384394
DTXSID5057836	0	0	0.9958849339298542	0.0041150660701457465
DTXSID6020220	0	0	0.9925529342459988	0.007447065754001218
DTXSID6020307	0	0	0.9923708041881777	0.0076291958118223395
DTXSID6020303	0	0	0.987629745717986	0.01237025428201396
DTXSID6020434	0	0	0.9907997521158757	0.009200247884124282
DTXSID6020438	0	0	0.9885549219353826	0.011445078064617314
DTXSID6020513	0	0	0.9881728089148383	0.01182719108516175
DTXSID6020515	0	0	0.9919595317825513	0.008040468217448733
DTXSID6020694	0	0	0.9915831854259907	0.008416814574009304
DTXSID6021082	0	0	0.9891948950507925	0.010805104949207505
DTXSID6021032	0	0	0.9844545440047855	0.015545455995214499
DTXSID6021086	0	0	0.9948070255612121	0.0051929744387878484
DTXSID6021321	0	0	0.9953069804808121	0.004693019519187884
DTXSID6021036	0	0	0.9913496302208054	0.008650369779194698
DTXSID6021404	0	0	0.9948626050014924	0.005137394998507626
DTXSID6021450	0	0	0.9931750221272156	0.006824977872784308
DTXSID6021583	0	0	0.9898668917541043	0.010133108245895795
DTXSID6021610	0	0	0.9814807703131156	0.0185192296868843
DTXSID6021793	0	0	0.9683338936670267	0.03166610633297324
DTXSID6021456	0	0	0.9913036612776042	0.008696338722395829
DTXSID6021799	0	0	0.9885982383255467	0.011401761674453326
DTXSID6021822	0	0	0.9908721399961985	0.00912786000380155
DTXSID6021901	0	0	0.9926852689970693	0.007314731002930681
DTXSID6021824	0	0	0.9890129596575952	0.010987040342404844
DTXSID6021959	0	0	0.9862984184650094	0.01370158153499057
DTXSID6022004	0	0	0.9877506700191648	0.012249329980835194
DTXSID6022187	0	0	0.9878745991229355	0.012125400877064502
DTXSID6022218	0	0	0.9959259495866647	0.004074050413335279
DTXSID6022006	0	0	0.9812701817602325	0.01872981823976745
DTXSID6022391	0	0	0.9901003854650252	0.009899614534974744
DTXSID6022393	0	1	0.9945754711132836	0.0054245288867164594
DTXSID6022399	0	1	0.9759952365402509	0.02400476345974913
DTXSID6022420	0	0	0.9946875703885766	0.0053124296114233655
DTXSID6022688	0	0	0.9914835290538956	0.008516470946104427
DTXSID6022844	0	0	0.9850401429255308	0.014959857074469179
DTXSID6022977	0	0	0.9921408148427909	0.007859185157209056
DTXSID6023078	0	0	0.9933781010162333	0.006621898983766727
DTXSID6023315	0	0	0.996276038176046	0.003723961823953928
DTXSID6023523	0	0	0.9879197949130409	0.012080205086959036
DTXSID6024200	0	0	0.9834677904513409	0.016532209548659044
DTXSID6024331	0	0	0.9919921523876252	0.008007847612374847
DTXSID6024628	0	0	0.9909474144966112	0.009052585503388798
DTXSID6024836	0	0	0.9950768380649949	0.004923161935005093
DTXSID6024838	0	0	0.9853198368025751	0.01468016319742489
DTXSID6024888	0	0	0.9947375115449765	0.005262488455023497
DTXSID6024832	0	0	0.9942810635688302	0.005718936431169877
DTXSID6024915	0	0	0.9891068486361696	0.010893151363830445
DTXSID6025012	0	0	0.9932333959229078	0.006766604077092217
DTXSID6025010	0	0	0.9910414218290792	0.008958578170920774
DTXSID6025149	0	0	0.9876341445675084	0.01236585543249159
DTXSID6025143	0	0	0.9881597040812604	0.01184029591873958
DTXSID6025145	0	0	0.9883964172822228	0.011603582717777193
DTXSID6025438	0	0	0.9922630315657416	0.007736968434258431
DTXSID6025565	0	0	0.9910410883055982	0.008958911694401795
DTXSID6025692	0	0	0.9957744211205608	0.004225578879439188
DTXSID6025355	0	0	0.993752200030322	0.006247799969677929
DTXSID6025486	0	0	0.9969613332820846	0.0030386667179154074
DTXSID6025983	0	0	0.9920380482261543	0.007961951773845687
DTXSID6026905	0	0	0.9969492733367302	0.0030507266632698303
DTXSID6026373	0	0	0.9917034229688306	0.008296577031169393
DTXSID6027050	0	0	0.9897843363345735	0.010215663665426462
DTXSID6027052	0	0	0.988734495354472	0.011265504645527979
DTXSID6027214	0	0	0.9898386769379367	0.01016132306206327
DTXSID6027975	0	0	0.9891068486361696	0.010893151363830445
DTXSID6034005	0	0	0.9916340083754933	0.008365991624506738
DTXSID6034849	0	0	0.9939660509028301	0.006033949097169914
DTXSID6034972	0	0	0.9918085591440502	0.00819144085594977
DTXSID6035285	0	0	0.9903360697276062	0.009663930272393734
DTXSID6037015	0	0	0.9907246382716278	0.00927536172837213
DTXSID6037728	0	0	0.992324172718515	0.0076758272814849825
DTXSID6038875	0	1	0.9921774723042159	0.007822527695784119
DTXSID6037649	0	0	0.9956977369588806	0.00430226304111937
DTXSID6040371	0	0	0.9883256887395541	0.01167431126044595
DTXSID6040614	0	0	0.9887729316555621	0.011227068344437912
DTXSID6041682	0	0	0.9902812918247433	0.009718708175256618
DTXSID6041551	0	0	0.9933777297047137	0.00662227029528631
DTXSID6042074	0	0	0.9949616084221268	0.005038391577873269
DTXSID6044199	0	0	0.9898497678095056	0.010150232190494385
DTXSID6044515	0	0	0.9969908827603086	0.003009117239691427
DTXSID6044480	0	0	0.9934819155590519	0.006518084440948166
DTXSID6044565	0	0	0.9924848284237925	0.0075151715762075575
DTXSID6044723	0	0	0.9931121745085543	0.006887825491445732
DTXSID6044771	0	0	0.9943275858698927	0.005672414130107328
DTXSID6044773	0	0	0.991652821718691	0.008347178281309079
DTXSID6044931	0	0	0.99495578204669	0.005044217953310024
DTXSID6044800	0	0	0.9873352964611161	0.012664703538883888
DTXSID6044804	0	0	0.9938917150577343	0.006108284942265662
DTXSID6045870	0	0	0.997490882374429	0.0025091176255710723
DTXSID6045901	0	0	0.9791103684425422	0.020889631557457797
DTXSID6046422	0	0	0.9977797726463109	0.0022202273536890897
DTXSID6046349	0	0	0.996840141276593	0.003159858723406995
DTXSID6046688	0	0	0.9974678824896341	0.0025321175103658632
DTXSID6047078	0	0	0.9927256107613307	0.00727438923866925
DTXSID6047105	0	0	0.9931969974580347	0.00680300254196534
DTXSID6047236	0	0	0.9950353199143747	0.004964680085625353
DTXSID6047490	0	0	0.9964031153735109	0.0035968846264891586
DTXSID6047529	0	0	0.9917074462534883	0.008292553746511756
DTXSID6048620	0	0	0.9947932877542723	0.005206712245727638
DTXSID6048915	0	0	0.9936993994077159	0.006300600592284078
DTXSID6049226	0	0	0.9930754058214817	0.006924594178518325
DTXSID6049430	0	0	0.9926396605530637	0.007360339446936289
DTXSID6049309	0	0	0.9912478761930698	0.008752123806930277
DTXSID6052299	0	0	0.993992664706138	0.006007335293861942
DTXSID6051306	0	1	0.9592392027308182	0.04076079726918184
DTXSID7020184	0	0	0.9888534772725524	0.011146522727447658
DTXSID7020182	0	0	0.9920313038727996	0.007968696127200425
DTXSID7020211	0	0	0.9911846880717603	0.008815311928239733
DTXSID7020005	0	0	0.9926619136806358	0.0073380863193641685
DTXSID7020390	0	0	0.9920855539135652	0.007914446086434742
DTXSID7020550	0	0	0.9944908030335288	0.005509196966471268
DTXSID7020508	0	0	0.9870065066997294	0.012993493300270597
DTXSID7020683	0	0	0.9910826853268565	0.0089173146731435
DTXSID7020716	0	0	0.9888916962633428	0.011108303736657164
DTXSID7020768	0	0	0.9912742135359967	0.008725786464003323
DTXSID7020976	0	0	0.9834423462650278	0.01655765373497215
DTXSID7021152	0	0	0.9878747048296058	0.012125295170394233
DTXSID7021231	0	0	0.9188516701758466	0.08114832982415345
DTXSID7021027	0	0	0.9851980207789046	0.014801979221095378
DTXSID7021029	0	0	0.9867295029113895	0.013270497088610517
DTXSID7021318	0	0	0.9916609417216575	0.008339058278342469
DTXSID7021289	0	0	0.991450168468098	0.008549831531901987
DTXSID7021576	0	0	0.9929984345432807	0.0070015654567192704
DTXSID7021869	0	0	0.9885162016815394	0.011483798318460596
DTXSID7022128	0	0	0.9963230994544443	0.0036769005455556517
DTXSID7022049	0	0	0.9840572160389887	0.015942783961011307
DTXSID7022384	0	1	0.8644048981407642	0.1355951018592358
DTXSID7022411	0	0	0.9945575452498884	0.005442454750111668
DTXSID7022332	0	0	0.9951257439039061	0.00487425609609398
DTXSID7022413	0	0	0.9969898988690016	0.003010101130998408
DTXSID7022382	0	1	0.9899383213635586	0.010061678636441368
DTXSID7022546	0	0	0.9897617045020372	0.010238295497962822
DTXSID7022544	0	0	0.9967897561159959	0.003210243884004199
DTXSID7022912	0	0	0.9961442796433755	0.003855720356624548
DTXSID7023645	0	0	0.99540657380934	0.004593426190660096
DTXSID7023271	0	0	0.9876347061833725	0.012365293816627577
DTXSID7024031	0	0	0.9878547707639955	0.012145229236004501
DTXSID7024376	0	0	0.9903194741244403	0.009680525875559643
DTXSID7024873	0	0	0.9892510674362415	0.0107489325637585
DTXSID7024904	0	0	0.9883193053475865	0.011680694652413554
DTXSID7024827	0	0	0.9962491592957813	0.0037508407042186934
DTXSID7025003	0	0	0.9929281583381824	0.007071841661817598
DTXSID7025005	0	0	0.9907479593967871	0.009252040603212946
DTXSID7024538	0	0	0.9839664537830606	0.016033546216939476
DTXSID7025269	0	0	0.9816146486878189	0.018385351312181084
DTXSID7025138	0	0	0.9849653853978082	0.015034614602191774
DTXSID7025502	0	0	0.9930150245589362	0.006984975441063782
DTXSID7025429	0	0	0.9827617416046202	0.017238258395379857
DTXSID7026108	0	0	0.9894544921697607	0.010545507830239312
DTXSID7026231	0	0	0.9691903705780033	0.030809629421996717
DTXSID7026520	0	0	0.9923943842385586	0.007605615761441366
DTXSID7026609	0	0	0.9914957908684762	0.008504209131523874
DTXSID7027043	0	0	0.991072348918461	0.00892765108153907
DTXSID7026946	0	0	0.9960653964047134	0.003934603595286601
DTXSID7027338	0	0	0.9854719084869845	0.014528091513015462
DTXSID7027097	0	0	0.9924164551908753	0.007583544809124704
DTXSID7027461	0	0	0.9902487969994007	0.009751203000599236
DTXSID7027835	0	0	0.994240898747507	0.005759101252493012
DTXSID7028011	0	0	0.9960775002210851	0.0039224997789148895
DTXSID7029166	0	0	0.9707569075787124	0.02924309242128761
DTXSID7029241	0	1	0.9929761792805465	0.0070238207194534726
DTXSID7029249	0	0	0.9909001306322478	0.009099869367752198
DTXSID7031531	0	0	0.9857507168088585	0.014249283191141512
DTXSID7034672	0	0	0.9898732905868688	0.01012670941313119
DTXSID7034836	0	0	0.987944131077053	0.012055868922946977
DTXSID7037717	0	0	0.9894723532938974	0.010527646706102605
DTXSID7038864	0	1	0.994134269191085	0.005865730808914947
DTXSID7040154	0	0	0.9925487403046841	0.007451259695315914
DTXSID7040285	0	0	0.9961002697984083	0.003899730201591784
DTXSID7040653	0	0	0.9980760809372472	0.0019239190627528245
DTXSID7040738	0	0	0.9822558131973768	0.017744186802623255
DTXSID7040788	0	0	0.9925795889777757	0.0074204110222243795
DTXSID7041413	0	0	0.9900946956495077	0.009905304350492252
DTXSID7041388	0	0	0.9919889421473684	0.008011057852631596
DTXSID7042273	0	0	0.9924907567038544	0.0075092432961455955
DTXSID7043873	0	0	0.9953150312311283	0.00468496876887169
DTXSID7043902	0	0	0.9898570458807446	0.010142954119255332
DTXSID7043950	0	0	0.9869551640747882	0.013044835925211742
DTXSID7044390	0	0	0.9905034732011628	0.009496526798837146
DTXSID7044552	0	0	0.9938372342646625	0.006162765735337468
DTXSID7044843	0	0	0.9933957367282072	0.00660426327179276
DTXSID7044928	0	0	0.9927347174662985	0.007265282533701525
DTXSID7044895	0	1	0.9890720413883639	0.010927958611636097
DTXSID7044972	0	0	0.9931577865308595	0.00684221346914048
DTXSID7044974	0	0	0.9855338647039117	0.01446613529608836
DTXSID7046386	0	0	0.9971874213240699	0.0028125786759301474
DTXSID7046045	0	0	0.995704173784708	0.0042958262152919865
DTXSID7046174	0	0	0.993888151791251	0.006111848208749003
DTXSID7047562	0	0	0.9962235759285696	0.003776424071430405
DTXSID7047641	0	0	0.9782586010561454	0.021741398943854653
DTXSID7047726	0	0	0.995545830269924	0.004454169730075941
DTXSID7048619	0	0	0.9785166170830547	0.021483382916945307
DTXSID7048744	0	0	0.9809546437767224	0.019045356223277587
DTXSID7049215	0	0	0.9885170742029717	0.011482925797028205
DTXSID7049261	0	0	0.9880787091860922	0.011921290813907788
DTXSID7049265	0	0	0.9923246810257366	0.007675318974263401
DTXSID7049423	0	0	0.9947471037591863	0.0052528962408137396
DTXSID7049425	0	0	0.981220944949655	0.01877905505034505
DTXSID7052109	0	0	0.9851560182533594	0.01484398174664056
DTXSID7051715	0	0	0.9949918521770915	0.005008147822908455
DTXSID7052446	0	0	0.985494076248611	0.014505923751389056
DTXSID7052529	0	0	0.9969741874181521	0.0030258125818478426
DTXSID7052652	0	0	0.9967749976166395	0.0032250023833605116
DTXSID7057781	0	0	0.9980210621632526	0.001978937836747387
DTXSID7057658	0	0	0.9925078244586818	0.007492175541318212
DTXSID7057608	0	0	0.9969020857242431	0.003097914275756909
DTXSID7057606	0	0	0.9824454049276549	0.017554595072345188
DTXSID8020173	0	0	0.9928461989875468	0.007153801012453209
DTXSID8020256	0	0	0.9900946956495077	0.009905304350492252
DTXSID8020545	0	0	0.9932798342700024	0.006720165729997535
DTXSID8020624	0	0	0.9894202424245645	0.010579757575435484
DTXSID8020703	0	0	0.9899063953097359	0.010093604690264059
DTXSID8020678	0	0	0.984584978873554	0.015415021126445983
DTXSID8020834	0	0	0.9896511661944987	0.010348833805501306
DTXSID8021199	0	0	0.9918207050961847	0.008179294903815344
DTXSID8021222	0	0	0.9804294708005047	0.01957052919949526
DTXSID8021224	0	0	0.9885729598320676	0.011427040167932353
DTXSID8021482	0	0	0.9899982546899718	0.010001745310028141
DTXSID8021561	0	0	0.9934248038503801	0.006575196149619838
DTXSID8021565	0	0	0.9920972114397549	0.007902788560245115
DTXSID8021729	0	0	0.9654384363756601	0.0345615636243399
DTXSID8021771	0	0	0.9938485609738461	0.0061514390261538906
DTXSID8022080	0	0	0.9941510673646285	0.00584893263537146
DTXSID8021808	0	0	0.9900387044253763	0.009961295574623646
DTXSID8022325	0	0	0.9914747453659191	0.008525254634080921
DTXSID8022161	0	0	0.988981327125858	0.011018672874142082
DTXSID8022404	0	0	0.9957202593966163	0.004279740603383663
DTXSID8022406	0	0	0.9686460730059457	0.03135392699405426
DTXSID8022408	0	0	0.9897571816544635	0.01024281834553652
DTXSID8023426	0	0	0.9843438620024257	0.015656137997574267
DTXSID8023688	0	0	0.9972336303645049	0.002766369635495107
DTXSID8023846	0	0	0.9950488848021574	0.004951115197842628
DTXSID8024311	0	0	0.9921956072976966	0.007804392702303334
DTXSID8024498	0	0	0.9928758676139284	0.007124132386071517
DTXSID8024991	0	0	0.9878547707639955	0.012145229236004501
DTXSID8025337	0	0	0.9937198764804317	0.006280123519568316
DTXSID8025591	0	0	0.9915112540695895	0.008488745930410437
DTXSID8025670	0	0	0.9586758069493485	0.04132419305065152
DTXSID8025757	0	0	0.9863928907315129	0.013607109268487122
DTXSID8025969	0	0	0.9934302220385701	0.006569777961429845
DTXSID8026018	0	0	0.9978970836058618	0.0021029163941381403
DTXSID8026303	0	0	0.9920294296312543	0.007970570368745716
DTXSID8026145	0	0	0.9895477417018131	0.010452258298186875
DTXSID8026698	0	0	0.9976521278358149	0.0023478721641850718
DTXSID8026694	0	0	0.982933083415884	0.017066916584115955
DTXSID8026727	0	0	0.9942816682311051	0.005718331768894898
DTXSID8027321	0	0	0.9779856745785444	0.022014325421455625
DTXSID8027454	0	0	0.9941274437092235	0.005872556290776558
DTXSID8028008	0	0	0.993297651757205	0.006702348242795048
DTXSID8029232	0	0	0.9955374041968303	0.004462595803169652
DTXSID8029234	0	0	0.9950353199143747	0.004964680085625353
DTXSID8029230	0	0	0.9852432323984412	0.014756767601558805
DTXSID8029236	0	0	0.9891068486361696	0.010893151363830445
DTXSID8029315	0	0	0.9940555870728882	0.0059444129271117845
DTXSID8029282	0	0	0.9923985415204615	0.007601458479538574
DTXSID8029606	0	0	0.9927343411733541	0.0072656588266458285
DTXSID8029600	0	0	0.9933527410329731	0.006647258967026889
DTXSID8029602	0	1	0.9879656036712929	0.01203439632870703
DTXSID8029739	0	0	0.9921884681087363	0.007811531891263694
DTXSID8030138	0	0	0.991886618512079	0.00811338148792099
DTXSID8034087	0	0	0.9903651019250703	0.009634898074929621
DTXSID8033803	0	0	0.9951595942848587	0.0048404057151413705
DTXSID8037750	0	0	0.9980254525073752	0.001974547492624791
DTXSID8038770	0	0	0.9918087261135211	0.008191273886478863
DTXSID8041379	0	0	0.9938994317482904	0.006100568251709551
DTXSID8041452	0	0	0.9903632524548486	0.009636747545151439
DTXSID8041248	0	0	0.9924607114749768	0.007539288525023198
DTXSID8041743	0	0	0.9629641398695064	0.0370358601304937
DTXSID8041955	0	0	0.9887436245971517	0.01125637540284832
DTXSID8041799	0	0	0.9558464861673329	0.04415351383266712
DTXSID8044202	0	0	0.9782586010561454	0.021741398943854653
DTXSID8044410	0	0	0.981503210557038	0.018496789442961924
DTXSID8044543	0	0	0.9885921231707163	0.0114078768292837
DTXSID8044464	0	0	0.9898260324509742	0.0101739675490258
DTXSID8044545	0	1	0.9908581456234288	0.009141854376571277
DTXSID8044622	0	0	0.993001689404748	0.006998310595252026
DTXSID8044753	0	0	0.9929857835281662	0.007014216471833744
DTXSID8044832	0	0	0.9962396820848616	0.003760317915138416
DTXSID8044836	0	1	0.9802106560462275	0.019789343953772544
DTXSID8044913	0	0	0.9872488322999804	0.012751167700019626
DTXSID8044882	0	0	0.9967477332061392	0.00325226679386081
DTXSID8045145	0	0	0.9894650031362923	0.010534996863707687
DTXSID8045488	0	0	0.9887309836494492	0.011269016350550809
DTXSID8046242	0	0	0.9859486151695885	0.014051384830411424
DTXSID8046539	0	0	0.9915849252554245	0.008415074744575512
DTXSID8045779	0	0	0.9833704706890117	0.016629529310988284
DTXSID8045804	0	0	0.9941639646581895	0.005836035341810529
DTXSID8047000	0	0	0.9951735498613511	0.004826450138648893
DTXSID8046799	0	0	0.9945901937887175	0.005409806211282541
DTXSID8047187	0	0	0.996691734329064	0.0033082656709360458
DTXSID8047189	0	0	0.9782586010561454	0.021741398943854653
DTXSID8047264	0	0	0.9862139562301628	0.01378604376983716
DTXSID8047056	0	0	0.9697241532596308	0.030275846740369164
DTXSID8047420	0	0	0.9958976612646815	0.004102338735318459
DTXSID8047426	0	0	0.9900946956495077	0.009905304350492252
DTXSID8047472	0	0	0.9822596198832199	0.017740380116780183
DTXSID8047505	0	0	0.9967604701833659	0.003239529816634154
DTXSID8047890	0	0	0.9863732913910743	0.013626708608925665
DTXSID8047894	0	0	0.9909755350969217	0.009024464903078264
DTXSID8047973	0	0	0.9847257879035547	0.015274212096445286
DTXSID8048810	0	0	0.9963124607390768	0.0036875392609232206
DTXSID8049416	0	0	0.9921898967166879	0.007810103283312163
DTXSID8051540	0	0	0.9965481283263106	0.0034518716736893903
DTXSID8051754	0	0	0.9945330738898744	0.0054669261101255185
DTXSID8051704	0	0	0.9937418296372523	0.006258170362747661
DTXSID8052641	0	0	0.9904652375396685	0.00953476246033148
DTXSID8052724	0	1	0.9653775369026513	0.034622463097348746
DTXSID9020114	0	0	0.981697967790258	0.018302032209741984
DTXSID9020168	0	0	0.9946552183632338	0.005344781636766212
DTXSID9020241	0	0	0.9966869773771333	0.003313022622866756
DTXSID9020401	0	0	0.9888743524462625	0.011125647553737433
DTXSID9020617	0	0	0.9970319566085359	0.00296804339146405
DTXSID9020742	0	0	0.9904358319044497	0.009564168095550293
DTXSID9021053	0	0	0.9865504537815051	0.013449546218494911
DTXSID9020875	0	0	0.9908352325229417	0.00916476747705827
DTXSID9021059	0	0	0.9857537242141915	0.014246275785808468
DTXSID9021340	0	0	0.9915014946846106	0.008498505315389482
DTXSID9021346	0	0	0.9927453354693633	0.007254664530636689
DTXSID9021219	0	0	0.9891107830090599	0.01088921699094014
DTXSID9021267	0	0	0.9921652200695057	0.007834779930494312
DTXSID9021390	0	0	0.9908633561773482	0.00913664382265177
DTXSID9021348	0	0	0.9916663477434214	0.008333652256578549
DTXSID9021477	0	0	0.9909610193423517	0.009038980657648315
DTXSID9022079	0	0	0.9902078907440607	0.009792109255939348
DTXSID9022310	0	1	0.9888310046716576	0.011168995328342344
DTXSID9022312	0	0	0.9839446024854656	0.016055397514534435
DTXSID9022360	0	0	0.9868442349133276	0.013155765086672398
DTXSID9022100	0	0	0.9935985103859256	0.006401489614074406
DTXSID9022445	0	1	0.9919496515732924	0.008050348426707573
DTXSID9021928	0	0	0.9958661156964245	0.004133884303575567
DTXSID9022730	0	0	0.9956613347586449	0.004338665241355038
DTXSID9022526	0	0	0.98937910640675	0.010620893593250046
DTXSID9022528	0	0	0.9841088012996502	0.01589119870034981
DTXSID9023122	0	0	0.9948350649657204	0.005164935034279627
DTXSID9023205	0	0	0.9913009011814176	0.008699098818582407
DTXSID9023621	0	0	0.9826823283600066	0.017317671639993426
DTXSID9023702	0	0	0.9882718052554675	0.011728194744532497
DTXSID9023756	0	0	0.9963031680175469	0.003696831982453056
DTXSID9024063	0	0	0.9844231453429846	0.01557685465701543
DTXSID9024300	0	0	0.9890615168400743	0.010938483159925733
DTXSID9023914	0	0	0.9957022443309859	0.004297755669014119
DTXSID9024437	0	0	0.996870469721954	0.003129530278045994
DTXSID9024483	0	0	0.9893364838884889	0.01066351611151107
DTXSID9024489	0	0	0.9880184094454386	0.011981590554561333
DTXSID9024809	0	0	0.990547288236643	0.009452711763357099
DTXSID9025037	0	0	0.983607604894587	0.01639239510541303
DTXSID9025453	0	0	0.9952478967587963	0.004752103241203652
DTXSID9026689	0	0	0.9941513364989751	0.005848663501024913
DTXSID9026716	0	0	0.9945032407498524	0.005496759250147605
DTXSID9026924	0	0	0.9586039278158506	0.041396072184149445
DTXSID9027310	0	0	0.9907997521158757	0.009200247884124282
DTXSID9026974	0	0	0.9930486262057227	0.006951373794277375
DTXSID9027360	0	0	0.9921608661126432	0.007839133887356825
DTXSID9027021	0	0	0.9941251772730627	0.005874822726937252
DTXSID9027522	0	0	0.9900347332686215	0.009965266731378526
DTXSID9029225	0	0	0.9908839936099886	0.0091160063900114
DTXSID9032589	0	0	0.9503199121003802	0.04968008789961974
DTXSID9033187	0	0	0.9863858521375004	0.013614147862499605
DTXSID9036438	0	0	0.9960499953732942	0.003950004626705836
DTXSID9035204	0	0	0.9907844978507954	0.009215502149204649
DTXSID9034816	0	0	0.9924504324795637	0.007549567520436344
DTXSID9037745	0	0	0.9968524907888742	0.0031475092111258474
DTXSID9037246	0	0	0.9864892532798927	0.01351074672010728
DTXSID9042124	0	0	0.9884535653450444	0.011546434654955638
DTXSID9041570	0	0	0.9917832050095106	0.00821679499048944
DTXSID9042209	0	0	0.9652182757377461	0.03478172426225393
DTXSID9041653	0	0	0.9937555398288571	0.006244460171142835
DTXSID9044164	0	0	0.9906914180730216	0.009308581926978329
DTXSID9044405	0	0	0.9876726985837057	0.01232730141629439
DTXSID9044409	0	0	0.9842600265866046	0.015739973413395395
DTXSID9044459	0	0	0.9899740669954029	0.01002593300459714
DTXSID9044455	0	0	0.9937962773291377	0.006203722670862281
DTXSID9044661	0	0	0.9908071398648954	0.009192860135104522
DTXSID9044950	0	0	0.9913079295133845	0.00869207048661552
DTXSID9044827	0	0	0.9959206388071145	0.004079361192885505
DTXSID9044875	0	0	0.9910922255122034	0.00890777448779653
DTXSID9044825	0	0	0.9877590863589352	0.012240913641064851
DTXSID9044823	0	0	0.9917647666319954	0.00823523336800456
DTXSID9045215	0	0	0.9941019783111533	0.005898021688846669
DTXSID9045053	0	0	0.987609439924362	0.012390560075638003
DTXSID9045897	0	0	0.9901083465090057	0.009891653490994318
DTXSID9045847	0	0	0.9960143604022809	0.003985639597719127
DTXSID9045843	0	0	0.9926468623127784	0.0073531376872216
DTXSID9046235	0	0	0.9759648195356773	0.02403518046432272
DTXSID9046289	0	0	0.9953812544297833	0.004618745570216706
DTXSID9047049	0	0	0.9965879893925391	0.003412010607460865
DTXSID9047128	0	0	0.995103665154564	0.004896334845435981
DTXSID9047124	0	0	0.9807077245965518	0.019292275403448227
DTXSID9047413	0	0	0.9954610385605316	0.004538961439468403
DTXSID9047417	0	0	0.9931582160735262	0.006841783926473837
DTXSID9047592	0	0	0.9370956089333636	0.0629043910666364
DTXSID9047540	0	0	0.9936099349285941	0.006390065071405908
DTXSID9047469	0	0	0.9843434837982433	0.015656516201756714
DTXSID9047598	0	0	0.9962881225215954	0.0037118774784046095
DTXSID9047702	0	0	0.9912835955199015	0.008716404480098491
DTXSID9047881	0	0	0.9882348898892451	0.011765110110754819
DTXSID9047883	0	0	0.9563041564806666	0.043695843519333435
DTXSID9047885	0	0	0.9563041564806666	0.043695843519333435
DTXSID9047887	0	0	0.9737703166569364	0.02622968334306365
DTXSID9047960	0	1	0.9918830065830665	0.008116993416933503
DTXSID9047962	0	0	0.9928007819033231	0.007199218096676896
DTXSID9048859	0	0	0.9933833383988961	0.006616661601103828
DTXSID9049326	0	0	0.9924044043786917	0.007595595621308271
DTXSID9049409	0	0	0.9869932535613288	0.013006746438671217
DTXSID9052509	0	0	0.977920753662354	0.022079246337646057
DTXSID9052505	0	0	0.9910032733990499	0.008996726600950087
DTXSID9058654	0	0	0.9964733401733457	0.0035266598266543614
DTXSID9057684	0	0	0.990541624521124	0.009458375478875918
DTXSID9057717	0	0	0.996980464599088	0.0030195354009120157
