compound	predicted	actual	p(0)	p(1)
DTXSID0020020	1	0	0.8637345505834323	0.13626544941656774
DTXSID0020319	0	1	0.874477110073647	0.1255228899263531
DTXSID0020363	0	0	0.874477110073647	0.1255228899263531
DTXSID0020286	1	1	0.8562373473415578	0.14376265265844215
DTXSID0020446	1	0	0.03354787040141364	0.9664521295985863
DTXSID0020527	1	0	0.8380735957779413	0.16192640422205862
DTXSID0020602	0	0	0.8754728514355982	0.1245271485644018
DTXSID0020652	1	0	0.8562373473415578	0.14376265265844215
DTXSID0020737	1	0	0.863566633302557	0.1364333666974433
DTXSID0020733	1	0	0.8656120933787481	0.13438790662125186
DTXSID0020862	1	1	0.8355239367676889	0.16447606323231131
DTXSID0021040	1	0	0.8380735957779413	0.16192640422205862
DTXSID0020941	1	0	0.8576934625615351	0.14230653743846478
DTXSID0021179	1	0	0.793011825634316	0.20698817436568395
DTXSID0021381	1	0	0.8576934625615351	0.14230653743846478
DTXSID0021339	1	0	0.8424598384488684	0.1575401615511315
DTXSID0021886	1	0	0.8576934625615351	0.14230653743846478
DTXSID0022305	0	0	0.8787141193891702	0.12128588061082976
DTXSID0022220	1	1	0.8562373473415578	0.14376265265844215
DTXSID0022016	1	0	0.8353289423002576	0.16467105769974233
DTXSID0022432	1	0	0.5429944496142675	0.45700555038573254
DTXSID0022436	1	0	0.8434111132114525	0.15658888678854774
DTXSID0022563	0	0	0.9070869359825968	0.09291306401740317
DTXSID0022850	1	0	0.8308826479171255	0.1691173520828744
DTXSID0023163	1	0	0.03996819177710516	0.9600318082228949
DTXSID0023878	1	0	0.856062855161118	0.14393714483888193
DTXSID0023907	1	0	0.8649644559767212	0.13503554402327905
DTXSID0023909	1	1	0.856062855161118	0.14393714483888193
DTXSID0023951	1	0	0.863566633302557	0.1364333666974433
DTXSID0023955	1	0	0.8440809548497965	0.1559190451502035
DTXSID0024052	0	0	0.874477110073647	0.1255228899263531
DTXSID0024345	1	0	0.8674176903252874	0.1325823096747127
DTXSID0024397	1	0	0.855767798877341	0.144232201122659
DTXSID0024715	1	0	0.037541817906275365	0.9624581820937248
DTXSID0025070	1	0	0.863566633302557	0.1364333666974433
DTXSID0025101	1	0	0.867017742436586	0.1329822575634141
DTXSID0025078	1	1	0.8562373473415578	0.14376265265844215
DTXSID0024890	1	0	0.8637345505834323	0.13626544941656774
DTXSID0025654	1	0	0.8668157441637546	0.13318425583624544
DTXSID0025523	1	0	0.8657270459273203	0.1342729540726797
DTXSID0025571	1	0	0.863566633302557	0.1364333666974433
DTXSID0025604	1	0	0.8576934625615351	0.14230653743846478
DTXSID0026125	1	0	0.8576934625615351	0.14230653743846478
DTXSID0026830	1	0	0.8576934625615351	0.14230653743846478
DTXSID0026418	1	0	0.8576934625615351	0.14230653743846478
DTXSID0027222	1	0	0.8675512006795825	0.13244879932041734
DTXSID0027143	1	0	0.8408003232168851	0.159199676783115
DTXSID0027567	0	0	0.8758564917505995	0.12414350824940033
DTXSID0027721	1	0	0.863566633302557	0.1364333666974433
DTXSID0027771	1	0	0.34772053508708933	0.6522794649129107
DTXSID0027804	1	0	0.8576934625615351	0.14230653743846478
DTXSID0027981	1	0	0.8608885226862318	0.13911147731376802
DTXSID0028038	1	1	0.8569809211143463	0.1430190788856537
DTXSID0029260	1	0	0.866213846557187	0.13378615344281303
DTXSID0029187	1	0	0.8562373473415578	0.14376265265844215
DTXSID0029761	1	0	0.8385478043375253	0.1614521956624747
DTXSID0029262	1	0	0.8562373473415578	0.14376265265844215
DTXSID0030588	0	0	0.8752465470016647	0.12475345299833523
DTXSID0032316	1	0	0.8562373473415578	0.14376265265844215
DTXSID0032811	1	0	0.8576934625615351	0.14230653743846478
DTXSID0032813	1	0	0.8625148730399825	0.13748512696001733
DTXSID0034518	1	0	0.850395972046912	0.1496040279530881
DTXSID0034936	1	0	0.8606156570837004	0.13938434291629953
DTXSID0039223	1	0	0.8576934625615351	0.14230653743846478
DTXSID0039227	1	0	0.856062855161118	0.14393714483888193
DTXSID0040703	1	0	0.8637345505834323	0.13626544941656774
DTXSID0041270	0	0	0.8904423418426892	0.10955765815731061
DTXSID0041220	1	0	0.8637345505834323	0.13626544941656774
DTXSID0041359	1	0	0.8562373473415578	0.14376265265844215
DTXSID0041436	1	0	0.8576934625615351	0.14230653743846478
DTXSID0041985	1	1	0.8081155518753498	0.1918844481246501
DTXSID0042086	1	0	0.8608885226862318	0.13911147731376802
DTXSID0042084	1	0	0.856062855161118	0.14393714483888193
DTXSID0043848	1	0	0.867962686037654	0.13203731396234586
DTXSID0044365	1	0	0.8576934625615351	0.14230653743846478
DTXSID0044521	0	0	0.874477110073647	0.1255228899263531
DTXSID0044650	1	0	0.8637345505834323	0.13626544941656774
DTXSID0044658	1	1	0.863566633302557	0.1364333666974433
DTXSID0044731	1	0	0.855767798877341	0.144232201122659
DTXSID0044571	1	0	0.18516855870945428	0.8148314412905457
DTXSID0044606	1	0	0.8498013068923616	0.15019869310763845
DTXSID0044810	1	0	0.8613743740013247	0.13862562599867514
DTXSID0044781	0	0	0.8795450182176965	0.12045498178230361
DTXSID0044868	1	0	0.8414865832881238	0.15851341671187638
DTXSID0044993	0	0	0.8803668750120784	0.1196331249879216
DTXSID0044997	1	0	0.8562373473415578	0.14376265265844215
DTXSID0045173	1	0	0.862990477313134	0.13700952268686606
DTXSID0045206	0	0	0.874477110073647	0.1255228899263531
DTXSID0045202	1	0	0.8637345505834323	0.13626544941656774
DTXSID0045204	1	1	0.2032379847211443	0.7967620152788557
DTXSID0045462	1	0	0.8135686939523552	0.18643130604764466
DTXSID0045888	0	0	0.874477110073647	0.1255228899263531
DTXSID0045591	1	0	0.8679475038348172	0.13205249616518275
DTXSID0046193	1	0	0.840991137462835	0.159008862537165
DTXSID0046567	1	0	0.8637345505834323	0.13626544941656774
DTXSID0046850	0	0	0.8748883086845078	0.12511169131549227
DTXSID0046563	1	0	0.862795115941262	0.13720488405873782
DTXSID0047165	1	0	0.27533890884384893	0.7246610911561512
DTXSID0047167	1	0	0.8576934625615351	0.14230653743846478
DTXSID0047169	1	0	0.8481284764375369	0.15187152356246333
DTXSID0047246	0	1	0.8902240959620688	0.10977590403793128
DTXSID0047292	1	0	0.8623014023843234	0.1376985976156766
DTXSID0047662	1	0	0.8683559385981588	0.131644061401841
DTXSID0047741	1	0	0.8578866446489262	0.1421133553510736
DTXSID0047660	0	0	0.8907596034303996	0.10924039656960037
DTXSID0048181	1	0	0.8637345505834323	0.13626544941656774
DTXSID0047909	1	0	0.10597120531543608	0.8940287946845639
DTXSID0048187	0	0	0.8856083686109243	0.11439163138907567
DTXSID0048717	0	0	0.9101842740923842	0.0898157259076159
DTXSID0049284	0	0	0.8801703119923533	0.11982968800764673
DTXSID0049315	1	1	0.863566633302557	0.1364333666974433
DTXSID0049319	1	0	0.8576934625615351	0.14230653743846478
DTXSID0049363	1	0	0.5538066066024513	0.44619339339754877
DTXSID0051497	0	0	0.8709911111826735	0.12900888881732656
DTXSID0051996	1	1	0.845330906304643	0.1546690936953572
DTXSID0052839	0	0	0.874477110073647	0.1255228899263531
DTXSID0057623	1	0	0.863566633302557	0.1364333666974433
DTXSID0057627	1	0	0.8620299669292161	0.1379700330707841
DTXSID0057756	1	0	0.45227277549496575	0.5477272245050342
DTXSID0057758	1	0	0.8641119183279096	0.13588808167209057
DTXSID0057837	1	0	0.8562373473415578	0.14376265265844215
DTXSID1020069	1	0	0.856062855161118	0.14393714483888193
DTXSID1020015	1	0	0.8545821660561033	0.1454178339438967
DTXSID1020148	1	0	0.863566633302557	0.1364333666974433
DTXSID1020221	1	0	0.8637345505834323	0.13626544941656774
DTXSID1020279	1	0	0.8576934625615351	0.14230653743846478
DTXSID1020354	1	0	0.8576934625615351	0.14230653743846478
DTXSID1020510	1	1	0.8578866446489262	0.1421133553510736
DTXSID1020697	0	1	0.8924715784252141	0.10752842157478594
DTXSID1020770	0	1	0.874477110073647	0.1255228899263531
DTXSID1020560	1	1	0.03879925849025302	0.961200741509747
DTXSID1020562	1	0	0.8467819057006268	0.1532180942993733
DTXSID1020778	0	0	0.8969304511278953	0.10306954887210472
DTXSID1021031	1	0	0.8300965338058272	0.16990346619417282
DTXSID1021039	1	0	0.8380735957779413	0.16192640422205862
DTXSID1021116	1	0	0.7426317893961023	0.25736821060389753
DTXSID1021243	1	1	0.8419281079248349	0.15807189207516517
DTXSID1021160	0	0	0.8795450182176965	0.12045498178230361
DTXSID1021378	1	0	0.8576934625615351	0.14230653743846478
DTXSID1021530	0	0	0.874477110073647	0.1255228899263531
DTXSID1021617	1	0	0.856062855161118	0.14393714483888193
DTXSID1021667	1	0	0.8448711883665352	0.1551288116334649
DTXSID1022003	1	0	0.856062855161118	0.14393714483888193
DTXSID1022009	1	0	0.8570123985820801	0.14298760141791972
DTXSID1022051	1	0	0.8521052129442271	0.14789478705577302
DTXSID1022055	0	0	0.8778762093191509	0.12212379068084893
DTXSID1022267	1	0	0.8576934625615351	0.14230653743846478
DTXSID1022978	1	0	0.8572447401807786	0.14275525981922157
DTXSID1022683	1	0	0.8630861355110689	0.13691386448893086
DTXSID1023150	1	0	0.8417085345381626	0.15829146546183706
DTXSID1023158	1	0	0.8570101066969976	0.1429898933030023
DTXSID1023239	1	0	0.8625148730399825	0.13748512696001733
DTXSID1023990	1	0	0.8705898137624152	0.12941018623758502
DTXSID1024126	0	0	0.874477110073647	0.1255228899263531
DTXSID1024255	1	0	0.850395972046912	0.1496040279530881
DTXSID1024338	1	0	0.863566633302557	0.1364333666974433
DTXSID1024413	0	0	0.877753002856725	0.12224699714327478
DTXSID1024704	1	0	0.8637345505834323	0.13626544941656774
DTXSID1024881	1	0	0.8059188010014208	0.1940811989985792
DTXSID1024887	1	0	0.863566633302557	0.1364333666974433
DTXSID1024916	1	0	0.8576934625615351	0.14230653743846478
DTXSID1025148	1	0	0.8562373473415578	0.14376265265844215
DTXSID1025221	1	0	0.8625148730399825	0.13748512696001733
DTXSID1025017	1	0	0.19581761115502402	0.804182388844976
DTXSID1025431	1	0	0.8199217002047642	0.1800782997952358
DTXSID1025485	1	1	0.8364130810196584	0.1635869189803417
DTXSID1025271	1	0	0.863566633302557	0.1364333666974433
DTXSID1025649	1	0	0.8503350334325149	0.14966496656748518
DTXSID1026164	1	0	0.863566633302557	0.1364333666974433
DTXSID1026536	1	0	0.8573033392656507	0.1426966607343494
DTXSID1026293	1	0	0.8681892272170458	0.13181077278295414
DTXSID1026457	1	0	0.8576934625615351	0.14230653743846478
DTXSID1026081	1	0	0.8562373473415578	0.14376265265844215
DTXSID1026089	1	0	0.8459489912762023	0.15405100872379784
DTXSID1026792	1	0	0.8457898617064586	0.15421013829354127
DTXSID1027479	1	0	0.8408881653454198	0.15911183465458012
DTXSID1027344	0	0	0.8715003070100039	0.12849969298999592
DTXSID1027633	1	0	0.8562373473415578	0.14376265265844215
DTXSID1027635	1	0	0.17339377603288122	0.826606223967119
DTXSID1027974	0	0	0.8734052730298958	0.12659472697010435
DTXSID1027978	1	0	0.838842312603695	0.16115768739630498
DTXSID1027970	1	0	0.8631601200027306	0.13683987999726943
DTXSID1029124	1	0	0.8562373473415578	0.14376265265844215
DTXSID1029207	1	0	0.5565462125255646	0.4434537874744355
DTXSID1029671	1	0	0.8576934625615351	0.14230653743846478
DTXSID1030317	1	0	0.8574926235744991	0.1425073764255007
DTXSID1030606	1	0	0.8560792969864516	0.1439207030135486
DTXSID1032359	1	0	0.8489729201848305	0.1510270798151697
DTXSID1033161	1	0	0.8401653957458015	0.15983460425419857
DTXSID1034212	1	0	0.8576934625615351	0.14230653743846478
DTXSID1035783	1	0	0.8554283281882696	0.1445716718117304
DTXSID1034844	1	0	0.8705898137624152	0.12941018623758502
DTXSID1034929	1	0	0.856062855161118	0.14393714483888193
DTXSID1034973	1	0	0.833606415593367	0.16639358440663293
DTXSID1037567	1	0	0.8681892272170458	0.13181077278295414
DTXSID1037696	1	0	0.7780954199541675	0.22190458004583244
DTXSID1037806	0	0	0.874477110073647	0.1255228899263531
DTXSID1037303	1	0	0.8237892817161682	0.1762107182838319
DTXSID1037565	1	0	0.7987919089313645	0.2012080910686356
DTXSID1038298	1	0	0.8668157441637546	0.13318425583624544
DTXSID1038743	1	0	0.8464288652778513	0.15357113472214873
DTXSID1040114	1	0	0.8576934625615351	0.14230653743846478
DTXSID1040164	1	0	0.8576934625615351	0.14230653743846478
DTXSID1040324	1	0	0.8608643384396457	0.13913566156035434
DTXSID1040243	1	1	0.8307782155657351	0.16922178443426497
DTXSID1041132	1	1	0.8556242966492728	0.14437570335072714
DTXSID1041217	1	0	0.8640372444765609	0.13596275552343903
DTXSID1041423	1	0	0.8608885226862318	0.13911147731376802
DTXSID1041502	1	1	0.8445272404157539	0.15547275958424617
DTXSID1042077	1	0	0.8683559385981588	0.131644061401841
DTXSID1042441	1	0	0.8565132155438766	0.14348678445612337
DTXSID1042445	1	0	0.8705898137624152	0.12941018623758502
DTXSID1044431	1	0	0.8576934625615351	0.14230653743846478
DTXSID1044433	0	0	0.874477110073647	0.1255228899263531
DTXSID1044481	1	0	0.8608885226862318	0.13911147731376802
DTXSID1044568	1	0	0.8614310635644089	0.13856893643559098
DTXSID1044774	1	0	0.8614310635644089	0.13856893643559098
DTXSID1044809	0	0	0.880062649025215	0.11993735097478501
DTXSID1044853	0	0	0.874477110073647	0.1255228899263531
DTXSID1045166	1	0	0.863566633302557	0.1364333666974433
DTXSID1045083	1	0	0.8556647000616204	0.14433529993837946
DTXSID1045409	1	0	0.8530521424789469	0.14694785752105333
DTXSID1045748	1	0	0.8637345505834323	0.13626544941656774
DTXSID1045742	0	0	0.8772688551248532	0.12273114487514704
DTXSID1046263	0	0	0.8750024417184776	0.12499755828152231
DTXSID1046344	1	0	0.8425498443688723	0.15745015563112771
DTXSID1046558	1	0	0.8473585295627174	0.15264147043728266
DTXSID1046639	1	0	0.8444531057024387	0.1555468942975615
DTXSID1046891	1	0	0.8562373473415578	0.14376265265844215
DTXSID1047071	1	0	0.8555711779794358	0.1444288220205642
DTXSID1046976	1	0	0.8332131634887486	0.16678683651125115
DTXSID1047239	0	0	0.8853842765937598	0.11461572340624018
DTXSID1047366	1	1	0.024507123047607476	0.9754928769523925
DTXSID1047574	0	0	0.898374658916688	0.10162534108331193
DTXSID1047578	1	0	0.8412856876422555	0.15871431235774422
DTXSID1047601	1	0	0.863566633302557	0.1364333666974433
DTXSID1047786	1	0	0.8395291557546544	0.16047084424534547
DTXSID1047819	1	0	0.8545494420164211	0.1454505579835789
DTXSID1048174	0	1	0.8709286813731455	0.12907131862685456
DTXSID1048671	1	0	0.856062855161118	0.14393714483888193
DTXSID1048960	0	0	0.874477110073647	0.1255228899263531
DTXSID1049271	1	0	0.8345810755054007	0.165418924494599
DTXSID1049275	1	0	0.5	0.5
DTXSID1049221	1	0	0.8503350334325149	0.14966496656748518
DTXSID1049065	1	1	0.860204176987795	0.13979582301220492
DTXSID1049352	1	1	0.1443076255224407	0.8556923744775592
DTXSID1057616	1	0	0.8588643590827124	0.14113564091728759
DTXSID1057614	1	0	0.8625148730399825	0.13748512696001733
DTXSID1052610	1	0	0.856062855161118	0.14393714483888193
DTXSID1057822	1	0	0.8562373473415578	0.14376265265844215
DTXSID1057745	0	0	0.9132410764662126	0.08675892353378722
DTXSID1057747	0	0	0.8823256065152503	0.11767439348474973
DTXSID1057668	0	0	0.9045509652474133	0.09544903475258688
DTXSID2020006	0	0	0.8840862061693248	0.11591379383067522
DTXSID2020139	1	1	0.8502478065030031	0.149752193496997
DTXSID2020181	0	0	0.892300754462894	0.10769924553710587
DTXSID2020266	0	0	0.874477110073647	0.1255228899263531
DTXSID2020212	1	0	0.8562373473415578	0.14376265265844215
DTXSID2020216	1	0	0.8562373473415578	0.14376265265844215
DTXSID2020268	0	0	0.874477110073647	0.1255228899263531
DTXSID2020420	1	0	0.8459489912762023	0.15405100872379784
DTXSID2020424	1	1	0.03354787040141364	0.9664521295985863
DTXSID2020509	0	0	0.8809499758728155	0.1190500241271845
DTXSID2020634	1	0	0.8637345505834323	0.13626544941656774
DTXSID2020478	0	0	0.874477110073647	0.1255228899263531
DTXSID2020688	0	0	0.874477110073647	0.1255228899263531
DTXSID2020682	0	0	0.874477110073647	0.1255228899263531
DTXSID2020890	1	0	0.8562373473415578	0.14376265265844215
DTXSID2020921	1	0	0.856062855161118	0.14393714483888193
DTXSID2020923	1	0	0.8490216003894946	0.15097839961050535
DTXSID2021238	1	0	0.856062855161118	0.14393714483888193
DTXSID2021282	0	0	0.8731497898341338	0.1268502101658661
DTXSID2021315	1	1	0.8562373473415578	0.14376265265844215
DTXSID2021365	1	0	0.8637345505834323	0.13626544941656774
DTXSID2021363	1	0	0.8457898617064586	0.15421013829354127
DTXSID2021440	1	0	0.8608885226862318	0.13911147731376802
DTXSID2021311	1	1	0.8562373473415578	0.14376265265844215
DTXSID2021575	1	0	0.8576934625615351	0.14230653743846478
DTXSID2021448	1	0	0.8414865832881238	0.15851341671187638
DTXSID2021864	1	0	0.8582541263744685	0.14174587362553148
DTXSID2021868	1	0	0.8637345505834323	0.13626544941656774
DTXSID2021949	1	0	0.8576934625615351	0.14230653743846478
DTXSID2021993	1	0	0.8656245080478179	0.134375491952182
DTXSID2021995	1	0	0.8446650847419716	0.15533491525802826
DTXSID2022179	0	0	0.8795450182176965	0.12045498178230361
DTXSID2022254	1	0	0.8355700197962309	0.16442998020376903
DTXSID2022593	0	0	0.8762955809621695	0.12370441903783035
DTXSID2022543	1	0	0.863566633302557	0.1364333666974433
DTXSID2022549	1	0	0.8562373473415578	0.14376265265844215
DTXSID2022678	0	1	0.8750384671529899	0.12496153284701009
DTXSID2023010	1	0	0.8599056205084923	0.14009437949150763
DTXSID2023690	1	0	0.8578694546351362	0.14213054536486391
DTXSID2023937	1	0	0.8576934625615351	0.14230653743846478
DTXSID2023640	1	0	0.8578866446489262	0.1421133553510736
DTXSID2024660	1	0	0.863566633302557	0.1364333666974433
DTXSID2024163	1	1	0.023617130394860283	0.9763828696051398
DTXSID2024454	1	0	0.8397575062889154	0.16024249371108473
DTXSID2024458	1	0	0.856062855161118	0.14393714483888193
DTXSID2024791	1	0	0.8578866446489262	0.1421133553510736
DTXSID2024955	1	0	0.8576934625615351	0.14230653743846478
DTXSID2025004	1	0	0.863566633302557	0.1364333666974433
DTXSID2025183	1	0	0.8637557473610487	0.13624425263895137
DTXSID2025474	1	0	0.8584342296617548	0.14156577033824538
DTXSID2025185	1	0	0.8570123985820801	0.14298760141791972
DTXSID2025557	1	0	0.8576934625615351	0.14230653743846478
DTXSID2025761	1	0	0.8457076205771028	0.15429237942289736
DTXSID2026101	1	1	0.8562373473415578	0.14376265265844215
DTXSID2026444	1	0	0.8576934625615351	0.14230653743846478
DTXSID2025892	1	0	0.8578866446489262	0.1421133553510736
DTXSID2026157	1	0	0.8538055861083151	0.14619441389168478
DTXSID2026496	1	0	0.8637345505834323	0.13626544941656774
DTXSID2026523	1	0	0.8608885226862318	0.13911147731376802
DTXSID2026602	1	1	0.8562373473415578	0.14376265265844215
DTXSID2026529	1	0	0.8562373473415578	0.14376265265844215
DTXSID2026525	1	0	0.863566633302557	0.1364333666974433
DTXSID2026606	0	0	0.8847410482645524	0.11525895173544778
DTXSID2026600	0	0	0.874477110073647	0.1255228899263531
DTXSID2026783	1	0	0.8576934625615351	0.14230653743846478
DTXSID2026941	0	0	0.9018189518951142	0.09818104810488608
DTXSID2027096	1	0	0.8576934625615351	0.14230653743846478
DTXSID2027092	1	0	0.8576934625615351	0.14230653743846478
DTXSID2027414	1	0	0.8514032731430247	0.14859672685697536
DTXSID2027759	1	0	0.8625148730399825	0.13748512696001733
DTXSID2028985	1	0	0.8337333710574203	0.16626662894257957
DTXSID2029327	1	0	0.8562373473415578	0.14376265265844215
DTXSID2029117	1	0	0.856062855161118	0.14393714483888193
DTXSID2029612	0	0	0.8969304511278953	0.10306954887210472
DTXSID2031956	0	0	0.880880065166053	0.11911993483394694
DTXSID2032005	0	1	0.973642500736991	0.026357499263008993
DTXSID2032180	1	0	0.8524565583714299	0.14754344162856992
DTXSID2032342	1	0	0.8106287661202282	0.18937123387977153
DTXSID2032421	1	0	0.8026557596990977	0.19734424030090233
DTXSID2032558	1	0	0.8468617732525016	0.15313822674749844
DTXSID2032891	0	0	0.881211803620319	0.11878819637968077
DTXSID2034542	1	0	0.8683559385981588	0.131644061401841
DTXSID2034833	1	0	0.8578866446489262	0.1421133553510736
DTXSID2037712	1	1	0.8637345505834323	0.13626544941656774
DTXSID2038813	1	0	0.856062855161118	0.14393714483888193
DTXSID2040656	1	0	0.8625148730399825	0.13748512696001733
DTXSID2041250	1	0	0.8681892272170458	0.13181077278295414
DTXSID2041206	1	0	0.863566633302557	0.1364333666974433
DTXSID2041389	1	0	0.856062855161118	0.14393714483888193
DTXSID2041412	1	0	0.8534068852297533	0.14659311477024684
DTXSID2041468	1	1	0.03354787040141364	0.9664521295985863
DTXSID2041626	1	0	0.84238123094818	0.15761876905182015
DTXSID2041547	1	0	0.8610630978812632	0.13893690211873666
DTXSID2042199	1	0	0.8608885226862318	0.13911147731376802
DTXSID2042149	1	0	0.8708192089642908	0.12918079103570915
DTXSID2042143	1	0	0.8578866446489262	0.1421133553510736
DTXSID2043903	1	0	0.8536896248099048	0.14631037519009515
DTXSID2044397	1	0	0.8254864771042746	0.17451352289572564
DTXSID2044266	1	0	0.8681892272170458	0.13181077278295414
DTXSID2044507	1	1	0.85188401293119	0.14811598706880982
DTXSID2044509	0	0	0.8795450182176965	0.12045498178230361
DTXSID2044715	1	0	0.45159938506698233	0.5484006149330175
DTXSID2044682	0	0	0.8943411627460616	0.10565883725393832
DTXSID2045157	1	0	0.853502377375936	0.14649762262406396
DTXSID2045448	1	1	0.8226809443114934	0.17731905568850664
DTXSID2045440	1	0	0.8562373473415578	0.14376265265844215
DTXSID2045496	1	0	0.8578866446489262	0.1421133553510736
DTXSID2045444	1	0	0.8683559385981588	0.131644061401841
DTXSID2045492	1	0	0.8544216450742674	0.14557835492573265
DTXSID2045521	1	0	0.8464567160987309	0.15354328390126915
DTXSID2045652	1	0	0.8670899911096662	0.13291000889033375
DTXSID2045523	1	0	0.8561455611028038	0.14385443889719618
DTXSID2045783	1	0	0.8364130810196584	0.1635869189803417
DTXSID2045654	1	0	0.8637345505834323	0.13626544941656774
DTXSID2045864	1	0	0.8408881653454198	0.15911183465458012
DTXSID2046389	1	0	0.863566633302557	0.1364333666974433
DTXSID2046383	1	0	0.8613743740013247	0.13862562599867514
DTXSID2047141	0	0	0.874477110073647	0.1255228899263531
DTXSID2047195	0	0	0.874477110073647	0.1255228899263531
DTXSID2047301	1	0	0.8617300926081403	0.13826990739185982
DTXSID2047276	1	0	0.8637345505834323	0.13626544941656774
DTXSID2047565	1	0	0.8412856876422555	0.15871431235774422
DTXSID2047642	0	0	0.9247658559389065	0.07523414406109338
DTXSID2047931	1	0	0.10597120531543608	0.8940287946845639
DTXSID2048379	1	0	0.8499721029016142	0.15002789709838574
DTXSID2048581	1	0	0.8657611964351453	0.13423880356485474
DTXSID2048957	0	0	0.8852997318612679	0.1147002681387323
DTXSID2049002	1	0	0.8496191171214541	0.15038088287854587
DTXSID2048872	1	0	0.8018231927035988	0.198176807296401
DTXSID2049260	1	0	0.8578866446489262	0.1421133553510736
DTXSID2049262	1	1	0.8562373473415578	0.14376265265844215
DTXSID2049212	1	0	0.5	0.5
DTXSID2049214	1	0	0.5	0.5
DTXSID2049266	1	0	0.12100258531939714	0.8789974146806029
DTXSID2049345	1	0	0.5	0.5
DTXSID2049424	1	0	0.828314323601293	0.17168567639870705
DTXSID2050403	1	0	0.863566633302557	0.1364333666974433
DTXSID2051477	1	0	0.8637345505834323	0.13626544941656774
DTXSID2052574	1	1	0.8578866446489262	0.1421133553510736
DTXSID3020097	1	0	0.6559928680139419	0.34400713198605815
DTXSID3020629	1	0	0.8204366564573553	0.17956334354264464
DTXSID3020833	1	0	0.8576934625615351	0.14230653743846478
DTXSID3020679	0	0	0.9004161858948639	0.09958381410513581
DTXSID3020889	0	0	0.8787141193891702	0.12128588061082976
DTXSID3020752	1	0	0.8625148730399825	0.13748512696001733
DTXSID3020914	1	0	0.8578866446489262	0.1421133553510736
DTXSID3020916	1	1	0.8578866446489262	0.1421133553510736
DTXSID3020918	1	0	0.856062855161118	0.14393714483888193
DTXSID3021065	1	0	0.863566633302557	0.1364333666974433
DTXSID3021142	1	0	0.18516855870945428	0.8148314412905457
DTXSID3021196	0	0	0.8749508539904387	0.1250491460095613
DTXSID3021148	1	0	0.863566633302557	0.1364333666974433
DTXSID3021198	0	0	0.8834137536188836	0.11658624638111645
DTXSID3021801	1	0	0.8390687400746716	0.1609312599253285
DTXSID3021851	1	0	0.863566633302557	0.1364333666974433
DTXSID3021770	1	1	0.8562373473415578	0.14376265265844215
DTXSID3021774	1	0	0.8597042660136001	0.14029573398639963
DTXSID3021807	1	0	0.863566633302557	0.1364333666974433
DTXSID3022089	1	0	0.856062855161118	0.14393714483888193
DTXSID3022247	0	0	0.8853842765937598	0.11461572340624018
DTXSID3022162	1	1	0.7300176482756606	0.26998235172433943
DTXSID3022536	1	1	0.863566633302557	0.1364333666974433
DTXSID3022906	1	0	0.8625148730399825	0.13748512696001733
DTXSID3023261	1	0	0.820750132574061	0.17924986742593887
DTXSID3023269	1	0	0.8528479605072	0.14715203949279987
DTXSID3023342	1	0	0.8663483291674271	0.13365167083257287
DTXSID3023716	1	0	0.8573033392656507	0.1426966607343494
DTXSID3023764	1	0	0.8578866446489262	0.1421133553510736
DTXSID3023845	1	0	0.863566633302557	0.1364333666974433
DTXSID3024104	1	0	0.863566633302557	0.1364333666974433
DTXSID3024102	0	0	0.8850133080292845	0.1149866919707156
DTXSID3024318	0	1	0.8800526248270508	0.11994737517294911
DTXSID3024289	1	0	0.863566633302557	0.1364333666974433
DTXSID3024316	0	0	0.890505614927892	0.10949438507210792
DTXSID3024497	1	0	0.8457898617064586	0.15421013829354127
DTXSID3024736	0	0	0.91046347023618	0.08953652976382
DTXSID3024738	0	0	0.9077054311504759	0.09229456884952413
DTXSID3024869	1	0	0.8538275852943684	0.1461724147056314
DTXSID3024815	1	0	0.863566633302557	0.1364333666974433
DTXSID3024659	1	0	0.856062855161118	0.14393714483888193
DTXSID3025178	1	1	0.863566633302557	0.1364333666974433
DTXSID3024944	1	1	0.845703081706011	0.1542969182939889
DTXSID3024994	1	0	0.8385478043375253	0.1614521956624747
DTXSID3025338	1	0	0.845577642806511	0.15442235719348874
DTXSID3025170	1	0	0.8637345505834323	0.13626544941656774
DTXSID3026304	1	0	0.863566633302557	0.1364333666974433
DTXSID3026148	0	0	0.8787584850823086	0.12124151491769151
DTXSID3025889	1	0	0.863566633302557	0.1364333666974433
DTXSID3026306	1	0	0.8562373473415578	0.14376265265844215
DTXSID3026308	1	0	0.8562373473415578	0.14376265265844215
DTXSID3026562	1	0	0.8707729340177913	0.12922706598220882
DTXSID3026641	1	0	0.8687632277401726	0.13123677225982747
DTXSID3026645	1	0	0.8683559385981588	0.131644061401841
DTXSID3027037	1	0	0.8576934625615351	0.14230653743846478
DTXSID3027247	1	0	0.863566633302557	0.1364333666974433
DTXSID3027322	0	0	0.874477110073647	0.1255228899263531
DTXSID3027798	1	0	0.8570123985820801	0.14298760141791972
DTXSID3029310	1	0	0.5709189706213221	0.42908102937867787
DTXSID3029150	1	0	0.848611900116324	0.15138809988367594
DTXSID3028001	1	0	0.8642134168680687	0.13578658313193118
DTXSID3029154	0	0	0.874477110073647	0.1255228899263531
DTXSID3031860	1	0	0.8237892817161682	0.1762107182838319
DTXSID3032416	1	0	0.8705898137624152	0.12941018623758502
DTXSID3031862	1	0	0.8237892817161682	0.1762107182838319
DTXSID3032129	1	0	0.8262817193009696	0.17371828069903053
DTXSID3031864	1	0	0.8412856876422555	0.15871431235774422
DTXSID3032622	1	0	0.8562373473415578	0.14376265265844215
DTXSID3032549	1	0	0.8634302295463814	0.13656977045361868
DTXSID3032751	1	1	0.856062855161118	0.14393714483888193
DTXSID3032591	1	0	0.8529179914328383	0.14708200856716153
DTXSID3032759	1	0	0.8578866446489262	0.1421133553510736
DTXSID3032620	1	0	0.8637447397751651	0.13625526022483506
DTXSID3032626	1	1	0.8577015106849811	0.1422984893150189
DTXSID3034531	1	0	0.863566633302557	0.1364333666974433
DTXSID3034583	1	0	0.8578866446489262	0.1421133553510736
DTXSID3035341	1	0	0.8529179914328383	0.14708200856716153
DTXSID3036105	1	0	0.8652093667834198	0.13479063321658033
DTXSID3037709	1	0	0.8412856876422555	0.15871431235774422
DTXSID3037541	1	1	0.02840897300187795	0.9715910269981219
DTXSID3037208	1	0	0.8465599828217448	0.15344001717825503
DTXSID3037707	1	0	0.8412856876422555	0.15871431235774422
DTXSID3038939	1	0	0.8043947492487937	0.19560525075120638
DTXSID3040697	1	0	0.863566633302557	0.1364333666974433
DTXSID3040720	1	0	0.8562373473415578	0.14376265265844215
DTXSID3040643	1	0	0.863566633302557	0.1364333666974433
DTXSID3040647	1	0	0.8656120933787481	0.13438790662125186
DTXSID3040691	1	0	0.8464411601170598	0.15355883988294006
DTXSID3040774	0	0	0.8787584850823086	0.12124151491769151
DTXSID3040726	1	0	0.7004161492107653	0.2995838507892347
DTXSID3041409	1	1	0.8512648686814633	0.14873513131853666
DTXSID3041827	1	1	0.03591513989130128	0.9640848601086989
DTXSID3041617	1	1	0.8456692422411083	0.15433075775889163
DTXSID3042051	0	0	0.8810589050047285	0.11894109499527149
DTXSID3042188	1	0	0.856627661907308	0.1433723380926917
DTXSID3042180	1	1	0.03168236486986715	0.9683176351301328
DTXSID3042263	1	0	0.8588643590827124	0.14113564091728759
DTXSID3042477	1	0	0.8455861240670863	0.15441387593291356
DTXSID3044413	1	0	0.8608885226862318	0.13911147731376802
DTXSID3044415	1	1	0.8391743704429429	0.16082562955705723
DTXSID3044629	1	0	0.822523379703178	0.17747662029682193
DTXSID3044598	1	0	0.8625148730399825	0.13748512696001733
DTXSID3044704	1	1	0.8370396518161194	0.16296034818388053
DTXSID3044706	0	0	0.8734959050991518	0.12650409490084844
DTXSID3044889	1	0	0.8637345505834323	0.13626544941656774
DTXSID3044756	0	0	0.8798134060654293	0.12018659393457073
DTXSID3045196	1	0	0.8691688059765926	0.13083119402340737
DTXSID3045223	1	0	0.8528479605072	0.14715203949279987
DTXSID3045304	0	0	0.8834137536188836	0.11658624638111645
DTXSID3046081	0	0	0.9007689213487498	0.0992310786512502
DTXSID3045805	1	0	0.8681892272170458	0.13181077278295414
DTXSID3045807	0	0	0.894668596153458	0.10533140384654185
DTXSID3046792	1	1	0.852193602499966	0.1478063975000339
DTXSID3046798	1	0	0.8545780055115137	0.14542199448848647
DTXSID3047053	1	0	0.8542447781150133	0.14575522188498694
DTXSID3047184	1	0	0.8562373473415578	0.14376265265844215
DTXSID3047136	0	0	0.874477110073647	0.1255228899263531
DTXSID3047138	1	0	0.863566633302557	0.1364333666974433
DTXSID3047344	1	0	0.8589032741153829	0.1410967258846169
DTXSID3047508	1	0	0.8610691451071635	0.13893085489283633
DTXSID3047716	0	0	0.874477110073647	0.1255228899263531
DTXSID3048574	1	0	0.8576934625615351	0.14230653743846478
DTXSID3048782	1	0	0.856977937481981	0.14302206251801886
DTXSID3048732	1	0	0.856062855161118	0.14393714483888193
DTXSID3048819	1	0	0.6412897447392534	0.3587102552607466
DTXSID3049041	0	0	0.8744394570263088	0.1255605429736914
DTXSID3049209	1	0	0.8503350334325149	0.14966496656748518
DTXSID3049205	1	1	0.5	0.5
DTXSID3049257	1	0	0.5	0.5
DTXSID3049259	1	0	0.5	0.5
DTXSID3049417	1	1	0.8298724374161379	0.1701275625838621
DTXSID3049388	1	0	0.5538066066024513	0.44619339339754877
DTXSID3052307	1	0	0.8562373473415578	0.14376265265844215
DTXSID3051834	1	1	0.7426317893961023	0.25736821060389753
DTXSID3052511	1	0	0.863566633302557	0.1364333666974433
DTXSID3057692	1	0	0.856062855161118	0.14393714483888193
DTXSID3057696	1	0	0.8644815890312884	0.13551841096871178
DTXSID3057800	1	0	0.8637345505834323	0.13626544941656774
DTXSID4020240	0	1	0.8715003070100039	0.12849969298999592
DTXSID4020248	1	0	0.8620299669292161	0.1379700330707841
DTXSID4020246	1	0	0.8637345505834323	0.13626544941656774
DTXSID4020244	1	0	0.8377543412458297	0.16224565875417066
DTXSID4020290	1	0	0.7995714536518178	0.20042854634818238
DTXSID4020294	1	0	0.8637345505834323	0.13626544941656774
DTXSID4020400	1	0	0.8540278376662036	0.14597216233379653
DTXSID4020402	1	1	0.8562373473415578	0.14376265265844215
DTXSID4020876	1	1	0.8481802320579366	0.15181976794206356
DTXSID4020878	1	0	0.856062855161118	0.14393714483888193
DTXSID4020870	1	1	0.8562373473415578	0.14376265265844215
DTXSID4021131	1	0	0.8199217002047642	0.1800782997952358
DTXSID4021137	1	0	0.8457898617064586	0.15421013829354127
DTXSID4021139	1	0	0.8457898617064586	0.15421013829354127
DTXSID4021268	1	0	0.8705898137624152	0.12941018623758502
DTXSID4021341	1	1	0.8402208889190654	0.15977911108093465
DTXSID4021715	1	1	0.8625041440436071	0.13749585595639283
DTXSID4021638	1	0	0.8576934625615351	0.14230653743846478
DTXSID4021717	1	0	0.8562373473415578	0.14376265265844215
DTXSID4021842	0	0	0.874477110073647	0.1255228899263531
DTXSID4021975	1	0	0.8300965338058272	0.16990346619417282
DTXSID4021848	1	0	0.856062855161118	0.14393714483888193
DTXSID4021979	1	0	0.8576934625615351	0.14230653743846478
DTXSID4022442	1	1	0.8637345505834323	0.13626544941656774
DTXSID4022448	1	0	0.8681892272170458	0.13181077278295414
DTXSID4023042	0	0	0.8760064170710472	0.12399358292895282
DTXSID4023175	1	0	0.8655888281572887	0.13441117184271117
DTXSID4023414	1	0	0.8576934625615351	0.14230653743846478
DTXSID4023254	0	0	0.880880065166053	0.11911993483394694
DTXSID4024014	1	0	0.845703081706011	0.1542969182939889
DTXSID4024012	1	0	0.8641506373813305	0.1358493626186695
DTXSID4023591	0	0	0.8829906058945841	0.11700939410541605
DTXSID4023462	1	0	0.8526627369229473	0.14733726307705275
DTXSID4024062	1	0	0.8562373473415578	0.14376265265844215
DTXSID4024145	0	0	0.8759203805119788	0.12407961948802095
DTXSID4024276	1	1	0.7426317893961023	0.25736821060389753
DTXSID4024690	1	0	0.8570123985820801	0.14298760141791972
DTXSID4024931	1	0	0.8570123985820801	0.14298760141791972
DTXSID4024488	1	1	0.8562373473415578	0.14376265265844215
DTXSID4024359	1	1	0.8560841376028561	0.1439158623971442
DTXSID4024985	1	0	0.8529179914328383	0.14708200856716153
DTXSID4025111	1	0	0.8576934625615351	0.14230653743846478
DTXSID4025668	1	0	0.8637345505834323	0.13626544941656774
DTXSID4026212	1	1	0.8588038405858891	0.14119615941411065
DTXSID4026139	1	1	0.863566633302557	0.1364333666974433
DTXSID4026181	1	1	0.8567369244409685	0.1432630755590315
DTXSID4026216	1	0	0.8585379998084411	0.14146200019155875
DTXSID4026505	1	0	0.863566633302557	0.1364333666974433
DTXSID4026765	1	0	0.8576934625615351	0.14230653743846478
DTXSID4027153	1	0	0.8641506373813305	0.1358493626186695
DTXSID4027159	0	0	0.874477110073647	0.1255228899263531
DTXSID4027234	1	0	0.8708192089642908	0.12918079103570915
DTXSID4027361	1	0	0.8576934625615351	0.14230653743846478
DTXSID4027498	0	0	0.8767355605379687	0.12326443946203107
DTXSID4027521	1	0	0.8553473163599091	0.14465268364009054
DTXSID4027494	1	1	0.863566633302557	0.1364333666974433
DTXSID4027529	0	0	0.8862700113529451	0.11372998864705489
DTXSID4027319	1	0	0.863566633302557	0.1364333666974433
DTXSID4027608	0	0	0.872659643847866	0.12734035615213382
DTXSID4027577	1	0	0.8576934625615351	0.14230653743846478
DTXSID4028040	1	0	0.8480519395011307	0.15194806049886925
DTXSID4032405	1	0	0.856062855161118	0.14393714483888193
DTXSID4032580	1	1	0.83442032549392	0.16557967450608002
DTXSID4032376	1	0	0.8683559385981588	0.131644061401841
DTXSID4032615	1	0	0.5935574724078754	0.4064425275921247
DTXSID4032954	0	0	0.8710727487200065	0.1289272512799937
DTXSID4034601	1	0	0.7304402733045559	0.26955972669544415
DTXSID4035839	1	0	0.818538654014585	0.18146134598541483
DTXSID4034948	1	0	0.47478924707783526	0.5252107529221647
DTXSID4037617	1	0	0.8610630978812632	0.13893690211873666
DTXSID4036435	1	0	0.8608885226862318	0.13911147731376802
DTXSID4037584	0	0	0.874477110073647	0.1255228899263531
DTXSID4038346	1	0	0.041066937200537466	0.9589330627994624
DTXSID4038899	1	0	0.8620223323141377	0.13797766768586228
DTXSID4038922	1	1	0.8562373473415578	0.14376265265844215
DTXSID4040264	0	1	0.874477110073647	0.1255228899263531
DTXSID4040719	1	0	0.8414865832881238	0.15851341671187638
DTXSID4041232	1	0	0.8610630978812632	0.13893690211873666
DTXSID4040979	1	1	0.8625495874744886	0.1374504125255114
DTXSID4041527	1	0	0.8193726503430018	0.1806273496569983
DTXSID4041783	1	0	0.863566633302557	0.1364333666974433
DTXSID4042094	0	0	0.8905272163512691	0.10947278364873105
DTXSID4042121	1	0	0.8489729201848305	0.1510270798151697
DTXSID4041812	0	0	0.8734052730298958	0.12659472697010435
DTXSID4042206	1	0	0.8608885226862318	0.13911147731376802
DTXSID4042468	1	0	0.8708192089642908	0.12918079103570915
DTXSID4044454	1	0	0.8576934625615351	0.14230653743846478
DTXSID4044402	1	0	0.5888643069888458	0.4111356930111541
DTXSID4044581	1	0	0.8562373473415578	0.14376265265844215
DTXSID4044664	1	0	0.8672351108403712	0.13276488915962892
DTXSID4044668	1	1	0.8329430565803079	0.16705694341969227
DTXSID4044745	0	0	0.874477110073647	0.1255228899263531
DTXSID4044799	1	0	0.8652093667834198	0.13479063321658033
DTXSID4044747	1	0	0.8576934625615351	0.14230653743846478
DTXSID4044874	1	0	0.8648664018735078	0.13513359812649198
DTXSID4044905	1	0	0.8608885226862318	0.13911147731376802
DTXSID4045638	1	1	0.8575998631230679	0.14240013687693184
DTXSID4046101	1	1	0.8382225263399827	0.1617774736600171
DTXSID4046109	0	0	0.8712882783530679	0.12871172164693218
DTXSID4046604	1	0	0.8531605022076537	0.14683949779234617
DTXSID4047092	1	0	0.31050247006663095	0.6894975299333691
DTXSID4047121	1	0	0.8438113676742193	0.1561886323257808
DTXSID4047127	0	0	0.8864564203213249	0.11354357967867516
DTXSID4047173	1	0	0.8508732022175991	0.14912679778240093
DTXSID4047177	1	0	0.863566633302557	0.1364333666974433
DTXSID4047547	1	0	0.8256843877503406	0.17431561224965947
DTXSID4047416	1	0	0.8600322184247068	0.1399677815752932
DTXSID4047468	1	0	0.8410348727926802	0.15896512720731992
DTXSID4047543	1	0	0.8681965995934543	0.13180340040654565
DTXSID4047593	1	0	0.8542447781150133	0.14575522188498694
DTXSID4047672	1	0	0.856062855161118	0.14393714483888193
DTXSID4047705	0	0	0.874477110073647	0.1255228899263531
DTXSID4047622	0	0	0.874477110073647	0.1255228899263531
DTXSID4048193	1	0	0.8637345505834323	0.13626544941656774
DTXSID4048850	1	0	0.824930562821358	0.17506943717864182
DTXSID4049080	1	0	0.8658782591432099	0.1341217408567901
DTXSID4049294	1	0	0.8708192089642908	0.12918079103570915
DTXSID4049321	1	0	0.835509991867313	0.164490008132687
DTXSID4049325	1	0	0.5	0.5
DTXSID4049296	1	1	0.5	0.5
DTXSID4049402	1	0	0.8576934625615351	0.14230653743846478
DTXSID4049379	1	0	0.8656439137108037	0.1343560862891961
DTXSID4052342	1	0	0.8637345505834323	0.13626544941656774
DTXSID4052502	0	0	0.8932268866061499	0.1067731133938499
DTXSID4057710	1	0	0.8567369244409685	0.1432630755590315
DTXSID4057639	1	0	0.8332131634887486	0.16678683651125115
DTXSID4057768	0	0	0.9211736245007188	0.07882637549928098
DTXSID4057845	1	0	0.8570894731267322	0.14291052687326786
DTXSID5020235	1	0	0.8544213514121016	0.14557864858789862
DTXSID5020601	0	0	0.8715003070100039	0.12849969298999592
DTXSID5020861	1	1	0.838842312603695	0.16115768739630498
DTXSID5020867	1	0	0.8562373473415578	0.14376265265844215
DTXSID5021255	1	0	0.8543727902863374	0.14562720971366272
DTXSID5021671	1	0	0.8576934625615351	0.14230653743846478
DTXSID5021754	0	0	0.8809499758728155	0.1190500241271845
DTXSID5021679	1	1	0.8576934625615351	0.14230653743846478
DTXSID5021752	1	0	0.864482395655154	0.13551760434484625
DTXSID5021885	1	0	0.8625148730399825	0.13748512696001733
DTXSID5022279	1	0	0.8681892272170458	0.13181077278295414
DTXSID5022643	1	0	0.8494553173745485	0.15054468262545143
DTXSID5022649	1	0	0.8610691451071635	0.13893085489283633
DTXSID5022986	1	0	0.8442331274954203	0.15576687250457966
DTXSID5023243	1	0	0.8530521424789469	0.14694785752105333
DTXSID5023247	1	1	0.840796152548742	0.1592038474512581
DTXSID5023110	1	0	0.8681309584298644	0.13186904157013524
DTXSID5023744	1	0	0.856062855161118	0.14393714483888193
DTXSID5023908	1	0	0.8578866446489262	0.1421133553510736
DTXSID5023902	1	0	0.8503350334325149	0.14966496656748518
DTXSID5023900	0	0	0.8720119301403128	0.12798806985968747
DTXSID5023871	1	0	0.7780954199541675	0.22190458004583244
DTXSID5024001	1	0	0.8576934625615351	0.14230653743846478
DTXSID5024057	1	0	0.8576934625615351	0.14230653743846478
DTXSID5024059	1	1	0.8562373473415578	0.14376265265844215
DTXSID5024346	1	0	0.8565132155438766	0.14348678445612337
DTXSID5024392	1	0	0.8637345505834323	0.13626544941656774
DTXSID5024681	1	0	0.8576934625615351	0.14230653743846478
DTXSID5024687	1	0	0.838842312603695	0.16115768739630498
DTXSID5024639	1	0	0.856062855161118	0.14393714483888193
DTXSID5024970	1	0	0.8691239182584539	0.1308760817415461
DTXSID5025079	1	0	0.861739908427192	0.13826009157280802
DTXSID5025156	0	0	0.8755542030819716	0.12444579691802835
DTXSID5025231	1	1	0.8562373473415578	0.14376265265844215
DTXSID5025574	1	0	0.8637345505834323	0.13626544941656774
DTXSID5026120	1	0	0.8562373473415578	0.14376265265844215
DTXSID5026178	1	0	0.8385478043375253	0.1614521956624747
DTXSID5026623	0	0	0.8803668750120784	0.1196331249879216
DTXSID5026625	1	0	0.8637345505834323	0.13626544941656774
DTXSID5027061	1	1	0.851710327379546	0.14828967262045412
DTXSID5027302	0	0	0.8907596034303996	0.10924039656960037
DTXSID5027805	1	0	0.856062855161118	0.14393714483888193
DTXSID5027770	1	0	0.8462235011065595	0.1537764988934406
DTXSID5027803	1	0	0.856062855161118	0.14393714483888193
DTXSID5028114	1	0	0.856062855161118	0.14393714483888193
DTXSID5032315	1	0	0.8546643797902104	0.14533562020978966
DTXSID5032365	1	0	0.863566633302557	0.1364333666974433
DTXSID5032573	1	1	0.5119721114851998	0.48802788851480006
DTXSID5034355	1	0	0.823040844016695	0.1769591559833049
DTXSID5037494	0	0	0.8749508539904387	0.1250491460095613
DTXSID5037527	1	0	0.8610630978812632	0.13893690211873666
DTXSID5037739	1	0	0.8543694597811341	0.14563054021886576
DTXSID5038919	1	0	0.8643469844156845	0.13565301558431553
DTXSID5038888	1	1	0.856862765764516	0.14313723423548386
DTXSID5040758	1	1	0.8588038405858891	0.14119615941411065
DTXSID5041190	0	0	0.8959755659684491	0.10402443403155086
DTXSID5040706	1	0	0.8433145244672082	0.1566854755327917
DTXSID5041439	1	0	0.8608643384396457	0.13913566156035434
DTXSID5041487	1	0	0.8528014002116673	0.1471985997883327
DTXSID5041641	1	0	0.8562373473415578	0.14376265265844215
DTXSID5041437	1	0	0.8576934625615351	0.14230653743846478
DTXSID5042451	0	0	0.874477110073647	0.1255228899263531
DTXSID5042320	1	0	0.8576934625615351	0.14230653743846478
DTXSID5044233	1	0	0.8562373473415578	0.14376265265844215
DTXSID5044362	0	0	0.8836770141819011	0.1163229858180991
DTXSID5044491	1	0	0.8608885226862318	0.13911147731376802
DTXSID5044441	1	0	0.863566633302557	0.1364333666974433
DTXSID5044526	1	0	0.7276830151733071	0.2723169848266926
DTXSID5044572	1	0	0.8412856876422555	0.15871431235774422
DTXSID5044574	1	0	0.8583390100531442	0.1416609899468558
DTXSID5044609	1	0	0.863566633302557	0.1364333666974433
DTXSID5044605	1	0	0.8681892272170458	0.13181077278295414
DTXSID5044780	1	0	0.8562373473415578	0.14376265265844215
DTXSID5044992	1	1	0.8562373473415578	0.14376265265844215
DTXSID5044867	1	0	0.8648664018735078	0.13513359812649198
DTXSID5045594	1	0	0.8373391060879978	0.16266089391200203
DTXSID5045540	1	0	0.8681892272170458	0.13181077278295414
DTXSID5045461	0	0	0.8806431729833362	0.11935682701666384
DTXSID5045881	1	1	0.8605726327588731	0.13942736724112711
DTXSID5045702	1	0	0.8562373473415578	0.14376265265844215
DTXSID5045964	0	0	0.8905272163512691	0.10947278364873105
DTXSID5046221	1	0	0.8483264772662767	0.15167352273372325
DTXSID5046142	1	0	0.8490216003894946	0.15097839961050535
DTXSID5046300	1	0	0.8532247194443972	0.1467752805556029
DTXSID5046229	1	0	0.7720762928736448	0.22792370712635504
DTXSID5046770	1	0	0.8301907155003144	0.16980928449968558
DTXSID5046699	1	0	0.7737213020900244	0.22627869790997535
DTXSID5046560	1	0	0.8294080429013537	0.17059195709864614
DTXSID5046724	1	0	0.2344237930851426	0.7655762069148575
DTXSID5046853	1	1	0.03341874510779374	0.966581254892206
DTXSID5047081	0	0	0.874477110073647	0.1255228899263531
DTXSID5047160	0	0	0.8837476966774948	0.11625230332250534
DTXSID5047118	1	0	0.8637334090695674	0.13626659093043259
DTXSID5047241	0	0	0.8809499758728155	0.1190500241271845
DTXSID5047453	1	0	0.8424598384488684	0.1575401615511315
DTXSID5047906	1	0	0.11633367887872931	0.8836663211212704
DTXSID5047908	1	0	0.10597120531543608	0.8940287946845639
DTXSID5048188	1	0	0.8434111132114525	0.15658888678854774
DTXSID5048710	1	0	0.830261214619218	0.1697387853807819
DTXSID5048893	1	0	0.8610630978812632	0.13893690211873666
DTXSID5049235	1	0	0.12100258531939714	0.8789974146806029
DTXSID5049287	1	0	0.8562373473415578	0.14376265265844215
DTXSID5049360	1	0	0.5	0.5
DTXSID5049312	1	0	0.8578866446489262	0.1421133553510736
DTXSID5051650	1	1	0.8637345505834323	0.13626544941656774
DTXSID5051444	1	0	0.863566633302557	0.1364333666974433
DTXSID5052595	0	0	0.8812650925356588	0.11873490746434094
DTXSID5052672	1	0	0.8637345505834323	0.13626544941656774
DTXSID5052838	1	0	0.8544216450742674	0.14557835492573265
DTXSID5052125	1	0	0.8436953925043822	0.15630460749561764
DTXSID5052832	1	0	0.8524565583714299	0.14754344162856992
DTXSID5057753	1	1	0.8591174411571431	0.140882558842857
DTXSID5057674	1	0	0.8467499571742776	0.15325004282572255
DTXSID5057703	1	1	0.8655502550842299	0.13444974491576983
DTXSID5057707	1	0	0.8637345505834323	0.13626544941656774
DTXSID6020014	1	0	0.8498710465168687	0.1501289534831311
DTXSID6020141	1	0	0.8638082268056871	0.13619177319431294
DTXSID6020222	1	0	0.8572296744051289	0.14277032559487113
DTXSID6020220	1	0	0.8562373473415578	0.14376265265844215
DTXSID6020145	1	0	0.8679008728867651	0.13209912711323485
DTXSID6020224	0	0	0.874477110073647	0.1255228899263531
DTXSID6020359	0	0	0.874477110073647	0.1255228899263531
DTXSID6020517	1	0	0.8576934625615351	0.14230653743846478
DTXSID6020561	0	0	0.8766476419025832	0.12335235809741679
DTXSID6020511	1	1	0.8562373473415578	0.14376265265844215
DTXSID6020777	1	0	0.85071553314054	0.14928446685946006
DTXSID6020721	1	0	0.7454901566742618	0.2545098433257383
DTXSID6020690	1	1	0.8562373473415578	0.14376265265844215
DTXSID6020692	1	0	0.8353289423002576	0.16467105769974233
DTXSID6020856	1	0	0.8608885226862318	0.13911147731376802
DTXSID6021246	1	0	0.8363225012028962	0.16367749879710383
DTXSID6021379	1	0	0.8459489912762023	0.15405100872379784
DTXSID6021402	1	0	0.8414865832881238	0.15851341671187638
DTXSID6021450	1	0	0.797993807937711	0.20200619206228898
DTXSID6021618	1	0	0.849094938455017	0.15090506154498287
DTXSID6021660	0	0	0.874477110073647	0.1255228899263531
DTXSID6021581	1	0	0.8576934625615351	0.14230653743846478
DTXSID6021585	1	0	0.8377543412458297	0.16224565875417066
DTXSID6021793	1	1	0.8578866446489262	0.1421133553510736
DTXSID6021909	1	0	0.8570123985820801	0.14298760141791972
DTXSID6021872	1	0	0.8637345505834323	0.13626544941656774
DTXSID6021959	1	0	0.8562373473415578	0.14376265265844215
DTXSID6022187	1	0	0.8637345505834323	0.13626544941656774
DTXSID6022050	1	0	0.863566633302557	0.1364333666974433
DTXSID6022133	1	0	0.853861830050387	0.14613816994961304
DTXSID6023028	1	0	0.7960706860198834	0.20392931398011657
DTXSID6023153	1	0	0.8562373473415578	0.14376265265844215
DTXSID6023157	1	0	0.8561455611028038	0.14385443889719618
DTXSID6023523	1	0	0.8681892272170458	0.13181077278295414
DTXSID6023862	1	0	0.8576934625615351	0.14230653743846478
DTXSID6024175	1	0	0.8681892272170458	0.13181077278295414
DTXSID6024204	1	0	0.8608885226862318	0.13911147731376802
DTXSID6024200	1	0	0.856062855161118	0.14393714483888193
DTXSID6024254	1	0	0.8578866446489262	0.1421133553510736
DTXSID6024412	1	0	0.856062855161118	0.14393714483888193
DTXSID6024414	1	0	0.8637345505834323	0.13626544941656774
DTXSID6024628	1	0	0.8576934625615351	0.14230653743846478
DTXSID6024832	1	0	0.856062855161118	0.14393714483888193
DTXSID6024917	1	0	0.8576934625615351	0.14230653743846478
DTXSID6025143	1	0	0.863566633302557	0.1364333666974433
DTXSID6025145	1	0	0.8562373473415578	0.14376265265844215
DTXSID6025276	1	0	0.8570123985820801	0.14298760141791972
DTXSID6025438	1	0	0.8576934625615351	0.14230653743846478
DTXSID6025648	1	0	0.8632649240242647	0.13673507597573523
DTXSID6025569	1	0	0.8468617732525016	0.15313822674749844
DTXSID6025486	1	0	0.8655888281572887	0.13441117184271117
DTXSID6025983	1	1	0.863566633302557	0.1364333666974433
DTXSID6026088	1	0	0.8587419682505875	0.14125803174941265
DTXSID6026115	1	0	0.8698601125431819	0.13013988745681823
DTXSID6026119	1	0	0.8562373473415578	0.14376265265844215
DTXSID6026161	1	0	0.8532247194443972	0.1467752805556029
DTXSID6026797	1	0	0.8562373473415578	0.14376265265844215
DTXSID6026799	0	0	0.874477110073647	0.1255228899263531
DTXSID6026167	1	0	0.7288520555112166	0.27114794448878304
DTXSID6026169	1	0	0.7426317893961023	0.25736821060389753
DTXSID6026298	1	0	0.8608643384396457	0.13913566156035434
DTXSID6027052	1	0	0.863566633302557	0.1364333666974433
DTXSID6027343	1	0	0.862990477313134	0.13700952268686606
DTXSID6027507	1	0	0.8456692422411083	0.15433075775889163
DTXSID6029254	1	0	0.8452736794010256	0.15472632059897434
DTXSID6031380	0	0	0.8809499758728155	0.1190500241271845
DTXSID6032192	1	0	0.863566633302557	0.1364333666974433
DTXSID6032431	1	0	0.8681892272170458	0.13181077278295414
DTXSID6032437	1	0	0.8470081622345055	0.15299183776549483
DTXSID6032645	1	0	0.8385499007058193	0.16145009929418092
DTXSID6032518	0	0	0.8934251750885227	0.10657482491147745
DTXSID6034924	1	0	0.8576934625615351	0.14230653743846478
DTXSID6034972	1	0	0.2441093060265899	0.7558906939734104
DTXSID6037015	1	0	0.8576934625615351	0.14230653743846478
DTXSID6037697	1	0	0.8501556980719908	0.14984430192800932
DTXSID6037483	1	0	0.863566633302557	0.1364333666974433
DTXSID6038326	1	0	0.041066937200537466	0.9589330627994624
DTXSID6040373	1	0	0.6974451478390892	0.3025548521609107
DTXSID6040290	1	1	0.27533890884384893	0.7246610911561512
DTXSID6041133	1	1	0.855767798877341	0.144232201122659
DTXSID6040664	1	0	0.8574267416621896	0.14257325833781037
DTXSID6041210	1	0	0.8589006227361244	0.1410993772638756
DTXSID6041424	1	0	0.8625148730399825	0.13748512696001733
DTXSID6041472	1	0	0.8625148730399825	0.13748512696001733
DTXSID6041422	1	0	0.8464777137706446	0.15352228622935554
DTXSID6041551	1	0	0.8465469544180078	0.1534530455819922
DTXSID6041688	1	1	0.8475240509729645	0.15247594902703554
DTXSID6041680	0	0	0.874477110073647	0.1255228899263531
DTXSID6042074	1	0	0.8610630978812632	0.13893690211873666
DTXSID6042157	1	0	0.29125916869850177	0.7087408313014981
DTXSID6042232	1	0	0.8624303578388366	0.1375696421611634
DTXSID6041927	1	0	0.8473692779098649	0.1526307220901349
DTXSID6042440	1	0	0.8569052542204025	0.14309474577959744
DTXSID6044199	1	0	0.8504830184756278	0.14951698152437232
DTXSID6044513	1	0	0.8677534271078953	0.13224657289210467
DTXSID6044438	0	0	0.874477110073647	0.1255228899263531
DTXSID6044480	1	0	0.8576934625615351	0.14230653743846478
DTXSID6044486	1	0	0.8613743740013247	0.13862562599867514
DTXSID6044359	0	0	0.874477110073647	0.1255228899263531
DTXSID6044721	1	0	0.8576934625615351	0.14230653743846478
DTXSID6044690	1	0	0.856062855161118	0.14393714483888193
DTXSID6044856	1	0	0.8576934625615351	0.14230653743846478
DTXSID6044931	1	0	0.8544213514121016	0.14557864858789862
DTXSID6044808	1	0	0.862990477313134	0.13700952268686606
DTXSID6044804	0	0	0.9099802513482023	0.09001974865179771
DTXSID6045377	1	1	0.8524800424306446	0.14751995756935551
DTXSID6045660	1	0	0.8511176397363623	0.14888236026363755
DTXSID6045666	1	0	0.5677206501733523	0.43227934982664773
DTXSID6046420	1	1	0.856627661907308	0.1433723380926917
DTXSID6046264	1	0	0.8562373473415578	0.14376265265844215
DTXSID6046426	1	0	0.767612316927953	0.23238768307204688
DTXSID6046688	0	0	0.9011429431494663	0.09885705685053357
DTXSID6047078	0	0	0.8969304511278953	0.10306954887210472
DTXSID6047159	1	0	0.8683559385981588	0.131644061401841
DTXSID6047107	1	0	0.8624303578388366	0.1375696421611634
DTXSID6047313	1	0	0.8364989366692924	0.16350106333070777
DTXSID6047319	1	0	0.8492466688222025	0.1507533311777976
DTXSID6047490	0	0	0.8837538746465881	0.1162461253534121
DTXSID6047444	1	0	0.8385382843449434	0.16146171565505665
DTXSID6048208	1	0	0.8279728343314368	0.1720271656685633
DTXSID6048200	1	0	0.8562373473415578	0.14376265265844215
DTXSID6048672	1	0	0.855767798877341	0.144232201122659
DTXSID6049224	1	0	0.8503350334325149	0.14966496656748518
DTXSID6050386	1	0	0.856062855161118	0.14393714483888193
DTXSID6052740	1	0	0.857100529860367	0.14289947013963317
DTXSID6057661	0	0	0.8782769090773008	0.12172309092269919
DTXSID7020053	1	0	0.03354787040141364	0.9664521295985863
DTXSID7020057	1	0	0.8681892272170458	0.13181077278295414
DTXSID7020182	1	1	0.8637345505834323	0.13626544941656774
DTXSID7020211	1	1	0.8562373473415578	0.14376265265844215
DTXSID7020348	1	0	0.8644815890312884	0.13551841096871178
DTXSID7020390	1	0	0.8576934625615351	0.14230653743846478
DTXSID7020267	1	0	0.041066937200537466	0.9589330627994624
DTXSID7020261	1	0	0.8625148730399825	0.13748512696001733
DTXSID7020427	1	1	0.8562373473415578	0.14376265265844215
DTXSID7020635	1	1	0.8451206684598077	0.1548793315401922
DTXSID7020710	1	0	0.863566633302557	0.1364333666974433
DTXSID7020766	1	0	0.8681892272170458	0.13181077278295414
DTXSID7020764	1	0	0.8507254232740866	0.14927457672591327
DTXSID7020893	1	0	0.8667856382522525	0.1332143617477473
DTXSID7020920	1	0	0.8578866446489262	0.1421133553510736
DTXSID7020899	1	0	0.8576934625615351	0.14230653743846478
DTXSID7021104	1	0	0.8625148730399825	0.13748512696001733
DTXSID7021106	0	1	0.874477110073647	0.1255228899263531
DTXSID7021360	1	0	0.863566633302557	0.1364333666974433
DTXSID7021287	0	0	0.8972831417173052	0.10271685828269465
DTXSID7021366	1	0	0.8637345505834323	0.13626544941656774
DTXSID7021364	1	0	0.863566633302557	0.1364333666974433
DTXSID7021314	1	1	0.8562373473415578	0.14376265265844215
DTXSID7021493	1	0	0.8637345505834323	0.13626544941656774
DTXSID7021601	1	0	0.8576934625615351	0.14230653743846478
DTXSID7021863	1	0	0.8576934625615351	0.14230653743846478
DTXSID7021784	1	1	0.8468617732525016	0.15313822674749844
DTXSID7021869	1	0	0.8637345505834323	0.13626544941656774
DTXSID7022093	1	0	0.8525095892592344	0.1474904107407657
DTXSID7022049	1	0	0.8465469544180078	0.1534530455819922
DTXSID7022411	0	0	0.8926610142161845	0.10733898578381555
DTXSID7022546	1	0	0.8576934625615351	0.14230653743846478
DTXSID7022415	1	0	0.857100529860367	0.14289947013963317
DTXSID7022172	0	0	0.8861440864402343	0.11385591355976551
DTXSID7022912	0	0	0.8929211930266612	0.10707880697333877
DTXSID7023019	1	0	0.8384926961399646	0.16150730386003548
DTXSID7023063	1	0	0.8288842507944061	0.1711157492055938
DTXSID7023067	1	1	0.8451206684598077	0.1548793315401922
DTXSID7022704	1	0	0.8667236971815326	0.13327630281846756
DTXSID7022833	1	0	0.8545780055115137	0.14542199448848647
DTXSID7023148	1	0	0.03879925849025302	0.961200741509747
DTXSID7023930	1	0	0.845703081706011	0.1542969182939889
DTXSID7023980	0	0	0.871571551924736	0.12842844807526388
DTXSID7024247	1	0	0.8562373473415578	0.14376265265844215
DTXSID7024166	1	0	0.8637345505834323	0.13626544941656774
DTXSID7024370	1	0	0.8625148730399825	0.13748512696001733
DTXSID7024455	1	0	0.8540278376662036	0.14597216233379653
DTXSID7024661	1	0	0.8641506373813305	0.1358493626186695
DTXSID7024320	1	0	0.8562373473415578	0.14376265265844215
DTXSID7024798	1	0	0.8576934625615351	0.14230653743846478
DTXSID7024956	1	1	0.8486274140049178	0.15137258599508216
DTXSID7024952	1	0	0.8570123985820801	0.14298760141791972
DTXSID7025001	1	0	0.863566633302557	0.1364333666974433
DTXSID7024902	1	1	0.8608885226862318	0.13911147731376802
DTXSID7025053	1	0	0.7406100165152396	0.25938998348476033
DTXSID7025269	0	0	0.8716304669824755	0.12836953301752485
DTXSID7025427	1	0	0.8576934625615351	0.14230653743846478
DTXSID7025429	1	0	0.8079952044274733	0.19200479557252673
DTXSID7025479	1	0	0.8681892272170458	0.13181077278295414
DTXSID7025502	0	0	0.880062649025215	0.11993735097478501
DTXSID7025895	1	0	0.8300965338058272	0.16990346619417282
DTXSID7026102	0	0	0.8742772640751659	0.12572273592483402
DTXSID7026231	1	0	0.856062855161118	0.14393714483888193
DTXSID7026156	1	0	0.8552627456407176	0.1447372543592824
DTXSID7026029	1	0	0.855767798877341	0.144232201122659
DTXSID7026441	1	0	0.8416517901199665	0.15834820988003345
DTXSID7026366	1	0	0.8637345505834323	0.13626544941656774
DTXSID7027041	1	1	0.8625148730399825	0.13748512696001733
DTXSID7026946	0	0	0.880062649025215	0.11993735097478501
DTXSID7027259	1	0	0.7288520555112166	0.27114794448878304
DTXSID7027546	1	0	0.8707729340177913	0.12922706598220882
DTXSID7027594	0	0	0.8774227366836597	0.12257726331634043
DTXSID7027467	1	0	0.8642172550965528	0.13578274490344727
DTXSID7027833	1	0	0.863566633302557	0.1364333666974433
DTXSID7028011	1	0	0.8562373473415578	0.14376265265844215
DTXSID7029110	1	0	0.8456021674375948	0.15439783256240536
DTXSID7029162	1	0	0.8529179914328383	0.14708200856716153
DTXSID7029241	1	1	0.856062855161118	0.14393714483888193
DTXSID7029661	1	0	0.8625148730399825	0.13748512696001733
DTXSID7029247	1	0	0.8637345505834323	0.13626544941656774
DTXSID7029904	1	0	0.8412856876422555	0.15871431235774422
DTXSID7030060	1	0	0.8576934625615351	0.14230653743846478
DTXSID7030307	0	0	0.8810959567901253	0.11890404320987456
DTXSID7032474	1	0	0.8637557473610487	0.13624425263895137
DTXSID7035272	1	0	0.8033159475409751	0.19668405245902484
DTXSID7037551	1	0	0.863566633302557	0.1364333666974433
DTXSID7040283	0	1	0.8761571308380114	0.12384286916198861
DTXSID7038818	1	0	0.8624303578388366	0.1375696421611634
DTXSID7038864	1	1	0.8562373473415578	0.14376265265844215
DTXSID7040657	1	0	0.8463789811544276	0.1536210188455725
DTXSID7040990	1	1	0.8456692422411083	0.15433075775889163
DTXSID7041413	0	0	0.8802272643664354	0.11977273563356464
DTXSID7041336	1	0	0.8562373473415578	0.14376265265844215
DTXSID7041411	1	1	0.8655921726926554	0.13440782730734474
DTXSID7041544	0	0	0.8776992841757585	0.12230071582424151
DTXSID7041461	1	1	0.8576934625615351	0.14230653743846478
DTXSID7041467	0	0	0.8795450182176965	0.12045498178230361
DTXSID7041623	1	0	0.8468617732525016	0.15313822674749844
DTXSID7042140	1	0	0.856062855161118	0.14393714483888193
DTXSID7042065	0	0	0.8812650925356588	0.11873490746434094
DTXSID7042437	1	0	0.03354787040141364	0.9664521295985863
DTXSID7044394	0	0	0.874477110073647	0.1255228899263531
DTXSID7044342	1	0	0.8464288652778513	0.15357113472214873
DTXSID7044346	1	0	0.022517206516290664	0.9774827934837093
DTXSID7044398	1	0	0.8676444940696099	0.13235550593039003
DTXSID7044558	0	1	0.9014040592405705	0.09859594075942937
DTXSID7044631	1	0	0.5463062559726811	0.453693744027319
DTXSID7044710	1	0	0.8637345505834323	0.13626544941656774
DTXSID7044716	1	0	0.8608885226862318	0.13911147731376802
DTXSID7044899	1	0	0.8625148730399825	0.13748512696001733
DTXSID7044922	1	0	0.8608885226862318	0.13911147731376802
DTXSID7044895	0	0	0.883339613789549	0.11666038621045112
DTXSID7045029	1	0	0.85188401293119	0.14811598706880982
DTXSID7045946	1	0	0.8160343201046305	0.18396567989536938
DTXSID7045996	1	0	0.8466568417197889	0.1533431582802112
DTXSID7046128	1	0	0.8562373473415578	0.14376265265844215
DTXSID7046332	1	0	0.8554863757871809	0.14451362421281927
DTXSID7046041	1	0	0.856062855161118	0.14393714483888193
DTXSID7046417	1	0	0.856062855161118	0.14393714483888193
DTXSID7047306	0	0	0.8750250603895307	0.12497493961046943
DTXSID7047693	1	0	0.8560792969864516	0.1439207030135486
DTXSID7047930	1	0	0.10597120531543608	0.8940287946845639
DTXSID7047801	0	0	0.8734052730298958	0.12659472697010435
DTXSID7048871	1	0	0.8018231927035988	0.198176807296401
DTXSID7049261	1	1	0.8555711779794358	0.1444288220205642
DTXSID7049263	1	0	0.5	0.5
DTXSID7049340	1	0	0.8502478065030031	0.149752193496997
DTXSID7049267	1	0	0.5	0.5
DTXSID7049429	0	0	0.8728853138433734	0.12711468615662627
DTXSID7049396	1	0	0.8708192089642908	0.12918079103570915
DTXSID7049427	1	0	0.8503350334325149	0.14966496656748518
DTXSID7051557	1	0	0.863566633302557	0.1364333666974433
DTXSID7052284	1	0	0.863566633302557	0.1364333666974433
DTXSID7052101	1	0	0.8303153323014072	0.16968466769859292
DTXSID7052446	1	0	0.8504830184756278	0.14951698152437232
DTXSID7052577	1	0	0.8676824805747747	0.13231751942522538
DTXSID7052654	1	0	0.8638082268056871	0.13619177319431294
DTXSID7052860	1	0	0.863566633302557	0.1364333666974433
DTXSID7057658	1	0	0.8554994567207995	0.14450054327920053
DTXSID7057737	1	0	0.8515237836965025	0.14847621630349728
DTXSID8020040	0	0	0.8812650925356588	0.11873490746434094
DTXSID8020129	0	0	0.8809499758728155	0.1190500241271845
DTXSID8020179	1	0	0.861739908427192	0.13826009157280802
DTXSID8020256	0	0	0.8802272643664354	0.11977273563356464
DTXSID8020468	1	0	0.8570123985820801	0.14298760141791972
DTXSID8020466	1	0	0.8576934625615351	0.14230653743846478
DTXSID8020620	1	0	0.845330906304643	0.1546690936953572
DTXSID8020628	1	0	0.8424208988234876	0.15757910117651253
DTXSID8020838	1	0	0.8628569652624679	0.1371430347375321
DTXSID8020915	1	0	0.8578866446489262	0.1421133553510736
DTXSID8020913	1	0	0.863566633302557	0.1364333666974433
DTXSID8020917	1	1	0.8578866446489262	0.1421133553510736
DTXSID8020919	1	0	0.8238958907585207	0.17610410924147946
DTXSID8021147	1	0	0.863566633302557	0.1364333666974433
DTXSID8021062	1	0	0.8380735957779413	0.16192640422205862
DTXSID8021193	0	0	0.8805725212541703	0.11942747874582976
DTXSID8021222	1	1	0.8703443757099013	0.1296556242900988
DTXSID8021359	0	0	0.8866150453080727	0.11338495469192757
DTXSID8021563	1	0	0.8560841376028561	0.1439158623971442
DTXSID8021278	0	0	0.880357846654073	0.11964215334592714
DTXSID8021777	1	0	0.2319442824252458	0.7680557175747542
DTXSID8021771	1	0	0.8637345505834323	0.13626544941656774
DTXSID8021775	1	0	0.8578866446489262	0.1421133553510736
DTXSID8022080	1	1	0.8562373473415578	0.14376265265844215
DTXSID8022082	1	0	0.863566633302557	0.1364333666974433
DTXSID8021808	1	0	0.863566633302557	0.1364333666974433
DTXSID8022111	1	1	0.027177376914063703	0.9728226230859364
DTXSID8022161	1	1	0.7300176482756606	0.26998235172433943
DTXSID8023476	0	0	0.8917934111319533	0.10820658886804663
DTXSID8023848	1	1	0.863566633302557	0.1364333666974433
DTXSID8023977	1	0	0.8681892272170458	0.13181077278295414
DTXSID8024109	1	0	0.8076229729851574	0.19237702701484272
DTXSID8024153	1	1	0.856062855161118	0.14393714483888193
DTXSID8024234	1	0	0.8356758953161514	0.16432410468384853
DTXSID8024317	1	0	0.8608885226862318	0.13911147731376802
DTXSID8024521	1	0	0.8576934625615351	0.14230653743846478
DTXSID8024993	1	0	0.8495776449883947	0.15042235501160553
DTXSID8025670	1	0	0.8332131634887486	0.16678683651125115
DTXSID8025703	1	1	0.8578866446489262	0.1421133553510736
DTXSID8025967	1	0	0.8625148730399825	0.13748512696001733
DTXSID8026195	1	0	0.8459489912762023	0.15405100872379784
DTXSID8026303	1	1	0.8387883222913927	0.16121167770860742
DTXSID8026305	1	0	0.8414865832881238	0.15851341671187638
DTXSID8026307	1	0	0.863566633302557	0.1364333666974433
DTXSID8026193	1	0	0.863566633302557	0.1364333666974433
DTXSID8026513	1	0	0.8637345505834323	0.13626544941656774
DTXSID8026309	1	0	0.8562373473415578	0.14376265265844215
DTXSID8026640	1	0	0.8608643384396457	0.13913566156035434
DTXSID8026432	1	0	0.8708192089642908	0.12918079103570915
DTXSID8026436	1	0	0.8576934625615351	0.14230653743846478
DTXSID8027032	1	0	0.8576934625615351	0.14230653743846478
DTXSID8027036	1	0	0.8410544110559582	0.15894558894404182
DTXSID8027113	1	0	0.8625148730399825	0.13748512696001733
DTXSID8027163	1	0	0.8576934625615351	0.14230653743846478
DTXSID8027167	1	0	0.8573037979476369	0.142696202052363
DTXSID8027537	1	0	0.856062855161118	0.14393714483888193
DTXSID8027402	1	0	0.856062855161118	0.14393714483888193
DTXSID8027246	0	0	0.8715003070100039	0.12849969298999592
DTXSID8027400	1	0	0.8576934625615351	0.14230653743846478
DTXSID8027747	1	0	0.8576934625615351	0.14230653743846478
DTXSID8027795	0	1	0.877241992160457	0.12275800783954303
DTXSID8027822	0	0	0.8749387140022968	0.1250612859977033
DTXSID8027749	1	0	0.8705546118253716	0.12944538817462833
DTXSID8029317	1	0	0.8625148730399825	0.13748512696001733
DTXSID8029280	1	0	0.042746191012376415	0.9572538089876237
DTXSID8029282	1	1	0.8683559385981588	0.131644061401841
DTXSID8029315	1	0	0.8610630978812632	0.13893690211873666
DTXSID8028008	1	0	0.8360051980047024	0.1639948019952974
DTXSID8029602	1	1	0.8610630978812632	0.13893690211873666
DTXSID8029652	0	0	0.8778762093191509	0.12212379068084893
DTXSID8029739	1	0	0.8576934625615351	0.14230653743846478
DTXSID8031863	1	0	0.8237892817161682	0.1762107182838319
DTXSID8031865	1	0	0.8237892817161682	0.1762107182838319
DTXSID8032627	1	0	0.8554283281882696	0.1445716718117304
DTXSID8032671	1	0	0.8681892272170458	0.13181077278295414
DTXSID8034085	1	1	0.4851306560261799	0.5148693439738202
DTXSID8034376	0	0	0.8921886088874788	0.10781139111252135
DTXSID8034792	1	1	0.8673726008597183	0.1326273991402817
DTXSID8034877	1	0	0.8367503353108133	0.16324966468918686
DTXSID8035186	1	0	0.8637345505834323	0.13626544941656774
DTXSID8035423	1	0	0.8574249511449804	0.1425750488550197
DTXSID8037594	0	0	0.8749508539904387	0.1250491460095613
DTXSID8037708	1	0	0.8096810146621608	0.19031898533783917
DTXSID8037706	1	0	0.8412856876422555	0.15871431235774422
DTXSID8040721	0	0	0.874477110073647	0.1255228899263531
DTXSID8040800	1	0	0.7960706860198834	0.20392931398011657
DTXSID8041248	1	1	0.5547722955049142	0.44522770449508575
DTXSID8041379	1	0	0.8562373473415578	0.14376265265844215
DTXSID8041404	1	0	0.8560841376028561	0.1439158623971442
DTXSID8041400	1	0	0.8214235935162204	0.17857640648377957
DTXSID8041743	1	0	0.8503350334325149	0.14966496656748518
DTXSID8042137	1	1	0.863566633302557	0.1364333666974433
DTXSID8042181	1	0	0.8562373473415578	0.14376265265844215
DTXSID8042187	1	0	0.856627661907308	0.1433723380926917
DTXSID8042210	1	0	0.8424598384488684	0.1575401615511315
DTXSID8043941	1	0	0.8415693330652503	0.15843066693474964
DTXSID8042507	1	0	0.863566633302557	0.1364333666974433
DTXSID8042478	1	1	0.8533769209971969	0.1466230790028033
DTXSID8044389	1	0	0.8582474111497282	0.14175258885027173
DTXSID8044597	1	0	0.856062855161118	0.14393714483888193
DTXSID8044830	0	0	0.8764439326962158	0.1235560673037842
DTXSID8045191	1	0	0.8637345505834323	0.13626544941656774
DTXSID8045567	1	0	0.8488391811641508	0.1511608188358491
DTXSID8045515	1	0	0.8610630978812632	0.13893690211873666
DTXSID8046163	1	0	0.8016013510542341	0.19839864894576578
DTXSID8045987	1	0	0.8608885226862318	0.13911147731376802
DTXSID8046119	1	0	0.8706815090674398	0.12931849093256031
DTXSID8046454	1	0	0.7469161668941526	0.2530838331058473
DTXSID8046799	1	0	0.8525282896321863	0.14747171036781379
DTXSID8046951	1	0	0.8603434126415936	0.13965658735840633
DTXSID8046828	0	0	0.874862748813776	0.12513725118622396
DTXSID8047139	1	0	0.8637345505834323	0.13626544941656774
DTXSID8047135	1	0	0.8681892272170458	0.13181077278295414
DTXSID8047399	1	0	0.8481220480393743	0.15187795196062578
DTXSID8047424	0	0	0.874477110073647	0.1255228899263531
DTXSID8047426	0	0	0.8802272643664354	0.11977273563356464
DTXSID8047428	1	0	0.7426317893961023	0.25736821060389753
DTXSID8047553	1	0	0.8237892817161682	0.1762107182838319
DTXSID8047476	0	0	0.8996924517679774	0.10030754823202245
DTXSID8047682	0	0	0.9099802513482023	0.09001974865179771
DTXSID8047890	1	1	0.8562373473415578	0.14376265265844215
DTXSID8047892	1	0	0.863566633302557	0.1364333666974433
DTXSID8047769	1	0	0.863566633302557	0.1364333666974433
DTXSID8047973	1	1	0.8504830184756278	0.14951698152437232
DTXSID8048818	1	0	0.8455861240670863	0.15441387593291356
DTXSID8048810	1	0	0.8610630978812632	0.13893690211873666
DTXSID8048812	1	0	0.8483695962972433	0.15163040370275654
DTXSID8049204	1	0	0.5	0.5
DTXSID8049256	1	0	0.8377366868565652	0.1622633131434347
DTXSID8049258	1	0	0.5	0.5
DTXSID8049389	1	0	0.5	0.5
DTXSID8051629	0	0	0.874477110073647	0.1255228899263531
DTXSID8057724	1	0	0.8580950560328496	0.14190494396715025
DTXSID8052308	1	0	0.8504830184756278	0.14951698152437232
DTXSID8057641	1	1	0.8279716339347931	0.17202836606520697
DTXSID8052724	1	1	0.8573033392656507	0.1426966607343494
DTXSID8057770	1	0	0.8462427273975476	0.15375727260245223
DTXSID8057778	1	0	0.8475049355676558	0.15249506443234417
DTXSID9020081	1	0	0.8572036030489996	0.14279639695100033
DTXSID9020112	0	0	0.8749508539904387	0.1250491460095613
DTXSID9020249	1	0	0.8498394159692789	0.15016058403072122
DTXSID9020243	1	1	0.849094938455017	0.15090506154498287
DTXSID9020247	1	0	0.8581455103776184	0.14185448962238137
DTXSID9020409	1	1	0.8503350334325149	0.14966496656748518
DTXSID9020376	1	0	0.8653033032227311	0.13469669677726895
DTXSID9020453	0	0	0.8766476419025832	0.12335235809741679
DTXSID9020580	1	0	0.7426317893961023	0.25736821060389753
DTXSID9020538	1	0	0.8300965338058272	0.16990346619417282
DTXSID9021134	1	0	0.863566633302557	0.1364333666974433
DTXSID9020877	1	0	0.8333672998832902	0.16663270011670972
DTXSID9021396	1	0	0.8608885226862318	0.13911147731376802
DTXSID9021398	0	0	0.8775510612645595	0.12244893873544048
DTXSID9021479	1	0	0.8562373473415578	0.14376265265844215
DTXSID9021841	1	0	0.863566633302557	0.1364333666974433
DTXSID9021716	1	1	0.8562373473415578	0.14376265265844215
DTXSID9022360	1	1	0.5709189706213221	0.42908102937867787
DTXSID9022079	0	1	0.874477110073647	0.1255228899263531
DTXSID9023201	1	0	0.850014532303908	0.14998546769609178
DTXSID9024063	1	0	0.863566633302557	0.1364333666974433
DTXSID9024431	1	0	0.8570123985820801	0.14298760141791972
DTXSID9024483	0	1	0.8775510612645595	0.12244893873544048
DTXSID9024489	1	0	0.8445643023279452	0.15543569767205487
DTXSID9024512	1	0	0.8312340404642341	0.16876595953576595
DTXSID9024930	1	0	0.8562373473415578	0.14376265265844215
DTXSID9024934	1	0	0.8544216450742674	0.14557835492573265
DTXSID9025114	1	1	0.8112210748909188	0.18877892510908106
DTXSID9025110	1	0	0.8576934625615351	0.14230653743846478
DTXSID9025037	1	0	0.856062855161118	0.14393714483888193
DTXSID9025085	1	0	0.8625148730399825	0.13748512696001733
DTXSID9025035	1	0	0.8332131634887486	0.16678683651125115
DTXSID9025588	1	0	0.8562373473415578	0.14376265265844215
DTXSID9025665	1	0	0.8637345505834323	0.13626544941656774
DTXSID9026766	1	0	0.8576934625615351	0.14230653743846478
DTXSID9026500	1	0	0.8674901134307812	0.13250988656921878
DTXSID9027314	1	0	0.8409942918832031	0.15900570811679687
DTXSID9026974	1	1	0.8565132155438766	0.14348678445612337
DTXSID9027522	1	0	0.8408881653454198	0.15911183465458012
DTXSID9028120	1	0	0.8576934625615351	0.14230653743846478
DTXSID9029223	1	0	0.8610630978812632	0.13893690211873666
DTXSID9029649	1	0	0.856062855161118	0.14393714483888193
DTXSID9032327	1	0	0.8498394159692789	0.15016058403072122
DTXSID9032581	1	0	0.856062855161118	0.14393714483888193
DTXSID9033264	1	0	0.8576934625615351	0.14230653743846478
DTXSID9034361	1	0	0.17794959081269174	0.8220504091873083
DTXSID9034286	1	0	0.8235936057605832	0.1764063942394169
DTXSID9033923	1	0	0.8304899076547353	0.1695100923452647
DTXSID9037745	1	0	0.8610691451071635	0.13893085489283633
DTXSID9037741	1	0	0.863566633302557	0.1364333666974433
DTXSID9037616	1	0	0.8608885226862318	0.13911147731376802
DTXSID9037539	1	0	0.03879925849025302	0.961200741509747
DTXSID9040714	1	0	0.8562373473415578	0.14376265265844215
DTXSID9041237	1	0	0.8603271889347152	0.13967281106528504
DTXSID9040716	0	0	0.8939007336508172	0.10609926634918292
DTXSID9041368	1	0	0.8494553173745485	0.15054468262545143
DTXSID9041520	1	0	0.8688429344769146	0.13115706552308531
DTXSID9041653	1	0	0.8562373473415578	0.14376265265844215
DTXSID9044370	1	0	0.863566633302557	0.1364333666974433
DTXSID9044320	1	0	0.8570123985820801	0.14298760141791972
DTXSID9044459	1	1	0.8616539419106664	0.1383460580893337
DTXSID9044407	1	0	0.8562373473415578	0.14376265265844215
DTXSID9044374	1	0	0.8637345505834323	0.13626544941656774
DTXSID9044619	1	0	0.856627661907308	0.1433723380926917
DTXSID9044617	1	0	0.8424208988234876	0.15757910117651253
DTXSID9044667	1	0	0.8576934625615351	0.14230653743846478
DTXSID9044790	1	0	0.8199217002047642	0.1800782997952358
DTXSID9044871	0	0	0.8884174368689586	0.11158256313104141
DTXSID9044877	1	0	0.8150574350437332	0.1849425649562668
DTXSID9044879	1	0	0.8576934625615351	0.14230653743846478
DTXSID9044825	1	0	0.856062855161118	0.14393714483888193
DTXSID9045003	1	0	0.7674808439275639	0.23251915607243626
DTXSID9045891	1	0	0.8625148730399825	0.13748512696001733
DTXSID9045897	0	0	0.8802766338257146	0.11972336617428518
DTXSID9045762	1	0	0.8503350334325149	0.14966496656748518
DTXSID9045847	1	0	0.8562373473415578	0.14376265265844215
DTXSID9046150	1	0	0.8490216003894946	0.15097839961050535
DTXSID9046071	1	0	0.8499721029016142	0.15002789709838574
DTXSID9046445	1	1	0.8637345505834323	0.13626544941656774
DTXSID9046443	1	1	0.8620299669292161	0.1379700330707841
DTXSID9046572	1	0	0.8576934625615351	0.14230653743846478
DTXSID9046734	0	0	0.874477110073647	0.1255228899263531
DTXSID9046994	1	0	0.8576934625615351	0.14230653743846478
DTXSID9046942	1	0	0.5404398997672314	0.45956010023276855
DTXSID9046946	0	0	0.8940005121248463	0.10599948787515341
DTXSID9047255	1	0	0.5102986402224133	0.48970135977758683
DTXSID9047120	1	0	0.8562373473415578	0.14376265265844215
DTXSID9047417	0	0	0.874477110073647	0.1255228899263531
DTXSID9047463	0	0	0.8968601134379044	0.10313988656209577
DTXSID9047415	1	0	0.8398319656899146	0.16016803431008542
DTXSID9047592	1	1	0.8474772666311825	0.15252273336881764
DTXSID9047673	1	0	0.8637334090695674	0.13626659093043259
DTXSID9047675	1	0	0.8588643590827124	0.14113564091728759
DTXSID9047704	1	0	0.8637334090695674	0.13626659093043259
DTXSID9047881	1	0	0.856062855161118	0.14393714483888193
DTXSID9047839	1	1	0.851086900085017	0.1489130999149833
DTXSID9048196	1	0	0.8434111132114525	0.15658888678854774
DTXSID9048518	1	0	0.8418406657541794	0.15815933424582068
DTXSID9048805	1	0	0.8683559385981588	0.131644061401841
DTXSID9048801	1	0	0.8539032859936604	0.14609671400633972
DTXSID9048647	0	0	0.8758564917505995	0.12414350824940033
DTXSID9049035	1	0	0.8367575760055742	0.1632424239944257
DTXSID9048855	1	0	0.8608885226862318	0.13911147731376802
DTXSID9049243	1	0	0.8343061835451276	0.16569381645487252
DTXSID9049245	1	1	0.8503350334325149	0.14966496656748518
DTXSID9049247	1	0	0.10597120531543608	0.8940287946845639
DTXSID9051454	0	0	0.8719446053746969	0.128055394625303
DTXSID9049403	1	0	0.863566633302557	0.1364333666974433
DTXSID9049409	0	0	0.874477110073647	0.1255228899263531
DTXSID9051618	1	0	0.867017742436586	0.1329822575634141
DTXSID9057769	1	0	0.8300965338058272	0.16990346619417282
DTXSID9057898	1	0	0.8406727426018964	0.1593272573981034
DTXSID9058654	1	1	0.8372639948830694	0.16273600511693062
DTXSID9057717	1	0	0.8442331274954203	0.15576687250457966
DTXSID9057767	1	0	0.1777309717089241	0.8222690282910757
