compound	PC1	PC2	PC3	PC4	PC5	PC6	PC7	PC8	PC9	PC10	PC11	PC12	PC13	PC14	PC15	PC16	PC17	PC18	PC19	PC20	PC21	PC22	PC23	PC24	PC25	PC26	PC27	PC28	PC29	PC30	PC31	PC32	PC33	PC34	PC35	PC36	PC37	PC38	PC39	PC40	PC41	PC42	PC43	PC44	PC45	PC46	PC47	PC48	PC49	PC50	PC51	PC52	PC53	PC54	PC55	PC56	PC57	PC58	PC59	PC60	PC61	PC62	PC63	PC64	PC65	PC66	PC67	PC68	PC69	PC70	PC71	PC72	PC73	PC74	PC75	PC76	PC77	PC78	PC79	PC80	PC81	PC82	PC83	PC84	PC85	PC86	PC87	PC88	PC89	PC90	PC91	PC92	PC93	PC94	PC95	PC96	PC97	PC98	PC99	PC100
DTXSID0020105	-4.575792523993001	13.193266948193891	-0.7553963460832601	1.7662185617624346	-7.748425270047245	7.001678580072028	11.095499262066786	-0.07222907398570798	-6.263116248981348	1.8113280585591116	-3.088277067577577	-0.15912257060245397	3.020443693659736	-2.9904129115701785	-1.6353247778376299	2.070685415801248	-3.8314626374997403	-5.380993363478289	-3.0088051643403926	1.155026757428885	0.7440887375871211	-2.798831121459414	0.16447620287425907	-2.177936916145471	-0.714592053914739	0.4914630197842061	-3.6229868399202605	-0.4164980923720465	-1.345845242674984	1.2055956279826658	0.02035636850378964	0.6023593351771518	-0.10441461010807526	-1.2735796990258226	-1.8033472511546653	0.3865668125399649	0.4072217222005288	1.1880398315193312	0.4948239760100236	-0.048695365876288026	-0.44813247982993587	-1.7614949907958362	0.07947708236808053	-1.9479662407263987	0.9281089695128408	-1.0394775222268433	-0.2782883878835716	0.5574186665484763	-0.7041322871917469	2.1240842942527314	0.8039969802465926	1.1664514593540294	-1.2830851613283865	-0.9246424841918939	-1.271781781584615	1.0474538881285123	-0.3491957018855677	0.6501954051086155	0.792557134083418	0.2138667870651267	0.3012628848461738	0.5254478012299736	-0.887029919300942	-0.10501504409819773	-0.5918530053333424	-1.2659081717601721	-1.1478680392702576	0.4713381507391797	0.14455232296484363	0.1992406832222494	-0.3980270383683528	-0.4541986580735061	0.6193820898958486	0.7782326590974317	0.11200976110969177	-0.8156806209148135	0.203087561012131	0.6800743230005776	-0.638155812600928	-1.0641518510192913	-1.180087033836184	-0.62351470568088	0.5805708640691015	0.9280440169857869	0.3559854664049023	0.05090108206613781	-0.5137426547384257	-1.7151455654481194	-0.7728622760531171	-0.2985529220337724	0.5943990244769762	-0.4308971972488636	0.18365642552669065	0.586255225230701	-0.5960108767718659	0.17941293347512033	0.704701762078986	-0.18766896860485605	-0.47660712044546416	0.2273031839127472
DTXSID0020022	11.98072945888152	9.0872644340734	-10.31970111559244	-2.6734703357110403	-12.166866744600405	4.958439786378932	-6.412689760303111	-6.128275424356794	3.362471384671367	4.44172352602282	0.5121194014642737	-1.5815899640475668	-1.1934172811156427	3.5956902739924974	0.40281567977379823	1.7603710944312747	0.9795317077471137	-0.13266605101876383	-1.5479026187693194	-0.30327547015696377	-1.3246346388149972	0.32011246232825713	-1.286141271083069	-0.3688466933807585	1.2885572268381518	-1.281660852637104	2.486872708784462	1.198753185932655	-1.5964629127460033	0.6591183845386553	-0.4362725106825294	1.9543167999354707	-1.5129309494223206	2.4531064358961405	-1.1958280799337948	-1.0056059410251659	0.07760917607404424	0.26432432545001344	-0.9454580593342977	-0.2788663170862829	-0.2740171153176851	1.7221178836617725	-1.7173622031258144	-1.5051330341943159	-0.9313073871074469	0.20095548754750076	1.147899402682006	-1.0234351572074967	0.40825295780220106	0.009932812873113584	-1.1535492005844503	-0.8801551217531526	0.21782320974762015	-1.2182356817350837	0.1033649125535158	-1.9931174428003897	-1.8339048093812012	0.11217415155878344	0.915096277763824	0.3310252683393131	-0.256420995222824	0.10541399690039424	0.3265261853606205	-0.514395320837997	0.761183695306627	-1.2633390702800187	0.300178233171472	-0.4965134366433122	0.6527454355296332	-0.47254750096811987	-1.3507488580844822	-0.17229237997953514	-1.518116233207827	-0.7706262392532334	0.8127440068518476	0.3855117250947448	-0.4839805651556815	-0.45936889997022073	1.1015620251814071	0.6621253311563303	1.0172260308142773	-0.24628897787381823	0.4302068269182524	0.6598998671654212	-0.5534679772607468	-0.7215026858344185	0.3449056907681187	0.817902352766456	0.1612860826424884	0.7184171216480569	0.8224935228615442	-0.9709591565302157	0.7658680818898477	0.5626562245864359	-0.735012965559469	-0.8252626844026354	0.5477219751974975	-0.5505499665806431	1.1259485910813856	0.6150521283848052
DTXSID0020286	-10.906605451641674	-10.22206187957811	-9.295892231426453	-7.712884276960636	2.9273640689036364	4.820572346955949	-0.08048217064110302	6.937198745055558	4.831645782559904	6.871860391738259	1.405638707683651	0.3921928567739773	-7.204157658394844	-5.182026044126015	0.10618100693353033	-2.5490981401867407	-1.235239854936864	-0.10771771904841304	-0.39442012178770935	-1.9894248319851728	0.39690714002084365	-0.008176726540265526	-2.27239934213838	-1.3596051411772672	-2.172273423278382	-0.37304718222010946	0.46238079563056245	-0.07557502190506302	0.0005893559811670232	-0.040798842351597156	-0.819325497468431	-0.4072197769325685	0.8181214616144991	0.09625054860186331	-0.6989539442019667	-1.6164667546394091	0.07153541455650758	-1.3686185865425775	-0.8146781200396968	0.17977914482355994	0.12180446969117194	-0.9598716819182215	-0.6826020800326154	0.4562287252772158	0.3144000927930568	-0.7912718983652066	-0.09694475068761794	-2.163603994465392	-0.7628591229325401	0.06013381512270517	-0.011891104701689036	-0.12394753585446681	-1.1911589856481795	1.0822106615609073	0.05543337052564575	-0.6605083133739619	-0.8194067050981275	1.4642590990019921	0.5604979979073328	-0.3093236624144894	0.40174648951339054	-0.798884229790205	-0.5368942791962676	1.3079373379007986	1.8070659070103559	0.5826913094792973	0.24475620176832047	0.9665946257103428	0.5839855622716165	-0.2892227083573887	-1.234867403444849	-0.48073835745569393	-0.14005879731387805	-1.2262365474315444	-1.1296760740343421	-0.3874987505901805	-0.2881313837195677	-0.5582921888136048	-0.31878205896652295	1.339677750765548	0.548814386589376	-0.35547487730130406	-0.2139737065165954	-0.20928278474689802	0.4532293806874714	0.6061386416052711	-0.8176145489222049	-0.3924054961077331	-1.0334537770620935	1.0558662813594142	-0.5617162766425121	0.8875509639589769	-0.22732906090148075	0.16147224038693578	-0.21437502665154223	0.9635770349499251	0.5686367977321561	0.6963005690262225	-0.045245932126146075	-0.78451718488964
DTXSID0020311	-0.051938124126736186	4.030285498261967	-13.2168104513125	3.913679721141202	11.979433413663038	-0.42707241032691523	-0.4630660068598715	1.9293508905091452	1.9572547975663215	4.482882478049434	-2.8901673820247016	0.28604378133959923	0.6054228889721136	1.9236988482907837	-5.781345446038236	0.6305642872236552	-1.1997538787563826	1.2937945527227612	-0.7736862285317827	-0.012346909524152566	1.0300880359662838	-1.8730092524068052	-0.9094011116429223	0.26740000180257056	1.6018691692892273	2.330125322443325	-1.3004193707656515	2.9218069312868127	1.8099806894907768	-1.4615631420254296	2.535301187443502	0.059555361371000246	-2.222065050721369	1.811398967476507	0.3156205210406137	2.3459229409840843	-0.8839562110592302	-0.5331525632752702	0.8141405065312693	-0.483874849215903	-0.5917665647267937	1.1756031751178861	0.6258846204833788	0.5126692183417689	2.668878359573479	1.062338530820779	0.292289373061908	0.2722194816315397	-0.24793272131113078	1.614994425488058	1.1000210517669116	1.208345914058635	1.514869457918846	0.6336379468949092	-0.7482580374909455	0.6353860629691876	0.3085744640565017	-0.30986076468455825	-0.010803185782094684	-0.5939353146006795	0.20330745649315823	0.2807142486473057	0.2601464540481135	0.06918730999881162	-1.0211362587075528	0.5434823454425248	-1.2303008612857733	1.9926736042297877	1.208106094457172	-0.37008169284242903	-0.42474578386839945	0.9266019583148362	0.9961634291329806	-0.5475227221080032	-0.731930040545003	-0.21263047191764525	0.16063166135251655	0.6453757054794798	0.8417042813804828	0.8020643400079307	1.0262526753880588	0.18331529329016652	-0.07292595739230509	0.3759067734049221	-0.01549438557638349	0.09347364921406405	0.6442559651264734	-0.2573457135941369	-0.0715236933730692	1.176715358203395	-0.14849973542744396	1.0948106523060788	1.1367132133568172	-0.8917442261355574	0.42991965929697834	-0.16068034825202748	1.0106230339892213	-0.3721295453456418	-0.30029272434386567	-0.7538881478314426
DTXSID0020319	-1.024737892362495	-2.688747906888319	-7.859674121276928	-14.567382170694383	9.858366843321882	5.815140224722381	-3.970635702485165	0.667477198040122	5.271620384335205	6.941935981422309	-4.218388583177091	6.57029522301193	-0.9969904768425357	-5.514697780220822	-0.14355413621916605	-0.20717033646079638	2.288628023033223	-0.39522449069012106	0.5228470737516296	-0.7181182300528817	-3.3204894616211464	2.844605018346817	-2.220834380671638	2.533516815785513	-0.3556078598631646	0.02857464825618653	0.7215691649017905	-2.596515334810338	-0.6043167856679639	0.8137173487630882	-2.36676852006082	0.49983404620262645	-0.4480394087607472	-0.2650053801192783	-1.9081901039315654	-2.5266038569276676	-1.4248503779101815	-1.2927804465470614	-0.6597627986204295	-0.21106512039257969	0.5736272671561029	-0.1745553041392458	1.8185936026220095	0.7279362910245755	-2.2992819014047203	1.0017375482006865	1.8485391307107348	0.7753672402195025	-0.4552320411596689	-0.02339846252953971	0.15233371971215512	-1.4605811618770013	0.6850174035881818	0.2528259254470814	0.02023989077259549	0.49517619827766957	1.3930701222991937	0.6801007434126458	0.7829470431958251	-1.0304568955525477	-1.0708451823135068	0.2849453687056611	-0.4125683824755767	2.069016687443138	0.8709053106966917	-1.659057830250699	1.092285273629147	0.7683219553398747	0.6308870089082498	0.199092654649215	-0.35348141080606704	1.050328257274542	-0.4558203517516255	-1.3593123744723532	0.8835229515810985	0.6962890353665343	0.9224245909174438	-0.7497253369902043	-0.813801074990771	-0.18156198713561225	0.693142383046877	1.562427029033826	0.13684700563792265	1.6027609824427682	0.15778200156665223	0.9994550736926588	0.6559825400875781	-1.0858472321359158	-0.2461772371607461	-0.02390018085160386	-0.7533443586041112	0.180818859154846	-1.5577489674487115	-0.367176306974925	-0.6384274199887953	-0.21574193083320686	0.8845830534186648	0.3784839802071079	0.7477211243588743	0.20222684358547874
DTXSID0020494	-12.555033992301023	11.874556204913741	2.3741241609399646	-6.196264207147706	2.381853191005927	-6.39737979641289	-1.6828126313271667	-3.6098600160240037	-6.477657899377897	-5.329464362005069	5.897197850726892	-1.8564478421944761	3.374555176923602	-0.00488817782123869	-0.5329493438785172	-2.7321494765309495	0.9195363883687641	1.4319212576112967	-0.33884296854962154	-1.1552249541362851	-0.30554901310593213	1.3251053692243775	0.9044051099636556	-1.9700001919086914	0.8115410404620472	0.300197748523963	1.2690964957526458	1.255704333867356	-0.7232528744491413	1.1781983406635024	-0.7123877587693329	0.8570615166166237	-2.2528329456841174	0.525976415352777	-1.26495495243613	0.8459686826697874	-0.061051517543444955	0.80605171542414	-1.0806173008934308	-1.247963616688629	-0.9883501403998426	-0.10669635619575019	0.46529612390768693	0.8571929212015157	-0.7358907259802864	0.9602934794940481	-1.6089961413420366	1.3874774513895294	1.3104126356685755	-0.7214498280411018	-0.4644791103846106	0.604318212972404	-0.5788316664866311	-0.308871801331514	-0.8430164962035713	0.24066706549048938	0.8146413494610619	-0.24908254008470884	1.3049470631815003	-0.4884545619834602	-0.006506139028471789	1.1362910060656393	-1.006595849736414	-0.16279215166561317	1.165573128649318	-0.9424721796623976	-0.37674787518384956	-0.44174771749989683	-0.6673878243384124	0.5995250241395625	1.7061748658529237	-0.8391860134386011	1.2174853699235253	-0.5358066587502864	0.5608063270756253	0.10145480043578167	0.539196439047381	-0.23365114702799328	-0.3660248772463656	-0.21389334959957887	0.8396270135387961	-0.3533972147072089	0.8677891919854963	0.5119391621138748	0.05529586341065957	0.2610120574542502	0.914663353666084	1.169709552366631	-0.798979695934156	-0.4520914812569271	0.5263024307592123	0.9685653202368851	0.30823904708473226	0.2851592155739204	0.07706305835024665	-0.07425066780883859	-0.590762260435871	0.7002382175810495	-0.20961347493180166	-0.4209545731871727
DTXSID0020446	1.0010780928369865	3.773856894812504	-12.216037737037455	-3.8854822092701005	13.515040525117982	0.6784594403865584	-0.3366656664219175	-0.434184482566316	3.187410758904766	7.036253091571636	-5.05010938346478	3.4878847878886727	2.6171493967668615	0.6433854709457073	-4.8903520156357425	0.5945402724213316	-0.2176041856377351	2.1599590263272983	0.012327946535727188	0.23340008691408085	-0.08304941212762058	-0.15278356754604291	-0.7588299479884565	0.3497706539444831	0.010260220791596017	2.764417510388865	0.4242701017713996	-0.16527761109276565	1.118438663688826	-0.7591566805246436	2.2012183799554776	0.756382424863139	-2.430877972973623	0.11041690161891503	0.9738734865136202	-1.2918956481547286	-2.1213530100689093	-0.2791232475110082	-0.5257878215318847	0.3782409136750201	1.0785908707384535	1.1852019646410554	-0.08940767087426628	0.2881834615472828	0.6452684903865082	0.12857731462057792	-2.214803727785239	1.1957787453482434	-0.7124985969842321	0.47130168107291576	1.2242051006854735	0.7098640121037681	0.32664461361188685	0.7071690933712286	-0.070534087851956	1.7184016088423772	0.21383755582367955	-0.020022838186887357	-2.8643434246316493	-0.25042007118694226	0.38412869537448435	-0.4610622651783241	1.6790385337697893	-0.15866260120888287	-0.820404105973267	0.17283049934888	-1.304718936787392	0.8478263305181589	0.5049079153602918	0.41418332045955814	0.13657183371129544	0.833042003456258	0.14273841558202377	0.1769995423298278	1.0166385076126796	-0.9081135480243072	0.3588074942232212	0.3383174164443489	-0.1324482388065254	1.238768784253995	0.3880576643454216	0.5720504408687767	-1.1125767477622297	-0.18831641001444477	-0.4883270346922606	-1.3497665466723046	0.3030042331252026	-0.04177679363192106	-1.557139288241344	0.6712294210352466	0.19885126007216283	0.7321460619619711	0.4720246433512175	0.10506726836552296	0.6590297463993373	-0.44831269511736044	1.2790129673679234	0.7077734548999465	0.28164303450830813	0.5276959627775821
DTXSID0020498	-3.4216870520984077	4.018236020316749	-4.110193207886233	15.422956441527297	6.32908133651417	-8.409084117587618	-2.649267883057382	-6.905904509614666	0.7035954084704861	-0.5133784736986613	0.9094703272357278	-1.2695029921193892	-3.2958588226391248	-3.592045364678001	-3.781582052992699	-1.8083145484474257	1.1462732945651335	-0.6839350767357076	2.1406916505891083	2.793739326800269	-2.7588374441212666	-1.508881392765384	3.1197059522984962	0.7973550758604518	-1.9012277721028696	-1.9298701911430958	1.1040142894780105	0.9221000320885139	0.37293541132906033	-0.4176169206090634	-2.050273867155104	1.790577350493379	1.2034134032263248	0.39360381241085585	-0.7641153757238103	-0.506445081741329	-1.063163169464882	-0.34077154622107597	-0.09231517729811863	-0.9511260954333394	0.7807828463475317	-0.30248772635093985	1.6686677090043696	0.3171752011210755	-0.11724948216445163	0.3137949645314759	0.6643857601832711	0.2381453323970267	-0.7017753953574748	-0.23625757996137592	-0.4155493994002161	1.0526396154911613	-0.18968763756214668	-0.13404672030995995	-0.7014519149048987	0.5980789004761713	-0.7909938804315109	0.7346052577289184	-0.8624980603316069	0.21496130420413703	-0.3988548855634867	1.1188235524316856	-1.3230855285420913	0.09938212678088092	0.1305597524962459	0.8129582893241931	-0.9460514043617382	1.6532123738970395	0.39421420408826596	0.934051800796066	0.32089154328713115	-0.8725051569529557	0.9327965636738721	1.3148334669277666	0.23910738370730092	1.116931648904083	0.42191270146685766	-0.8687642112266833	0.8309160736874877	0.6074581923724358	-0.22421591379436806	-1.6698656354772432	0.9364103624183839	-0.5572939824192003	-0.2669416126710498	0.6358716429854141	-0.8456925316865427	0.4036378186830456	-0.6092398079420998	0.6899918308660754	0.1502327621166847	-0.13276734654374303	-0.9420604679552611	-0.05259069236836985	0.9695538645696778	0.20348471298030069	-0.579370738135869	-0.8550821935907794	-1.1867438927568137	0.24583207691989276
DTXSID0020523	1.0673718676200261	8.380791799999479	-8.477890989483644	-0.44405276929668497	-17.182445134837735	7.333201373154268	-8.711048840378757	-0.5395637175354939	-5.563294657119933	2.1421276549576755	-4.606086650819931	-1.1539109416547324	-0.7242993068489824	0.15572828038581216	0.09345917988188966	1.533564636100996	3.7106355817854313	0.12037108536694752	-0.6587706160060512	-0.4183316857947998	-0.8541293037629315	-0.7015864051251312	0.4463544767877385	0.19620613510821086	1.544961332924315	0.4154555516210419	-1.6501901330707418	-0.37987284116126824	1.0060664813326394	0.6911926089673568	1.1904297874471212	0.11379654685770853	1.3074943074201975	0.7022313201694338	-0.8360287039079922	-0.18216972632952091	-0.09342210082305885	0.6846555237446712	0.15345557280202787	-1.5892238700494334	-0.011394772236298461	0.4637378593571365	-0.13204040800220085	0.3266667927259959	-0.8223667458223716	2.690919075263751	0.6411027999487621	-1.6646945637757204	0.4669494255955438	0.12928584118930392	-2.50454939189082	0.6926441923689688	-1.1859867343866695	0.669552189839249	1.251211127739384	-1.6061465013657887	0.010169312129057737	1.0862037009731278	1.1702457181694204	0.2897569839358279	1.2808410839680882	0.24564109524474803	-0.965133083453099	0.5566662223158757	0.43833657940607795	1.2200542005685786	0.703492389718567	-0.8042000184610043	0.0946909537771025	0.6464310349693444	0.12174218812955971	0.2756111532162038	-0.6361166465245537	-7.65391181529404e-05	-0.18739423157666166	-0.5567757170551755	0.12873333439675116	-0.5263952497122104	-0.045186294045524496	1.197841085196584	1.494431730404136	-0.770201131683861	0.18748754921023406	0.6147182782044053	0.23100051154722456	-0.8201279990343744	-0.5211187145031548	-0.1442315686607355	0.6008771659586025	-0.6992542290484942	-0.8129027253163118	0.6412566924586881	-0.14598700217203286	0.5309995677737028	0.16917955724734945	0.5696919670649828	0.1605602547503217	0.34951675518264347	-0.2227678487712375	-0.357031302797778
DTXSID0020529	-2.3450256818469866	8.300075536668121	-7.220178785315801	0.7364932868664107	-15.74291821538094	8.97173370604689	-13.13017499153609	3.343482249685335	-3.004237642496622	0.7971088182554682	-2.435328578149877	-1.5859839247910616	-3.292484039460569	-0.9270246799966669	-1.3758983318436908	2.775867016235079	1.9216059272233903	-0.15602835332228904	-1.2589551401924817	-0.12978985327964673	0.5072478171078003	0.52061009289679	0.9134830156332989	0.6891109345769068	0.9327649564775126	-0.046735821950317856	-0.9813053339883544	0.04132153585075469	2.043465715761127	0.1924820618898821	0.5168745754165927	-1.302314702450542	-0.6545563065138374	-1.2157506895232495	0.8137086324295056	0.8993281761148969	-1.158307918309778	-0.015703772373992748	-0.4017962269419583	-0.05251127585830633	-1.1469257022263228	1.4132257791214338	0.057799145708179823	1.0248668287726606	-0.11125809206980397	-0.8784607468375415	-0.7100747420269997	-0.03546168904629561	0.04625249964293783	-0.28210248122040543	1.1214746406745784	0.6792816559301328	0.5943518102551261	0.4821041230847741	0.4287053004264823	0.7410911662975562	0.06343221461438704	-0.04822078312805042	-0.6181086639460451	-0.5767089958083554	-0.15572485226729396	0.8624630446573653	-0.27471791280008745	0.5927512451164959	-1.0521681531637632	-0.06998350400214544	0.9646808145062253	-0.7446546896270678	-0.6625287968468482	0.020114156112428363	0.036705948127933145	-0.04233870433995608	-0.040918430775458745	0.5405010455542971	-0.8822644987298869	-0.397900948299088	-0.05382098034395123	0.4566327010402017	-0.985553987421929	0.2508967294832342	0.33369184220857434	-0.00024219106329684446	-0.5220035248816269	-0.8940348738258901	-0.9438310460914654	0.010961989920522061	-0.7852186938546155	0.4983141887408769	0.6790966522910735	0.05715327288018999	0.9459088247933202	-0.4987847092840337	0.7424709758132377	0.46805406472084715	0.5288583142217194	0.38272666716948206	-1.3522599349648021	-0.7183025021470442	-0.045322728319623855	-0.6269697676305857
DTXSID0020573	1.9210288863240383	-11.12038493154143	14.274576482421477	7.960880231192421	-0.533210329821085	16.05392339054233	5.280806998280628	-2.8790128215226694	-6.813873635281267	-2.0778186846182805	-0.6284109810979444	-0.9906511075654624	-0.6951824392378736	1.1696319050267219	-0.06270977709925857	-4.233392501431149	-0.6864389235038505	1.231009704887801	-0.8217026764520278	-2.0411576827354723	-2.4820641996738515	1.1186319092870005	1.8224958525923087	-1.1145280069722896	2.110744493612054	1.1840162121638729	-0.8262963778436381	-1.5787682625885742	-0.07795481319980682	0.6344536578772586	-0.31246330523597926	1.1137717579488657	0.21831357414114128	1.8884543072456401	1.2663070922501432	0.875113859999604	-1.1542393664697053	-2.957421529496958	0.6394080466227197	-0.4822723038947858	-0.6776984541633175	-0.7044943107865826	-0.6439839895294532	-0.19157672148583535	-0.5353313023665123	0.3573101012650994	1.0938514781216913	0.2512966672536821	0.40426344012353116	-0.913221375377132	1.0532529194145812	0.4100763491762368	1.588438136262364	-0.609903250370638	0.16701247369326813	-0.2610013445537662	-1.4034154039157163	0.37831286590327096	0.16898117035615914	0.29682764350762014	0.5753472040672719	-0.5730027291776992	-0.7906665221077277	0.7491108096789101	0.26336483446819203	-0.31696205475367006	-0.03949076312183831	-0.6356509513134322	0.03198789151347318	-1.0245895318969338	0.6648445693133663	-0.6245442492933964	-0.21049987082724306	0.43204816237634625	-1.4716065052747984	-0.32582366591570905	0.021197161532181638	-0.01962857987598829	-0.6507908193897345	0.18470799086071624	-0.5739716342406529	1.2048143273538736	0.18760915972373052	-0.4903637250607395	-0.5523409043021507	0.7046399510529359	1.0340007303223944	0.5097703298452283	-1.0071122019949834	0.10657739638872674	1.23432442478064	0.9239119222105214	0.3133463867548223	-0.02385943884288863	-0.42271152530660283	1.4861324318032205	0.15060181008430873	0.6258066545260892	-0.10112826041293962	0.15863318213126118
DTXSID0020606	10.423054611535841	1.618433994239619	19.370468079286532	4.647031103747063	-0.3368669526319446	-12.511108554260304	-2.9258779403713877	0.64413794068681	7.032759336196216	-1.5181958156340534	-3.124635191207812	0.5532340919917319	-4.010840177157213	-2.0893543857102386	0.5822145218226435	0.08263979331020505	4.074683089148277	1.8316583358372844	-2.279946506889626	-0.02336471876829865	-2.2018390826844265	-1.7218182618576028	-4.511821002716104	-0.4374723340024494	-0.0907364915665624	-0.11250640478671967	0.7359522026078449	-0.6838874007591252	0.1411190247521312	1.2342139940518821	3.973600536662336	0.5701200826433906	0.27797968675710927	-1.823247383492938	-0.0451100473865566	0.7872053167161048	-0.7215352678320488	1.3484400189693604	0.7093351218066574	-0.4765132515443912	-0.2597719479138105	0.05864429354379286	0.18625365950813386	-0.18867323438847608	0.9107461245421238	1.2109514669726968	0.4004173381407476	1.3901781192938534	-1.1070739056025165	-1.027173187164236	0.4940651913353427	2.192304180118036	-1.67406766401605	-0.27531266390691245	-0.25362862798127367	0.7824313316945226	-0.36560577943345873	0.30856599995887557	0.19836052483313268	-0.10827736309091353	1.1645864730488897	-0.7090342557511776	0.06308694776223092	-0.3127538783666499	-0.3002655917268109	0.8289016739052648	0.829502282061667	0.22236831940466142	0.3875509631804083	-0.8876948092656588	-0.6950887266704144	-0.7480193046901806	-0.42263630849798606	-0.3895272843830467	-0.6800593682183007	-0.870183122726916	-0.1709770702278075	0.701280803471349	0.08140598948486	0.4970391443776909	-0.0665818303736727	0.1146577799127548	0.468439026023817	0.05268027798972516	-0.4426881970682971	-1.0008814542444764	0.9792339529532594	-0.17821519191165713	0.15095320893702716	0.4280353725279215	0.0668685640548788	0.4362272288366769	0.29519274321542155	0.7035576254597442	-1.0372206215789403	-0.06024918910750964	-0.590695632862613	0.8309836088309276	-1.0637015681880648	-1.0908058795358389
DTXSID0020575	-9.590162444443152	-13.200238978265926	-4.355943265652772	4.593954254220458	-3.2422152494575345	-4.333864428411051	0.8187030348223202	-6.343690472634292	-3.6068302415915325	5.008700031449532	1.0483438138214343	-1.017734734740685	-2.8569834347545893	2.4779465961792857	1.2312668789655812	-1.3863508392285393	0.4624320624130704	2.0588388383814835	1.476333335964311	1.3705791589154717	-0.4472791346327913	-3.222982041837493	3.3595175376559947	1.2701672239919792	-2.0265896823272063	-1.9400698450399791	-1.452124772633815	-1.31552915409024	-1.1474696525202879	0.7180899185812545	-0.5103046979231411	-1.342155469449236	-2.930567046149962	-1.4724018800602043	1.166394610571737	1.6140606721797086	0.4230326409164072	0.4878078644966341	-2.1283995608928303	-1.534649043358247	-0.598752818298331	0.48530110216922334	-0.7218414794618824	-0.5765901340962711	-0.43951071278452486	0.5161929746435292	0.4788686106731085	1.1757104184515155	-0.12898068444524544	-1.3401134135950747	1.0140078900620182	-2.3892463769113927	-0.05870496964181022	-0.6041345236563339	1.6554914853123601	-0.6442771029478275	0.5773986836198074	-0.07835414630183032	-0.5876802763134499	-0.009782251484105123	0.7377475658541373	-1.2253805883383284	-1.2432497118736787	-0.873503682794532	-0.47457583860577657	0.5933985829274937	-0.3026751754759744	-0.43998528611396903	1.5405946844721499	0.49038180204586873	0.7719458889107778	0.7938321223682687	0.9016480795692864	0.4259279461954044	1.4636786679043403	-0.6898297441686164	1.4471291217114586	0.729141955803758	0.19805702689355753	-0.3812079065880216	0.2631702443384834	0.9918033154186329	0.3087202333153614	-0.03770231099759193	-0.22023461977582445	-0.4811447141895319	0.4154222705280992	-0.9857310493172079	0.11070284580337976	-0.9349569342693216	-0.31904111613878045	0.5745882593674113	-0.46240381259762114	0.9617617100633153	0.32322393956564155	-0.23642278958799945	0.9839938292924674	0.09502740321931943	0.6307257938213472	-0.6706897632767548
DTXSID0020652	3.149485180544632	-2.898152189604884	0.2692369024122212	8.464723568452966	2.144464935155338	-10.827818681674387	-1.7395255005165842	-5.7834270451756	-2.0085631399856645	6.499442245498985	3.126672107103883	-4.123591704592887	4.621457662150659	-3.4560704737924484	-0.255973390805915	-1.6865785087440879	0.7129867916052818	0.7202001889772655	-3.117090869737118	-0.4968403201348911	-1.7704710348503063	-1.0866314078492254	-0.5187531737159495	2.641623586939835	-3.418892393394807	-3.0523149613772986	0.2608787636460505	5.769168396982044	-0.6437875541686354	-1.0558648321632764	-1.171187598884245	-0.4527129773299698	0.7610800048020221	-0.4846598152477168	-0.39123004004494416	0.6022664707397551	-2.4160963925853776	-0.09637746327767267	-1.318362345473693	-0.05692490481012585	-0.30480510138160594	-2.021856359084861	0.6840008089900954	-0.39384226897902186	0.8352607955852687	0.4740767972180472	0.17566325265013819	0.12589691881335682	-0.9452996605069813	0.2020161175824094	-0.43047120891088864	0.514063469089406	1.5408185992878678	-1.4074749091512277	0.2928603276005109	-2.489074794842295	-0.5695992213597842	1.27417521800384	0.19614513937867126	-1.2846034804614368	-2.379073701296155	1.3622327112277577	-0.2914580133081195	-2.71029227848001	0.44822317820000307	0.275924638966543	-0.18098221369465373	1.1120281793840654	1.5579414593340715	-1.215109171351665	1.2030770287376353	-0.6545280574568676	1.375283070458886	1.4572952231443208	2.1467669739214017	0.35474090159396915	0.42398428374532127	0.7814124724230688	-0.2071819665621058	0.49872446727399206	1.0196196524137078	1.237735903087133	-0.6331164562097568	0.5364695249767424	1.8079214236129992	-0.6203565768761122	1.2218296459820386	-0.3519895057316603	-0.7875072722867396	-0.004281559506240946	0.6187454957540962	0.20763323527099245	0.06980716563166933	0.04586336167348881	0.9921464710382173	0.2805405199929087	0.4262314169254201	0.21887160118933868	1.369284971758927	-1.2707223258832951
DTXSID0020656	10.619152738767298	0.05085671754176341	16.613787559475625	7.929348402823805	3.1251594670352603	17.336321165834246	6.3792668934617875	-0.07908247568643421	-3.4664744851740004	-2.262308791529236	-1.2944899382081532	0.4658386693068091	-2.2525346025193804	-0.7141383142429255	-0.6322069693747996	-2.760709420991271	-0.4330030316123691	0.7542931951447999	-3.703259183130232	1.6483898534799657	-0.07934976935766387	-0.03588470892030399	-0.15040154743993117	0.7112203542712595	2.6621122851151338	1.0124590316173894	0.4875003717956854	1.6174949038211923	-0.17106158873570956	0.433240598581571	0.24350410847596968	1.092881324469882	-0.1557053674764159	-0.441006049759953	0.23118354853756526	0.20601013370352025	1.1735141029717364	0.22564078617530062	1.372668693129447	-0.4726046833243243	1.101966454057667	-0.13199001693512374	0.06161594227493054	-0.593692237601478	0.559854862089141	0.40753036122112946	-0.000945346464430216	0.9372675554491903	0.17370134102455276	-0.4243622813922701	0.25168123343169985	0.1687079042706205	1.3098978426432069	0.9560806884612706	-0.013856241269844688	1.2540785452727834	0.7040052884079201	0.5887165280796197	-0.3878973991989271	0.7134599398658905	-0.18724890363099825	-0.312559787233486	-2.1896486423858246	0.31251202613804985	0.6932546056603446	0.1491462948256754	0.15337451946749037	-0.4501228469662629	1.8081907199540894	-0.725085334539198	-0.2820162932258589	-0.4799462426912878	0.03381915658965761	-0.24673058784033156	0.6523471570088243	-0.03785664149303682	-0.5228017613970589	-0.6388652079554824	-0.1768134180768059	-0.6170624681386384	-0.5974814308663018	-0.21341340690104152	0.9372224758233424	0.7755416876315425	0.30881300550356855	-0.04633932413860491	-0.34166976439432467	0.435327432750983	-0.027567701676358233	-0.06823478510838857	-0.07918553661400647	1.1368652054579171	-0.44454140618086413	-1.0017987162123674	0.0926473233726505	-0.11060161707354364	-0.29760114276086286	0.1425900021001728	0.10062697714333878	-0.7708259617998925
DTXSID0020737	-10.104447334836607	-16.424090755637003	-6.52282096553662	-6.088442114799193	-2.6165068801954123	6.131278842410483	3.366687421396402	1.1890402147430934	0.5073081307810094	-5.8539415818368665	-1.7253272536500948	-1.7763458330668764	0.5338726200184594	3.2702362979218744	-1.6213130438876	-2.9612111553928138	-2.1274577028890995	-0.8240138151637656	0.3282480467771669	-0.6787397343420438	-1.5980998423274544	-2.839865968028227	-0.9925053019575925	-1.8118772946074093	-0.18821138242149277	-0.150979390841574	1.9701312077774282	-2.956971972350886	-0.4567155300433272	1.4539315675394444	1.953605573459236	-0.2609012615811686	0.2814308246096012	-1.3939519584347668	-1.7244899885663973	-1.2432099729253228	-1.2932727374877708	0.33615646203219257	0.3164437065054785	-0.289086700962174	-0.49633799776735693	0.18239271920939837	-0.07565559122863565	-0.2486681190807091	2.3217338088226245	-0.3505488105644989	0.7385421552888397	1.9751740424565463	0.4147928967599106	1.0800026509301741	-1.074163629864825	0.3037924671984481	0.5239456011917809	0.18706772016075385	1.435462579012269	-1.2949268998908638	0.11038227591966189	-0.7279630054580369	0.21806074788131954	-1.1149672449504204	-0.733935420960778	0.31807750264571516	-1.4371558288229773	-0.043438468413440096	-0.865226048523541	0.6182996751385615	-0.44170292717636167	0.3466447966931184	0.20672071817610113	-0.24083707113036937	-0.2504159853064503	-0.9892650559903455	0.8997364075762438	-0.8360607431691125	-1.0431261008520236	-0.26323586442827024	-0.6876768564996769	-0.22182411612062183	0.12211533108856365	0.9194653851822845	-0.5533656163663435	0.045905154839958655	-0.498554051701711	0.2112393553624998	-0.5801109993596552	-0.4282054344138783	0.1428334351745583	1.4681138783412142	-0.7298059322550472	2.0406883256390884	-0.2523834009376492	-0.9741946960348913	0.6114717305370212	0.014602634932034205	0.6741839751466214	1.9318200728783503	-0.6244148977174222	-0.9175435022903704	-0.5812416263477332	-0.9777321213878583
DTXSID0020814	8.158299128729023	-10.206091630711848	15.238859295579044	6.302421417839197	1.7206182614107803	14.716131005449592	6.31804924750125	-0.38726349641285973	-6.90915346648646	-0.1363547030281272	-0.7411899275280736	0.9537588938769551	-0.5276052716963866	1.3710929041458866	-1.0088371432979353	-3.8387610273615693	0.7704499501905575	1.321124976941959	-1.2822172777803091	-1.9401304623804068	-1.5924270293158096	0.6713371442020277	0.9202018951034273	0.2657925367396679	2.821651805145299	1.0290510204531695	-0.4346399301549006	-1.7873012449006902	-0.1127434132479124	-0.32674745361371016	-1.2924042010530794	0.8976024687103014	-0.8987545134747376	1.1707743321149615	0.32673439257672104	2.7117553298538932	-0.4663509767278703	-0.7146255907428033	0.10436422411920167	-0.6868451845007583	1.5019986497491136	-2.001583301542778	0.3067440678822301	1.0544648681751116	0.38126380045655983	1.1358419061228036	1.1300914209558734	-0.5547167814927587	0.9012984537752919	-0.6862039287774643	-0.5798511784992298	-0.8806432301052068	-0.07195347548310353	0.16023052250335704	1.4146031730161794	-0.7794411172848454	-1.970941389599591	-0.7829147976856936	-1.0328921005112526	-1.7239156263348165	-0.6060984582201253	-0.8989497648999198	0.22662994096215852	0.2583427254210071	-0.12519976649357764	0.3515220835760604	0.10164147689903781	-0.19971316835734051	0.11839337639190954	-0.5668080811465205	0.4709185648596503	-0.7084069091768384	0.5683697087877272	1.0988991536943151	-1.6259575628161602	0.6175349178249594	-0.010922379250149175	0.31333837337723075	-1.3456368610455631	0.19146972282795774	-0.5884149399319896	0.6200063960310513	-0.5950800165155934	-1.7959398413410292	-0.9105191459673445	-0.0024720384382651475	-0.9220536658968703	0.7459450802475094	0.12913969745681456	-0.2925735184360908	-0.6275332732225666	0.13993656015607975	0.9219621820494613	-0.1924037698508086	-0.24003112522087863	0.5240629477308696	0.43883668483251664	0.20717547036058753	0.14856352270617806	0.49844850559932824
DTXSID0020941	-20.61241356185026	5.577405949991949	-3.1839951022695194	1.1795802322662245	-3.6003424878557877	5.26602266960705	4.817388668790679	4.102697291084023	2.4734849097543776	-2.7700271769985156	3.5752119589766576	4.167325141200964	0.9487238146207847	-1.5502635458595773	0.635084576623868	0.7696818839601103	2.246301367603804	0.6061757731113782	-1.3585348340509271	-1.2734292722205585	2.626452126157821	-1.650363876945827	1.0164785784564692	-0.8959398062381386	-0.2906942453611822	-0.6808840093611189	0.027611896890367603	-0.6643045906956386	0.5505568137253068	-1.3872456386049925	1.1746332488212223	0.16858774595936077	1.8763314273644134	-0.852667851459783	0.10209784692442606	1.2779056868235679	-0.5974757364637155	0.4335092350780272	-0.049725286828757306	-0.18485896232338836	-0.507868262978405	0.6682627536136495	0.44890608914531915	-0.4364625682014638	0.26129132170858144	-0.3923322352027782	-0.21453860792219034	0.06886146659207622	-0.7229548400939478	0.22378684059549886	-0.6795233516810235	0.7677500303095488	0.6201837973420228	-0.7920887058836465	-0.6157295021088769	-0.05817182385950531	-0.9477238155014127	0.3531998536996794	-1.4000493256484625	-0.3315387993756952	0.6459829247527034	0.5488100584483278	-0.4858169499369571	0.11740191220101662	-0.7026651119563943	-0.7341387040370969	0.21064977456381645	-0.286240263830816	0.4111702947722133	-0.2300847757158503	0.41407541594576064	-0.12420717399822838	-0.31215353806250196	1.3114961941116348	0.06680325081240762	0.0030870267166942305	1.2072999501173907	1.086489582355848	-0.09848344309349027	-0.7180413496838026	0.3154594382926298	0.20214815989941654	0.43408973217406527	1.430306825064645	0.019535572938546415	0.7317285494083675	-0.001748211871161539	-0.6806141423506031	-0.19500928485568572	-0.7303746893423158	0.08631738221708142	-0.1994554403794657	1.292472613009283	-0.2687577460994834	0.4425201995595643	-0.4283254598140023	-0.5088304488615977	0.7931425210528724	0.3521088670099716	-0.27540595672975127
DTXSID0021094	-2.8079144768557196	-15.420826586192657	-10.447686111234106	-2.043175920929792	-1.0405483031401914	-0.347310693964222	4.993264951812639	7.0660679002680435	3.0406501301050772	5.4635925240036265	1.5597425722803824	-5.3984616809837505	-5.956557493469617	-4.803252399579801	-2.441316562094608	-2.9376813028234796	-1.2182208479444527	0.7199129085659735	-0.3082222701604806	-3.260462516241131	3.9631341353009555	3.2406116021601745	0.06991423767736955	-2.2403302052118454	-2.4101180922853294	-0.392380620343931	1.949533395078896	-0.9040503941107679	0.9447757831847932	1.6359759123456368	2.0703899446054197	-0.4048474016131864	-0.4290173633452435	0.8082000621203532	-1.0895682267321303	-0.8383254667925433	1.8556743494026136	1.33061604223493	1.600084841075681	-0.7554169193707463	0.38705542798690795	-0.5962597400324228	-1.46849047521242	0.4490327796456008	-0.6339878602182231	0.9680993140446373	-0.6741796783920551	-0.666546946289184	1.401494969414624	0.438261555345498	-0.09199564131874031	1.7218886066019032	-0.42709036471442535	-0.2640543914182283	-1.4320555435709406	0.6456693429327875	-0.48865406524092625	-2.700368328760068	0.402479577823311	1.7104424568188075	0.628002684461731	0.3292180770553545	0.15688195435109895	0.3651733300492238	-0.7525524552783122	0.3124523042361723	-0.20845805802772566	0.1346377542490724	-0.716402165023294	0.06187598159892735	0.6863576766971934	-0.15117635734684964	-0.33224417900099995	-0.11881843862648442	-0.6608245235548835	0.268615968178855	0.2927969218658537	-0.20581210402174302	-0.20791503644326276	0.15014282168952006	0.7118049583292569	-0.9833650744343909	0.5685299583793892	1.0797466587427573	0.1864488776348902	0.06358767892088486	0.268314690245711	0.008663099910029221	0.7325951784639364	0.18196504042169456	0.7176989557967182	-0.6282909168327643	0.13271943021648602	-1.1224112661674868	0.4382651250427802	0.7365767155563079	0.5360949792400579	0.26259088212416193	0.5829303393022444	1.0221119298395922
DTXSID0020943	-3.291589871267012	5.32187418677931	-11.628420012572537	2.158106175367346	-14.369857028216494	6.827844705837965	-9.529852945286267	5.521992657201547	-3.3014931972928814	3.8439424761447256	-2.095820398960219	-1.5390633250575407	-4.215824099787602	-2.0170429765948237	-0.6461083497257205	0.7929811396463914	1.1510358140272587	0.4387194435968023	-1.6354379094228806	-0.013060504745259488	0.38333780008414853	-0.8560810348875239	1.0942129383189667	1.2768960305305321	-0.3795802445309497	-0.22930831683881814	-0.9221447954008906	1.2549749915707062	2.1818900065231155	0.14093747906225476	1.1911199444928013	-0.528585001898947	-0.6268825041258015	1.0117294303827309	0.2596366966955381	-0.21470843220142125	-0.5834560776148636	-0.25088267751948495	0.7401851651658552	0.32019636957063907	-0.8010254766433879	0.7193942601578138	-0.8432451560290535	-0.6255573468594275	0.6383980058366234	0.3140655125151233	0.8004394641063841	1.1987408967395934	-1.3992181045049925	-0.41734752017892357	1.0321281870908294	-0.7075440495434003	-0.27256801815399434	-0.3343180058957334	-0.36676850616700896	-0.5752193454664042	0.21332483880701247	-0.20348414040905824	0.2680805214120954	0.34892800687547476	0.8950055660626184	-0.6663012034709772	-0.6041461681381607	0.7748142215097352	1.2553572850798096	0.4739973045890754	-0.502386341789866	-1.9532057396612013	-2.1141979098572903	1.797432563006628	1.3152054369989294	1.6609728028249329	0.24016818326646716	-0.17345978453268593	-1.657672779948063	0.041274573734426556	1.6557721085265118	-0.7482200083655951	-1.036287985645123	0.7821091475678685	-0.5231550956356723	-0.5757150920333198	-0.0052443416737036576	-0.5707148583386135	0.3129020584258886	-0.23823620987048458	-0.1053934105150825	0.5940242864858891	0.6901028471462816	-1.543614582192445	0.8447701173785277	0.8507443499978944	-1.0089703803955292	-0.280462279538941	-0.2561932655785321	1.5974638968582977	-0.8419628579875905	-0.5158221702407174	0.5819133711122233	0.5066823503820824
DTXSID0021254	-8.170587589879254	-12.053278335012859	-4.4915707079376785	4.77376851879153	2.3170959062968293	-2.375738876119703	2.6771210784922936	-4.285030504886162	-6.463754610823381	0.8542008265125066	1.8890185496027767	-1.6959253183331344	-1.3885398486270177	4.241720061381217	-0.2683362776177512	-2.334563821533664	0.13045458948467267	-0.10433975932474299	-0.5013119759454477	-2.0394894751902606	-3.3543953113669183	-1.1915988138275173	-0.07150880716897377	-0.055346462872734696	-3.1010227137402846	-3.7438510231305058	0.8144008495820577	-1.1551331717511304	-3.230868066926477	0.1232646161380999	-2.744328073081037	-1.5756522783908773	-1.7463745590406874	0.9599550052312339	0.6927182548061469	0.7654211159833746	0.837822393411621	3.662608995136793	-3.0763956986735734	0.009970310031415096	-2.038233827260978	0.26083551939061234	0.9789851585814648	-1.5160668824946613	-0.6454354642394544	-0.09996589137770746	-0.3097718460375501	0.8884011766890434	-1.8482976573457117	0.5810680560462365	1.68929317302273	1.0676607918516496	0.37986419497234447	-2.220389896912188	1.95967378277379	0.03761619580892227	0.4293655389297746	-1.8018554830483358	-0.33434420482573113	0.38929556896876677	-0.10159193377377303	-0.13422841141491954	-1.2946231871572451	-1.1515976671996158	-0.6124467575217607	1.6834031859714718	0.9747870327843154	-1.4914905910716678	-0.7270523504055469	0.472666164391178	-1.0865924763410169	0.5984730752740928	-0.06972634377054164	-0.7143953447359408	0.8288235544623456	-0.0976625283460176	-0.46502827391355384	-1.0217291768631092	1.1747387286730113	1.9401118810868816	1.3927351911187666	0.5008270605628644	-0.4461041338239277	-2.026551334024348	-1.7091748104350395	-0.09616503240628783	-1.3727539974635516	-0.007502178541223154	0.2373426159089829	-0.5122478965928293	0.02149885169415842	-0.7526659448943167	-0.6528866254358386	0.9655350225765873	0.9664495231930662	1.4291770395553849	-0.13610936397756634	-0.3195504694052899	0.006115648662108625	0.3714098766077528
DTXSID0021460	7.0744637263994825	-2.7782370416738758	5.880703244986745	16.270454575110517	1.0128989025894228	-2.769568476033557	4.736965901246953	-6.854949088425001	-4.6140353012510396	3.0430747343553484	-5.4098848569778575	0.3014467713235784	0.4237007842652311	-0.2431792535654968	4.24935015699848	-0.3737338128980648	1.847893135059802	0.22751325346430046	1.4761195384285484	-1.9669166956281372	-1.7624458294640428	0.0316069927083788	-3.2679770268622272	1.1263259879761311	1.9050835848668597	0.4568197652801511	0.8768391195714235	-0.6517170355260686	2.38054354613032	-0.9084787035153549	-1.9152894049320088	-1.6419147310251807	1.059249072226405	-2.1682969629453117	-1.4198110552123646	-1.4969580072014672	0.2693371249396681	-0.9345229714717744	0.6950332646050901	-0.25864957501128805	-1.9401511941677563	-0.6102256466588386	-0.04228817555179867	-1.8038144952185537	-1.6177684276038562	0.37831637445829674	0.8913736808916328	-1.081940575816307	0.45713543511884475	-0.5236766182751214	0.057736757247578034	-1.7087654002201904	-0.3899918646870777	1.5353846802432591	-0.32192365151112373	1.2567787066420606	1.6710086452092434	0.06200987808499858	-0.7261542763286359	0.6154961165892211	0.9958697397532674	-1.396826601249297	0.16586179882996452	-1.3323497802324444	-1.405746812939539	-0.4076849930011164	0.777194990237007	-0.04325443827300531	-0.6588246415878957	-0.4232945954466119	0.4554013653577627	0.4944249049522406	2.209375379231019	0.6110853420005111	-0.5693658649426355	-0.8822700056849284	0.6565024505325304	-0.5636991633646962	0.39519854732169635	0.5598955558276686	0.48645900558961896	1.9146771400425115	0.5942419386415284	-0.6573921099952913	0.6885519396116084	0.17761734409742574	0.003415453193600363	0.600167885546872	-0.24989411422405627	0.13207378588317728	0.9660328767472969	-0.2929270451315588	-0.5175660350832594	-1.8509889885864812	-0.08496726554281314	1.1754779470992474	0.8484715900608999	0.44511866015275714	-0.3513195083964667	-0.5464803588520409
DTXSID0021597	-13.1593802318859	-2.3557772440144515	8.959768189646535	10.20109889409736	-0.7849163410192077	-4.0062162814140345	-7.500128635961936	-3.1643093544689354	6.018267903727061	-0.2381034497080512	-3.5174264176687107	2.8250031018325465	-2.8656180966515974	0.6392567517362754	5.7550923529051925	1.688961134945209	-1.3871286573851858	-3.425488680745268	-0.8180424922319263	2.6729399362395783	4.506786812825112	3.143475081327618	0.05597029733804194	-3.015868614389265	2.782505824217904	0.5315471388019272	-0.8024888784202685	-2.3088176775946847	0.5200503680001377	0.35204240441681844	-0.9634153026161223	-1.2296619317434692	-2.169619920236536	0.30952422124546797	0.3843414327092292	0.004210849912850778	-1.3785079871800932	-1.2005756850453944	0.24326104658468894	1.558765696327146	1.4375807740358584	0.7865490449935892	-0.4290132928874769	0.22253512894671806	2.103879118130738	-1.181062177971187	-0.741033947620205	-0.3866362507844859	0.4149989271948095	-1.039397799798226	0.8056150725230435	0.7122296056713605	-0.086540274563619	0.1926934086285885	0.38154443812983374	-0.2643965661721299	-0.28490076463758096	-1.0067190801556694	-1.263173660419906	-0.09123640183834304	-1.4406860622870328	0.5377537964269317	-0.6086986251029729	0.09760142269319078	0.23694286348691898	-0.6199087910226261	-1.2919336103192913	0.16518331739912132	0.006659727629935852	0.1529645612927922	0.030194971862048007	0.8168956799581464	0.8978284625507549	-0.5836706786509895	0.006594004530848876	-1.1397551924985736	0.2805469786733291	1.117782765238128	0.14624052953321892	-1.7204698536547165	0.8108190698080112	0.750817631956196	0.6029510024613743	-0.10834926144304749	0.3620353087905115	-0.8744131330908618	0.7253145689720975	-0.6402449517517681	-1.174966069561457	-0.6735334096639541	-0.26591239151406987	-0.3970292340153039	-0.27126043797336585	0.7110693454409546	0.5833728804860046	0.6941978673633787	-1.360443917246235	0.3142632125487014	0.5468194083019339	-0.03872770305236913
DTXSID0021389	-0.7203921735099666	11.022826498534684	1.5331030701714141	-19.470079268635867	6.804006279959614	0.3488399419567668	-0.04949698390657484	-12.619141075706185	-1.6712914529039358	0.39107787279276623	-1.1019388298700556	0.4387199039077484	0.9662040282533506	-1.3569810547227632	1.4753133492474564	-0.9066961078521004	-1.0098597587866385	0.43123816180568986	-0.8291569371610339	0.019117554794808426	1.21108071244442	1.0939300270278143	-0.6766664979072051	-1.628545503199894	0.6688834367549437	1.015550237816764	-0.3616104379693598	0.33625725162804787	1.5905292904681863	3.2376398777094466	-0.8378688016482121	-1.7958067861486964	-1.2990231382793467	0.47615319628341457	-2.487521758283687	0.4269345407805432	1.059764191570979	-1.389067441138371	1.423980425016377	-0.12465919691396686	0.8085633984976606	-1.9745629444608306	-0.23632405745141144	-0.9338655509425159	0.4026796517224253	0.7468943000340758	0.44174877281217656	-0.3590145916560782	1.0062753858203173	-1.0727651071962043	-1.354830697583164	-1.4280313252475252	0.7149276660064534	-0.7064191419727196	1.345225774006773	0.8759260743185389	-0.6785713911024868	-0.4625309570442765	-0.8571028789290956	-0.19754449189578113	-0.2539971959628911	0.5762622686771883	-0.19624906575109916	-0.27024381377694906	0.12280956956234472	0.5460171441943913	-0.4336284978155727	-1.1830289256577426	-0.6506535817667731	0.9447672907305973	0.6320427874562231	-0.48167880734321755	0.034992643059770304	0.13597656745566458	0.06834396173093496	0.3406601456184469	-0.7818565330805963	-0.4575780901072107	-0.420372498357253	-0.30366112400487577	-0.28568292851277355	0.49574379965772736	0.2179753310165485	-0.7494328028416306	-0.6869766258003388	-0.11626733801125037	0.9691412931570217	-0.027771521223170968	1.1453632041228028	-0.8510574795609193	0.33107840146534046	-0.17347764976179567	0.10852877108631362	-0.9018137584398884	0.24481866817956022	-0.12680021605133796	-0.7660337046145812	1.6626378632711325	-1.1733560959195968	1.036611135752519
DTXSID0021414	13.119990864161073	1.0650369950537273	16.774095962929152	-8.166834045855776	-4.23857115284264	-12.182233907252318	0.11069316115336653	1.160589219548959	2.7004928119601366	-1.740624996862764	-2.587272111501427	-1.7447669707767297	-3.1265392710278417	-3.0005509605857634	0.09938066761257418	0.211042920386679	2.0413666933848322	3.711523685124402	0.806433031486399	1.8039043549162752	0.7062173848095487	-3.8016671464780245	-3.573291342595638	1.1552465512506767	0.5727189595402591	-0.17705352139318403	-1.536191114165322	-1.1060189472938584	-0.5992474136122334	0.13151950629834627	1.7370676394381026	-0.905816128892674	-0.07907830081767175	2.2198523016771268	0.27207461645454795	0.6472012951129577	-3.0281006785186513	0.4444871152872893	-1.2618771760946745	0.3622369514361038	1.9710174915037992	0.1265655391092399	0.8411603031511358	-0.843535701587254	-0.5787853073104738	0.059278643615022504	-0.5547122616830845	2.1017834169134293	0.3603422633242362	1.1255822763014611	0.0975372331830529	1.4213318549010103	-0.5862347865246205	-1.479568392235823	1.4101805753180432	2.1986686485694302	-1.2614320604827716	0.3938656536556117	0.4786738925617664	-0.37043636787402034	0.9783478530728867	0.24290959596814074	0.05163616078710412	-0.12678528053428142	0.8064753796200739	0.2637854324197069	1.5354853633030774	0.4258463409196713	-0.77738603036855	0.41750453104055746	-0.39707058182241955	-0.14302748515238967	-0.6617705323538686	0.18581015395459785	1.3516688996190522	-0.147731560997969	0.5783520597925843	-0.6152659343320499	0.05841277008970074	0.6945836366301759	-0.12158724392201004	-0.9193783190956887	-0.19117450605724765	-0.2037691900544298	-0.5500965317235557	1.0752172058225151	0.7202721694823458	0.6324600482464136	-0.661810434604046	-0.6599843893864797	-0.48822246321557317	0.11983403341857805	0.646950433036409	0.6603756993238001	-0.5648399989275327	-0.5303094145642129	-0.2030610802113374	-0.06679170457397951	-0.22111895038783674	-0.6398108286015776
DTXSID0021464	0.9986848230270017	5.11703095026667	2.3715183063476335	-11.774698796244923	7.827240444556255	0.8824555833536034	-1.2278075826220933	11.195020607920966	-8.100319349750789	1.0036107550529652	1.3366425089824625	1.34368902702521	4.1023056327660505	2.4898823563265085	1.2144450336720591	-2.517630209948891	-1.4258641101769376	-4.574328829580923	0.9062662436144041	0.26553774024695304	-0.7972660328251026	-2.0876335046026355	2.8250134657006294	0.6835492502888266	1.14462912780304	-4.239574373779512	-1.9077244890048601	2.631788166359552	0.2949667915392236	-2.4893869228681833	0.9282028384037933	1.4225407305192457	0.6159212017932172	-2.486925031317406	1.128769752847938	-0.1647641850995963	-0.2615396868160676	0.2931226999675416	0.8648231506295349	0.6607851826182289	-0.02701913342656585	2.5010243681852766	0.07648438471071169	0.6442118396468116	-2.15236619277427	0.5068204459518101	3.642335202460679	0.5601953760852612	-2.239075370743385	0.4407122059635378	0.04049871720749051	-0.30290945259774055	-0.48884736990635846	1.1055230567967	0.058736652080368094	-1.024814985693056	0.3054229749929735	-2.5812812792972597	0.6589141286776935	0.10853375231458388	-1.3963970188444141	1.685641598172648	1.0669633109735852	-1.6404581676756937	-0.35463562173319385	2.1575410258539014	-0.04437804896484828	-1.5082016036619321	0.45330224485345627	-0.7619756904020605	-0.9935563234780578	-1.316303011741308	0.07333295082913846	-1.0570335766121501	-0.1297069466730992	-0.9624901571912563	-2.346497420764477	-0.9203997984777312	1.2317613984183993	0.06151090996530154	-0.0766075389063615	0.5911030805052404	0.8987987530556828	0.5859156643081183	0.8733613035323846	-0.15177615864191207	0.6378018718172392	-0.6865220913146888	-0.2907598654421998	0.8246108555292863	-1.514105885003663	-0.940457230740955	-0.9749584052067076	0.39062707716267925	1.515246176904168	-0.2183635845653782	0.3719392463569062	0.45860442927556655	-0.39391792648014556	-0.7918924969736472
DTXSID0021834	-6.657513505463768	6.3917271325348155	-9.87766046779942	4.510759531375239	-16.263570702044017	4.373934863475976	-6.453404086025795	-4.321433280093676	-5.037084152503141	1.2747779089416393	-2.832400272578873	-0.5623765586486852	0.027935997431529445	-2.3795102476543533	-0.6395538870290667	0.7924677113374855	3.6005484285305083	2.4089520321825684	-1.069648228658279	-1.3408595371752932	0.2345779023215149	-1.3575193939932342	0.08134748980336727	0.04688558241258498	1.174503979867057	0.5070920582750149	-0.6980878982493781	-1.8568255408069327	1.445327112272078	-1.5280705509541495	-0.01455277675046878	-0.49454433920965574	0.027354888018604643	-1.181841968137956	0.9804423465191263	-1.1537645733441337	0.8993983675975185	-0.41476427219245365	0.9141274543810884	0.23548661661987608	-0.23156752634050407	0.3816599684195898	-0.2572886990520703	-0.6244045853989937	-1.0482688906525206	0.47512848366070376	-0.9940296032571384	-0.21551443043634153	0.2565009753280499	0.6418917236140245	-0.4215676363497283	0.38777039379258654	-0.4344042891912422	-0.15000833867613952	0.8024078656414928	0.25994050466211555	1.1623520684776907	0.7955696057023112	0.14181667773051335	-0.9529618417692186	0.9406983416578254	1.1023128595364478	-0.2382635124034813	0.5292633253039845	-0.3570126797377057	0.5573396615167634	-0.5604049103022054	-0.3821337801488632	0.7235670921570679	0.5405829008170933	1.0562972426043251	0.8184923502945055	-0.5742419784254194	-0.2774786708745974	0.2760666122038837	0.2821474280695075	-0.32945790720960455	-0.07415422664973004	1.0714956669566076	-0.2261432380740655	0.07209105349557714	-1.4689191703008988	0.5508946780062297	1.0080001252462591	-0.5216978315467464	0.1698568072974822	-0.1360865271598614	-0.27729907089303957	-0.21449101406772228	-0.37554402646091245	-0.7366692111415044	-0.25332184852444656	-0.17100183751318998	0.5181600404964118	-0.06934101116128194	-0.36153947327763	0.3975182322329333	-0.4506264576499162	0.8271892114873965	0.7347242739123606
DTXSID0021888	-16.579199824871566	-0.09559942512341499	2.0566032708116406	11.894284914686121	2.9211838242427706	0.24264078154670463	-5.269725299852458	-3.5689643438492817	4.048233386635822	-0.766528133804055	0.9458421389326237	2.7174639900908835	-1.6072177146289588	-0.2512907616742838	4.529657119455864	1.3407944346774636	0.9033525081442608	-2.6284018941345586	1.2134471502379953	3.63115536321906	2.206078490003744	0.08647338054473969	-1.2930225950854053	-2.26671658188073	2.319334287457184	1.4977207578126182	-0.0996229763017088	-2.008382254957774	0.2196933045650332	-0.0421207642667631	-1.3453034755108513	-1.2285295562762573	-0.6836109990740836	0.774703353196728	0.3951199754366784	0.8069316681136149	-1.3985966348697447	-0.7830264226916166	-1.1908293838733164	0.21062802230873828	1.5378699370054005	0.2353866304317347	0.051388885331098456	0.5534022013607572	1.3354775670676917	-1.188259745543358	-0.1366476965893835	-1.034414519008007	-0.017807040830295093	0.7167160195900202	1.2030587370406542	0.48070314292303057	-0.8227896508932782	1.1573636941714467	-0.4401845348630507	0.45417452886871174	-1.0057681527919935	-0.7583034423830003	0.09173893560593765	-1.8232674947370933	-0.11221495702688321	0.2265152864429984	-0.05895868274251148	-0.7185635203839331	0.32036288695005666	1.5600719237805505	-0.8928555237226358	-0.6796770863710926	0.2116623815526093	-0.004503106643686057	0.42690254725122234	-0.35091422633902736	-0.3557791348104566	-0.24901864893505818	-0.2955781173345239	-0.5378310820640192	0.20123108825296432	0.14293954990225896	0.5787403225112101	-0.2229091380979555	-0.4250565498614036	0.2281109461148961	1.2842951263236353	0.7546298051881075	0.9179763262766859	0.18834036149020567	-0.22053781322935453	-0.39289277077752005	0.10909449746680448	-0.8485564920325499	0.2141707077118252	-0.23578263641516053	0.22253169264290099	-0.2444467080508371	-0.20732192651447817	1.1521530269369586	0.05560777576292392	-0.4413274354590009	0.4663682369610829	-0.2664708986077537
DTXSID0021832	-10.346762132894415	-16.255541505650505	-4.83286830227822	-3.124697990887604	-0.3863406398797225	3.0127691819383684	-0.14146529573576638	5.540491285478868	1.6622835974736356	7.1298710878672	4.272053796164746	-3.7552273187920937	-2.576813261981458	-3.440327410964667	-1.0524392693248878	-0.370209131715938	-2.1978015593382514	0.8037656855054793	1.2911112399327118	-1.3292146510047949	1.541732923296718	-1.4512953337457635	0.26666914847930207	0.9824704128773164	0.08716374128551206	-1.6971736353194444	0.5523615405403112	1.8282193396508852	0.6031886440289123	0.7127979775235127	1.0479638554517838	0.6575945213795031	0.3682135886195823	-1.423114598376251	-0.6925212278002185	0.905067655236584	-0.6584290215683982	-0.4093636446804045	0.899585159279244	0.23601873096534098	2.631094337546755	-0.6727536370292347	-1.111659200858813	-0.20759194168523845	0.3610690629862145	0.2523699306164631	-0.7058598783793266	-1.2090458936920148	-0.5082123022143046	-0.26058410437490237	0.9455331855206316	1.1891505847082693	-0.07037834504312106	-0.517203458333041	0.5972577910128892	-0.12942275204469486	0.8224548150310506	1.344032171345855	0.4365311657825064	-0.746629080050348	0.6385759653331002	-0.15388739448758126	-0.6411473029064386	-0.6313537921631963	0.19374270319579898	-0.4868209489425506	0.5258077576352279	-0.6088995709632001	-0.0412484698184258	-1.7925966658629344	-0.03609425993497357	0.44227902608303177	-0.46286107432559603	-1.0971155719615944	1.0247263567802691	0.06491762858843766	-0.04812434328800343	0.4510875521472097	1.0356206371899155	0.6452783554142312	1.2437168991758603	0.3344344124159557	-0.7708897410793901	-0.3311086972000306	-0.47012061299041763	-0.3400396320999762	0.1255015206693633	1.1134474727820909	1.5903627487483933	-0.302095773346308	0.7914970658168492	0.7080548194556573	-0.9785421342102165	0.3585923383458591	-0.7639272720480987	0.07899772665611861	-0.03253834666402844	-0.19866128269227792	-0.29931227787126985	0.2858941105236223
DTXSID0021969	-8.65410859509949	-1.1940595735474	-4.23411845028359	12.079487663558327	-5.990978996672232	-3.8188083027033217	7.551102777004225	-6.188703203721827	-4.265278490729194	4.7941821361621	-3.8911003253970553	1.4267223983817454	-1.9919286482211713	2.2680727289753264	3.889314624094246	-0.7514434680936793	-0.39361626815534745	-1.4088013816416458	1.8699276734641175	1.991317932541728	1.4917479990546083	-1.1555373357560577	-0.1491480922322837	1.8636514172072454	-0.9752340497678544	0.2457877629713923	-0.7913149188902162	-2.09143718789459	2.360342996337513	-0.8649388229337216	0.43818002185510335	-1.8299003872915032	-1.6600649197394288	-0.9837471535849993	-1.0912796192101704	0.5311829412528454	0.7566819032796678	-1.6126054880156975	-2.4137536641992408	0.949671093397486	0.24836802585143683	0.4248803209958939	1.1129976279147074	0.19541857411744293	-0.9927997663674213	1.9583636950944912	1.7848371885508492	1.2627372608934508	-0.4271923175906001	0.14065545118527228	-1.4763760946736286	1.1086073600139263	-0.23639759723384057	-1.6376714087481132	-1.8625526392818927	0.7353158960739513	-0.1435414088916952	0.11419501027088966	1.78345117989551	0.8964016884941397	0.05342567066058142	0.6545579016053753	0.20254727842901205	0.4695942381940518	-0.2882095907182364	0.3804417439290859	-1.290317586056624	-0.8493941877291662	0.11169765463156024	0.5028443900669688	-1.525738562262568	0.6632245154714539	0.8878130376397513	-2.4366610917528058	-1.5651532342779018	-0.9281647635749005	0.15133600170259898	0.37977202299292073	-0.8798015065196201	-0.3926368269563194	-0.3128292884830468	0.7921157779334096	-0.3831476048448599	-1.2232073670807488	0.004899919613381604	0.26418951408701136	-0.7938468817484773	-0.5441398247363289	-0.012724287906417456	0.10558230497649417	0.11242845694358765	0.3914154928488812	0.37575830774811975	0.8414510700485608	-1.169998132860034	-0.6290792944341932	-0.3182666159040275	0.35210868485136304	0.47751169751040023	0.649707991300667
DTXSID0022014	-9.151721968447454	-7.991925567055868	-9.258434352939329	4.2418276113511	-3.3283021965560984	-7.728588197070122	6.030781901532051	-4.637806697478437	-3.4145664108552003	4.617051432109919	2.235780721665309	0.6365936662923594	-3.5019113758088185	0.6728404198777688	-2.1261441881120593	-3.994864641750631	2.155958924955458	3.1227359743826866	-0.8181779294531737	1.9707510065425295	-0.16875786188506592	-1.7816494365808966	4.640149831002003	1.1384441768006166	-1.1760589836177229	-2.1702448961626337	-0.437809212894228	-0.5454787419905123	-1.0136966638405323	2.6328473278142166	-0.01959162477281392	-0.5189822432338124	-1.571313922947701	0.8874815015095984	-0.369062776426421	1.3540979393090031	-0.8437342971919575	-1.1341673340501626	-1.7458249730786042	-0.3201800731596559	-0.4114123754407095	1.7391984072583409	-0.8106762273810593	0.2494291037470752	0.8642195605767726	-0.8897874675262815	0.5980858820525644	0.19359874195910123	-1.5748113968955406	-0.7075586621518412	0.1794916552349776	-1.1696145536304825	-0.184583157709205	-1.4904238195436341	-1.3308203411560795	-0.5401961384565559	-0.5206855731981496	1.4233544496209187	-0.3323496824588211	0.7789360443866893	-1.252222771307447	-0.6229214862038452	0.10688562125681308	0.13476895722379978	-0.05809052981119247	1.1527480688301397	0.24257133995559466	1.7330330693458396	-0.011382964046154541	0.22158400308521448	-1.1317823235013986	0.7478590982982201	-0.29752972351503393	-0.777243171400592	-0.0030537784825896176	0.04681031147300644	-0.11279873720926582	-0.1064322539404238	-0.6550587556506985	0.3619854042995708	-0.3785076237882307	0.22041468814211226	-1.5320180969978092	0.6778089088302367	-0.2047027925245993	-0.18991363206444128	0.2963190922594135	0.4552491514633638	-1.3769844483233586	-1.1046629338764504	1.0697134364769545	-0.4861774759813567	1.3268183872538897	0.8637640047461584	-0.36405658843149247	-0.2417455003186879	-0.6966831852401542	0.6142957791629098	-0.1039227068732386	1.0974707755621473
DTXSID0022018	1.1907323406920727	3.937758329814607	8.182030858047707	-17.840271263817513	7.720385967741576	-9.643399717578703	-3.9387397248091496	0.2932098134666125	-9.285226904864253	-3.2108622432663143	1.873794944619895	-0.8667916723974435	-5.1755455906048144	-0.3464845394280468	2.481971091249801	-0.30985392575924714	-1.670706290927793	1.366863722400318	-0.0891140602516586	-2.251519200604578	2.1896745963249695	0.16138324590363567	1.5659291849564767	-1.0544701917396502	1.1367846731869733	-2.2883871076563	-0.45499061098238097	0.6844552890066957	1.6124190385108688	-1.8880436754870984	-0.11952356940994761	-0.037496343715483674	0.4035504055776311	-0.2346419854624482	0.43990160398137496	-0.6929538896056856	0.8881106051923883	1.4560159867943647	0.6999063004225364	-0.8941068108067239	0.591992275608471	1.393243926054714	0.048637421800631554	0.28379969185325293	-0.9275471419339522	0.05685735822238575	2.353044119648196	-0.06918424847441405	0.44522305284356384	1.5445079488104687	0.989416809239305	0.4506831909936053	-1.0284119553301247	-0.333496387146475	0.5684260625801669	0.2388541197422667	0.03492830046078345	-1.1268906262382172	-0.2601856682366921	-0.7814149864058854	-0.4568393238914699	-0.7934151367599064	-0.06608832356096914	0.6613480370769629	0.1523386259845015	-0.5755673966563865	0.5400269013847728	0.8050338263195725	1.6591515279488547	0.02379699448603501	-0.1687849488068512	0.25023222145201374	0.37315990527349674	0.3244548446547347	-0.19735695097686945	-0.11762560086574178	-0.14238016044684842	-0.9134882719359869	0.6253337759917696	-0.2676088345321122	-0.5059243345826561	-0.5426450449644566	0.9474713892155117	-1.0693143866316381	1.004154097874781	-0.5849285629928208	-0.024413597686639567	-1.2091210982029497	-0.6182696415188049	0.16182350194535897	0.2264526460978882	-0.009632055152626294	0.34356312617447526	-0.6844961863903518	-0.028985916484246733	1.1498374565490985	0.3340500521124968	-0.5770238834141108	-0.16529245102596568	0.2618155536275434
DTXSID0023113	-11.41969757809741	-7.1193915898286395	-8.15650870045588	6.1145785790543785	-7.066868917884642	-5.5983259076321	8.57567275826079	-3.7097612812913408	-4.030538620920408	1.7586290868077756	-0.8738696814986059	0.5838865345056599	-3.6410151348121462	4.461430600795345	-0.2173805213131721	-4.085392835014072	2.0331459826422673	1.8816194045760426	0.8872697868701499	4.0805448759554945	1.077202481382104	0.4759493285733289	1.5171762789890073	2.850162601325045	-3.0899492689584207	0.17360037827527544	-1.0799678077316068	-1.3322146031079547	1.2276360397626438	-1.1174762033781305	1.878911986677907	-0.9782899294225803	-0.8981271339740368	-0.6762642496231112	-1.6982700807047237	-0.9818939867377254	1.4317275927892748	-1.1856954179477648	0.31124114477187614	-0.5354117315731803	1.0566111402696217	0.5479948664517379	0.15759819233170025	2.3208427368538094	-0.8509688208321662	-0.5752088067735445	0.9267920579091292	1.1759908562317083	-0.5995438787059698	0.14081896829501014	-1.3043698386068319	0.9638445204117642	-0.8112705488476417	0.05691964226461333	-0.30299003653566675	-0.9118563194124647	-0.4219940755935264	0.6134948716477996	0.5611663432310147	0.4162037756985677	0.08420791801025408	0.8585744582041859	0.6610234417095222	0.68165437868519	0.7008065752867849	-0.7367570605408035	-0.13367312017744754	-1.420443940031452	0.9225490942670165	-1.0090522242932882	0.6772563436342409	0.5838070894997323	-0.5632964620895704	0.17129071237375162	-0.5702984039520717	-0.4177362289102721	0.7763385105346459	-0.9280043851191152	-0.6698135903501647	-1.3007615927194482	-0.9979173981522637	0.26357300124375	-0.7734988779610855	0.011380802702200179	-0.4536304687036616	-0.8181966863362893	0.12780518927503112	-0.1422474284791847	0.2001682864771809	-0.7243308283839621	-0.6275993632280228	-0.13003460848073253	0.8724271967925953	0.1643873454414811	-0.9476099883396887	-0.9425654964009598	-0.474285909416555	0.16149198036439807	-0.25109735562623536	0.4043466430596802
DTXSID0023296	8.124232948785044	-7.69384906996777	-4.240415504365918	-4.091785936180526	-1.8596012626795702	1.0138167363038555	6.580333328885532	9.972224918611062	-4.760599579407383	8.222407475873808	2.1304245467619145	-0.24523544080290022	6.12622295795496	-2.4304519485465415	-3.526233157084504	-1.1667886645646142	1.1390138032321193	-3.4788886403064785	4.154290784909696	2.0539089188054263	-0.573809028360763	0.20928484967167832	2.687935188893174	-0.5878028931288909	4.243824589709392	-0.609139451600482	-0.6644466837390153	-0.6066237078588138	-0.07445941705789047	-2.0004010668556553	2.13174340794845	-1.4152438189228895	-0.044909834937737696	0.18594664124105328	-2.7887522357909917	-2.3936785697738063	-1.2518046025261311	1.4658200981824732	3.6822482316811262	0.15416640746662158	3.3460204758280474	0.2780326269148784	0.2867571593001477	0.5704723521301696	1.0750384328746934	1.790921304628069	1.3295813831831762	-2.1758969079212673	-0.264172982367426	-1.3883816404144407	-0.12984754910741544	1.0071267264876782	-1.3762138387861822	-0.4577134690737271	1.570705313740917	-2.3164075361971936	-0.2662707028630852	-0.8897914649009716	-0.3677039291592016	-2.0148408217236438	-1.757072339529798	-0.4911394643042631	1.3931883286462206	-0.12643121040081	-0.4318840112429137	0.03518168351763645	-0.19379558033953853	2.007915627879491	2.199155204784381	-1.0663237047719092	0.0031656763215668245	0.8774636533137415	1.0955975216935834	-1.082058895718285	1.1410222163692392	-0.6231953211076452	0.11284981265103951	-0.3713263109173895	0.5921297043931147	-0.8285592184107755	-0.708084855212012	0.3762432790245251	-0.39892255130236587	-2.5400962537702814	-0.2708694089835934	0.6736548760615957	1.144435547736717	0.9603349341013377	0.21676496551567617	-0.07875664716868022	1.0286433541036208	-1.6867399143711928	-0.8753429561054497	0.15385490327880083	-0.3971462038947669	-1.8882049343545035	0.631949817293688	-1.0795174349797572	1.1907679011649006	-0.44980280128555067
DTXSID0023745	-11.4451256836123	11.194023233579534	2.6968116906690804	0.2246057496873197	-10.331390560621273	5.58844184294868	15.079912804099122	-5.178099118931282	-0.353088723641941	-0.29861973889741755	-0.7662232651794745	-0.26284951293006803	3.5819740914722167	-4.886351453588359	-1.7183165636767366	3.1036117300728465	-2.97755745416346	-1.2980025638617523	-2.5785493086183915	1.8450801865557769	2.578229220454957	1.1334594918609786	0.2630881875659353	1.3882595907669288	-0.20938689648531034	-1.52842668727981	-3.077934276704511	-2.308023250222311	-0.31268258011442396	1.5688270831190207	1.4668608641763647	0.9239107923286445	-0.4886490330063791	-0.7371834722362229	-1.174658207523827	0.5160256959395345	-1.4121470630924027	-0.8784895409613838	-0.4245685695866053	-0.7108935266463391	0.2742863610156849	0.3873042199775647	0.32593333442475914	0.960307143173065	0.39115662115382455	-0.26592257981113726	0.21228467913437019	-0.6149278579591339	-0.010893340409333596	-0.48705985784568306	1.0125026714091958	-0.235191193348529	-1.2768775872017244	-0.02263865859903978	-1.1295358149681545	-0.6351941922780955	0.0258686092893219	0.2848870052925548	-0.49265782207202197	-0.778653166116914	1.2728465263791724	-0.7957226730903632	1.311927458771933	-0.6546418496242565	0.8173672474411003	0.3816777150228634	-0.10590617384582106	0.5250987315367884	0.7154834137905357	0.6995833696149677	-0.43220874603939224	-0.6387905103793058	-1.5346703812268283	-0.41820084351773734	0.6403568106048978	-0.40317654193433583	-0.47743317282485337	-0.3521413384541318	-0.006209201698895111	1.0270110510190746	0.20939823574197639	0.8001802095362189	0.0339600994723692	-0.7963709301368646	-0.25426149447351615	-0.13634325110551876	1.1091226521116766	-0.24704939279442734	0.8825324047069021	1.4123721939613891	-0.5115082607268484	0.26462602914342453	-0.48887255926085627	1.4893890607484854	-0.9796135724490143	0.3275469630624436	0.20153921735992342	-0.3822845596688905	-0.6226953810768658	0.4656274503705891
DTXSID0023581	15.878769527996083	-1.2903925278434747	18.69253053733203	8.408938433991327	1.4812688068455926	9.668658628607735	3.1210233123979814	0.80929573769485	-1.13517138001691	-0.10188624110271804	2.1207412685131732	1.6926784286076182	-0.5979320508088359	-0.4629849471214458	-0.30700820368582454	-0.7109107917463834	0.8466338045246359	0.6184324827295017	-2.1549051817577936	-0.6495632838893504	-0.4436892591153819	-1.0058190325657215	-3.086401943738971	0.5400290635586878	0.42699149338432907	0.9477255292064735	0.5094438325672718	-0.7616663494970615	1.5153786832011347	-2.395074875228657	-0.23155262690214282	0.6224223739626717	-1.9057021267657355	-1.5752554239194125	-0.7386527197691809	-1.781311459417646	1.4121375046718556	0.30118737848382837	-0.9423240834621549	1.01373794478369	-0.7349391283715393	-0.6395027531026991	-0.411883001050813	0.7674010597528265	-0.07910340412280886	-0.12007052368921435	-0.406571060631935	0.5522033337562675	0.8328537034840521	0.25827310796153674	0.5859887774531201	-1.3953866389956906	0.13832431501137185	1.8847543858271756	0.9197570909724726	0.11728965731578503	0.8703564889300589	-0.7597710958293049	-1.352219237996434	0.12047874242975681	0.4381126390537626	0.19081658106192423	0.48282016262989985	-1.1645409420641837	-0.19951662859323627	-0.26891302068888157	0.8623601934113103	-0.2716291917139788	-0.004590185852272325	0.0559709087534688	0.6653508836375459	0.7692900960250837	-0.632506532961654	-0.9653152617169969	-1.845086361336341	-0.6502124205711886	0.9478802912757174	0.4968084367639806	0.8926487853105891	-0.389830988920267	0.5244429481967016	-0.8303201739587688	-0.1545817673759057	-0.582574751185475	-0.17814565510994523	-0.13731875559604073	-0.35502634657776916	0.8034664257197728	0.18983786308254186	-1.3416197453883711	-0.27343136856919864	0.25680799222743506	0.4414022425468261	-1.9596015834856093	0.49536603200889684	0.29472896322765174	-0.023422129510542813	-0.6187780682679334	0.03936103921789314	-0.026104740464343933
DTXSID0023826	2.0846058627698385	2.0876010475250832	4.955867146390457	7.232329594338024	13.185786894546936	5.861544263037008	-2.3784978960288448	5.220996710310569	-4.779425381112723	3.776430825442214	2.1779153983514106	0.9038258916360526	3.5183209761419763	3.342393587779017	-0.8136060798637119	1.6336283731425933	-1.5677000390382085	-5.1233398165646395	1.8042197620640401	-1.8267071866112896	3.109631288101847	0.11462417348435419	-3.9118049204790575	1.5987305758339352	-1.1995357320818336	-2.002926132401252	0.12369084582704423	0.5756571327488161	0.26415355882435415	-1.1533811573708677	1.4306951206862069	-0.37794815588570035	-1.7458408087776724	0.2888025557104591	-1.0459927004960687	-1.683997214754196	1.2171930591754214	-0.41714744604245474	-1.8467359771108554	0.4755590713880228	0.5634905320390655	1.2255291377509663	2.7134489766458487	0.34417284860309133	0.5966328574300529	2.0897084324510016	-0.14798598628687312	2.512003319319897	1.3963086835321965	1.1895210470557371	0.7377802434798897	-0.7003350600127419	0.5350995570749316	-1.1407123470777323	-0.35830038067642656	-0.9904111626206142	-0.8761710135914466	3.087312472512499	0.33379628910556275	2.0697420384016896	-0.34604469210215205	1.0592136770403737	0.23605045946381933	-0.9971678496419317	-1.4753758569168731	-0.8977392053805076	0.08276766355293584	0.18263566770899212	-0.2551680689229272	-0.5787977998353366	0.6698169058552268	2.746473476996493	0.13974709882910985	-1.2640087285630948	-1.1051957365877934	1.6431346423978859	-0.7844420981402475	1.952180925772932	-0.2663989743161286	0.7775725316395731	1.822160066814874	-0.9766641498104957	1.1646823722882065	-1.3738352395305764	-1.8756780654756564	0.3006155465466282	-0.15454720611920897	-0.3685287805398744	-0.2507836077165372	-0.02446041534549639	0.5044636108892574	0.3245253451074562	0.5302858518194654	-0.5662360186230735	-0.2881287721143691	0.34290915373116243	-2.1265470000891296	0.015578577278840884	0.18480204884648477	0.4291461270787697
DTXSID0023878	-4.254221012667742	-19.839811253049355	-6.9379123044667175	-8.66720928876957	-2.607514067349074	2.2229232752106824	0.05923175675685029	-1.6232107370620494	1.6024939601977828	-10.762102748666067	-0.8077988728191089	-3.1964996524895257	0.9660483267397706	-0.005954765450172497	-2.2467809158148215	0.8154461329784779	-1.1893296214521059	-3.266996161773483	2.4635848444177837	0.7653318789324981	-3.097062726179073	-1.1171512707383888	-1.8881788451120731	0.41411234390881674	0.1262958996797447	0.7626049033224818	0.3160325038834171	-1.5288479990567336	0.19290619950725738	0.8865199586314423	1.4787548026984214	0.05584239708085641	-1.007939179494869	-1.0773364076878928	-0.42155136247874686	-2.3661508020034154	-0.37868765871647386	-0.8310788239697308	-0.07911830231397997	0.5897582952824185	-0.034696428987281466	0.19510641485274954	0.9086776501045817	0.7690506918733448	1.2988378687410127	0.4702488160266886	0.4400000506115422	-0.07888337179181736	-0.04958127826409746	0.6993508572480565	-0.1768979000806777	-1.1949830263877939	0.6890694573135594	0.12172397390735014	1.2288156097280263	-0.3022269690807984	-0.29600397611873885	-0.13039479293967882	0.6482343570630061	0.1137858468375451	-0.15913203366670808	-0.26328520975206043	0.4136263100860324	1.1179541012546614	0.8304099686586491	0.12863134716107516	0.043571144718244866	0.25710960056254034	1.1903046188063287	-0.05222924511437213	0.5460456396416681	-1.002114340681069	0.7377162433620652	-0.22120013246644263	-0.21009382780788524	-0.10681490703847427	0.002432413728081916	0.4513332118089829	-0.9338845460562778	0.6178582232448471	-0.20426182457514994	-0.3361938211627196	0.11596465371689449	0.15035727294819792	0.635133041313209	-0.4602332129630737	-0.2812278009317607	1.3166017828975929	-1.3352935679340394	0.11452740146006021	0.40687843133874274	-1.0610024573553707	-0.11415431941908949	1.0471852452056638	0.26758908232132056	-0.5041045934466051	-1.0586664810834607	0.4861882436771426	0.15876444679815	0.595496966579502
DTXSID0023907	0.3616343909325545	-21.04706084395948	-4.057218327883016	-6.89769784795876	-2.356057473136383	5.646500267880504	-0.31970192342142856	-1.0728500984783085	2.2767105427244028	-9.247344437154187	-1.625123974415808	-2.7866912611061094	2.1301145604263976	-3.1439026213191306	-1.4700280363329923	-0.7885935298429875	-1.7151890736974895	-3.261391253320414	2.4045485230227954	-2.40696469147033	-5.7235480455757575	-1.2446418335836327	1.5255658371493759	-0.61699175935055	0.6796881763684955	1.624718820640604	0.3557848105823828	-1.9754674355035138	1.00183206914643	-0.4927450233256464	-0.7997201302563512	-0.6152196765520577	1.8053172584857469	-0.19140901887963604	-0.2946889019348605	-0.21502305945097658	0.9885403100005564	0.4443898470330891	-2.307789347836331	-0.9860108361998319	-0.19570164247488095	0.20731428042083155	0.4887188549243078	-1.7355399881766944	1.7803671567167947	0.25135831242138146	-0.2384248817647137	-0.5229228791906098	-0.7155777383865694	0.4151616976913956	-0.04605652177327195	0.9681098619296783	-0.9412842730445559	0.6951926371922444	0.5158377129930009	-0.6906499033287642	1.2718928386892447	-0.8584807156435353	-1.2274737171051342	0.46773997239702025	0.5581276936181363	1.4591465307412586	-0.1687316340796572	-1.2972549065810794	0.19595488625327048	-0.0180726022652537	1.9159763995020247	0.06524649222048032	-0.1544141337553621	1.5121834788907047	1.5118762413467102	0.06994661471992647	-1.3102185021804063	-1.160991949479099	-0.4888795488153713	-0.5669415937597205	0.12235655932428784	0.8074118047634642	-1.3983203385401164	-0.14336966092851708	0.6567950824653144	-0.1888966083980518	-0.29958367786894824	-0.2564199723247324	0.6445067952140285	-0.014688349177319834	-0.39968261554312584	-0.8611686539344756	-1.3649076898092571	-0.49409621081148647	-1.7284772809208433	-0.7006473302659346	-0.41817561786747426	-0.19631441546092995	-0.5394579694491547	0.9534325766216117	1.825001709754091	-0.6260097717886349	0.6149935633136318	0.6954051775776653
DTXSID0023951	4.04478394687629	-4.101387450476681	-6.442344246384575	3.0886474631370797	14.60806094157314	-1.5441304815757322	-7.201517869567562	1.3184246631029946	-3.260394408748334	-1.7525696472529328	-1.9574377359039292	-0.18737022331847283	-1.409073512241886	2.227849337836044	-2.7441531978996783	2.8029524582539107	-2.980784835971914	-0.41411246009645064	0.5959548103219778	-0.6981155861588052	2.1279517624894986	-0.8804540647551891	-1.0905054878766198	-0.05298957084899813	-0.7851922351122511	-4.443260610306922	-1.482412424657431	1.7029157255657397	-1.5793508283800142	-4.353668170696341	-0.8577385748015647	-0.3661578357799331	2.034019860225537	-0.503906693849048	1.870112909933931	-2.53810505441634	0.6357827313982684	1.7217226806441037	2.131673016286734	-1.6436051943024959	1.9329157924541827	0.5558144698592052	2.1362999911165073	1.9355441057320322	-1.0161564995788037	-0.14087704850706487	-1.317831383413573	0.8574241850305597	-0.7592868372534667	-0.7060485777264901	-0.6783209267709234	-0.5851799937964394	2.176780648442538	-0.45281725112167526	-0.5065182202141447	-0.9526971362414961	-0.8569453972104203	-1.59622093827393	-0.2262568946699787	0.3704819026974014	0.38214849142747515	-1.3340003266056657	0.42759123574366503	-1.1432018332053966	-1.387354013739539	1.195359437202328	0.3591249653188979	0.1385234884210718	0.9410494203490796	1.3777036577260038	0.5831584264607198	-0.7313523998561706	-0.5796944898662999	-1.032323281860858	-0.6039899583908368	0.713291382797001	-0.20962536335053306	-1.4018963686237627	-0.4148297205119676	-0.6957741237393159	0.22959933952360245	0.5973058836316132	-0.2891142980458611	0.642108569887658	-0.746051375785684	0.8137241449343839	-0.29021242495789956	0.3653257605862206	-0.6765131647009837	-0.46758877608085225	0.5201385353468805	-0.28796768769416864	-0.9959582247784906	0.18138840202673126	-1.7852021184617852	0.8221695065234198	0.3788344898130448	1.295358955691645	-0.07271040670488899	0.7403244972714478
DTXSID0024002	17.60459540879128	-10.853158896255824	-1.4206456521054163	2.503546664584031	4.87060475414494	2.4867202069997276	-3.7782971703475132	1.2911777078977098	0.09486924357008981	-0.6542661372982187	5.223024328960002	5.534163793237774	2.4093164985404942	-3.667438792477126	-2.165956908671193	4.152716013207257	2.6051967641628484	0.057008629718002864	1.2834626386144774	-1.694622743419134	2.0974343386601197	1.464273200670889	0.13325286326996244	4.355948793818085	-1.1531222112778907	-1.7173980200923353	2.0861914797804357	1.1587992253183057	-1.551938831113916	-0.8171100117268739	-1.4285502330510673	0.1443139217625814	-0.7036216657637135	-1.2544509467288039	-2.59685018030026	0.7201111028822578	-0.10906107896529248	-0.19141023473533295	0.23116520460865037	-0.47547462915584887	-0.8810782213650661	1.110808017543797	0.6308091706035344	1.0617913503485021	0.39202102658241766	0.6487760116789738	1.548897921680557	-1.131641559425841	-1.6972488783042614	-0.47124006603127117	-2.325528806023072	-0.3837075888494233	0.8219377294428905	-1.0583810837458993	1.3050899250123464	0.852319078449091	-0.5599520245024509	0.3588513162121219	1.1337749326710669	-0.3956897077941355	-0.44671743690023336	-1.2309773588473056	0.7965062272976247	0.8052547188159356	1.7705728053469225	-2.0528013653180297	-1.4274582028046423	1.369296996413421	-0.7654680684679939	0.8158241901246789	-0.14536061843421597	0.6893095119663512	-0.7586578305491474	-0.8382169220676474	-0.3706180573424702	0.3790473388247912	0.9109278028267408	1.544235203278463	1.3091898589540625	0.4974118387462447	-0.3190256799077722	0.2927784122130412	0.831745626165388	0.27273591659435226	0.7768029442339011	0.7440514416156262	0.00010827293479739114	-0.5605766915988238	0.6551571969607848	-0.40578336218094946	-0.03265265780216566	-0.17438000923377703	-0.387854654822615	0.8787236723618489	-0.6017878813467461	0.16834945052156058	-1.2208309436431704	0.3876289067411953	-0.23536344148727772	0.08001934493358658
DTXSID0024052	1.9282386678784222	12.20077262789722	-1.9914611237002644	0.21398879877120977	4.849601763780639	4.759363527049155	-13.846512372485924	0.7083775378202787	-3.747464317528995	-5.720029950716285	3.0950669730627545	-1.6521607962729759	2.468616952192197	3.909801507726973	0.09128698906500561	-3.0522088800523735	-4.440263565160139	1.445705438575728	0.8315463692845606	-0.2879802771039303	3.074727622458603	3.7758722148022015	-0.9313645094240283	3.002919072561164	-2.921059503238312	1.521639206866428	-2.6679545178800432	-0.39160701361123174	-1.4190197082741762	0.1849451213958335	-0.9365208962400107	-1.920603377999735	0.27680906300724206	-3.0135391535967053	0.4609990312281328	-2.627397655060438	-2.3866934847355483	2.4238274500212835	-3.7653962149209557	-1.1304505960381863	2.1338642148086673	0.2876240197705471	2.2684864212423843	1.557680153437226	2.154480805937367	-0.02208030137440924	-0.9606807289029136	-1.094086580994884	-0.7439433529287027	-1.0770531553049012	0.2971340130609166	-0.13452220907339965	0.6223396959300905	-0.3144356494603287	-2.3353436738325506	-0.29111955508906506	-0.4298018802828616	0.058999636746666875	-0.9928293495141641	-0.5226713589907188	1.2845607666553345	0.20497404700893884	0.4748049364450271	-0.4514299484050918	-2.8968034792590522	-0.5523286533964045	-0.2198970651503131	-1.4530235298452703	-0.23589116751779907	-2.463416511049545	-0.9030518633979169	-1.1246914871949591	0.4368996598519791	-1.3990114389471437	-0.335270481451013	-2.412993379952706	-0.7036694985407262	-0.2307949076292163	2.8159289608792637	0.24359444076947825	-0.306212144480581	0.8883493715157051	-1.3512535876233507	-1.1498811544516396	0.19191936835689288	0.4494741229735277	0.32274493394269954	-1.0321370657461761	0.1886903877186011	-0.02719166360035954	-0.6349215492889227	-0.15936267148592992	-1.4474806839172527	-0.6836054670936256	-1.0228903315427194	0.6970159979786692	-0.64259350802492	0.8005705379512618	0.06977012562047669	1.436540778907503
DTXSID0024000	6.585712753912182	6.144933485596878	-5.860659363110093	-4.130164811050654	14.581722020810155	-1.668685707928831	-6.84692769521075	-5.8219952234732055	1.3418288900144135	5.06324003159819	-4.203424927916778	7.674287442145495	-1.7177233130271152	-0.6629903107225051	-2.18504781389241	-1.115303739310152	-3.786287978942498	1.219017686474959	1.1721534504802162	1.0334132802887652	-3.142923121608524	0.129343890451746	1.8216558811392973	0.3123764878665459	2.154876350716628	2.1369669534968754	-1.098825361536145	-1.7471898011242966	-1.7222315346790804	-0.820531815026263	0.6760471255934093	1.2330131735722178	-0.6421508402463773	-1.55279031802851	-2.2242914153519937	-0.7568975332548523	-0.88724089394431	-0.7232818285539191	0.12238643062221562	-0.1437797405432325	-0.7945140359330655	0.7602315446269177	0.1916366526696877	1.09872595587627	-1.0632689071025632	-2.0321840877188055	-1.888441679559671	-0.6283057279113043	-2.114799018231728	-0.4864010812141208	0.17943456008735528	1.1657590929318609	1.4476545349317669	-0.7689040398334538	0.25176785259993123	0.489925344699708	-0.1604865925856921	0.7341128066876419	0.23820097085203212	0.16131077679368674	0.45093363279156234	0.531607343859494	-0.6722592072200437	-2.1777340064334236	-0.740293006069344	-0.8044645253244064	-0.08297454602037503	0.8547748293505225	0.005728799642989926	1.0873216109384003	0.2944142908567769	-0.14017646355714516	-0.6373963764309524	0.32398022139084975	2.067190743954501	0.09544281213259523	0.5239608864428416	-1.0574529841948406	0.07037417173194044	-0.8351476508373538	-0.581379435487255	1.3096396017798377	-0.6789692170404075	-0.010243622996805955	-0.011371085198129122	0.5480264769182949	-0.39660434381333975	-0.06410955494178039	-0.4331977492417266	-0.6319265571336643	0.30741013568782344	0.27512644398220537	0.6382246896035378	-2.248252888646516	-0.843861247457672	0.4281505686747422	0.11187281596972337	-1.210357347614087	0.9669203468540762	-0.07088167087607707
DTXSID0024266	5.564099586664282	5.4872226196284615	-1.5968761146977557	-12.081589083737757	8.117633516666414	-6.687535888470805	4.916275338043871	7.951349678343064	-6.700017032938847	-0.670007552932468	-0.15184896438810774	-5.303348041247979	2.800484112952595	0.550992334217496	1.9343585195170467	-0.8558024963125781	3.0159039142566764	-2.397195947022344	-2.051651327918396	3.138396624718609	-1.6869199866796172	-1.1373965930450511	1.4430541292863865	1.3106621413590867	2.700397798236695	-0.5242399331536696	-0.17877417742252222	1.8059341588868492	-0.14034186393988254	1.4117547438113147	-3.5905191498387845	-1.9444949102300777	-2.3752474993568495	0.5875682673429496	0.34662444704470186	0.05992811863029573	-1.4103509602667204	-1.7954077079028365	1.14056469520939	0.4933276827982693	-3.5595026776828727	-0.9186912382954471	-0.39140742079563196	-1.2693842282899548	-0.5179079358424091	0.5975346175141374	-1.1543326150418405	1.7398730443172101	-0.7921278426273495	1.9190400943927315	1.5598633970616802	-0.9860280522467465	0.8095896800793503	2.248989037589041	-0.05926988200229131	-0.09841395296353048	-0.32015019446032056	-0.29993181712393036	2.511090212366763	1.032881219051481	1.793327016725076	0.5225037302976565	0.5033323024411337	-2.0355199590667885	-1.1324139310560466	1.2530643289596484	-2.371064655392555	0.6573379376155353	0.6923547498781447	-0.23050481681984877	0.9591267363889142	0.44855146618971664	-0.8623192156433073	-1.7531655919432643	-0.07352205347763155	-0.03195769924462873	-1.5613133185400785	0.02931120300552556	-0.6968578534989096	-1.511282872577338	0.5994104507996217	0.7788193369226323	-0.9465502645822451	-0.5243930743961883	0.37514512431588304	-0.07278545621131548	0.6887828445805066	-0.3132896433003035	0.8116364362312146	-1.3770500988566186	-0.8243801571831982	0.17687850193079993	-1.1879239185775696	0.7249387384556605	-1.0181338948355179	-1.1525839097052992	-0.13509430085415022	0.20039888573037634	1.0812020636837016	-0.22081262143526956
DTXSID0024216	-3.524141807372261	-1.1316883319957358	-1.7994121673977688	-19.70340862828298	10.685138203321902	6.390032333353441	-2.25225167593187	-6.878974810119061	3.696412068372383	2.885026600894829	-2.218146835773418	2.680778690785201	2.035905187873217	-1.3809568899249318	-0.8739432474729758	-1.6564380221565795	0.25095313556057885	-1.8607613977032946	0.013231434605307037	1.0301041247688631	-1.8748517059525116	1.7932522749515352	-0.48161255503037687	0.521661484453621	-0.9969834217946081	-0.7105567088064167	0.3344536883167732	1.9799289289391728	3.2518769280648323	1.3677016378564528	-0.08795168807544441	-1.1570107005077284	0.282598078501722	-0.32187302744099566	-1.649485731537279	-0.5262253899864473	0.0639586772344291	-1.0382019751898228	-0.9188553249314129	1.337484702375035	1.127484838445106	-2.130852483545019	-1.6134154026364036	-0.9318273758918728	0.38669721687030906	-0.690194653115618	-0.8314900537702509	0.2150608489357482	-0.14278028196561457	-2.0135492232534173	1.585462345879777	-2.371972928344159	-1.0056835978850078	-1.8344869995832567	1.3426660378363544	0.24077611397342877	0.14340215480206012	0.11401312672514788	0.5504030025680844	0.31961177419959697	0.5404263469012995	-0.8844811427696105	-1.2858205509530591	2.040808900089208	-1.313511131519377	1.1028066251163862	-0.04876536596987401	0.17987851083052242	-0.4664528911054063	1.7848433488074713	-0.621925989988647	-0.7782190304918767	-1.1972239081530305	-0.5294266222891363	0.38602420078268795	1.206736996681886	0.7897768293173731	0.6344943162230392	-0.17841121118690448	1.0335552703897168	-0.7161664792618386	-0.23145820365506523	-0.9425874708462038	-0.8924413837768116	1.0925479950105186	-0.9803146668005098	2.286717345779693	-0.19017689586219777	0.09729922821508748	-0.8722134365732372	0.32440880339788586	-2.1058086591693805	-0.09004740381880694	0.4025379783482724	-0.9433315653629868	1.5600682236365386	-0.4361349182817154	-1.0092692679279156	0.27963568007806855	0.8025226746664492
DTXSID0024553	-7.941699924421195	9.614324006827205	-9.734865054934	4.1226210550243305	9.871473836324881	5.388307789155812	3.5282060290593487	10.465144240814148	7.094999706075612	-3.301203003770767	-2.3494143837228245	-2.3064674136207826	-1.1212618967664707	-2.5433429914516115	1.2920482731768859	-2.0568574810558196	1.8379910547533496	0.525353654079783	1.8775281613401096	-1.86403211576809	0.25692868205352276	0.010611863915976762	-1.4148886844367699	1.0885431386200144	-2.177520541112534	1.460229486076397	-3.3291931861489292	-0.42647079214074646	-1.7180692672637043	2.038984534172321	-2.192615793227082	1.0453939602450406	0.2561991739908976	-0.8055586494580907	0.8937068025207457	0.5760524782264742	2.0326241543983805	0.49992427944174656	-1.2374356969482059	-0.06445671271006248	0.6352762882210246	0.010857611394752555	-1.292157824551996	-1.7696165898872533	2.563998611260178	-0.004501924740087444	1.553068790385656	-1.0493199591186326	1.4511122836704882	0.5187727655819395	-0.7339589241371354	0.367659416562141	-0.2764191180019456	0.3706985667559394	-0.19027483251112579	2.0100721679729525	1.2107223519824577	0.72067314413099	-0.47353390044591914	-0.3224831067634672	-1.3249337489809832	-0.22371685980546707	-0.40341761552048244	0.14371219643762834	-0.8866596640635964	-0.4882115025670462	0.1705775800788365	0.9061483397200474	0.18102737054304643	0.6061213346757017	-0.10360898459745928	-0.839901820489209	0.733186349041126	-0.16731970982329877	0.32594879259327486	0.7292381249676944	-2.070756310586986	0.03228828111104384	0.6384725704728408	-0.3397468331788457	1.2161988439844502	-0.0001423590572895723	-0.28740037333396246	-0.9268047894638067	-0.5550031464987839	0.44398528999200343	-0.22133440496720527	-0.5923103567549012	-0.8327910004132069	0.13319207904885974	0.029547261089106863	-1.3258899458572648	0.20261884265806776	0.30089116774873953	0.07235941596743467	-0.4346015278972135	0.11565778268948379	0.2151947819152984	0.6988941049296093	0.7994863248757975
DTXSID0025363	-16.488327427358172	10.307959537033085	-1.9269505929462738	4.238121350360732	-5.5014792919842375	2.7272531507240085	9.469877334720529	-6.719326964236996	2.7235161013767595	-3.4570984957423225	-1.0113206906447738	1.3863661567101493	3.4821093463399615	-4.285992781609401	0.40083030897294725	1.8916223176562992	-1.2944785206571177	0.8846387798942265	-1.8275316193885092	-0.31643055164986006	0.9027165770250384	0.6663421920499937	0.76277408927568	1.046481669379602	-0.697884319037919	-1.1779312950014904	-0.6696983389663355	0.5091694206683798	0.6578614223656226	-0.8897243344603014	1.1919683078613352	-0.7259505718899157	0.10770214255629124	0.2230902066829272	0.02450910010963344	0.3505486095701245	0.22988380060022556	-0.3956842477341967	0.41768043337520644	0.9651704722200708	0.9165086898730568	1.4579561586017302	-0.7358440671044213	0.35999107786718676	0.1601998765216213	-0.6453859307978662	0.2936409798534552	0.5810183638241431	0.9739923959065583	0.9525552645890192	-0.09044443243011595	-0.7460973121285978	-2.110217023277852	-1.3108632861532628	-0.28149984668863787	-0.4495183867793114	-0.08319782066713334	-0.6774761890095703	-0.9486123841093775	-8.016659406213978e-05	0.08633865369223595	-1.8609990774000305	0.157694815259071	0.05087041177771692	-0.4174750798252429	0.24377686470595183	-0.6918182367558433	-0.3977969455442554	-0.6554290622742579	0.15586527252419527	-1.1816765538592737	-0.3808156586573543	0.4535566024548059	-0.7086061025051303	-0.8438224478591849	0.8195641394770786	-1.4086635275633848	-0.169590894121451	-0.8930638695120516	1.7791362534498787	-0.7958995229249394	0.2671951550476295	0.8551844616371598	-0.2543006582941266	0.6283695348233793	0.38372813145321666	0.11271113691860642	0.2093301080472487	-1.0310913253629217	-0.011699954310078278	0.3531373692360819	-0.48383311050255734	0.021825941468350644	0.2692914934880686	-0.6525514894891958	-0.10201086732347829	1.4673927155951398	0.3882205717568155	0.43649433465956083	1.895726236401359
DTXSID0025523	-11.700665785360972	3.2083564931023547	-6.293424050900789	13.847344966834346	2.6230607438314744	0.30038045489201964	0.633117025135329	-2.9650375923062677	-0.7856135527746433	-0.9642419577330087	-0.6196087787326034	-0.25193602563527	-3.7255794678218734	0.3165683451383577	-0.464727445628648	-4.653589386746196	0.21218195000011553	-1.5853810624822564	1.2667897824454957	3.44062860995163	1.4317585555139611	-1.7654946014231199	0.8011469320560813	-2.041526207433299	0.24286903003679935	0.5713532617486663	-0.8359444015437947	0.5586029807908292	1.1800002507914842	-1.6066142550410634	-1.1723070825173612	-1.7881185855056523	0.8815245183316344	1.2520888708755484	-1.327662449971082	-0.31451299127037674	-0.787971074014643	0.28725517212750906	-2.591518639129271	1.1473536409400285	-0.08163372564128339	-0.4187663711735353	1.0417378978914091	-1.4175235793835768	-1.5797389852962127	1.2852358890978663	-0.7078750766126688	0.26525737715442843	1.2101711287243888	1.4620561788321247	-0.37646710529145017	0.9115364777018201	-2.4057699576805662	-1.3103624174922701	-0.7605127682686268	1.3561966673359782	-0.39282137648721177	0.13247778921749512	-0.1991968586219804	0.22574397238935365	-1.5825626455399975	0.9957864297964119	0.26582183223183187	-0.290590457755284	-2.8120080661203986	-1.1834063576767768	-0.9744127007973439	0.1657161770865188	0.7099782861667652	0.2881504717937004	-0.5385085601874119	0.7901849589039678	-0.7220847437003635	-0.5432449120576515	0.1872759255314773	-0.18920562461855125	0.045895010815217616	-1.6540419320290254	1.2404055518433932	0.6383275745013073	-1.0895214842760361	-0.4460660722702176	0.40750421230697315	0.41933691115985866	0.9801869895349214	1.4192026727291642	0.7126583362214933	1.9106473266522492	-0.7440996258913901	-1.3351649563202124	-0.7148688115826836	0.8383571998994515	-1.9147884741045114	-0.8849582586652658	-0.744982237318464	0.3808784119980319	0.4286464806538525	-0.3598303970593178	-0.35112805075318954	0.6387372510338193
DTXSID0025816	-13.022461476620755	12.35715021588145	-2.204436893237153	5.717057791573627	-5.264958880619474	0.42746178179685307	7.045856684781688	-9.212333857598328	5.15886561102252	-5.454500466008168	-0.43155990409174155	-1.5966593486899594	4.40866171218489	-9.086972835619136	-0.8762597837146485	0.7641288416225263	-0.4429999911267726	0.7095551849958226	-2.98442065947176	-0.636858503747474	0.177819748485484	0.8994384062961462	2.5103940042254758	1.361493269277724	-0.534888387885541	-1.827030618159995	-0.4682131563573653	0.2700497266923727	0.6628099795740418	-0.08270496328658607	1.0180454910575742	-0.623186526598157	-1.050068032436481	0.07653422390974053	0.7481545874525728	-0.8977453480174955	-0.09068087647476522	-0.8021558382853665	0.39420671286406456	0.17782423766492256	0.9083084351353335	0.8711277765952421	-1.6275332632856718	-0.9845225230920204	-0.4843251840620966	-0.4419368727380167	-0.36210315330125464	-0.013981335840710629	-1.1467709401622452	0.20305962177103237	1.1080693846776462	-1.3165966379127823	-1.2732615050291585	-0.4600383416295929	-0.5168972603982096	-0.6509057347648016	-0.2820707322027938	-0.8514157519197071	1.4272953637935029	0.2127802221956364	0.2845129263966645	-1.6286464848524025	-0.39304647154095834	-0.4833655777322814	-0.28186620873525914	1.668716413428529	0.5477893994450992	0.10888770603498651	-0.2268348911314833	0.06967925641099079	-0.9371820969387875	0.3217652488245526	-0.7472190440166626	-0.34846221152098267	0.11923051796387943	1.261362889883584	-0.8060039114415061	0.9593958261949349	0.581431174911783	0.05308399018787204	-0.35165750415199604	1.3252018996150707	-0.13063838110328568	0.49466371399762243	0.21977135232825307	-0.8348009915385908	0.3408415666714518	0.018863006895575345	-0.5524961377495009	-0.013816991769975081	0.41390114010431256	-0.45835970779319407	-0.27472140364812403	0.3518775210393519	0.04533299714864402	-0.08405139174501407	-0.006660766414110783	0.6436049200377009	0.5817792294421303	0.49479481195880604
DTXSID0025864	-8.650840723479465	-11.366821314695038	-9.298749286675424	-1.7601674339388673	-2.2644644862204117	-0.3355767138265334	4.192947222828801	7.753634788966373	1.2383347458459248	8.370609400687371	1.9001905899378069	-2.516838375168288	-9.515560060060084	-3.576802196336115	-0.2400165978869741	-3.9939718550431396	-2.255174619080028	-1.0088617663586366	-0.40886621818655355	-1.7723042665536932	1.8994791534998732	1.4766092045848782	0.5586582240130865	-2.318457108456151	-3.100652488620667	0.4725396048802025	0.6617314844793856	-0.3877622475029778	1.0206831073574063	0.1511594197944741	1.812794241643187	-0.6133457148006481	2.5721833555481566	0.5007374800528275	-1.7088431235993577	-1.5630311644451536	1.5450041942998445	-0.3379296283437662	0.10046678403088984	0.9378486041216565	0.7248318691367772	-1.2958720428165647	-1.4290973415716444	1.5552853981766475	-0.3374995779283948	-1.546544377470417	0.5436372214345341	0.13230811338050422	-0.8602366399408841	1.1771140808284464	-0.23482679439777845	0.7141824547293175	0.7163959679546891	0.54488097490704	-0.20343943701621495	0.2913651981725105	-0.41472128689575694	-1.2066257748414158	0.5372056261118809	0.12237019736501985	0.5794646725658058	0.3063868612740618	0.47944440513389736	0.19896478091353215	-0.004153017839423698	0.1036278711772006	0.2402270286570829	0.6128135185074061	0.6180700762870023	1.3086901704448157	0.778958881887007	-0.260261632109212	0.6150845854628164	0.26206643718867867	-1.3801303336050053	-0.6797984476773982	1.2057122566551866	-0.039092960726162924	0.5008953214594136	-0.013486145133521105	0.022545484654969427	-1.1235349459560644	-0.09247043834355964	0.4230816731429114	-0.3014799457060547	-1.8173995809104815	-0.7725818960593566	1.1992543398811573	-0.4812831275378058	-0.10452557590878683	-0.9548588114972321	-0.6700397113944222	-0.5540595078526774	-0.11587242130968567	-0.04249247814105484	-0.5074889057782268	-0.19488661025880838	0.3350679903115406	-0.5029286049648797	-0.603552286051341
DTXSID0026258	-3.461467008138195	8.49992433126009	6.820353403792076	-20.378086668878176	7.016136284056708	-5.742722852052502	2.6002278990980594	-3.7490451184932865	-4.169828136857708	1.4481533241192652	-1.7743006899177496	0.8130175250925581	-3.9720128807102864	0.1705388561646489	0.3853719263212732	-0.05498606989731052	-0.6288327616828387	2.156825744072617	1.4337512674452886	-0.25287951746200527	0.4045350546331517	-0.10605817021252656	-0.9729735864250653	-2.4461856433260794	0.083142669744653	-1.7862932654446542	-0.15908022652643244	2.0624052163443363	2.1919812809055372	1.6107190675290908	0.11473811998630896	-1.3089757011152112	1.2489485778432448	0.48897434692120645	0.47251313574510806	0.07520954838782738	0.905331795003881	-0.6436804186951794	1.6867796661330345	-0.6005385027281641	1.5437087051204585	0.00032097670331513025	0.07153030643467373	-1.1629090725442859	0.9262849576703763	0.040571706787760405	1.4865637378473442	-1.616554328686348	0.7305511048879514	0.9931235717839373	-0.03529219426038769	0.20971429470456845	1.058334118011772	-0.37170811018999106	-0.16546783965633047	0.21512975601903592	0.6315156393741278	-0.9287472226887785	-0.9082330277946709	-0.04057126880962693	0.03198371789189115	1.356934201480965	0.008243851584470593	-0.4235574944312725	2.2752975835787175	-0.5694582391629303	-0.3693378196690099	0.29818973428679485	0.529260783804035	0.026193095351528885	-1.522443982745867	0.33970783601880766	0.12075006046499438	-0.5459567148754308	-1.399599133802367	0.30472663377564485	-0.8971468900639868	0.03439809498217894	-0.8452048688755853	0.48564843185767187	-1.8173696426059418	0.2813664049651701	1.066574890968951	0.7906365463714964	-0.6013554526468121	0.2482999212202734	-0.15224915631094685	-1.2217748731409377	1.243668441276107	0.6430486404809291	0.05655234556332315	0.24792961168507485	-0.7940524293646519	-0.41062649239315513	0.4888577962430743	0.33072814817417834	-1.6485353039121118	0.5526688676750815	-1.2423987404453802	0.3175908043939872
DTXSID0026880	-7.971852528260831	11.288561605313962	2.2780882191961536	12.87697834082012	6.088968496257682	-8.738343931011652	-1.7895223761561925	-2.7929959669012483	1.311280255931326	-2.3005513754512386	2.1538070437039143	-0.2911670956088185	-3.3960430846550462	-2.1149303431261526	-0.6876791252456189	-1.2030505998909167	2.282997589218249	-2.7706048699614643	5.079310325717261	1.6022206323397872	-3.7939641947697593	2.9233852191347793	-0.01063454400500429	-0.20162992119038564	0.054791478176217205	1.1264276583957584	2.2128498057026196	-0.24968335474371098	-0.044034393251490424	-0.39028552435418873	-1.490051766030488	1.723154817530966	-1.409555928960166	-0.08982012706210533	0.17024138384414886	0.3275225127899627	1.2373965266038873	1.6186301592002839	-1.0439344962125412	0.7585467570353502	-0.014207848332490596	-0.2032191903079933	0.30064462000824416	-0.13042331784158753	-0.37070973476606484	0.7293799762150187	-0.02773822303844113	-0.11002382488957105	0.4291226367122667	0.8387465256870199	0.459760013666997	1.4154212620172593	0.21782584541558397	0.5333061535241239	-1.1857671496581095	0.9829729945167535	-0.1822564024109441	0.6677340186498495	-1.1664604060732038	-0.8862969579015334	0.7682031299806586	-0.2872133001094416	-1.840864318487775	0.03486721323925797	-0.07685813189099168	1.8954682357403032	-0.17610527854653685	0.8603056772350675	0.395326128333037	1.1650196149241225	1.916801860487861	-0.12652373805706352	-1.15297042154716	0.6861326706290376	-0.073799992686116	-0.11739599086952524	-0.6719756676860407	0.1545819245390401	0.8525716498087899	0.6314002640515906	-0.4033977180960936	0.6347208890635571	0.5268834537132988	0.42430062206545527	-0.6929540700993033	0.5176681668298777	1.7625340417029167	-0.07541861770600039	0.9096149947638791	0.001869601272311925	0.4751871970813634	0.15695988698625826	0.11813927514853909	0.38809976791852013	-0.7568591975906322	-0.43256076729282733	0.28207015113434636	0.32298085361783757	0.4117289803831102	-0.41339897456645197
DTXSID0026915	-9.24169637524229	-5.686334595016377	18.03167657803482	-3.4202568590882714	-6.722375909110629	-9.36993007825363	-2.8397540719939345	3.3097587944666413	6.0401326955215	0.23046840666419133	-6.402370789102923	-0.7331489996729822	0.505532236283764	4.020347096457178	0.07695268901565046	0.5225364429559358	-1.6090916488225928	-1.5518373079244676	-2.455694164345872	-1.4958462106819188	1.1450535248903686	1.6960641574199316	3.023670554852277	0.8545161069929236	-0.4381868646633165	1.89581418508617	-0.8698280177130725	1.5618587065797966	-0.5418838869281651	0.2614814682010009	-1.9265899375368383	-0.8221228948293782	-0.7559530269820418	0.5610919350796166	-0.20173202943365334	-0.9579651655839124	0.11037559565272775	0.990616341386433	0.15520059305894152	-0.3351401808626418	0.18523645187902685	-0.5933283706883944	0.15912839035512505	-0.7857591226770612	-0.6435622014085596	0.19549244040354896	0.7010817828055549	0.6823180018543569	-0.7080282569843821	0.6002289117008397	-1.226013621037046	0.2938573210676878	-0.5037054466981638	-0.353541357331966	-0.3983578760477899	-0.046441748308191165	-0.7094058652893894	0.27685287349058946	-0.7287757590973538	-0.0503551659475759	0.0005467598457970646	-0.16282894377590354	1.2164555849752787	-0.40341071114747	0.09669334152828081	0.8067161469060681	0.014268853703580895	0.5252548410856615	0.5430569305285945	0.7371095242675302	0.6553641505833895	-0.5798909984669773	-0.10701913841542342	-0.612336124028954	0.10376601936783406	-0.734857283096011	-1.1743542666998894	0.6544974969876142	-0.5795287114913441	0.3269078040015919	-0.7456950179885979	-0.3025517243872388	-0.558116528190726	1.446292840726629	-0.3634887080404951	0.17040882611667435	0.10396848934192433	0.15387084239236584	-0.40751324023501545	-0.5092328570735185	-0.5416888009972007	0.6366277659559849	0.004465631642025952	0.7795533339708602	0.5768363566550303	0.016475277154686788	0.2419225115183666	0.8501225044961177	0.6251074046762183	-0.6676792042472205
DTXSID0026252	9.817065130355822	-14.468084927482044	-10.066891414199105	-8.819759874807104	-2.876057100122315	-7.257596036429371	2.0509315362112184	-3.1122218752235384	-1.5628446634340487	-7.1362908865729615	1.837971241213053	-0.3910236912382462	0.5765240052093502	0.4143380796440684	-1.9512668107023396	1.4774026110744107	5.100052120510343	-1.632758476787159	0.3075432529407219	1.9170549429877588	4.60998383168679	2.328161307980409	-0.07865324714332415	1.5170877138533796	0.7516716118645701	0.625349108239021	-2.111278565872378	1.2206238363151414	-2.436899006809902	2.1034183579171875	2.426140136339076	0.9911681330245207	-0.4617302413837364	-1.2994531221333743	3.1520504973896357	-0.09813909366525878	0.5196374134624961	-2.000199927359386	-0.03962032264736855	0.7346327109415212	1.914240596828504	-1.185086160159916	-1.4578699986555446	-0.014045259045016873	-0.8477778191989656	-1.2661561921465725	0.33931326009785706	-0.10381047246840469	-0.9791291886227722	1.2524122640362405	-0.21657528292155673	-0.500047859333387	1.029296297687865	-0.2190305498291385	0.6759043708501186	0.09331638142377843	0.5580719831019095	1.903941113385935	-0.16387575330903123	0.5594901250652967	-0.383454368870083	0.40228831076718524	0.68298939732614	-0.4389503487303291	1.6060058146199419	0.6053942608092219	-1.4812594651618796	-0.1528546358269244	0.7450452253832577	0.7707085966971251	0.15133494819891993	0.8946339670436854	1.0671247363800118	-0.5436368386298	0.47721522713443654	-0.6810521788688636	0.5703915497169542	-0.055309328508324845	-1.4104001946830924	-0.16164757854709802	-0.33282697375789994	0.4942942452461424	-0.2814897510182795	-1.2838727436289432	-0.871430777449993	0.2863683542799891	0.06787027666883134	-0.44481136762247186	0.8725238758422952	0.7769852462548968	0.6354186593958925	-1.276635356642625	-0.5879783839941466	0.29622234626970134	-0.4190996117781486	-0.3543057458312611	-0.7243196278610649	-0.09903607055294228	-0.15975275254795926	0.18647710294148456
DTXSID0027014	-15.54913020565547	-6.090106011557882	11.604917548154015	5.238501322868501	-4.724312088494168	-6.145826186686849	-4.780540573635241	-2.306817336976802	4.23921833482461	2.616548478026935	-1.4496821052093272	0.5568669480580051	2.6456741723626713	1.3844899951549048	4.31083209909079	0.494968608876482	-0.9169977404401156	0.08713946021143326	-1.3226179805513447	1.4374619951732042	3.1298689077766797	0.6268013769081862	1.4674444898804702	0.31420215018931147	-0.24362457045045272	1.072068264731786	3.30319987512977	0.32253898332926423	-0.5172946665343033	1.3594401048886224	0.3738066126962103	0.21059787492560517	1.2961206342874667	0.4520649631924674	-0.028741677473359907	-0.0833861900334334	1.1409995727468067	-0.5619406901475119	0.7152110033867011	-0.28360436355028446	-0.6974523117348076	-0.20895548766784855	-0.48089205944781666	1.3015916644869052	0.5518848019733995	-0.09164117985504437	0.46352045067140063	0.3138387942371252	0.33959007353668974	0.023250142034010993	-0.9318194848403965	-0.20566200150982694	0.48345896120325893	0.9485235543559537	-0.6233958724206725	-0.10147486691383162	0.12170067904401048	-0.5332860913693793	-1.1723476615563353	-0.23866780631132367	0.45250470716426294	-0.6314555293939208	0.34043507266842604	-0.20582395774062479	0.9006195931762011	-0.034764761240216546	-0.78287801790529	0.12950693685372408	1.1492607584081143	-0.3575603740344577	0.3706002455040072	-0.16672800063131782	0.3082672794184703	0.5254205628925793	0.11792860928763274	0.49487351857912426	0.38183385991746516	-0.21174787295209155	-0.6004012322552637	-0.6019252052876719	0.5172482793626978	0.23796434532876684	-1.264288078377556	1.2506843395820035	0.5859604558465048	0.7585724202577026	-0.6834250386629592	-0.7098083921988129	-0.3702569722892353	0.0004632812768501118	-0.6052085073423782	0.09259499508994888	0.9572508327573179	-0.11590519708147948	0.266251358327341	-0.4408207462868269	-0.8453616879269907	-0.16818070680361985	0.4326819924580171	-0.15505598083631936
DTXSID0027195	-4.035115247184184	-8.210391193154381	18.321214170182692	-5.040311576827029	-6.6732548414404445	-9.372273273017633	-8.136470997263384	3.421672740562596	9.152630556270394	-2.622128424801299	-7.158715241072214	-1.4796539441965548	1.3426993491850645	0.6153484122280357	-0.6570561840645525	-0.805870856529642	0.37652850412579386	-1.3523535938898466	-2.3356084518214892	-1.1917731453142917	1.3896280481255832	1.4897121830907176	4.683575549018319	1.2914784787461846	-0.08169354076118955	1.554732142286345	-1.8322853612076826	-0.513478028836054	0.7851462619396108	-0.7520602106020786	-0.6456195143765424	0.3727589256866505	-0.6387263987293116	0.5787129606606192	-1.7832671212853985	-0.7544658727231512	0.17739876501083413	0.27175938410331996	0.47019427398540126	-0.5896124923060206	0.5577855450211427	-0.209235783544687	1.1285964989075106	-1.2686628789915109	0.7289367807222582	0.5573182551687756	-1.6396827055497583	0.2911128726577799	0.5017676136394029	-0.016630859377315853	-0.6267623807383288	0.19109135457535376	0.7477265898635403	0.035441394481441256	-0.7341625068333264	-0.7738019236270566	-0.7911729601960883	1.7324794402840633	-0.11432896514578188	-0.1272075033833299	-0.3219687912488846	-0.25990230903712574	-0.9307052298040743	0.2723960467871861	-0.2377100854075329	0.26979075466736696	0.23235843373851378	0.5695428884661918	-0.044251384870492884	0.39672624635259085	0.3252544156616549	0.09577134029607952	-0.8441274730338455	1.1828728359786758	0.6001235514266436	-0.5518220645078413	-1.6444553342265251	-0.02215168787747948	0.44258193769726045	-0.16882294332157965	-1.2695806329959929	-1.3121681002490573	0.758695524269558	-0.7153254283128065	-0.7796589986390692	-0.002704935527744692	0.2427065741513089	0.27905649245312597	0.9328070999233603	0.4101858965797569	1.2536765875373264	0.7149493314679582	0.40290446575872324	0.0459331134083141	-0.2947491221933319	-0.41261013069295943	-0.12305829434367782	0.5767073753414921	-0.3673191900303902	-1.043243575934403
DTXSID0027222	-7.958795654781872	-14.318805204669104	9.125446209266837	0.46632377437574996	6.113947944750802	6.088645518250926	-10.259402616858962	-2.973136263332112	0.7853953435083613	1.676107352713668	2.389420553671249	-5.196947397049135	2.9499851365752274	-1.1537379715513298	3.451073627651078	4.525181103493868	-1.4443910862599707	-1.171654740021847	-1.1992964708753917	0.5710385153693034	-2.0992412713196673	-2.1336212351979	0.6959392221701827	-1.8527266928480817	-4.319845632684593	-0.17705257995711668	-1.8384369561553568	0.3573115953610051	-0.4143925288715235	-0.844745575307829	0.18459208402932067	0.5674124004323781	0.10630640146015524	0.8378338806509111	2.46850404839531	0.7926873698433026	0.38624396170606395	1.8621689127345422	0.14168257916279514	0.5281698736360451	1.2681503960614249	0.26953100732226953	1.4405194951561173	0.6830148763590814	-0.08699752968097113	-0.2182195246744244	-1.120658034410885	-1.1667369497476474	-0.10436928589281733	0.8761987128331614	0.5457312860803262	-1.385286816788028	-0.8572160988345776	0.08090337146015959	0.587399464491339	1.9244132191556962	0.6326128151553867	0.8997584374972019	0.7383380203601283	-0.20146038666139324	2.014206754404465	-0.01999509664193715	0.3420269411097862	-0.9976571040712712	-0.1971236711599242	-1.2922413726028648	-0.07187992848870554	-0.5065224569993932	1.3170795959861816	-0.09636070248860376	-0.062497782641669004	-0.0612555875451649	0.5553586653980048	-0.46220493910738986	-0.4256981656257019	-0.049704309708460674	-0.011114086989878272	0.12023272632285821	-1.4131859774700606	-1.1329228685208617	1.359911251543351	0.5132281315826318	-0.03434231868382283	-0.8179072049528262	-0.6241808706203804	0.542200168953809	0.04908002149722359	1.035459592046507	0.19784039232365327	0.2911209380039428	-0.11995548072402996	0.9402143130001988	-0.11874503190538183	-1.4506524669119987	0.2502440868836688	0.0823927638563432	0.1982310098223803	0.721791875151801	-0.06019604444771947	0.13753450768330458
DTXSID0027270	-4.073012790244886	-6.14531103875875	20.08864834684005	-2.9356373932248103	-7.240591162329683	-10.029642654951935	-5.071272660476809	3.3941309944322007	8.175688166615068	-0.7355796902250219	-8.148871742975778	-1.6269398219627216	0.5467890105369423	1.9279029334181308	-1.2706058123207038	-0.7065231241539927	0.898750336949342	-0.3914930615282576	-2.198724173843569	-1.2241605522784744	0.6556427745181096	0.9065502223360573	3.1663538609806827	1.3727324439612671	-1.3343107127868916	2.081779725474525	-1.8712991157567995	1.8193434022282573	-0.09002239923665825	0.45281529175500496	-0.521928351257869	0.8139260618202592	-1.2105210534922626	-0.0957174216238451	-1.5238540501849627	-0.8433686015011521	1.1807552907514718	0.4223385054602488	-0.24491574100756952	-0.5835325455383449	2.134791927330853	-0.7798700232548935	0.5219874166196499	-1.0304931054564852	-0.41223286105620854	0.6712257591448111	0.5261251801320398	0.262550799857689	-0.03945377378769792	0.12085340394495829	-0.7928358373058995	-0.2570509010307157	0.016152816094009266	-0.2625780042447873	-1.5003011198942104	0.4815669477386857	-0.1914418510648175	-0.07664311344508691	-0.5335004988724971	0.3330869069039711	0.9555493371970971	-0.09437857338920104	0.6263014304861557	-0.7916893095633913	-0.48670279624509927	0.4059223004091966	-0.7459726159399652	0.6517508378894297	0.5678556225450483	-0.05652818701884929	-0.1231617758275867	0.053302867034181606	0.2691291815345974	0.3287694586081058	-0.8878964903668433	0.1228894445104999	-0.04893128172753379	0.7410184637485198	-0.7924385728219939	0.4737582278781514	-1.0212724076934854	-0.5526779512193433	0.0006674965583553285	-0.6009123151659166	0.548439668101932	0.0841302750474854	0.9822617796079034	-0.9225037991916606	0.08805103626934331	0.6149471121141061	-0.7157826443932239	-0.026682971875333493	-0.3150893183306061	0.6926981975275639	0.8768281353010673	0.3735663388531796	1.0520492696726413	1.0098251496371484	-0.04430846186748596	-0.6485744421652532
DTXSID0027640	-10.708611803883109	13.377419763555183	-1.4436733940612692	7.348593826021348	-5.769807819172383	-1.9685546334054853	8.686872648804517	-9.642814296552903	4.690536942132683	-5.080356135071034	-2.2688651591680085	-2.114588098104213	3.285025901523464	-9.071281445218865	0.7171926273318341	1.2223841026353923	-1.2493955068300124	1.030170844571304	-1.7445192792467648	0.5285135724519352	-1.3559704062895508	1.983236359045168	2.476151103698224	2.2324068526371965	-0.059965701208287654	-2.533139411399804	0.023249087094243497	-1.269580334427151	-0.29219040806551494	-2.2434041438890393	2.547455203179786	-0.566583576684869	1.1714669771585107	0.19841906479292232	0.026136336921869306	-0.018230655391019958	0.23712100613774278	0.013146269411660843	0.12571079816398367	0.08007867234738969	-0.05394227564634861	1.3540580418271295	-1.1208354165555958	0.9667616842240118	-0.1425568408005498	0.3627220037291152	0.6594903823728712	0.45339827683513884	0.20461855058328052	-0.024263671928712104	1.172437618810106	-2.0932914913648477	-0.13132501418235662	-0.4404389870205157	0.27688745082116023	0.4326972652444053	0.32675201487763644	-0.6170601851480764	-1.0880673389665254	-0.3372157081031152	-0.2842553165767752	-0.7128350941257736	-0.23672671757669392	0.16817118593478572	0.07067150335614335	0.669754579735314	0.12552761438963667	0.6767473574052822	-0.7102613504384461	-1.067290119514677	-0.34249915478665865	0.32721992303049946	0.54393293503997	-0.8409541253133167	0.005647878020736765	-0.40992331197917165	-0.019290009526076193	0.016727553293764824	-0.3126953002818886	1.3535221483857982	-0.5238652500471704	0.11999424995312702	-0.1582048304506635	0.5692254380285832	-0.867317433085671	-1.1264214811043822	0.9357329614415588	0.3598803375202429	-0.5766381235228673	-1.3228853565444871	0.01562103954464659	0.5239270305027109	0.29137000923368944	0.05170174704979652	-0.1963758159218169	-0.5673874926858138	0.13467582193685323	-0.8162760413986636	-1.0530124059423251	-0.19293776092557247
DTXSID0028038	-4.82400331914036	10.462591392324047	0.5300350665555159	1.7498516035535208	12.82673495651436	-7.117556748073124	1.9861021182071585	7.6459581953130105	0.7243979703594332	-1.0234567959586063	-1.6803821446260696	0.5790427653171414	-3.054537612018451	1.2657805770446455	-3.8668932871504906	-3.5390574895723703	1.1922326297379542	0.12312061338051111	1.7932807205854977	-0.6882087386998043	-4.175004412969047	0.5504855442754438	-0.11165668049910525	0.6666180319941352	2.155854660438515	-0.9136983926099327	-0.9766354200006826	3.1434639030040725	-5.065803528990978	0.8633794064446803	-0.08425187508260384	0.6236860822158034	0.663154847697019	1.5310444276965733	0.7100779240456722	0.11507864254077452	1.4295538125472746	2.050178567142508	-0.2761637530458135	-0.10236177227327536	-2.4895682983062777	3.90220550171723	0.2850210197150174	-0.6164022565157008	0.22563413800071755	0.7137636167882183	-0.23374222561042032	-0.7982263079123686	-0.4481918165626118	0.16120944475780535	-0.3444903559721027	0.42037884652499335	-0.7241268953575158	-1.4054730650783664	1.6432555329165348	0.022462164822241643	-0.5272824225734686	0.7225829127528194	-1.4741012173891512	-1.4217519490113295	1.3089368463139266	-1.1753405044812841	-0.9151644621654992	-2.3716099527876136	-0.44578074284374214	-1.0823490561245424	0.7052881778440122	-0.6224579234856091	0.03611865522166039	-0.5068055687514844	-0.49600738990986054	0.4943087989860686	-1.1327514390889486	-0.3022328134963665	1.0184863190871274	-1.4129624764348083	1.2398233217715278	-0.1372884222625204	-1.4938462160505992	-1.5381305954893472	-0.0998363567885341	0.5389184241551853	1.263275346167928	1.5044817093632432	-1.7422222695070384	-0.23870651135297274	1.37717296654389	0.17321221334408077	1.0263588674943906	0.3502590952783037	0.17394871245965063	-0.9841790589591409	1.1556128463780109	-1.9886229176956847	0.5916043953892784	0.20587618393697876	0.5077968751030232	-0.19504088251084384	0.4680893805186881	0.24017394212483703
DTXSID0029210	-6.919202279249218	5.1490419209107365	5.591111032091627	-21.750223906181915	8.402335663157434	3.439116240722467	-1.2219510019603552	-6.128293438297863	2.799662122515959	3.240192646002357	-0.8460900273944125	2.470172340001673	1.6233778605404618	0.01510971285133976	-0.06957450552093052	-1.7428314638896374	0.17673711432985012	-0.5075236173742325	1.6826750623160573	-0.26920121692957527	0.2597127311980644	1.8795744631394071	0.2534574444815614	-0.7083658354972779	-1.2092079031680556	-2.633267465042652	-1.6369778229596783	1.4721914193162138	4.333549770482851	3.7016809178610295	-0.045111348935313995	0.5289593082084761	-0.4266112433418837	-0.8977978190650691	0.7458399273518036	-1.02644127034178	1.4445824258501614	-0.47487680922209247	-0.07908908315336095	-1.6100335504053616	1.5761749782935344	-1.6482116643808298	0.5398571337258022	-1.125680131067047	0.5733579082009522	-0.9912975324443559	1.7708781341741644	0.49366333627383946	1.4418243769209453	0.12428585062170276	-0.6070706885551672	-0.33308859319653966	0.45971033957208046	-1.1942864185777768	1.2657176336470943	0.5569415857055101	-0.21536272015068159	-0.40166055868291695	-1.027987046765869	-0.7683364188696417	1.1440045325505945	1.176308645352112	-0.9765503323371072	0.3148097354330186	0.48264065951550306	0.11270085824907379	-0.3335275599985271	-0.727216110072519	0.5904613024974398	1.0302029334462781	0.6427159326160153	-0.558310424496371	0.3285564109710641	-1.087239257777699	-0.0934278306959609	0.9728057011317028	0.711003687919269	0.9849609261030904	0.5818096892100432	0.06520676517582867	0.2981379542848405	0.17377911087436013	0.33187775336985825	-0.824738726252226	0.12966481359608734	-0.6620009256986674	0.24165121787482816	0.586572152324575	0.23661665840648474	0.26653695778900555	-0.3149620197399147	-0.7660778802860478	-0.7846353601754887	0.13037477696403857	1.0304748659416074	-0.3395489369961998	0.46055346315521156	0.284888298919206	-0.6400197181929862	0.16559236059463708
DTXSID0029761	-1.466355734934152	15.547311790187646	-8.307925566011555	6.228535539280918	7.456646151548722	4.638378595327758	-0.5893594880113388	3.415928737777006	1.0258472335791122	-2.391770545377672	-7.141349248911228	-0.8253609808529819	1.9364078759781171	0.047726074337148386	-0.4891929724799225	-0.569284238846252	-0.3677278814347611	-0.9180553252130776	2.6473654388688495	-3.11085882032678	0.7890060264840492	-2.7544458282515203	-0.020242907603633446	1.4132111009134176	-0.7852184053075624	1.750431761187472	-1.0032194602273057	-1.7441658549636163	-2.476005691778866	0.34332731485337686	1.2239999274317985	-0.6107227963683337	-1.5696578211486785	-0.909258193142907	1.006702869347295	-0.5715010888122083	0.925655853053492	-2.43063965114309	0.4672695503830035	0.3338079534545304	1.9871361830082672	-0.033447691851328676	-0.5770396471978418	0.1993588156731253	0.131980535398471	-0.4074886229472871	0.1473693828542237	1.2348395861638064	-0.20974514625862914	-0.8382305304548844	-0.47883003161753696	1.0175518512299815	2.230743897935796	-1.3340927123083017	-0.3555836005038105	-0.3637120601476377	0.9192585724018636	0.5240808239828743	-0.09997099724327244	-2.215646625892401	-1.1595549561412124	-0.3988978333716063	-0.0760927308651683	-0.08109841723562178	1.1032778385895152	0.2484327986794609	-0.5418678555549076	0.40069788744854673	-0.8933430400094223	-0.16164111006796672	-0.9891341018279503	1.912482970164585	-1.0043725776693122	0.8294096631744389	0.04120935591371407	-0.8876768542437811	-0.606679266033931	-0.028643383705626274	-0.6501733971745338	-0.041696665554706656	-0.008789225449618231	-0.9201174237107029	-0.8722781778999488	0.7123552609628232	0.7293305593113324	-0.03444754454154824	0.456034099146017	0.14469301262862122	-1.3704688221763806	0.17043158376941958	-1.3912835335874876	0.3022847289707368	0.09443715904129324	-0.38947671720214616	0.7855358531080643	0.26836681401979234	0.4583632842120157	-0.3690284652919131	-0.3333132184587736	-1.1449350484853587
DTXSID0029559	5.568046702720884	14.76076740459816	-5.710733299559086	6.428850521518999	5.033909332416334	3.026765460881864	10.333167558603193	4.908703414325907	2.597494624370688	-1.4175200443026343	-5.424989835842336	-6.009839494914382	-0.14139943272230693	0.27640111801805956	-0.9212138680822999	3.5495501246451555	-2.6680526053405527	-2.1319956614727293	-1.2510776526588414	0.006173447588868125	0.6585036546232131	-2.7359808606968934	2.9681793574574016	1.1020899478064692	-0.5819669839737867	0.7863262141463256	0.32339500300645035	3.5628559970856335	0.041953126778647674	1.7952344682799954	0.4282789425968491	-0.3270541516780128	-0.9268477010248193	-0.25798926516500337	-1.241608927755173	1.3640931195284085	1.8488172222806574	0.8199929024238732	-0.16178692897421554	2.088693488426253	0.19514656013504217	-1.5570994213882277	-0.7003181630273517	-1.4800780258662964	1.4834718524744361	-1.9171187768827196	0.5500406432768984	-0.3641602873728212	-0.30907612018672537	-1.6263657296639038	0.48970837267965006	-1.2609177080204677	-0.01748299464329397	0.31566325916506355	-0.6009026495554667	0.5157186766521022	1.0446963395590227	0.560835873297435	0.6540705226355776	1.1150922993173877	0.4645350592332129	-0.46367311153860974	-0.9720782138203283	0.9266674362028537	1.2503413110749977	-1.9426782005907415	-0.3761352479822215	0.9284927536610729	0.7836805766368001	-1.9966813254213545	0.24428749070905273	-0.02360952779058686	0.6915154212909786	0.2729878202030637	-0.6007243304756967	1.9379231876659078	1.6360067147283557	-0.7625483508372906	0.35771784295476744	0.8665981572294036	-0.48796056111750963	-0.9872650614048751	1.1632587650444761	1.0926043324352395	0.037842052633165486	-0.11086592136086974	-0.21505105960636076	0.7208444170293902	-1.1596260209494818	0.21822931111244742	-0.5463552738674221	1.6851956719126346	1.121651163726055	0.34049395249294784	-0.48588808382002097	0.07010850835120787	0.565235727443506	-0.5121188907484914	0.18086866733908122	0.22371233918044472
DTXSID0032316	-10.119134681632296	-9.520061939406109	-4.91457209222558	2.019060016226653	-3.6788815870870337	-1.5090337125631463	0.979033302854923	-9.59269876212802	-5.406016285744837	8.146738909131129	-3.135779411635168	0.8418363580866667	0.3330819817130167	-0.19220489931503082	4.873091545792208	-0.7279812412833407	-3.291178315536844	3.430172462999797	1.8828237351112143	1.9638013405106975	-0.29021868911451104	-1.3773903442971216	-1.4817196019672636	0.5242779738411717	2.1174621282573547	1.348044474108251	0.35078797842714543	0.7019466702600884	-2.1216574120117455	1.1071599863775623	0.2393338752925548	1.2747354225094847	1.1835016063733075	-1.9165210217168864	2.0946326358456426	0.40869388317755184	1.8446430866675392	0.3514429682461891	-0.25813973781316013	1.0565293169243732	1.0450876318216253	0.3394108715627552	0.9180597292852074	0.22788993846135266	-0.12255330217271498	-0.17397658273041897	-0.6041458989035825	-1.437660773199632	0.16094357436490989	0.4041266259938772	-0.42319657466036836	1.2624159834984305	-0.2186139943189301	0.8693724033722905	0.3605934796487119	-1.6864884817741697	-0.05440029377287621	-0.3817027445997714	-0.21851792789020114	-0.15414929492307822	-0.595244054508902	-0.07555041798450939	-1.3331635205789485	0.6631582985041659	0.1570669279718345	-0.2535851509419706	0.9822237932089799	1.8951249868914921	-0.6272086538806888	-0.47810084277379045	-0.8629449233214546	-1.4547229101914843	-0.0637212351512914	1.4878687289238999	-0.6016653184683332	-1.3728985320143008	-0.6963710321241946	0.20913453166032062	-0.3623562451282971	0.6457826970683477	0.2858002031598019	-0.666080597403581	0.8100692952866827	0.32614521797599005	-0.5708751487787449	1.1296783408863118	-0.2130438723076923	-0.06884695925723078	0.28864013194288735	0.4734619366431348	-0.879341163770835	0.23786062082248652	0.31373496660309963	-0.5185324627280561	-0.4677843607324209	-0.7822956935211085	-1.3600331873501617	-0.08507494474000732	-0.5912628229439302	-0.5376717852447152
DTXSID0032520	17.325967385390463	-5.42870314594287	-9.267568953532184	1.4587112717342683	0.7636706003516011	-8.16019503146393	3.1475374859241585	1.494573556370468	1.9259198504080524	-1.7091913389384121	1.34918386402383	3.6655490434017186	-0.17448811429362204	-0.8777259559557703	0.1503702859740577	2.1825626038018404	3.5972277863810547	-1.493541491903809	-2.076947286421916	-1.764962102100772	2.0656544707693225	-0.7647226734262081	0.29740197464604	1.3600687057260457	-0.11775856812421888	1.4411731390457585	0.5188617984039858	-0.9050148929629697	-1.8928619588923141	2.8380475279089827	-1.7497016689793379	1.0130297145349993	-1.5754984177075733	0.5021471274876723	1.5211377057574462	-1.2128848735399154	-0.2714123961810217	-0.7724496613041728	1.9958211610271708	-0.2599441052894407	-0.8508551505264159	1.9421231744117453	0.42742306574257727	0.8060977428617004	-0.2993530514810197	0.4136620722989089	-0.5454359263589285	-0.08400318825571922	-0.03633889803346706	0.6557017744072171	-1.8656127494632828	-0.2859131040179124	2.0010799255062444	-0.6552976886188199	1.2122895807003675	-0.9008619670710539	0.8217191159062627	0.1076316756764342	0.25838993223462553	0.9348802699498197	-0.0568734714273088	-0.0990036551984244	-0.8065260726210041	-0.3618027127433995	0.4308821875532771	-0.9122670193433322	-0.09629540016607283	0.8330976999635507	-0.9713453764905396	0.761081158232843	0.8886571803153789	-0.2559888915636481	0.45957735920430964	-1.3901235203861506	-0.061206671235187034	-1.0512970573015656	0.5114373960859832	0.030900550146032976	1.1342606509688988	1.0134962659472537	-0.6456068027651699	1.3854612571444689	0.6916142669069743	-0.3462383964850978	-0.5930322404243726	-0.4212704802420764	0.22177415025151606	-0.06741368150967378	-0.5326191450731034	-0.1049596100491463	0.9835401241325383	-0.06577247962349077	1.1203621842150377	-0.386961197130771	-0.978070162171276	-0.42571380165219186	1.1452834261135583	0.49477528079712746	-0.46170936808726215	-1.5752696145507032
DTXSID0032578	9.369190527676743	12.767121234348021	-2.466042627058724	-1.3809454334293063	10.368930391036818	-8.28340405870431	2.475879531957884	6.889340498705025	-1.0429028423164175	0.24970076015149853	-0.676709770478141	-4.602044100136144	-2.1298084972389852	1.203579928650493	2.2115140394487165	-0.15903937080295544	-1.9611354511966397	-0.7306870950585992	0.7854218444409007	0.6908011937678857	-1.9477028982041253	-2.106719272536356	0.7788669010262236	3.8344954384245518	2.063717830975585	0.8114251757862898	-1.8557904236222407	-0.07490252761741639	1.1190566331643852	0.33367748976606704	4.964132970166855	-0.8143835476932162	0.11467201547117592	-0.5301973332606351	3.197464819122879	-0.474198323843969	0.899680649035458	-1.1083359065944391	2.4762314570303454	1.5230223983564115	0.8243666295092364	0.1683089989660863	2.3254412516451275	-0.15788761071513666	-1.2788266956554613	-0.27101944909698394	-0.4310075650356991	-0.9645166144712696	0.3768866867608589	-0.9766834140163672	0.6672779779324276	-0.6969180896437974	0.7498082979373636	1.7426076330231886	0.3192324097985456	-2.0853749485946906	0.5751296833718593	0.48609044610299373	-0.2174385222687557	2.3944157425160215	-0.7950175912993298	-1.4774084546197161	1.0043696715331292	-0.5329737393549983	0.2933132099807093	-1.4986679537947112	-0.8579585721589335	0.4838371329182733	1.314691047880311	0.9587506036533539	0.23624935838920125	-0.8889703122271259	0.41695646820907006	-0.29345672015606145	-0.1354564292020035	1.216132781144911	-0.4078589915131896	1.8672106313931893	0.01040469854704495	1.1442805398780789	0.9499118999726498	-1.3822286866528748	-0.3158833801471843	-0.49184057746817045	0.4595620223789874	-0.05980124650151258	1.1441405400901545	-0.49107238493024374	0.14505989156554794	-0.2272802463822313	-0.17300057191716406	0.8749467690695999	-0.8769349748860247	0.168639509483024	1.6819656617148095	0.9106424879354929	0.15805787431022716	1.0708278395369073	-0.23218675309402037	-0.44197491896522906
DTXSID0032572	7.1266959981235605	-1.5035244675089847	10.766998155214509	13.587638265584875	11.24367139687625	5.053718454995691	-4.900397119729529	-3.277968118718758	-3.0261381458282184	4.255889901350473	2.0196339466103352	0.15996012811331975	1.0688913808701996	-1.3172466509111702	2.524801047471606	4.369584254268023	2.140638743156929	1.0245700740762673	-0.1772001527439763	-0.9798252719801497	1.3687356846329406	1.3326050946315937	-2.041838027546801	-1.4314869331000504	0.048543766909722445	0.3918165520919115	-0.42677264066589493	-0.604612456165483	-0.002832114765689709	1.6767161337646175	1.032790251123071	-2.4912821838422063	0.618325316274534	-2.6937682518626955	-2.5350384568730537	-0.7662878465456426	-0.007543935439593915	-0.08506218502474751	0.9819471788533958	0.2715924486007117	-1.2447638429746668	1.0006735332772339	-0.22429482541832166	-0.073877179840672	-0.3837560201093755	0.7356907524994716	-0.28293657577255393	0.3577266055445008	-0.6775150272525094	0.15051293905291419	0.09435398161125653	-0.3773754384153397	-0.7909242973423782	1.1946403122120903	-0.004127458138750132	-0.8632630032819621	0.2226648885584711	-0.44326575345602387	-1.8487368627506116	0.9582103362934594	0.3505968324547502	-0.26657079905062037	-0.8328912229079324	0.06118061675061576	0.9788559117932856	-0.44937734963275494	0.14813927473848143	0.4526339074571325	0.49433750213489946	0.5088108533505685	-0.25420995404863034	0.04992639558811064	0.4237822822171563	-0.8687676905005324	-0.4251339629187799	0.5711839331160687	1.5955416290610942	0.2772399722984645	-0.4362030227635299	-1.1439506076893424	-1.6077516958660296	1.330485996665979	0.43539967655341927	-1.1908716319724837	0.03949734922084878	-0.2503479164134967	0.5392629570545819	-0.22667768128483448	-0.22669984074993724	0.4518940425049176	-0.29301164660115325	0.25981112634518716	0.7699978048769213	-0.010387609431880133	-0.508843596989574	1.1730469677284188	-0.9488220244652454	0.27916820425489597	-0.48109091988959346	-1.2039351032407142
DTXSID0032605	8.594483656186492	-3.762941225858328	-9.375920975616555	-0.3771396201489854	4.4484272282274615	-9.99763760653774	0.3200966108029903	-8.071904069488046	-3.190071523695571	2.8631214785448456	2.650327323877628	6.610909291883329	-1.5426654838353442	3.5011099228340963	-3.153652433841028	-1.1100783282824243	2.4572684465289507	-1.7822199995405699	-4.335026397773937	0.37880975477408424	0.5112538637661018	0.9288474396497438	1.2020654828525263	-0.3547320555180961	-2.2099325950717503	3.6495094643365054	-1.540945015230387	0.10389073820202974	0.4202704752753429	0.9011863631630399	2.3152404491359158	1.0463942877079777	1.665892939912843	-0.16855581152669863	0.8486090860760612	-0.09426101276392077	-0.37776625648093204	-0.6601263066391592	-2.1031202366332002	-0.246684372846563	0.26415497028866713	1.7823134497864674	0.16141851118331688	0.7892226312611962	0.4723794974494949	-0.26426418584421685	-2.4410166467292527	-0.22569167438329432	-0.882902691855741	-0.7845628599739909	0.7097922498171889	1.2919627970032395	0.7025579019730417	-1.8058433823825384	0.3210668814046119	1.1312153446905666	1.6763121184954792	-1.629805546454127	-1.1812106532985922	-0.3678465644926374	-0.22737813141339477	-0.002137278094633643	0.004787521104259615	-0.4970285113630601	1.3933128342605956	-0.5191282270884251	0.9728916149683375	0.38011179574458986	-1.2855589695432657	0.15367027781011375	-0.021695382212182777	0.9489688615581121	-0.9312789365588019	0.5409421209169542	-0.18501370421390737	-1.3038570827913647	-0.4146852647625745	-0.22257699800093347	1.1678816393684148	0.40998169119767025	-0.40314528350801826	0.3936335732699725	1.189418001931576	0.150679134481535	0.08748888227783508	0.054085306034092014	-0.022107047027935124	1.2545876575124546	-0.5698516828145603	-0.5551018079655092	-0.3208474664830665	1.3773519951765734	0.9177135746252914	0.3170069632692783	-0.35438617443045095	-0.2102295673369846	-0.20902360986641363	0.291373895482662	0.8708237703192089	-1.2644795850204207
DTXSID0032651	1.174685370255817	-1.9946762172732817	-16.342390225969446	-0.2920755782084228	8.330228537478225	-2.0785422351472818	4.178710944773018	4.308459739546297	1.7039567557614648	-2.0789451987013745	-6.566393364561166	-5.4219464476623385	2.033449862893526	2.5725399308356773	-0.32818475464528896	0.962255823747478	2.0812636571845626	3.266949626674932	-0.20143065602761925	0.5329928984910879	2.5675761534730377	1.0327184027897318	-1.9139208665459384	-1.8646263607974491	-1.119535123109137	-1.689765991149483	1.3308649708964397	-0.5647839233391391	1.6605960605606975	-1.9840498668687983	-1.810093706293737	2.4508381922061284	-1.5158204806517108	0.8248250367101573	-0.05855478915192427	2.502121688910295	0.23869561432411573	0.649599490429056	2.541717861582767	1.2776396082708341	-0.06484430123479944	-2.189314090834587	0.9301912825074554	0.348109761633099	-0.22932914423046255	1.0439377329641313	-0.19810570463548038	0.3301513172254899	-1.7245042670424968	0.6349528826964705	-1.7177560509511638	-1.3223986457511194	-0.5374814338523668	-0.22941303242714164	-0.8550299458208017	-0.5061632779821803	-1.0885711898760775	2.4995443876588412	-1.78182132889266	0.6010469195629254	-0.11449004912869311	0.00822631704756195	-0.6832470859433707	1.9491354931169869	-0.224990246021116	-0.1257919568640235	1.020435953001555	0.6255053506889938	0.4906072801004928	-1.4432685487427745	-0.42661396152026615	-0.2247662253194558	-0.8570344738111324	0.10130986229410213	1.7905622436406063	0.09051642585234063	-0.1036889755505472	1.431862455653318	1.0847913895582821	-1.8496240968906361	-0.6388746896433465	0.4475531137057646	-0.6290934535323561	-0.09914265485347584	-0.9340391491376797	0.6260591625691267	2.3071636569709284	0.813071504563079	0.3531236183352099	0.737591299191111	0.27598413281231066	0.67327679429552	-0.16869486831033914	0.27901303033104213	-0.07201044741180107	1.8449948653822863	0.4390481194620387	-0.06605642562570213	1.2118169751689962	1.6049117911712871
DTXSID0034229	-6.28551337712663	0.1395445999235748	7.134364679020106	16.190444030167583	7.533061967852342	-3.9853506979158952	-4.12513106391083	-2.6888496827073247	0.09235136183652028	-0.17289991899137522	-3.535417657252994	-4.031427060465977	-2.0968149549803257	0.3584545664717244	-1.795832179751398	-2.789621127655672	3.4826808270020906	-3.214524763907625	0.4810002328453134	3.199620806346604	0.8055944674571872	2.588030727376748	-4.175644107380359	-3.7950138495307444	-0.7355000284049698	-3.0279993276545785	1.8217095633668035	3.316089217207839	-0.7771503849893691	-1.089551476761465	-0.15482412385864314	0.19157113210111804	1.2362769833860707	-1.1567430178563498	-0.6234770638141071	-0.6679136854304987	-1.2894006671138878	-2.6931749266118343	-1.7383630613907943	-0.8370742424842369	-1.9584235385728712	0.6894061455588847	1.6250182920045495	1.1950502920127188	-0.10930995448214986	2.0874525620804394	0.2863719928844863	-1.7755693502182428	1.0818741865755412	-2.0141936880109883	0.3358524365865991	-0.4308900069334171	0.6354658097138373	0.62439978124415	2.4345361098097014	0.030244274829491297	-0.633243814001872	-0.945546450215455	-0.9479893737781316	1.250578004165819	-0.9758155246686082	-0.703159148198601	1.2979067797899069	-0.8500549607055711	-0.1496223022656013	-1.653162715521202	-0.8949915878661946	0.7758686314830545	-0.5253091390436812	-0.3942309429059325	0.06746750139764712	0.5134363681260672	0.4728646580193997	0.5078958987237192	0.8950609622884205	0.055548774597599694	0.8595698926956036	-0.7450685177821746	-0.981738329492488	0.26580241844900193	0.8240478578921124	-1.5123601799140054	0.236637157114629	-0.5598831950484497	-0.10682432585977747	-0.7156929890952404	-0.31568350239768156	2.798492304039619	0.244395653815663	-0.6408929857696146	-0.32716190304060516	-0.7375220959574245	0.03873540234493921	0.3620572634067864	-0.7431972525167367	0.16849847515953453	0.06494622214658524	0.0825335712009716	1.1180221108438926	-0.05075398862539985
DTXSID0034192	4.616410360582791	-6.415466773795655	15.055603953823912	9.609263411579033	4.984005236146658	17.620355646960704	1.4730000812947517	-1.7514447344688815	-4.750500065082855	-0.8799763813025783	-1.1152419263777908	-0.9645091530007778	-0.29459683877703396	0.37402257392154004	-1.414232125877874	-3.1404633634159356	-0.28291609989690786	0.9267346016298267	-1.4151470903798586	-1.9258129297058324	-0.6357474700689275	2.9334899692559695	2.0178908256209285	-1.1185593825434017	0.9490848179341935	-0.6486844503145678	-0.9423006113012048	-1.8807099116427337	-0.4635324427331372	0.33730542245863127	0.2546407505925171	-0.37285676069313123	0.6152407292795324	0.6325795699045713	-0.47418806804254243	0.936653266735896	-0.4287619222784377	-2.620650783358296	0.8247160641373754	-0.6535457845772893	-0.12363860471773334	-0.3931697491181456	0.8950509105381059	-0.8035978278394548	0.9802893776386081	-0.10977181857548278	1.614169671357753	2.00406242272386	0.5767014792750775	-1.6255102811047415	-0.26047499455637935	-0.5586587036517691	0.2020264453852731	-1.321594762267797	-0.47872071059371407	0.5798118643908122	-1.5221197909124884	1.1468380469048307	0.4176439429314785	0.9457462832307194	2.03994599544693	0.6066556845127343	-1.3979469476511095	-0.31558906017357113	-0.13847784448308845	0.2750369693723196	-0.008135265308941255	0.5489008149399799	-0.35145786100462767	-2.156154297114868	-0.37308098656976146	1.045344464761326	0.4445133939724061	-0.5017295645856568	1.501925819057842	0.29351879857879215	0.9836384670125171	-1.097618957666727	0.47586523958006915	0.962452037293534	0.21938476301868734	0.21003443384823764	-0.05115182262989495	-1.1659682088651193	1.066734045005685	-0.23475274271227317	0.5565554807430378	-1.088078459314087	-0.8050472638326807	-0.32398501210421393	0.1769201651905523	-0.026577166876054846	-0.2694952545399021	-0.6985143544764225	-0.16059463081156222	0.12530265743252444	0.06689116070535311	0.6884610466382124	0.694969089256357	-0.1359584605177955
DTXSID0034518	9.991466220741222	-1.567746600019688	-12.446921053292508	9.806250340481313	5.202005030181011	-8.055437438307068	0.5925528497915494	2.6425446201377945	2.0194713350794857	-2.3421507031081856	-0.09084654411575983	-0.3897923865095263	-2.2493113764304566	2.6177689743126047	-3.6560874132893635	2.607573370598049	-1.317106380231658	1.3702352494942573	-1.2113030005631613	0.8568099554948972	1.4213733552505845	-0.587291180416142	0.2599119997922182	-0.3488998056350728	0.5175804326218492	-0.9190657938836595	-1.1036602622205431	-0.6715900550129021	3.9722643739935233	0.5382237852183264	0.6224692049957021	1.0997710791811248	1.2962131413179325	-0.7303369663762965	3.7199267052703906	1.2005931383627515	-0.5029833375676339	-1.0739176121199927	0.534887514806162	-0.9348630720182876	-0.6464113431886707	-1.8280022971992205	2.2905042896412207	-0.9232444197234859	-0.5589538745691621	0.12135682124022727	-1.530328553291576	-0.9448743849332376	1.082931252973073	0.8264724262354421	0.2811741085613158	-0.16148361178646164	1.3803652234752497	0.6626582146177096	0.5999895089073337	-0.6260526518977693	0.009679949494757104	-1.4157092270509888	-0.927755896553382	0.02871339883290995	-0.026719133166986014	0.41629805170228384	-0.3971560518310436	0.08079657299485178	0.7484299841930371	0.4692031522815008	-0.2893403874246956	-0.3241955625020178	0.25982371732244897	1.8783196565410025	-0.8206777323127098	0.011112729427137496	-0.28730256422807043	-0.23774004425848577	0.9284542632355712	0.9377107776234326	-0.9826868188157071	0.11754059980411499	0.57548750146285	-0.6807218550075749	-0.289219566777845	0.03619917013517712	-0.2792739461939609	-0.26349892303791095	-0.5323893582288761	0.08157649315717964	0.2674824553220831	0.5179888429999338	0.2644987069042789	-0.8755815052644796	-0.29226829531352444	0.8475166958589061	-0.046409314886951554	-0.47096563173068	-0.8051837737966372	0.03939873473781553	0.2310504039361261	0.05627272764795386	-0.49758052848732576	0.8148720015298343
DTXSID0034855	16.14518361170066	0.7038341475159156	-7.511536224101405	2.6216193174775477	-2.6945546357405545	-7.5619924909711225	3.4397564247958887	-5.8300645177035175	4.47800042236077	2.6729515076234693	6.362253430872116	2.0246529203444905	-0.3727258434786631	2.6052241264050977	0.010352275695633219	-2.0232292307117534	1.333699318679268	-3.4254467031388613	-3.845276360596313	-2.0315997042440257	-0.540372522272444	-0.6792009398615416	0.705159876430333	-0.7040245837776263	-1.649950872837841	2.0653529863013156	-0.345002647789262	2.546517822462385	0.6174082769873372	0.3823087173598369	0.23751523653199474	1.5984947346840168	1.9705058935855788	-1.8990047014088807	2.9286057327946353	-0.9113753753185634	0.2331452399161098	-0.920693474805596	-0.32538889043175967	-0.004138924707150765	1.8833697768274122	1.8089989574827987	-1.6114714512173691	1.340001090385363	1.3911527726238166	1.0736788966825683	0.5953085960841423	-1.7702733113245461	0.8274607444855206	-0.10358726135002534	-0.7506355855775397	-0.041747123790559754	-0.7759976142998452	0.0490917852025913	-1.2566181871718622	-0.14776872192511117	1.6261640180440609	-0.38132698136428145	0.8824845588247594	0.38916923376429285	0.5756341854931982	-0.9081144348474766	-1.2923247009824732	0.15401406286229813	-0.42070342819038786	0.2508305876842209	-0.26051252670950126	1.5597557932061754	-0.419782105466255	0.06121535259901173	0.6315192050011307	-0.44929904967333806	-0.8208084777376101	-0.6685596444596769	0.4142012810956026	0.05949767778644897	-0.4936876585157681	0.9311878965631697	-0.20820466699348827	-0.7503135503491857	0.13499855239616643	0.5869717288039102	0.028532827182443907	-0.09901983577668824	-0.2765575214973444	0.8210532402431487	1.2127995660113593	0.8549079901756829	-1.174316324716267	0.020435671269722375	-1.15831931594002	-0.7637162511001007	-0.6000388697700041	0.5983219934061632	-0.3880174756908308	1.7947059004710981	-0.8088366338203159	0.26574920334347707	-0.5544767563676808	0.03196358174706985
DTXSID0035160	-3.0949711459047498	-8.218014780117965	10.954301938788262	9.420484049858537	9.30284999860693	4.048000945128219	-10.655606344668342	-3.8213310009662926	-2.1727606250761577	1.7711501525709	3.26355742548913	-2.4171356793150993	2.7090730696992784	1.1931145135241576	0.5438683486366988	5.357225186060692	4.060915871489558	-0.3581292624512405	0.6891583576123954	0.8408737041268649	0.7157065493994262	1.9646742024518797	-1.6271371282105722	-4.041879496944447	-2.696381716669343	-0.8440531427203354	-2.4564108043861927	-0.963993384670704	-0.8166407753830247	1.4936443048520445	0.19441589587432984	-0.39319433545689764	0.3387713469662745	0.8049436866403241	-1.273827431676512	-1.276196503829331	-1.4042637317136284	0.7821971832879188	1.871635009387314	0.8904260123767213	-2.1324680554034066	2.2189908015700186	-0.8966065463013273	-0.07238314652676818	-1.1376054173377743	-1.4612775153099498	-0.1521802932841654	0.03350574370346206	1.434213059061213	-0.22756451919184933	-0.11469639988554574	-0.10895678747494687	-0.12407920036909297	-1.1133198738866623	-1.3806832234840956	-0.07475246078072942	0.32948576501089233	-0.2209166400867676	0.3311360969548739	-0.7217722883301231	-0.2306085592895158	0.1991497734572385	0.8436664449608418	0.15662764821217715	-0.16410736137633666	-1.0226677942287894	-0.34044415346121054	1.0203219134271464	0.624609560505237	0.8451255141785993	-0.8771332037092266	-0.5699396073041967	-1.1504160232273888	0.06286195586626633	-0.9271685017919566	0.5053927724788512	-1.3689043685018576	1.0347693167947338	-0.8263522101116451	-0.3469104944445013	0.07490268749755404	-0.5960573335293713	-1.3729505423831208	0.6860258130042745	-0.08878835552265302	-0.415253872645113	0.5207119187680261	-0.08834162964740577	-0.2949019034389899	-0.21615173020953485	0.26113568365303225	-0.5863548017630416	0.011155355301320106	0.5722162791085611	-0.30841007189607267	0.30777044602299686	0.3863896498555356	-0.05355106542557587	-0.0764919172925741	-1.11975925908183
DTXSID0034930	5.1160861723165265	9.736331405765	0.8506022420432692	-7.880741182254241	12.163657389645401	-6.408955185836963	-6.880320863083089	3.309445870571421	-6.597386391699392	-4.538233780066136	1.2262116534146577	-0.10580338318717739	0.15536215939087894	2.4807046950019003	3.5715588848340785	0.23904722072894102	-2.9493056055707303	-0.3480108969787624	-0.7555857316402604	-0.6415601005080671	2.8225731619471874	0.5989383526594886	0.04518298523107984	1.0574859453497023	1.659795713834718	0.24650003795468275	-0.9888252947309019	-1.4510639406633108	1.1579703131578234	-1.901627359150959	2.9700022783857607	-1.0577297190178174	0.014270624343567856	-1.200326851930009	-0.40415560400966316	-1.7804592617469375	1.5049049239169257	-0.12741970436559777	-0.7660628534943684	-0.21371141848330044	1.2465049299120494	1.0944494112857255	0.2901814002610154	1.7721573089020666	-0.9149867589318974	-1.6173580016918403	-0.3876552315863313	-0.7652015196600765	0.3692586928074778	0.3638189603081786	0.8421158367192981	-0.5745944092065643	0.3440374005054107	-0.021428599457051636	-0.044706927550233345	-0.05658345568547535	-0.4304452429267725	-0.24809493579793662	1.3303774034021618	-0.7722002489291041	0.8243264125842029	-1.187844232554526	1.8247628956562256	1.9996756960071151	-2.1588537532067704	0.6063323890255541	-0.045414390045479085	-0.1343417412039077	0.5894553381814807	1.373723485987037	0.6185754601174799	-1.6831241909622592	-0.598546361969274	0.42176453136133935	0.18467822498795525	0.2247942622992771	0.737581770480787	0.03727043719393083	2.1527378329763565	-0.8271197182885389	-1.0650676244229023	0.5191258258426842	-1.6292467879060957	0.9461951668295354	1.6961344904453592	-1.614291884758687	-0.7667493912094431	-0.7823752221590883	-0.4193124341643755	-0.16590848184603235	1.5916841455767308	1.4341860941412095	1.1048158834582509	-0.08647371999205575	-1.9278576180055977	1.4338944928080661	-0.1600072214488682	-0.07517217700798631	-0.09743412964875264	-0.6200715500048533
DTXSID0034695	13.66138720775451	7.456505361492877	4.276958441593157	-11.154322034789136	2.243838336190705	0.33710004442634955	0.16005495000430828	10.497045367959247	-6.433355493269036	0.8674052718540084	-3.0337343126452185	0.8144871060765456	0.4811357200027497	0.3697242209882362	1.8105520079726634	-2.1783520529715426	-0.9062163194579896	-3.32539868263721	2.886184153150296	2.225832369485622	-0.37362240105935657	-1.9805719743287629	2.3488724542624535	-2.0271615054340932	0.22017630030645963	-2.9684248514907985	-1.3492428302789077	-0.15847587997897544	-1.603471931044682	-3.252033392863221	0.24957294786739537	1.5952302408409857	-1.0981112314642691	-0.654244529712546	2.0143269319746326	-2.0518563721289236	-0.47663202465860915	-1.2291288848105988	0.10879066469954209	0.5973169740286551	-0.4128939273530717	0.6169215777918994	0.6139589000959766	-2.734716567477578	-1.5239961556285875	-1.1834811515789956	1.5809410723797015	1.758914150727166	-1.591317309926179	2.029773328924999	-2.6451455684346756	-0.023427740259539302	0.015082539416443393	0.639804854180107	-1.1185439405547286	0.1786352566073488	0.3893936347336658	-1.638436790679525	-0.7454105172025659	-0.831707809430624	0.4604384291514509	1.4410496932302927	1.0638253112360128	-2.119040475858507	-0.6855799194381809	0.5364578838041164	1.3118287367547663	-1.7112259653833077	1.79914858669901	-1.168870024500768	0.2018190786095422	-1.4842121585923018	0.5556596992790134	-0.14838825307842543	1.2104408093329226	0.3928137128094347	0.28765543892254164	-0.45950118235987564	1.2199110079837046	0.7769131236133083	-0.25573658230784246	1.1503924287084062	-0.5351819188346528	-0.18352792227617945	0.9779811518342866	0.12950152347664828	-1.792856026856647	0.1488400320906147	-0.1471859702028681	-1.0528040770498597	-0.2570723109714354	-0.21691831005761858	-0.026059569735775508	-0.8508918099102702	0.5000816961366428	0.07543760601491968	-1.1789114688023044	1.1096904704268107	-0.8249225690218118	0.19342162510783237
DTXSID0039223	-4.334262087634223	10.59718866049987	-2.3028415058852234	2.548526454796842	13.272594857455516	-4.4937634762496526	-2.362369152731349	6.07244484996516	-3.182380866919388	1.6333917732304517	3.260935403392905	-3.20712952372585	1.5427336705224277	1.515612335190845	-0.16765739434579569	-0.8906402823963971	-1.2297074027424835	-2.1562551352042014	3.3170485907724068	-0.5325008918923243	-0.6543175489167616	0.32409221237809877	-0.7399249178218201	1.7054865194265114	1.9538032069024103	2.3252260022372084	-1.50717344937132	2.7001321918314876	-0.3279567247853286	-1.2483097296524173	2.9486339705675064	-1.3770630335549598	0.7809409743190784	1.2346424399803464	-0.25295523165839967	-1.7145708895211786	0.677030795807835	1.3401643092596882	1.217738906498949	-0.4694749861102329	-1.5926158734922446	0.4317681944667262	0.5535259574690028	1.254254981859785	1.1965748430584018	-0.5434698312113105	-0.13347357104100185	0.948652449868788	2.3548199127146585	0.6066698245714344	-0.42810852027722873	-1.7659364407251528	0.06892886112080464	-0.08049061767766984	-0.33634100567143593	-1.9077722262298695	-1.5658125753574026	1.9800156672047355	-0.8721272431826967	0.04568032629427697	1.2999689600081692	0.1506104804602985	0.8132322025933538	-0.4779684951516548	0.2180061271578537	-0.38698402159733086	-0.2958553149054571	0.7695181005822036	0.7876511787637265	0.3413805387146786	-1.53839143998707	-1.0725940758204815	-0.2907194492677548	0.2720318176408989	-0.3827591934281765	-0.35294464434016143	-0.6171868895636267	1.331517753922942	0.1747003120136325	-0.39939904675369264	-0.011839932345891134	0.5280308650353384	0.8537668581710297	0.6199392509037728	-0.8313743675683337	1.0278866771601394	-0.7030937350844183	-0.7019038193126069	0.15326522450290792	1.1033007689528918	-1.0487088590177316	-0.03000366588065736	0.2367341811114661	0.5721990538608943	-0.7713740262297287	0.9705819776657879	1.161239647044302	0.584122096599155	0.05036933945066436	-0.5447963495865027
DTXSID0038700	-2.44607898094665	5.901970203516904	-12.300346949335676	1.5482502748101978	-14.11675293520019	6.669315702270071	-8.777863294325751	5.357709160584449	-3.817121980521112	4.068528631207858	-1.8740765185611319	-0.8655303136496206	-3.2696217450915057	-1.6024492094481055	-2.374165412419112	0.19234351005295314	1.8725095714957154	0.1392717668883778	-1.0514264674549096	-0.5870809265571673	0.05616716099593681	0.5481469717014671	0.8731433701097832	-0.1554763026980125	-0.045925627796719944	-0.8288353455287026	0.5091500521296446	1.3311728158016076	1.1752322818366883	-0.731201497965781	1.0092026270435825	-0.895621517685504	0.07709430084828262	1.130330922789888	-1.3278264764879482	0.4960732960681112	-0.8332045148592854	0.4772013387638258	0.3654536562429729	-0.8369034431622242	-1.6757302676051737	0.15374889944314996	-0.49177010671317256	-0.1870868316680644	0.4457148415059584	0.3624171892844393	-0.006585526957963814	0.08526610766309019	-0.32245313882844323	-1.1493010899866405	-0.42672479726428747	-1.610037549802767	-0.44943744623853626	-0.08388165085853251	0.25586503669710664	-0.28455925272389937	-0.21761351211016514	0.17392228997724082	0.46731853257903916	0.8769472541276634	1.1171170920350826	1.094705561712345	-0.5087449754293096	0.06647709469559399	0.22200980912224721	-0.015771923349090555	0.7757219491328817	0.5745551265180129	0.6345964141526328	0.8250150564792914	0.6445369252347379	2.074714030540303	-1.414607107861186	1.8166679172889553	-0.7039735133728352	0.3956996325429707	0.8283951699891616	0.010018591909314948	-0.6910226301400385	0.39892876522121656	-1.0385166451215886	0.20428155854039665	0.10318047839523983	-0.39204050144567887	-0.31213345267647447	0.15472722639646116	-0.9971047463328361	-1.082078788102463	-1.0136766291818264	0.25908345509869735	1.0063379140843447	0.22708760965969574	0.10673597729910266	0.042951813733428795	-0.24991621252772817	1.3955270644025761	-0.3058764999443181	0.6965943918263116	1.0816189922023884	0.6000009411901925
DTXSID0038881	12.744512895725348	2.601793582230665	-10.730259758627078	1.4340202880588635	-8.952327656262293	1.4459388705242273	0.6091536095032896	1.2377149462244093	-6.505147227513023	-0.7478451258769755	-3.4435358610109166	1.915392797023789	3.5744005064665756	2.666390237245722	-0.19157909982280888	-2.6730797147626464	-0.5409281508201813	-2.622608041917851	1.9110640149604365	0.9518753782128812	0.8536454077959262	1.4636800920946453	-1.537848997752293	-2.5781927047161988	-1.898858216308489	-0.7409569186050973	0.7443104251637684	-1.9059518378894622	-0.9771156484747213	0.7260122412974161	-0.42350197339942725	0.9605714306847917	1.9321651343845314	1.059139419135779	-2.8415831046253777	1.2610864366671257	1.8760001755530775	2.3011997879587263	0.8807222656624316	-0.08565709639721136	2.912792148653434	1.6923530191616905	0.768333779948535	-0.03519067576623493	-1.1073906337875603	3.105008434624564	-0.7202315179674924	1.1472693335855926	1.7885548644165732	-2.8645881870544683	-0.929709180292517	-1.1535149554228805	-1.7835926892944394	1.9771692393600306	-0.6102479546604256	-1.834195272380683	0.7475181847694322	1.39861022899058	-2.0164344121318742	-0.8539328282995439	-0.06345570338923844	-0.08645532112503311	0.6872844837430454	0.16648522394659138	-1.3025234809640684	-0.3391042850766803	-0.7142914131855347	-0.7577361218761378	-1.0374464260175822	1.0837582827657597	-1.0874658979645875	-1.1193192593474377	-0.6257307121534412	2.190831344190674	0.541622677664948	-0.299573843158405	0.531584824070754	-0.1871691920108494	-0.8960026344892441	-0.9409588417657536	1.5608204340154863	0.9340390195792824	-0.25565225687147947	-0.6739403569907203	-0.3816033596127686	-0.22011219990044256	-0.17019503518112497	0.5244924400091976	0.3161523130780861	-0.7170868792737551	-1.6831397844272782	1.084985901067627	-0.48609383687506824	0.4500055606956474	-0.00898445121516817	1.2458646904000237	0.7154737092181458	-0.9988868445546308	-0.46929634874639004	-1.123411674545149
DTXSID0037495	-6.043761995052575	0.6665800257500558	-8.591701921009083	-5.709503716412824	9.200328984923368	1.9273175294053129	10.03455796182327	14.15639392195429	3.308292742647411	4.454738225199438	-2.1993867093375075	-4.314216455105216	0.7920124507657492	-1.0653383812253456	2.0874184882895968	-1.8848650812660737	4.404799716575574	1.4219522637963662	-1.7682824743608392	1.6551458062192608	-1.8902506828894885	1.9679192724375612	-1.3605806908854514	-1.140805616901399	0.7530813279187432	0.36523973951653277	-0.27518118013939863	-2.4877254719031554	-0.5154861251408371	-0.8715789985793395	-2.948649753369353	-0.762791520414608	1.5851975863137804	-1.6826730915526342	1.5528341467921507	-0.4241541746586653	1.0676003981124544	-2.0016323975007713	-1.2132255460095211	0.37573967554426396	0.043318255154285154	-0.036160739020880836	-0.851369491633741	0.6761493081581985	1.035200987366082	-1.1900550420334037	-0.9229123861313803	-0.28317477298214616	-0.4509059096002845	-0.7373091481410345	-0.7556243629256518	1.9942669797638912	0.1813374234697796	-1.0945413790872967	0.7622514968463074	0.603962278264307	1.1846743163331805	0.6018977104245254	1.5874758439183594	0.856860648292565	-0.42807152302305507	-0.56755296410668	0.8485578303683178	-0.2953163541599541	0.5302310883831647	0.3065517504972239	-0.8532084810611432	-0.2855189204683641	0.23824234329026636	0.8549818599751776	1.4617584804171027	1.1498014558952514	0.3723391019841687	0.3867914296574925	0.5322775297775746	-0.15039666677860358	-0.6136373928353464	0.4375037596615234	0.3696200675146734	1.1091824632779306	0.048319633086305644	0.1042526908221271	-0.33820066528296916	1.122505544303213	0.4093045160698509	-0.6484949409647327	0.9419514087623595	0.714847492554368	-0.5875935874242939	0.9372657666739691	-0.31774949821903387	0.9888176495700458	-0.04507924600877166	-0.34541031289699503	-0.30655432361973556	0.3738480823285839	0.32939398245169416	-0.019211663886796314	-0.5603579762791563	-0.41576365177812413
DTXSID0041141	17.31601130500885	5.6439317284709585	12.590085027371352	2.3273725716071483	6.828588963983637	10.090453538807257	5.045143054599819	3.525813306038401	-2.389144822059935	-1.6223498073020917	1.2899884329277416	1.1663749374584857	-4.372382925493941	1.2665063941815506	-0.7043634151791155	-0.7229978409043002	-0.39645999454478054	-1.2255525984856195	-1.8887782338821495	1.528839940663242	2.4588006497304655	-3.0963053737308748	1.4602048092695812	1.4651267608338006	-0.740938895242099	1.6736784642813802	2.4054616818852996	-0.3613658586692558	-0.5275913812830709	-0.9615414968702527	-1.6078596143608477	0.6140079082051272	-2.070367603283883	-0.8298298758795957	0.6788238078051319	-2.072423663931079	1.1831329298329474	0.28595456596517754	0.520852521262297	1.330735930208869	-0.807540290973287	0.36677284877537664	0.2966933166133372	-0.28178324673357785	-0.4109031843086496	-0.6021642254214394	-0.6850584825483251	-0.0856066503332275	1.6750225769068046	0.401106366229537	0.33432510399929494	-0.28094817792772914	0.8661181119945449	-0.5206099554890554	-1.009968049158077	-0.3571679897251424	0.4070649847715717	0.2648372932972023	0.6951624341503408	0.8277540353974946	-0.14229980247977791	-1.15257074270284	0.4657721582345464	-0.4058896412277049	0.2136640124027885	1.1689714736790087	-0.6957404356212759	-0.2722428473348154	-0.2216853141273239	-0.31458848328187045	0.39289449334659216	0.8412265841477546	0.06518264954598464	1.7494796838042597	1.1608603434761429	0.9380300323819024	1.143858431509194	-0.09220926295006748	0.2885535225835388	0.1107850494746787	0.843238661169135	0.0722595453316088	0.40423980546760496	0.4753750055818384	0.052802492078727066	0.4752425943634537	-0.8065067239368382	-0.5423449572121266	0.2909595358591266	-0.14710868678106528	0.6202847196275064	-0.35390323324627104	0.1865203165030956	-0.5927277453474504	-0.7283416286699921	-1.7824749685782664	-0.07665898138449084	0.24797265985129524	-0.11342385310184627	0.5786992808401082
DTXSID0041981	-16.117206522771735	8.55097063103232	-4.209145657431758	5.9909885482818135	-4.409027707745887	2.1505565868952656	6.272942169694184	-6.875651630012793	4.661777468476447	-5.424721686873202	0.9042424543450693	1.963144657998646	3.874389636577468	-5.0133750345523325	0.8408607118102086	0.5753349231232002	-0.5888349942994036	3.344991369147255	-2.0661620493417185	0.09142432320602656	0.5703787438332609	0.166677023330644	2.286137684330466	1.581080754815027	1.0106963894106111	-1.9055547750285735	-0.6791398908121636	-1.4343596731481476	0.42810269512768145	-0.35764860359432615	1.9147547573087804	-2.3683363976461314	-0.5348046595686502	-0.23354495936142006	0.21568985397959936	0.1621515635690258	-0.5211796398156793	0.15331281744053452	-0.23862259645083383	-0.20783379466267055	-0.3871422160520886	0.4774586180074035	-2.5093597540425803	-1.0246427907662647	0.3219449168562956	-0.5523287985689894	0.7981413153946436	-0.20737535147032823	0.2629820495282191	1.6276899053057396	-0.3846757966946002	-2.0284354987889994	-0.6255782947098607	-0.8998208711188332	0.2187745965237763	-0.18367559782241963	2.0508152399240185	-0.10140744095823609	-0.10865998102182164	-0.14628815004219667	-1.3572459893665196	0.14887543154530564	-0.2434306541475483	-0.4858620486736655	-0.27031655997539755	0.16504995638479408	-0.5055309323275777	0.6289674073031831	0.32438609735087437	-0.08083718489569439	-1.4230019508324143	-0.679922418403421	-1.0838867607954292	0.6602449561445655	0.5932716481260822	0.7248661123252592	-1.1936069640368778	-0.7122714761458693	0.030410862509830768	1.6881109600478954	0.6376401315830258	-0.009615200363123829	-0.18205323971149814	-0.14771439116850157	-0.4843291776246116	-0.16932783287061084	-0.9508829664435108	-0.4656558506738261	-1.5459843247902278	-0.3812641539831758	0.06810355477072282	0.07583944209283128	0.46604778716473894	-0.7459994104435375	-0.7599165858060002	-0.7390079267573644	0.1456074131927515	0.4042155884856129	-0.11633449477398089	0.3003940945743326
DTXSID0042169	1.267838360558948	6.005371554039158	13.638215787168463	-4.591227097126859	-6.735989072734698	-14.659706432846834	-3.2728958238714663	-0.3489099309676318	1.4046491671700156	-3.67688389971031	-4.034290531377774	-3.363565267515673	3.2883981385285717	-0.03090849694747462	-1.9350697253756912	-4.5827083527050885	-1.3275136830329457	1.3504323409158663	-1.0413593375053758	-0.7048081791896003	-0.08558849663342834	0.7517224542481096	-4.6168960507396175	-0.28700293509474106	-1.3894061516826361	-0.04102682086454958	1.559353502118124	0.9922135738573566	-2.2121936607557284	-0.5555861257068573	-2.1749301415199023	0.37847795316028476	1.269306038513514	1.5839708696091073	-0.8588278564363349	1.3461504452261446	-0.18076639730060512	-1.772893854351665	0.6623270313316267	-1.5624198264482552	-0.49060403423589444	2.6667735335909066	0.9753956542739419	0.5585098056541753	0.47085876804506543	0.2054581085151963	-0.319518427537554	0.23515870882604864	1.402653782441889	1.5065592639647218	0.6164334922056379	0.5941469299668026	0.1305578154506765	-0.31635473953825377	0.22446338413859931	0.009691639844234073	0.49269947512276013	-0.6952290352752538	-1.3994191524219561	-0.2409492128740718	-0.10101289441671464	0.5593187725757318	-1.05740486259168	-0.018235213489445592	0.7197227109339843	-0.9878679848217423	0.9739366487414077	-2.1244147636908988	0.3334829058429066	0.8786279678535449	0.6120688351849055	0.8981606085730822	1.4006641444883146	-0.6028307461630427	0.5592068467074907	1.6207769186710212	1.2380150116278361	0.975158358649833	0.8492684781857969	-0.8246179025687991	0.6822261155733682	0.8673997701631597	0.012434295375743828	-0.8818287685052679	-0.8075046556081619	-0.684455814120654	0.8306364253191147	0.6356724187421305	-0.29379811494976416	1.656813929040662	-0.731472989396364	-0.035385197117867105	0.5589542263152163	0.9336107549603865	-2.418360233427926	-0.06585183445242586	0.7877685156030098	0.4711486661275263	-0.8481721232521934	-0.5220182583864421
DTXSID0042325	-8.18626839957509	-16.002204445728648	-4.061669138799225	0.7012185804510703	-5.3443209687193765	-6.148936758244605	2.0275700389364686	-5.488122229062013	-2.0609989421699466	2.565796032272539	1.1432164097913762	-0.03495694065307961	-3.2113891690768974	2.0055108830067145	-0.3924804139408671	-2.147012344817759	1.178206043913915	3.6692322138111155	0.7699272770431899	0.7502704741011034	-0.4335694165519319	-3.202047635192593	2.351048443171261	2.3043460594711167	-0.2923553492514754	-3.092699143865783	-1.6991856910113334	0.5679707451396736	-4.100836861224124	2.1839363793825624	-0.8332015669177459	-0.9450888043439273	-0.37233725405374024	-2.155732943958304	0.7003514670956373	0.4818728850870075	-0.5721717009607269	0.45295296578721866	-1.1054280899421245	0.3283750719139151	-1.4359760611185375	0.6902188375649921	-0.10202351826925816	0.065998669566695	2.2704019496939685	-0.3279382198251511	-1.0691364178723577	-0.5234235096091817	0.8631253936419052	-0.8197777811129587	-0.927334740764839	-1.9296375181892702	0.5329806237770002	1.2553022086052539	0.0781193922853128	0.09837705506670928	-1.1872502482360558	-0.16172695612351884	0.7246778626958064	-0.33798913574004763	0.5827103606828978	-0.8577648899176764	-0.6813015742741197	-0.6570917957678506	-1.1455310614186678	1.0471585936469996	-1.1053288736610711	1.4841356966572012	-0.14084658712942058	-1.0966387883911508	0.7825828685125056	-0.31873156626325094	1.4086740085150096	0.23639374541453004	0.18063901729189094	1.5308811851100264	-0.8989377530271315	-0.652192694015064	0.33968935583897725	-1.183541013582054	0.07685443148949352	-0.7683353932082	-0.15387669365380188	1.622531766039702	-1.2032600193737235	-0.11045409919773687	0.4493206968494581	-0.5070155996466499	0.500693846170571	-0.5994362254410343	0.5539030581716228	0.39910776519542984	-0.9595555558971186	1.8092496845332933	0.29603468832620217	-0.4107657218190681	1.3548174100023302	-0.3845340291404986	-0.07010280369112848	-0.2982600646423403
DTXSID0042400	7.692112992826639	7.154741310343762	14.57591250647582	-0.9978238981684958	-11.190995156815308	-7.409308569366379	-6.66567431765837	5.690219965745389	1.0193416028110929	-0.17667604864438635	-4.07603944706974	0.8526702291260496	4.5258318080216275	0.804633455827103	-2.3241634738676815	-5.987383335166085	-0.8967051947063241	-0.30985789285439086	-0.9005710752316356	1.6207630724669349	0.6040765675481935	0.052542578873482626	-2.8267310673508512	-0.3051155510722284	0.6774086819866185	0.6023349872226509	0.45099161854871034	-0.5070727374507583	-0.848428840465048	-0.9290042307574241	-0.027672076882598505	-0.46762414410145287	1.865575026803212	-0.5456096204194463	-0.8938843974537427	3.1965981239434447	-1.2619616267459486	-2.5746106833418265	1.432236880922937	-0.37758005205249856	-0.03276033296564128	1.5691556153033692	-0.7465905530416039	0.42241434513032905	-0.9653344768889718	-1.4470008485089987	-0.8549456739585422	-0.0427435651345743	0.6503002440187942	0.4408679211928757	0.7516555576932811	-1.1274976999552389	0.6371199339976334	-1.0016721072257728	0.5405266735786952	0.581895884034143	-0.4277791118500468	0.3201460229370152	-0.33536750438486285	1.6647293579647893	0.2525666929689021	0.05965883679134394	1.0389686671131086	2.2911739569195952	1.0681788273360884	-0.0850390136309292	-0.5398297191442797	-0.06578035385338674	0.11773373619372389	0.01469866081912064	0.27037658846747353	0.5003798984355277	0.01419577593660494	0.18867286275407993	-0.0068008125675166654	-0.7149979448807524	1.1997069832862002	0.507640667691858	0.32580835547408493	-0.7569238954707601	0.2910569087545465	1.0519816194749534	-0.08049933627762157	-0.9041455956820361	1.3459453872673555	1.624990718275606	0.46419184234113803	-0.17877262414601514	-0.5767157469362045	0.2158093733427253	-0.9360607904254943	-0.08304170913211513	-0.7803386710093871	0.4094072589554615	0.8055249360999428	-0.3279842463878132	-0.01997614930290775	0.5877781713902723	-0.1453209314611784	0.3942844202091003
DTXSID0042406	-13.726530221274638	14.659293249153475	-3.8746075906964155	-1.2978465240603314	-8.959710247879134	3.0938980232450337	-4.101564107057735	-0.9426588519930653	-0.9065854181083439	-5.365144554157924	4.689452548595561	1.2260637941263124	2.858046486211556	-0.9608058008272814	-1.699148741616332	-2.9498643318816873	1.5721461564019148	0.015878474752537015	-0.4771950430132172	-1.3404459606658827	0.9040604176939718	1.4485851691811353	1.872385834076847	-1.5444516120925538	0.6140942768862313	2.49670022502364	-0.9329173527023474	-0.3484615537879683	0.0016189459252206268	0.6973875399414753	2.1059328857072193	-0.73140275368677	-0.8978439934160786	-2.52329947868615	0.7513039034130693	1.336907618309356	-0.3071502767315309	1.163625072935766	-1.3322994728288369	1.2547920714454497	-0.9256758535227677	-0.9552481254299016	0.5387884506270045	-1.1906240332832911	-1.599233444969704	0.042414827324073555	-0.4914778325115348	0.2129937309362802	-0.5579039506972379	0.11741588321231254	-0.8271074490764097	0.07946206178785532	0.20958617622612422	-0.8314473406786368	0.8545816380756887	0.31008341138646306	-0.2999579011935043	-0.1320728335405987	0.4391476640877357	0.28296062471512723	-0.22132511212183703	0.4954831346479048	0.20854623777684506	-0.035686460400764036	1.4138475546703142	-0.2804092219785172	-0.011789937034562095	0.31096586956279587	-0.27130536228777496	-0.3629197531006764	-1.3859673947690352	0.6899694558263373	0.48098800806531056	0.6416182303500826	0.1570515927732007	1.3842484292163124	0.12889745988989565	0.35993794099819554	-0.2703138900133883	-0.8248586646158286	0.2131991542932446	0.048482834248782386	-0.2537239378357579	-0.9407207964703967	-0.1668404012446406	-1.0315135296202969	0.07636157279425462	-0.26339243525695977	0.08733335007753838	-0.07796131027218134	0.3038669793262992	0.40945881483545893	-0.0758036501626898	-0.6118812799474755	-0.5835718962448662	-0.47579146967162217	0.44754743793477086	-0.32605071927144236	0.7447973409801188	-0.13003947421057968
DTXSID0044575	3.0679576419618595	6.767395562338075	0.03302043815526857	-6.6333785869899575	12.181617025459017	5.494952195683618	-2.074784332652529	-5.265128939922527	-2.2615569358839083	0.5649301529662287	-6.187880401101955	3.8491397451362452	2.7687584340172284	4.450555275600917	-2.6840118451339148	0.09595517562287656	0.07941666824828143	-0.8401176583581853	-0.41033650463949617	0.3031275547467275	3.927788693826016	-2.440410546963656	-1.9997299748881185	2.090015473271916	2.2072375268098114	-3.390727525440956	2.56627485659422	2.2871763341098763	-1.5681550797165884	2.588872666108463	-0.13019533288433893	-2.296185051270882	1.8136581805954735	-0.28116254021043774	-0.6866913112065033	-3.144971802923173	-0.3013845856278938	0.6430617752190998	3.2091257298796836	-0.2758816164312273	-1.1631903606390352	1.131349688250864	-4.455087932966574	0.002916420552746335	-3.385219772708437	1.152547390220804	-0.5512902988448043	-0.8418276695462971	-2.4792450708881413	-1.243359982356513	-2.3217110260223155	0.8437069932455014	-2.9152629685885434	-1.1312586856594302	-2.712600613088484	1.4503014979151045	2.0354411434142095	0.2839815605831798	-0.15793307972643997	-0.4596060008104472	0.01660588442473128	0.8822662127061031	-0.1245789721339301	-0.09849023024298365	1.7928673811238791	-0.3942571345327698	-0.7420821878784165	0.996800781971904	-0.27223150922273825	0.6012323336578941	2.4106251881913803	-0.4733351928959254	-1.4976856184539145	0.4327101878124579	0.7926011263980219	-3.1529930400661286	0.586764467119983	0.7170279731000582	-0.6503981908485273	-0.18482533993510353	0.7335060882571898	0.19018085056224884	-2.454599466524097	-1.3353314813944792	-1.3827809565740763	-0.3561723867907765	-0.015934034214646668	0.05532052646531065	-1.0659713675467724	-1.1703198871520715	-0.252041469911585	0.8156865319346223	1.4318795480240223	0.018699497569911433	-0.3936000310061571	-1.668881007387033	-0.38032955376796945	0.1955329735971138	-0.2036675556225756	1.2408371002077034
DTXSID0044818	-11.050273806573886	-7.422539072466035	17.20820158627715	0.07073582197385118	-4.201464990901512	-7.44927471263723	-2.9102414805062247	1.9071189392556391	4.220070681325151	1.8078478679945447	-4.004366401344946	-1.212437925883162	3.2455082429500104	3.504673374233373	-0.42837364214833434	-1.0790054628278496	-1.7498073511508747	-1.016251450948277	-1.5171740925974229	-0.8542834897755645	1.6213020797269988	0.4178101719812533	2.1109387631872716	0.5067397204149903	0.6091195300918998	0.9782688559082566	0.7115919656689969	1.797657299972764	-0.376235574182261	1.32208558339607	0.2154686358353895	-0.06063674030988715	0.246314429423657	-0.17149137897893182	-0.3412384733148084	0.42277206440453247	0.3649536752750086	0.38344614011304196	-0.35396219319419187	-0.25651576736078585	-1.4129403671104992	0.4564776263883492	-0.21212162854134514	0.0489671184898991	-1.092077358931713	0.8056440954145071	0.2185929790090235	-0.18065448520060937	0.5605295838729842	0.3202179251620455	-0.5740968345615137	-0.2714546479816415	-1.1408462629318938	1.310640383368728	0.6363992285625846	1.349629975781497	0.5484917052952946	0.2076495182556217	0.35644890046688354	-0.889691429090252	-0.2561435453738027	-0.2340801051614085	1.6724116037537498	-0.3433033979316211	1.1351955811074776	0.2519832285250368	-0.6179139014642413	0.20450328135286402	0.12483035728849294	1.0786541780819052	0.8726116161161315	-0.8322322896749323	0.8900560780912281	-0.012655919205266606	0.21437954545994606	1.1767719071621865	-0.28031695299544734	-1.0126851549153126	-0.31089445539021476	-0.18255165386526015	0.4994488327704737	-0.6086072385431663	-0.9242101085894807	-0.24333572999076736	0.055873291813501154	-0.18886358701117206	-0.5993422475522807	0.9242410759057461	0.4538552547256491	0.7400332098013522	-0.2076552036814908	0.025007124604097687	0.06258354050949944	-0.6552515107928145	-0.9777741746223909	0.6352447053175903	0.4136238967865443	-1.1249190015133916	0.3714688523107447	1.236017776977071
DTXSID0047167	-14.900023856213064	6.172361330856658	-7.913135443645627	5.572377298719234	6.3779953094773045	1.1837316586836768	-0.7108223642143713	4.62751443259745	2.9680407982316668	-1.3547678905192115	2.281982953668926	1.5038744513984208	1.6064076672664656	0.12522337851509432	1.0645540903466493	-1.2989000587962614	1.957227315728935	0.7287081609515608	0.21626570997633662	0.3703352033658679	1.543951445601881	-0.21872707111075146	-3.8869502199236985	1.3590692223165175	1.864032389294322	2.8961747823635107	-1.1816165309467392	-0.2749614873516644	1.40046628914718	-0.29368016806896835	-1.1314912351909256	-0.9357731973741691	-0.32337249287673664	2.7229536987924847	-0.33485241657273046	0.3894001514191558	-0.9569368714484626	0.6386005873500373	-0.3430290010843981	0.6896697501037534	0.3620610710789807	-0.13737308280298688	-1.0933047189077612	-0.47518585716095596	-0.1260576290180725	0.8652676870548601	-0.7731452890731588	-0.7239634263413306	0.18718232844795693	0.9453284573971132	-0.6131529953831995	-0.7551712905775113	-1.1168995506711017	0.8909861252850257	-0.7857745589771171	0.047025028415292325	-1.1928685538256316	-0.5781210054281878	0.4878416160568781	-0.04938479513112658	0.02229974815019327	0.8284017564811675	-0.5430803149128209	-0.21508229451539762	-0.15807976632622614	1.003938660850534	-0.44873786871573773	0.6583628309609948	0.612321401431396	0.9247572512816149	0.9584821878479328	-0.7347684521971926	-1.8548334737410164	0.3355819954060884	-0.807268899821056	-0.37558679681614576	0.0641266621229628	-1.5706206217923568	0.7058244008076733	-0.5969826473666082	-0.4224431751834759	0.03668600327817027	-0.2954035467487513	0.8031897021005763	0.25549046464439945	0.20730731744106962	0.7875974464713513	0.9835448873986505	-0.5101095976160188	-0.44316252831887537	0.5255636442858664	0.34913129217643835	1.4282193212021053	1.2920058251651203	-0.15818240096487615	-1.3250979661802789	-0.08206625937876696	0.6127700251848252	0.0923983123351983	-0.5389380588855566
DTXSID0047290	12.738933834286984	-3.756926556549551	-9.834664586832677	0.005225904773056829	-1.8239870582530375	-4.29435881242086	-3.4695510552562454	7.063750192833755	-3.616481338173494	1.677932465650437	6.589773165310849	1.2196920015500419	3.3192069795865935	-0.47354566076881566	2.6773231269243283	-2.7284524938207366	-3.760504933157779	1.2129924350269217	1.5290757098722598	2.4878425602724286	0.3406773241548967	4.664768332360979	0.6858864550374932	1.2258653183112518	-0.026222090162592977	0.04337964412066079	-1.492358138010517	1.4920013312386253	-0.4308921322110227	2.358529572248149	0.522963905700524	0.4771138533326963	0.6606761856813729	1.1823310373007416	-0.40005124424549326	-0.1902625671566578	-0.8846546187506333	-0.6134800183834532	2.1891188898034653	0.1560009618523012	0.38343522591993456	-0.971197026955256	-0.6157702074663289	-1.6983823411412322	2.3831689827085487	3.1846464541158257	1.0207319141790938	0.02721448959211277	-1.0501764046207551	0.2070291835794345	2.2172772885497904	1.0851177002238834	-0.2500746515447631	0.8581070615953569	-0.14709382505783644	-1.7131643104381338	-0.2332121313658666	-0.03373351400725219	-0.5951568096158102	1.0269743122257629	-1.1979057980409118	-2.072308066904822	-0.9568998171293223	0.22439483903212368	0.28354740962490055	0.186558527044909	0.5886992186271361	-0.12129757839143948	0.8777555564738119	0.548168156114346	-0.27898673794729495	-0.03528566386345399	-1.36532361433212	0.9091633185954836	-0.43909575919262395	0.13492095441021565	1.271966576786682	0.023657135955204273	0.09220443391191324	-0.6249829196509139	1.5316586190399575	0.4733133699323188	-0.022990980110659424	-0.12619284980919743	0.14410345095909072	-0.880647212280574	0.673196560043547	0.021640433244811234	-1.170937149227891	-0.6779381774515829	0.4790683770291682	1.1884640674988622	-1.0981270873958757	0.9834255166279412	1.0224647037672794	-0.051852997545516165	0.27850070731176874	0.36268672902733967	-1.2032087730089458	-1.3932267656971882
DTXSID0047375	20.55887505467376	0.7940717375237425	-8.364685191529743	0.2234258956950216	0.046472481341857906	-0.44446056269757084	4.169169943390574	-3.8670381794719018	7.33759950495387	-0.672654460125677	-2.238121893036814	3.088094635240547	1.874230600693711	0.11366063126389069	1.4496033526912764	2.3886017397332022	-0.9016305205336105	-0.16723441962746205	-0.7272419027034064	-3.289363774833205	0.03961891300626645	0.33490710461357465	2.1442535904604605	-2.6018920364291587	-1.0765277472388044	1.1136322332422575	2.932871091606738	0.35500464736236537	0.03596759236501509	-0.8421800894283045	0.6621371744394533	0.548480619837187	1.435550350988398	1.1797739326341155	0.35207577884735997	-1.5023989863260225	-1.4735387950285446	0.8761451974829908	-0.8929463524061324	-0.5314202161513449	-1.5558828440469217	1.201054284815674	-0.6943674471972741	0.1284583250554205	-1.3829096527479119	-0.8520333768293613	0.07721836061071548	0.979145079835766	-0.8962676209186358	-0.41887952347505514	1.0702538425252461	-0.26484715432163075	1.2142148581620271	-0.058765262507282624	0.9523672192858454	1.9844476433241178	-1.600471228334746	-0.3727773145343051	1.4322166061547614	-0.4917574047442393	0.28056656231918803	0.7051367676494175	-0.3144485416647649	-0.7194142887523104	0.43025660209870165	1.3753772936272703	0.7456555957519762	-1.269707615853768	0.870108337429517	0.6015250010162854	-0.03519484342930252	-0.46325392234762586	1.5839373905993162	0.08654203870554525	-0.6889588079303918	-0.7719216719599558	1.2848717902690647	-0.3400232076806578	-0.4652391626481361	-0.2816295181133629	0.4937794001893413	-0.004998666157526451	-0.41108058918813917	0.6435832211626262	0.7759941319304426	-0.15663894051718846	1.4726755424187215	-0.6401228880803707	0.17051623209074263	0.6128151205371244	-0.16847056756886367	-0.3669000293001311	-0.544361774482597	1.3543396309926585	-0.26184274950100384	-0.28660586646764497	-0.1329366848119379	0.6946536242594255	-0.36879381440747466	0.5394871674286497
DTXSID0047456	-0.9805912768494864	-1.8411548589168514	5.344579465752105	11.496949108297155	11.841782205641532	12.045223854096664	-0.1613222721113557	-3.80121346680649	-4.4697838171672535	-3.0341437479585585	-3.4877244564119545	-2.1717943247176166	-1.48814857788283	3.7697219958161208	-2.0660086664718165	1.2758019464083468	1.4796083241368063	-0.9698466577738954	0.8279339161476716	-1.6138817147992777	1.0160692139686565	0.8991490523051701	0.6810570241755908	-2.130768918639899	1.5416189542806187	-0.8806096958828761	1.1604907292600453	0.20298822370012956	-2.3820334325664234	-0.566017014276996	-0.3314980835067177	-2.378335978217879	5.36531701488161	0.7573003259204212	-2.009016802230416	-0.304969971007175	0.844365796616597	0.7368818385307848	0.9059752713189209	0.7232078080544475	1.4682991071358995	1.6434722490329463	-1.5411437554471206	-1.2737796747305579	-1.2092188390647898	1.120085561156075	-1.6071211773188327	-0.24356052881440257	1.1004266272156293	2.0848823742143274	0.0792941109666683	-1.5708034357293819	0.6768928072725107	0.9987975933766389	-1.0693506886297697	2.3376817011572064	-0.9600488594056443	1.1229598856132361	3.107314426543617	0.516572140444228	-0.27448373430620154	-0.7220463918243908	-0.4362522601110054	-0.9962585831427028	-0.44006273215785907	-0.9801494683637262	2.0711688029753605	0.09281918299955604	0.7774136067900006	-1.9395032304996775	2.0251726452534715	-0.3749322828707159	0.9157673156772435	-1.8323618238615258	1.0961694128826922	0.14654928603240283	0.7811927638991022	-1.8077334554258155	-0.09856499640107788	0.8866909640677951	-0.6166164876633503	0.20956260343393981	1.9044842847733374	-0.4613466850954952	1.1617202539214326	-1.304132669141436	-1.7890632679012435	-0.12038977188482791	-0.8914675769945137	-1.6051879577147348	0.45574369675050747	0.3687443442792713	0.4741778377529503	2.7838473877293533	-0.5321865663653075	-0.7390776745280052	-0.34285503463515116	0.11942771216320786	0.9459217245664385	-0.19845995710965766
DTXSID0047741	-1.696924889688684	-19.500025850941995	-6.688138806037033	-10.467350265737945	0.7335940172394313	5.2924054018701625	-0.8807973296059396	-0.3622207355462741	3.04553918908326	-10.360553164529586	-1.8111547930826197	-2.1009906230468984	1.6661312833680135	-0.4131002708516981	-1.914644893594088	-0.3763685008956246	-0.26489030510169315	-3.1311228105544755	2.092703358872501	-1.044339026523737	-4.1599680887786405	0.7573975592935571	1.2080407216283535	-0.6469349437560953	-0.036195476343575624	-0.16502349833156613	1.5609391805279835	-2.432614250066967	1.3060739363655762	-1.0610289417287306	1.3539115206824437	0.8370750144676827	1.857904016242146	-0.8501832362380842	-0.8482098111931617	-1.0749514504411195	1.4997415072899187	0.9772091378109031	-2.566151753034002	-0.028378425195741734	0.5026429463808244	0.08701429735260019	1.1335998696393141	-0.285925410570619	1.0485467294401112	0.5767630421599541	-0.5443487363933276	-0.4310184942408991	-0.36629394744810845	0.46579035092357857	-0.37931449754622215	0.9243646354083409	-0.8229666804691212	-0.2991611940337644	0.17103688015899046	-0.22692095967895806	-0.8764831967576734	-1.9045745393266467	-1.0661710555203388	-0.3806547850161074	-0.5653740480224746	0.2563285294224255	0.5494789295982376	-0.21650649225468746	-0.24265954154801272	0.03698626105696021	0.33275101561334564	0.553919083981961	0.8044022760988307	0.26999407976411266	0.9300716805230966	-0.6527729205622156	-0.7993750760569593	-0.167723767981057	0.3336875814421515	1.0706846149825726	0.08358631429064299	1.2095341758253342	-0.8394002720394798	0.6875609162527533	0.5570953682778318	-1.0242110339669444	-0.24109350375373426	0.2440077985057886	-0.1488385678881523	-0.3469618262172484	0.4004155076382796	-1.4283658715473428	-0.68677810501383	0.1420339004989339	0.23957713927092175	0.1602104416000836	0.75566157667263	0.7341942594626775	0.9098866936298199	0.8056109583263975	-0.026269699490693462	0.09361175655817028	-0.5159889289593876	-0.10044495774338343
DTXSID0048183	5.507499572475935	-4.933759027276935	-3.0865027341488225	9.632214143466202	-7.277845773609942	-1.42655013460472	10.963997260717871	-5.186596251336819	-8.999327483184976	3.427995156135996	-5.100691783109296	-0.4419169512152628	2.1781168137999636	1.3086592474522918	4.001093423760496	-0.8582314136878301	-0.06598481463249233	-0.686980174801389	2.3733982297087306	-4.25215579447935	1.496384061500006	-1.3300172809309794	-1.9284064030080164	-0.21652628629732962	1.192513642742691	0.8757355444018446	0.8103273463698604	-0.005976676571684624	0.3365197008485598	-1.1543257900080148	-2.1576010987926857	-0.1686210053467062	-0.8972849886169915	-0.7785553002461987	-0.8589411101255227	0.7379907553880819	-1.926803409336467	1.3352824937336372	0.10327710811733636	0.8034730468172856	0.8682536300772202	-1.1705644429188886	1.523255066383859	0.0529331754561385	1.4768518747733193	-0.36854265147306997	1.0146679636727178	-0.6708434525095701	-0.7392270780394052	-0.06419559010061664	-0.8081144263330529	-0.027012887818939006	3.1748637053329776	0.23370121376782307	0.041088927234890625	1.5255843547376813	-0.19186014227980203	-0.4591267275366051	0.14139761494449513	0.7001806026786738	-0.15141505131716954	-1.8072251779274173	-0.6930942748931835	0.7804108690914975	-0.9636643661021908	-2.1556493651118394	0.29975715460739916	-1.3160903026943447	1.6939093876766782	1.3754643303504948	0.004996712625040412	-1.5541819064499562	0.6548017854878762	-0.3436384494586861	-1.5996693300784588	0.4787116779319321	-0.46274103889523277	1.1299910767111316	1.0983993029588666	-0.38952781684629567	-1.5318795478361469	-0.08563789839287624	0.623607361058233	-0.6026913462416328	-0.704928495680233	-1.0750226852247091	0.5084765932021773	-1.2278340397873486	-1.738357959727014	-0.09913528572891045	-0.05397421355510798	-1.7807193473988052	-0.08127027163729211	-0.6652923331985809	0.4024015258873758	-0.03327853116723486	0.1673470909604858	0.1949839523446134	0.46031885191157607	-1.2285642183401746
DTXSID0048505	11.412359720191017	2.8131196146840023	-10.20603441445331	0.3827483262787433	-7.493927211021429	9.342767813396183	-7.97497453390491	8.399929765218172	-3.066253647523924	-0.7830855935734948	-5.738255118113871	-1.436170745241318	-1.1947733537922942	1.81381663150183	0.5408336900693669	0.20922396310167113	0.40150606920174564	-1.8675168021383284	0.864091945365986	0.12461018469998378	1.2264062834711096	-0.8233129910648034	0.2661093489524058	-0.4250664185161252	-1.8278886117044149	-3.5390672319816447	1.4424493244600054	0.6809168033656771	0.4948697891666875	-1.5695140107829868	0.6874878324324403	0.42073429757552894	-1.49540969535548	2.428088260772765	1.386647426904582	0.3511681066129702	0.39236262897567425	-0.6401123734042924	1.1435843664326275	-2.660981123091649	-0.7463835408036799	0.9253449428593142	-1.1402168639686203	0.5921608906676165	1.353964709751208	1.9593006242893025	-1.4840405497835922	2.7202776124654258	-0.7336689610834587	-0.8065361013894002	0.3907806862542498	-1.27932495880432	-0.3174926700185032	-0.5795482943750261	0.06636488921472079	-1.3343069658347433	1.852013193598912	0.5617409720334311	-1.1251897295229585	-0.2039994033003192	-0.9812847101479358	0.6221577106781022	0.3179232583972044	0.01926566059348456	1.6968565881139754	-0.6378507605121977	-0.5633835672080785	-0.48395946181791677	-1.9760891141974124	1.616072529697547	-0.4065218792527167	-1.8853416657122046	0.29600398866442906	0.48879523278596265	1.4134865233069398	1.0187537316022717	1.060779384995271	-0.1698814195835866	-1.1995690270569344	0.4745896994370047	-1.608969824808748	0.37793384190409945	-1.2518838005259503	-0.9410997321533667	0.5232584464165213	-0.5425153013133686	0.5033704281171589	-1.8449399803136584	-1.2795758947036118	0.5666994883826768	0.20528080457651696	0.9311836262738484	-2.4149704052494134	1.5836376710013507	-0.26280797434790093	0.7952102296357971	-1.3460642513311838	0.3664065674794859	0.5085505470771275	-0.5329214772760569
DTXSID0048509	17.560814619017044	-9.004096919667795	0.4577422075016905	7.773753263216362	-1.249550204525033	0.1992680797965867	5.766500692934054	4.6818718632083804	-1.348270479263587	-0.7610650802286164	3.0588266567110165	4.615729058326451	1.816634457586985	-0.6356362932023544	-1.319209614329186	0.32896767090578255	-1.5615273841097923	-0.6118185548527605	0.9103986201095527	-2.526393420077969	0.2822209581615712	-0.9661407862556208	1.2751563441778295	-1.2569697837613982	1.7893016636867725	-1.3123144099933226	-1.2593749400185072	-0.12560240205306142	1.657569600357201	1.3549072835144924	-0.9730744614007062	-1.6811382173330331	-1.5016667435267688	-0.6662511246996102	-1.9512390533152308	-0.6874385955298219	-1.3077779970264438	-0.200073871143427	-1.1916622172271163	-0.9516752830654424	-1.064907311165193	-0.15271129244630716	0.42374224528340876	0.026340983832742405	0.8077383344978328	1.1775940048558002	1.5989837193609722	0.9072048592249433	2.0809900841245224	-0.8271980793575691	-1.3137431619310138	-1.498686105783892	0.5152456497358767	-0.2509319620398015	2.7360617792631974	0.6548780301588102	-0.6241857417932382	-0.207568636618873	-0.47951910024110156	0.5974377112393727	-0.779132361354613	0.3856357240421225	1.2202116187369008	0.3397959702376744	-0.6909137763017454	-0.5752111939383577	-2.0102126969241807	-0.5568406057457396	-1.797204633034641	-0.21100331701169026	1.4371165824407304	-0.5713901444334235	-1.0472817706318394	0.2804317221871618	-1.035922419984851	0.6734449596440654	-0.7521445382747823	1.237764031544676	-0.1325305331621956	1.0429567600822747	1.5844945497168093	1.4918755894316906	0.19890226140937553	-0.45367031481697556	-0.35590893695783354	0.4382415784073537	0.301460295770254	-0.2768256328246434	-0.17157630378028813	1.0863188440075302	0.5562263546241084	-0.5071912264977749	-0.8252356732177599	0.5190358285574028	-0.23552441994968185	0.17968567537514135	-0.7480704304676378	-0.7411434766561634	-0.16602090571975564	0.2259634542668946
DTXSID1020194	-17.967573308165477	8.789184153083415	-1.850019882746163	1.7499081918018269	-7.753394311929849	2.700181029828334	7.007664084203606	-6.507810287372431	3.631764431726035	-5.997260149213311	2.8041992210364644	2.087668383658776	3.398184343929132	-5.356443200423932	0.7504331808405246	-0.373168264730169	0.036460394704435024	2.964121701736278	-1.4358554947942985	0.8671384285262825	2.2975173612880693	1.434759445953372	0.22361382264715263	0.01705965816220532	-0.6857552774793865	-1.5758206769784786	0.2826426573267924	-0.25068827900264223	0.9330932816799686	-0.008526753552235993	0.6116725987043157	-1.3361711091706099	0.33849731414954887	-0.42443501864151095	0.23758280967335513	-0.5321685558525417	0.19721267510159704	-1.3977314156784704	-0.6096233335891795	-1.3335651864864	0.41988105585191765	-0.6983228284325148	-0.23719250336885261	0.6410427004338272	0.3784309974189529	0.7696676668358062	0.22352150463587614	-0.6239373410711511	1.3785134068676803	0.5845369924840698	-0.019724479960950652	0.7263833952816807	-0.9927940757996905	-1.0593169300278822	-0.8750435580173813	0.3655561511271886	0.666932047190767	-1.8067581417716871	1.0798184432579978	-1.012036434785243	0.7569117406825928	-0.8545801295031165	0.39135662522126075	0.2855029006686869	0.3665393876450357	-0.36056685867325633	-1.1394442298072238	-0.07272790896671207	0.10149858093676699	1.3927471889119862	-0.013734452938591154	-1.033923288349309	-0.8613726152620887	0.46475721831135947	1.0611285803533406	1.255615982480135	-0.30356463513931675	0.2553065001512273	0.6401330975516517	0.23974804597352686	0.7648677602807703	0.7337300024399604	0.22386575519941024	0.5759836172029177	-1.883907946707878	-0.5685714962090874	-0.9231975873842533	-0.9021018335721672	-0.2893087572615074	-0.35122883408018957	0.389618102833555	-0.6933558308243615	0.16080537614637447	-1.4013706034158169	-0.5364061007568114	-0.3519071330484028	-0.29174939021597623	0.07507396432742997	-0.13794969351726621	-0.4180791926380732
DTXSID1020069	-0.053763075494619596	-17.780545400289	-8.820613464325792	-4.7563996625133065	-1.9941901522386858	1.2422221666025193	-0.4583576541193911	9.794775688473191	3.3283863300498697	0.6813193498360159	-1.227952593730961	-3.542898933213028	-4.003621043531685	-6.220587767007821	0.7855985226334344	0.5663503022224966	-2.2511658993463883	-1.6246754744072187	-0.3383715946407593	-2.1348720136337334	0.3414732184881811	1.6438780028569875	-2.1469609193287122	-0.6789545229405399	-0.06587315134536158	-1.2073218003973154	1.4029940203627012	0.06997602682738042	1.1841620594912103	0.4146703101374454	0.4857438877983264	-2.2134108408653717	-1.4519166944648485	0.9798471252210024	-0.14591111507579577	1.4792763190718938	0.31114614914310496	-1.1679097782561434	-0.09650935230946493	0.9877349759240941	-0.9488159317159764	-0.374453691342317	-0.10881285807006903	0.5606012796421362	-1.6676458528813192	-0.04104622989345418	0.26386151840283323	0.36865898994278284	0.5327848119528957	1.034871485012086	2.0030622556260074	0.31957586873507965	0.22897900077650496	0.05993126504784926	-1.6024923230781998	-2.760699111257682	1.4773179888084256	0.5976667680833905	-0.3308598907694664	-0.29373251567255976	1.7822086415140177	-0.6053123193578244	0.9257874504781547	-0.25030190268972397	0.3568832680136802	0.9154700595784151	-0.03979081832456976	0.2566242384876933	-0.11696843568654765	0.9282724255537922	-0.4304364818529073	-0.9962796175082864	0.3820428308464281	-0.5572347154957222	0.5667849018872235	0.13395062369139601	-0.8071670931225772	-0.6110163556936379	-1.2473941688097654	0.9160320977817195	-0.33325198883861024	0.35384291709730886	-0.4219152578505074	0.2749489300123969	-0.578234684853999	1.2401495939347291	0.22974868314583988	0.03986410793694161	-0.36164956603487525	-0.9897779572766251	1.1880347499550261	-0.39919733741944186	-0.47316942664925743	0.48645596804874736	0.40861727708669954	-0.5081041849725431	-0.7388931902517121	0.8839680132440925	-0.03558067022794247	0.6930225974635555
DTXSID1020190	19.812168928610248	9.628229194752263	-4.601110254534817	0.8332130877203248	-7.76552221408765	5.701547897233079	-4.793995596424552	3.5865046029081817	-0.515385235188181	-3.22428271329715	-2.343013300534881	1.0294067003046823	0.9080711804095837	3.3082531513719617	3.482879647434695	-0.8169942922754846	-1.5140980631384733	2.428047498430474	1.6581189888035066	1.7304475299432638	-0.1378660635419969	1.254528384318757	1.2036806871447976	-1.329962281668848	-2.907543900108461	-2.6274381221202994	1.7772299015056248	-0.9805301290502105	0.19991055236278685	-0.3239488803965912	-2.217729430261074	-0.845099079570523	1.675042202363342	0.29505369099655676	-0.661267239160341	1.6653269848836136	0.5540691375549773	-0.7376120430244708	-0.5917727165288066	-0.2751063558494448	2.0162429321461164	-0.2996002523754022	0.08605399241767168	-0.2853535949549147	1.5645800457991017	-0.05982148854020324	-1.614769132663151	-0.14714272733962278	-1.7492215243962086	0.34328459250148174	-0.13919027093654815	0.09230018761423554	0.3000908381089607	-0.2506139441616602	-2.0488183837567835	0.00766970362063421	1.2155764261419983	0.2853416701141369	-0.6328422999983198	0.16333836676283123	-0.7383951282317094	0.7115768458487504	0.32816117277249784	0.01972671872126042	0.344395893610685	0.8871571496781087	0.5492523462537581	1.5704095681885155	-0.8241349282801914	-1.6361442464755482	0.6318632865666105	1.0784339455321406	0.8615645424126662	1.2850580725992813	-0.16572008891222476	-0.21634552876461496	-0.6500497143902506	-1.2502712195400996	0.7797782490727527	-0.23767756225460687	-0.7316545004657948	-0.8235419329186732	-0.3441750048151349	0.4347671755262876	0.26745682916075647	-2.2311329999052303	-0.607177059299822	-1.6224599059696763	0.02221938027825833	-0.2166118535384556	-0.7007681022668424	0.2261864715281076	-0.3740269692769974	-0.4149024967091989	-1.710475416500413	-0.0783979830818377	0.4947790326489269	0.052433228633866465	0.5036012067530512	-0.035460632995090856
DTXSID1020350	-9.158312443583727	-11.858546520865971	-9.664254961037745	1.895501580354658	-2.665129590498321	-0.7653737967698713	4.3222669328961345	5.368685322736564	-0.32254481357780657	7.00028946206445	2.9776342161986262	-2.2329411316584107	-7.017356396677487	-1.9809413906702131	-1.069895772609721	-3.743662984101752	-2.1550986901927933	1.5596369641729395	-2.235553444606404	0.386674491643559	1.8022852786570107	-1.3270093400554188	0.6918150747214896	-1.192895543558655	-2.2259294784928887	-0.5027796104463094	0.4150343455298516	0.32053199008741107	0.5627836406773943	-0.7169300657258006	2.5045590849418833	-1.6235898986705934	0.15992285001561907	0.09619190938452159	-1.5838796188953155	2.196934838861066	-0.1669852382180515	-0.573670548742898	-0.7649411636271696	1.0561288207298067	2.088791673498652	1.0551277099356386	0.7654659696751314	1.4031286487815784	0.8314308516568278	-1.553374300725709	1.535716286940959	-0.34050867289243	-1.546774904699455	-0.5182352468932558	-0.7077154827300015	0.23122455484235072	-0.3179152940709227	0.11273020064013724	-0.22870977323010647	-1.4078541958331077	0.7421436716237778	0.15957850648143382	1.3559483400450822	-0.885260284946838	1.7847026170658054	0.2737746890285708	0.1904343170016258	-0.4806337854081706	1.7888192088521297	0.49366299126405905	0.5338172394119165	-0.45578671495869005	0.8282242996150774	1.8678774445703217	-0.6244451725147018	-0.23001922528339938	0.9095266241261597	-1.3457038246172872	-0.6049909984876299	0.7058942152270884	1.3923118818842009	0.34358654970459296	0.1974670600208925	-0.4986092947687707	-0.13203826749008335	-0.19238227861487892	-0.04416973624446787	0.7326842214801995	-0.8990997003262242	0.8467162128926982	0.013287671785107799	0.10684428976973559	0.19442762195852373	-0.010221290984083194	0.5716091650661915	0.625124138478951	-0.1253138588563325	-0.2957154158375392	-0.5854815132250359	0.711978063017063	1.615717305615528	-0.1483502027235704	1.0471309466392165	0.3122823222059294
DTXSID1020354	-14.584420449885162	4.443172549075148	-7.372989677532313	-2.6030960232328826	6.276111809536658	5.5301523576961955	3.3334134944378877	12.22086818821607	6.543367290391827	-0.3931222732630014	2.475145584427837	0.9255139891151934	-1.255810642050256	-3.1730254783748943	2.9672821619200667	-1.7259011082727869	3.9031120114361517	0.12596828833315515	-0.13376744699988866	-2.237380622689772	-0.7994929277792521	-0.004176431757697999	-3.089368699232234	1.9998060911099425	-2.7162671307021267	0.4706730608600163	-3.1516486101313923	-1.389885815427193	-0.07089147308163057	0.12721987129119447	-1.5992376964354431	1.119231757676372	2.5342704759514847	-0.097379221654347	0.28274179877446487	0.5171996366700553	2.242987610692486	-0.5166656101758277	-0.2794143324407848	-1.2904479127549977	0.07682907175689253	-0.717025000654116	-0.9543891797706865	0.2939051957528791	0.08654820607983314	-0.17226954404666955	1.5498962483496397	-0.6531394102028836	0.054065547420458174	-0.29708969236793464	0.8015365392691614	0.4761609711846277	1.1143074248052545	-0.5991548921092833	1.8024837590956944	0.2844857293105243	-0.005244725354545135	1.2426474186623435	0.10589746272799591	0.4240480733063758	-0.9824583257188952	-2.1046368786058522	0.6925555349640323	-0.6927771764078262	0.2776664106391424	0.03321196042374347	-0.9385439645469322	-0.44117290162678835	2.0620998055122954	0.2774576455303539	1.0554425730079313	-0.13926358035578115	0.2864669626513362	-0.23664187132228473	0.5208107556017255	-0.3841548714026882	-0.8983641194175872	0.015213001550799242	-1.4651478600262238	-0.9330689450258671	-0.09760370179242266	-0.1572734201945781	-0.15412082158297505	0.231082403732906	0.1197882091361043	-0.402239071836829	-0.11317611439256	-0.1361998246109317	0.8285372208138972	0.4816222976865411	0.12556303326775345	1.7842830803580931	0.4341453227341452	-0.11375832095130932	-0.7766457044282741	-0.5130668920153707	-0.36296373641664675	0.36012552335080444	-0.49176900765335846	0.22176525140241327
DTXSID1020512	-13.757772127434238	10.924442457732304	-5.671772364374472	-0.8456704425695576	9.396356810713367	2.6550389700868164	-1.7948826616642393	2.8974561686895313	2.322319243280208	-1.7538313103996073	1.1800697764925219	2.7953659128887645	3.6748918866980738	0.3098983395685357	-0.5292229397010015	-0.7126843591980104	1.0576917570405142	-0.018184626386024298	2.286356296390261	-0.8217412115517171	-1.394134267003799	-1.5804178352724623	-0.7775390812356007	2.5555313418229053	1.9221271678414844	1.9045713116684189	-0.8399799289906602	2.626916621025557	1.7874703398026246	1.4376417507365085	2.081077277735714	-0.30945178827573966	-1.2155435244198067	1.1994690247406343	-0.25926746188297023	1.6984538417456896	-0.7933257911538657	-0.3508280683679923	-0.026233580138257887	0.19796469739291667	0.5983940570092071	0.4535835505711876	0.26641077595381346	1.042121637134249	0.11351817212972815	0.07016108430888642	1.0999732215998537	-0.31113345388250696	0.16874930477015168	0.5678657547950383	0.7038953438354218	0.9050813298466971	0.1114134050082211	0.7208522687345914	-0.0456778300216941	-0.19536330965138818	-1.0471275264056126	-0.09259216895735287	-0.16707119272679924	0.5993608648997667	0.32267605801075994	-0.414157125963015	-0.4246564852777718	-0.7492422555146678	0.2159642578944786	1.9269528945162462	-1.7682799549779529	-0.7989930695679074	-0.78244019630878	-0.3153127812523666	-0.5654679294845779	0.5407909756513212	-0.7038357828450613	0.8186658117380989	0.7953161547905245	0.38933055810748823	1.7230124612307818	0.2396995566507568	-0.19749279020504557	0.332308843975227	-0.5319140574501635	-1.0205647592459153	1.1166854279853125	-0.3723111414605307	1.1750194353452463	-0.5336375694201706	-0.6760178654399285	-0.3776986818970637	-0.9698010646931279	0.8991050571606813	-0.6441152175085176	5.697455597867425e-05	-0.2715818910016414	-0.22740301841607186	-0.19427142787744267	-0.0042062321067298705	-0.678248340427264	0.2883150343924603	-0.007504206248278683	-0.6931934290576124
DTXSID1020516	-19.694443471601208	0.2788262757371717	-0.7019204794401577	-4.625764187700657	-0.09830920788783501	5.359458037855434	5.466526215852435	9.328231860335801	2.2520872599457054	1.2895714835018666	4.118262249050875	4.138069826830839	-0.108227281668808	1.2156652780941535	2.147081751204108	1.7178409756557673	3.318289237362852	-0.20109146389576854	-0.04724889409690906	-1.8127157766754305	-0.13691227319638352	-0.16783356406480282	1.4139526135752472	2.0759360248893994	-0.7671893441105313	-0.029726284539131027	1.633123023704163	-0.6483410584093655	2.058675230666034	-0.5215753654939627	0.3090890072972914	1.5093325403952154	2.078989536232802	-1.2229342195035307	-0.9537257350856051	1.0072274306767457	-0.30453478605030193	-0.48681685422907467	-0.8254113163260053	0.24551854121856875	0.17980978792542304	1.3284666869413009	0.05057836755585283	-0.23501356540680043	-0.6714962966497559	-0.2350962276965175	-1.0151806073065492	1.2878318236148174	-0.7430871837716944	-0.7329965052232186	0.7973833753197627	1.1079829301818749	1.6785206683552691	0.13378771030405628	-0.20305521973668342	-0.0026066686815141853	1.1389979059208495	0.7301509472256613	0.5867122325525228	0.49083771795768605	0.17635495042870886	0.946682910566492	0.21019855272180551	-0.03488961296602801	-1.484372893508539	0.007106062208284913	0.0171496809837658	-0.25409184056412876	0.022890538904049053	0.4675610436431307	0.12395509847092505	-0.9136235347049467	0.6450577044091381	0.5147479455229517	1.194740866719799	-0.9725151921082394	0.20985767787722776	0.8236192915369269	-0.4601773620852021	0.004923195678923391	1.949882179772728	-0.40701462685624895	0.22315500536614266	-0.9831858653512942	-1.3005205331934044	-0.889818783765732	-0.15118760150624114	0.06782687922512576	0.7658084120657577	-0.24271781791594718	-0.07854816341487396	0.5490317950553477	0.6454124235212385	-0.5050886831422329	-0.52174878715693	0.035284631610558344	0.5340944512092709	0.5822776901359845	-0.015332690516034968	0.8944087880981542
DTXSID1020485	4.298746872598805	-12.951872087572575	-10.433409851712472	-5.034974032321564	-2.322750290996673	-1.5713481859600924	8.471447594202072	2.7502190394398522	0.493708736869815	9.478236870513484	-1.6299637584713718	0.22758603863544483	-2.131315114501051	-3.4864431460639373	-1.828628583114712	-2.35788084715326	2.5781076393956863	-0.5755188583934908	1.5204252557870925	-1.9465957958806261	-1.6150209212094793	3.861832800561923	1.1169023075316846	-3.2362204663710723	0.3078329603360106	0.751850187047134	0.6409958789956836	-1.0238946425763331	-1.774315552464453	0.09764130204942437	0.501389134996331	-2.152504224555589	-1.3772083099045673	0.022191516226290335	-0.9512910294981493	-0.1113116050434336	-3.5235568016018757	1.7152272807759312	-1.0051070178628716	-1.1135179979301395	-0.1819338951872193	0.8719832075263029	0.8292238110564871	0.5221955145249259	-1.0577774074066215	-0.4487563535831156	0.2902001257578375	1.1966730506459897	1.8174586584852914	-2.2755963183758787	0.5688646577872409	-1.282991101677744	0.1483679797251241	0.714326355638461	0.2641586869251762	-2.2253011799813263	0.27944131002151473	-1.0658251653992465	0.7507134334626493	-0.08559515764207169	-0.05926232177855867	0.754704014038827	-0.24797915032805734	-0.39274930745619213	-0.9407755495592965	0.6092682822532544	1.177966662783865	1.1888091433701682	0.17794561318683041	-0.4804178445243955	0.4992858969333963	-0.27694144738006143	-0.9616872796729291	2.4070503972145247	-0.4381050036319842	-0.19052740688502853	0.6602336128276832	0.03245073721364464	0.51986994013681	-0.4617639892622792	0.5657840320424159	0.3935822618685984	1.0057437185669222	0.10561154262453451	0.9836766008332558	-0.5978610386168985	-0.9504854899808696	-0.563369429973044	-0.617633823372159	0.9185449765768077	0.6830796549237456	-1.1109104007432076	0.0592157526403062	-0.47826540530910483	-0.1312111013706888	0.4945923071283917	-0.41678929299347317	1.179293860486776	0.6455903021748176	0.4086425801564237
DTXSID1020510	1.9713937789666232	-22.080563323168747	-2.2864042089206578	-7.2754978291683114	-2.407699015207067	2.8177486244759016	-5.351556582181104	-0.006839348588861189	2.0521640930811293	-8.725822714452745	-0.21008252619275575	-2.6794635241867937	1.258298289948574	-4.04583097466453	-1.0426169161266872	2.0962715650793817	-1.7498365973657997	-2.5121436752686073	2.362215301706297	0.6200365253329779	-3.0855669480040295	0.4181863249867768	0.3624973313110811	1.1368479101242086	1.7060135597902866	1.1417592047551928	0.3154170728794512	-0.07483297045937	0.1572645531810157	-1.2430478268454985	-1.274327467751202	-0.8881191285705112	1.4615746708402488	-0.7079202245957551	0.8024894935689584	0.4573926031453062	0.8767495676056211	-0.020083962346530333	-0.12110835146066652	1.172907693352462	-0.20637990775709072	-0.5713582660583626	0.45976513266128505	0.4716979692429514	0.0026912004124929893	2.067961279124739	-1.0705529406904954	0.2521819832162531	-0.39605253917773026	-0.43894561904247875	-0.1103407015532654	-0.4239297075955725	0.5388525020486042	0.5649486335989401	-1.0973641300874308	-1.1676046407397145	-0.19740055253964603	2.1781067661719233	0.17758863845190712	0.6781627214624301	0.37220073864412706	0.7853098865347099	-0.8430274227808715	-0.4732524035010772	1.0434654527114706	-1.6951796387689009	0.6230372936570036	0.11823807803909311	0.5048003619581832	-0.4698703187613395	-0.4924657425433352	-0.1869349862024284	0.12948526857594378	0.3552058303288224	-0.08394867433952832	-0.6886387798704582	0.2598139861783362	-0.3156912938760753	-1.224840466559082	-0.15692258241891094	-0.05543729452066534	0.3105372208055144	-0.3476720244163039	0.22378801170997606	-0.2931810923842387	-0.27250354133158566	0.22903051482491596	1.0052076718842946	-0.9151228206103177	-0.09218291491049482	-0.28692053735059164	-0.4427794732786713	-1.2304557527180762	0.02427490708683236	0.19533510879446542	-1.5526186307433774	-0.011270250566270203	0.41222613997334856	0.42715895261798936	0.4123996773137066
DTXSID1020647	-15.225098112617113	-2.959474802747055	-3.6323219860394653	10.459727016745022	0.13217780272593824	0.030187913787851166	-0.20373367067813675	-6.414644991318385	-2.051500313650313	-1.8294693267232862	0.15429879112072464	-0.6670079071906784	-0.3040299822663149	3.8584557756515547	2.500201366776624	-0.9191555725060638	0.5245213185748873	0.1515248644382397	1.144759087063755	2.0319403019576536	2.486789022747487	-0.6880952796179219	-2.1927931196935777	-0.609594792241992	-1.3008621107343834	-1.5922471013267665	1.0356209230315927	-2.1346106370407933	-0.17776269608130316	-1.1907855412093609	-1.2121260894933519	-1.909042766025847	-1.4926061260304886	0.8010147201398019	0.02725769043228659	-2.9561196080923384	-0.38593456896868666	0.8003633527838723	0.10636388907727246	0.1955425754856015	-0.02485927219594204	-0.6703421578126607	2.1222454242683577	0.31010014385449325	-0.9387301435763165	2.221578525083551	1.1455478717967775	-0.40774321648966755	-0.0487397520771871	0.6624302541269602	-0.8682786236341042	1.1134569197539985	-0.04380160808162819	-2.2221422347982256	0.27803419121991707	0.17446059127311428	-1.8651519708711457	1.5550582877067245	1.315369142312545	0.05694926228055695	-0.0893836301227685	0.0782576534165217	-2.0736324381815034	-0.31210827903412824	0.49623661077682907	0.113798577460656	-0.33107075949949555	-0.8546713843562437	1.1149384100453517	-0.010634671037563744	-2.650134364537728	0.49542958608184884	0.009701132232162034	-0.4532231938797586	-0.06425941561079426	-0.2976582183716218	0.35416313707173275	-0.4209817617196391	-0.6228250489979736	1.8433690868538783	1.5580462643167767	0.2548325937269424	0.05876040571886102	1.083531580366428	-0.05925090537197713	0.0705417559778065	-0.24596902737401763	-0.5028084350099657	-0.05830799106312738	-1.984047346633767	-1.3330305697605005	-0.22077879463621006	-1.3777877223457171	0.6562529662250213	1.0366231096109408	-0.7138049162832696	0.8465497673117341	-0.26360450710839034	0.8094471168108134	0.627825177146112
DTXSID1020560	7.699426473575868	2.5005112818810504	8.990640011610841	-16.149904455591894	10.649515288558552	13.055157421703122	1.5308292435725024	-9.29356571505503	2.1500197448243115	1.9535668681892202	-5.104476797106839	2.4764632908119566	-1.7546090471576896	-0.3678585001236089	-1.0192369080364272	-1.2714192814088292	0.9556384397973597	-2.6356855638258003	1.5975793063520152	2.671151786893302	3.230607888534879	0.47024697477050664	0.3451144542752199	3.458795535586746	-2.4359795816172216	-0.5813024485190973	2.420603921514751	-0.16377753904594936	0.9770670371857918	0.29823380469789484	-0.133782343501469	-2.74556740145099	0.7597649382931679	-0.671718317102812	1.5440454688486291	0.5782946424494926	-0.0791307368224376	2.740962972220895	0.9503805711019666	1.0023074595754524	-0.10177689420992823	0.38293027807630464	0.2440022295821714	-1.025475757233259	-1.4435385087398696	-0.12859309038592942	-1.2502715518463445	-0.13005304670323925	0.6975015252316816	0.3911948185657546	-0.8996561272142783	0.30284120317054886	-0.8132683836061121	0.951256678423747	0.6599616555394145	-0.8393644138094317	-1.3699797977000086	-0.5571374728107328	0.35052359956428236	0.4853328766810533	0.909795720266938	0.849971699427409	-0.5586849325532574	0.9150762896041371	-0.044948025107883836	0.2618940589857886	-1.3980778449610591	-0.5573210408432132	-0.441161053994999	1.227326454394219	0.7591653355386254	0.6226387603046265	-0.03296452551593421	0.1886130909530566	0.7446598252352568	-0.2718979920303551	-0.4617729824631073	0.7626275627146739	-0.21803759867285136	0.2047209102784093	1.2340876073089015	-0.028250280034296114	0.8090596080224149	0.26080554748795237	0.7636433535274695	-0.28103500670464615	0.5823293397052552	0.5107631987976687	-0.5052344104608205	0.0839236721915014	-1.4811094841728356	-0.7638081302500469	-0.4129759197898305	-0.7722181809521191	0.6818985624048909	-0.787609337520472	0.5954628713368366	0.35664313124064034	-0.022668988033093522	-0.5759737309039694
DTXSID1020807	-8.497245992308692	-12.55573801888242	-8.087137115278445	-13.266663682678587	1.3608111490849155	1.3057990915640965	2.0989741589080992	1.3522933655410236	-3.752655656576364	-3.499570087587993	-3.097880588775537	-1.6095453722449486	1.390106928183093	3.9654454657173037	0.5113399232134931	-1.3810690336336153	1.4047348147988825	-1.646069554982213	-0.03882906540976931	1.2653284921284889	-2.2018065905605018	0.3623832977344978	-1.6704916403212327	-1.7502057973785439	1.282060885621475	-3.766719243293193	1.2788675192105465	-0.37942744660332384	-1.2097072748267097	-3.3969107804464223	3.1616683637004495	0.7899272179243434	0.29045579258333326	-1.123261248671814	-1.4858365290035356	-3.553481116187641	1.3005717829032957	0.9491671207188686	-0.9618474708945601	0.8961759656617704	1.5216830276169149	-0.5305745686254236	1.8127202962306945	1.0329424880164382	0.03129520636762273	-0.19329493075817145	-0.17561032343525476	2.029425009548464	-1.2250811741569654	-1.0275873908732407	0.23038321960466895	-0.11882478473416284	0.46837701216658606	0.15297075632890242	0.886200959906249	-1.957198036306911	-0.40864645894298024	-1.2857652575096388	-0.5442826854205204	0.2566250173726974	-0.5837251075331937	-1.0111643543463695	-2.5621496489878286	2.4407512004202934	0.47158472702503085	-0.1502566114507554	0.3575879371264157	1.3678682452076059	0.7923442520892693	1.1944229908320148	0.38319773077731084	-0.7399156105938798	-0.18149046978072325	-0.2624729236724627	-0.4769061683833776	-0.5600070592207268	-0.40732727108882394	0.5187640758266638	0.28640567703292746	-0.5725472811731113	-0.3785618215982247	0.33947238691098663	-0.059315196407365454	0.4205530896151981	0.05902010287112471	-0.65731952209295	-0.17400942645936948	1.7690762729386922	-0.6369456374008341	0.20502716836309662	0.2561925967335196	1.4311054261283904	-1.0269981942247557	-0.9243738731637912	-1.1506587702106512	-0.6063009973454496	-0.6099627089994629	0.10685751729448761	-1.1750428734097933	0.4928620255241171
DTXSID1020855	4.2407138050939555	10.237002498311583	-6.937775879468833	-7.026895193525995	-10.963647188838896	1.2920460577622195	-10.082681455917779	0.21377392021649114	-9.49129378813894	0.15132048209400456	-0.9284142296578964	-1.4639383984525083	-4.046954985447292	0.6712082056675167	-0.2555838345154307	0.9632191168044443	0.4581402658839653	-2.549381939542419	-2.7135907418714487	-0.6907556712277855	-0.1357267954455999	-0.6267827989835703	0.9644378902821826	-0.9254611922267523	0.27692551065781595	-0.7257698214261983	-1.7444532471283436	1.8892714774653423	-1.2152710397809354	-0.6681204091462726	1.4701771824262517	1.9971869392380976	0.02179149969435257	2.6498445886649824	-1.4880385431142877	1.0960044600137795	0.06494086454837839	1.2840549671649362	-1.4810813472680837	-1.8877690571201344	-1.0711719765091636	0.003067574004953362	0.5883600874236763	0.6719965731593334	0.1956232262478828	-0.31262761527147725	-0.20857978079522896	-1.0404376456954156	-0.8774564649365583	-0.6434097813015764	-1.0555331193457875	1.9258263444526835	-0.5946043299567022	0.7496141676420658	-1.322530364647903	0.5643954741292979	1.5832224447070993	-0.41739567911943887	1.6568080463948762	-0.02071332961021581	-0.6668792134837609	-0.5235040311102374	0.448024208187234	0.7826058804376046	0.30572172524135655	1.405971446502519	1.3299699838132395	-0.7005698282531813	0.8349753730281614	0.33962914034579456	-1.565954824526547	-1.8809827858312804	-0.25571300912768724	0.7049585412554572	-0.6080595581171834	-0.11907468725434897	-1.178523930524447	0.4321842561393459	-1.7687842292763063	1.9834718670838947	1.013939063128769	1.3007278253783658	1.691969327681713	1.2543296356597509	0.3389597979285565	-1.062415018178071	1.4402538229854063	0.6824432514687293	-0.06069545595469504	-0.7181763873683064	-1.096526348568866	-0.7977166939732749	2.162358265296995	0.060595963123778074	-0.1476505710242626	-0.07846965526979653	-0.5242994401372882	0.6383795854202928	0.25305314790950834	-0.35041833475003
DTXSID1021031	0.4115742934468294	-14.102610463467155	-14.353357484616463	0.69851891329794	4.0858376679827515	0.8503679886754381	1.4949007608467606	2.497001135088921	0.7504348276084629	-2.086639631910167	-4.069722807028399	-4.269286106259242	0.4635496650108023	0.26536770813394284	-2.6907322131841607	0.5917639378907893	0.4509454725352182	-0.43962650308368917	0.9527357663520637	0.2500732350266986	3.9635868578496813	2.240507584783142	-3.5304417139497084	-1.8399652446755905	0.26316495542747687	-1.3852219222845756	2.322746079025071	0.6580165660212245	1.4603960589571319	-2.1796328119091113	-0.07721853180751546	1.930052493866361	-2.628100742989095	-0.707719707525069	0.5097058147013249	1.6855434134786016	0.7467765855631697	1.6337438644844906	1.9704909245533195	-0.7893202042928762	1.4502901177993484	-0.5833090943562942	2.1283192000713194	-1.0406503298665752	-1.051250544051097	0.9803106801820692	-0.5271094650744357	0.5569854494411222	0.27257326480692917	-0.3283405036363993	0.7511391781713187	-1.1067729125824894	1.9419875627962964	-0.8221353288686313	-0.0001270977750789465	-0.2783889557609856	-0.29938140912016054	-1.4617312140789953	0.01297897820842717	-0.8469564605227565	0.03454814714834652	-0.02056031001495572	0.9430872237929508	-0.8643478419820364	-0.22853666488941643	-0.6718270541842795	1.373427268336271	0.5696203978984409	0.1483715116156186	0.14767494405033896	0.19497121101981127	0.9588646121486998	-0.9086584823000488	0.9163179737620268	0.0024334741663264124	-0.14545749998246058	-1.3415174578818485	-0.8029105066262455	-0.26083067022317546	0.17331970212676473	0.29516624910368217	-0.5946732763479725	0.4653581956607028	0.135290922722178	0.6799946834507044	0.9176477726136144	0.4705049047556182	-0.6233984643849904	-0.07247851808922019	0.20818199807201473	-1.4370921117325268	-0.7405797415890522	-0.674019293209684	0.20354575271635655	1.4501709483167082	0.5413638915533086	0.5456843436584687	-0.3945821003306176	0.46463701245945954	-0.24565067249877412
DTXSID1021160	-0.893524174009976	10.450657143777214	-10.664661972017148	-4.84207099042615	9.58090140323949	2.2534236600978046	2.990203973294162	-5.516454192529386	4.7147353244683305	4.578692809163291	-7.048440552401193	0.3804534384889839	3.81280778255913	-2.512795168105362	-0.9767431319633764	-1.273331076853723	-1.0835815284799257	4.835106925446132	-3.4125910189693256	0.49658794668935247	-3.0877778362275254	-0.9505637034647316	-0.6966480135976381	-2.4323893179242333	-0.1893386573654094	0.3409408820601522	0.3338564497987217	-0.3756407548003413	-1.5872161270797434	-2.061384727137227	-0.6566091553195044	0.2996312512254513	-2.938752914018639	0.5841473487245223	-0.7524262450654355	-0.1516600574611289	0.10336053744617135	1.038402007667369	0.3871501126484769	1.988973586562696	0.7824783953788201	0.059196791324201956	0.517951698314366	0.36779148294232283	1.014937353140233	-1.2334773497930034	0.7072242514074497	0.4668121146521755	-1.1128283807666053	-0.0781141503749125	0.38630954617073626	1.106910853408743	1.7175661119425332	1.2630709653116896	-1.4390001659059122	0.7855214441576623	-1.7747660042235742	-0.34332956704814965	0.9738895144613796	-0.12745145501041769	-0.3372868948101913	0.06539587901596138	0.003623699374587009	1.132770132584638	-0.4021597484901582	-0.9791463980567391	1.1428789143214342	-0.03235666555509249	-1.426114080871196	-0.8262432062746249	1.0612776887535038	-0.4005746402958856	1.0924725024834854	0.4051891208376647	-0.5588043216678544	1.1869934215967033	1.3930204385108822	-0.6745083378033385	-1.0697743723418809	-0.9878192550188977	-1.0826208586064978	0.8768444915219038	0.5329500234353673	0.43359215557876823	0.34644059189566817	0.2669516943858387	1.1478648956485107	0.6343200344152311	1.690403883860295	0.3545209735272381	0.8786249863212849	0.8109857910316286	0.8056873405891318	-0.3566729892559778	0.9233611396257325	1.1543898252390499	1.3798563436386793	-2.288975408107471	-0.12493065035719841	0.2379432626966021
DTXSID1021164	-18.810596760036745	-8.829955517187326	-2.724539007737498	-6.146544996613864	-0.4780795221555169	3.513724619183398	1.511836793179623	0.6402603260186497	5.102380605099155	-7.355053872317257	0.9449862224017396	1.4163459156054934	1.5320740302819302	5.751897516137706	2.0186799444506534	0.9811948242486572	0.45821672869739455	1.531638886001208	-3.7130074427690065	0.23728996876469416	-2.0444890087675085	-3.6542523750713007	-1.6442255710964988	1.3000493652255534	0.528480587813707	0.31626516090005746	0.5327277098171161	-0.22672061045485573	-0.1306499038980289	-0.37456386686480114	0.2789293819733673	-0.6818367170006568	0.11568479310810698	0.6677135385787532	-2.932419977837837	-1.9074190787645116	-1.6592324468296402	-1.246480476879281	2.06764856401578	-1.1698457940977727	-1.305419843588771	0.7119095639940757	-1.090415577325146	1.0779754081297979	0.3166951986601041	0.1560300939458141	0.06074452862532155	-0.0453804882876505	1.2374467002431304	0.5164336458182724	-0.03567988082825716	-0.35211946437587827	0.8566756719676522	-0.06190719675088168	0.4899457798898304	-0.3792492059327982	2.0646330125223615	0.615561140310044	-0.0924528127214332	0.9136826016195881	-0.9395338032190667	-1.0246115554320514	-1.5029823992933649	0.5778299567627627	-0.7139491009162913	0.11960283020251261	-2.134986208853898	0.5123511198340867	0.28808442532397166	1.0283586750765694	0.8224056506093305	0.34590863866946797	-0.23885908596738625	0.21418131789142805	0.001917828401085699	-0.13763746357377513	-0.053828538851680166	0.7066449191628369	0.20565800878848922	0.7216797774601377	0.7627652163863006	1.154729191939731	0.901486090602393	1.4204969507094714	0.7232144115286693	-0.801381531802323	-1.0858906751111201	-0.2365632157957054	0.44065963228285	-0.09124638010029276	-0.25207275331172796	-0.08674018682201741	-0.7576275794591767	-0.29425145803491887	0.5242051887759485	-0.5139553913485294	-1.2045904909857301	-1.0477062341583876	-1.535440642587629	1.0180145092129949
DTXSID1021166	6.032316445028872	-5.184039496151605	9.559830611708495	-3.3157218206320076	-3.702493400867408	-12.830540952226665	6.876468755761984	1.6082825947284325	-6.900401657544165	2.366971777783385	0.50951291308365	-0.13223770071553678	-2.148561431038793	0.8378024272142824	-3.123079323175535	2.173639058947722	1.2316915157646275	-0.8544430563617337	-1.4469248183163077	-1.1364505092634647	-2.1242320788863873	-2.601797406660686	-3.501947046864524	1.6906399445046376	-1.860265982858229	0.16609746889744817	-0.4448424232945303	-0.1327155397537866	-1.7814858339936583	0.3659864334647781	-0.6056326633173058	-3.3496730031831525	-0.1687095431076846	0.4826137832665769	1.8015782222583714	-1.7763811860627061	-1.9831061954194595	1.0944759652950236	-1.8324193454506406	-0.3812891679247515	1.2052209413647683	-1.0124685469229964	-2.0786750662642692	-0.9578668416778079	-0.7952783170048235	0.17275748835892818	1.3988734235195102	0.6365616438405766	0.7296503171019245	-1.574940396837426	-1.2803702728178967	0.6888191216003122	-1.687326053039118	-0.6352151754362637	-2.417744063683572	0.08513523433986973	-0.5265726403044028	1.7243293679435359	0.22469324739635785	-0.592895194777691	-1.0367440432166912	-2.480567126872604	1.1570718724587428	0.14453907425618245	1.0226496617495182	0.9807419202516107	-0.4334227787275371	1.4673557499453742	-2.139875337270562	-0.14278928227658153	1.8715919673344603	1.3327680802169524	0.4236558053206555	-0.6188449713123405	-0.2288894920281249	0.9554851687359749	-1.068417962004324	-0.51940036679571	-0.25960914854560074	-0.25356268272701243	0.15440344654471228	-0.19614194095867146	0.2933144408037152	0.1843006296280314	1.1249810903719757	0.46980628685171527	0.6170458622745736	0.8278281838895031	0.6003723682357284	0.15258758989482063	0.20673859655348567	-0.5795161566964303	-0.3632811214598133	0.494958323165431	0.8661870343162792	-0.5687193440240009	0.30673125705706156	-1.2059433836042668	1.7911158168662076	0.5009106692724374
DTXSID1021378	-11.349251589105464	10.989466254127949	-2.5542995832866984	-11.71741677664073	3.3680324999238214	4.813199302944638	1.7806234561341374	-12.237944459984526	4.26423229637767	0.9285373671746233	-3.4080558014131963	3.1272195447873763	4.420001350518968	-1.697684628614467	-0.16030731265410325	-0.37915540329810477	-1.305266652546681	3.3567338264154385	-2.309389625231544	-1.3645689967774421	-1.4825039739898742	0.651171068602832	-1.1228536772429782	-1.7997316223115394	0.8501561833758922	-1.9310549856808539	-1.6092122890955245	1.9080478484603336	0.8868993528288194	4.152530231434211	0.2854330130363334	-0.43243044095194416	0.09864698876638933	1.1000147010168744	-0.9188290609813667	-1.8386487040293598	1.755352045389615	-0.9083472202026913	0.6797466465494584	-0.40841801862651333	0.7480305982210906	-1.3087583670657228	0.5449564988464722	-0.41010246950769	-0.4076610168943538	0.17617725341104346	0.39122510108199776	0.2755559689268012	1.3899684283005214	0.7243741781816747	1.1954408040419158	0.14832840321379642	0.17001064534949578	0.5363068079320885	0.2017657474787292	-1.9086314778443558	-0.483210926844342	0.13273175740452872	0.31542592186243246	-0.12756622948081445	-0.5383248894585081	1.1751565556240609	0.9153506631365752	-0.3098328078206305	-0.8637567819671698	-0.486193594825412	0.5242170111937872	-2.0448461248638865	0.05252357296023228	0.16169061871815113	0.15721227337621607	-0.47857748528562843	-1.0417305127583933	-0.9699269485321921	0.2225201499500649	-1.1134939218793813	-0.08827416108500095	1.8832579611754752	0.2257733882781341	-0.10724314769858101	0.7345297052319665	0.6822052517543568	-0.08853348662448796	-0.4860885918551912	-0.3915096840087498	0.035386592240224564	0.16811022322045324	1.4397194756496412	-0.5159840569302052	-0.21986464875607717	0.601778180201262	-0.6324585451598822	-0.55247358665363	-0.49821952852780077	-0.9920258488746884	-0.371293903701608	0.59999247148201	-0.8410389401738438	-0.7439207028892256	0.3105312533014309
DTXSID1021403	-9.888627635888362	14.117551305821326	1.0482868808638264	-6.864424514355657	1.6719820624015251	-6.904961769767308	-0.5288870085784392	-4.397245779783094	-6.070593650464251	-7.902865493767123	5.6475668922416915	-2.837655694439415	1.8069071066251332	-2.4851891378890194	0.2616263146442484	-0.6318157157290328	-0.05337703760212741	0.8753233721320651	0.42338885957330746	-2.6149202765046753	-0.613588349425743	0.8690698200315732	1.1480371926948756	-1.731214897204876	1.5603800523583824	0.8085823467188783	0.4423501611556595	-0.09823265149724128	0.8100164637947508	1.673578510508313	-1.7106828882943153	0.11751210957912843	-4.097132813158039	-0.38967488999768607	-1.132216846346502	0.5877095347121438	0.06751492166433412	0.7389541773526626	-0.8337780241973345	-2.124154759790639	-1.1777643716651234	-1.1265722595817655	-0.8773844997065054	1.692661713862938	-1.0288864032808007	0.8128337886271421	-3.813133925065607	0.8374005814329436	2.08111725766004	-0.38860587667865104	-1.0413123842494332	-0.705017629703451	0.34696040353318175	0.0004678576825367835	0.6994227182568902	0.20621726477726196	1.18352506533917	0.7729349094669992	2.154364799653353	0.031575420203484625	-0.9576604704688283	0.368804782500962	-0.4730158177994858	-0.45918671872301714	-0.7291187616304134	0.1721699385442436	0.15256314530732018	0.3423147043134264	1.0365842068146267	1.3811173216118229	0.1800979277101047	-0.5398280126632347	-0.1553417581388622	-0.9379693439400161	-0.6525655607843606	1.0929223489006534	-0.22945465204984883	-0.013566968747299043	0.45473160156456244	-0.20225547835945953	-1.3473410192115962	-1.1482086865326915	0.9148445280576879	-0.5849703547187588	-0.9836495327421121	-0.013181645848240489	-0.8342970011901993	-0.19859742706268657	-0.28229246907722527	0.11137721565276572	1.0153647399524919	0.18429614153507454	0.19432858152759402	0.4184315185394359	-0.26219453774755164	-0.7918589397895492	-0.12328619591206405	0.23075458833485588	-0.6320723758230137	-0.1490281650216651
DTXSID1021790	-3.3591061690324957	4.76520842368485	-10.163742653841375	3.19832953325706	-17.21708800474164	4.609946353518461	-7.616098187383867	-2.9746538546285857	-5.614096486653768	0.9408918783098292	-2.9630083153365776	-1.0235824280489514	-1.218356430850893	0.03821705194148636	-1.2209973032787576	1.0563772869390697	2.4190282333303887	1.5520611581581565	0.6324507314343633	0.6407013642557351	0.6197832949988894	-1.1498840290650385	0.4704908168350131	-0.5393195721267605	1.3214779377063115	0.6569421782114113	-0.9648229957416568	-0.26997314836922387	2.205427128807818	-1.3986702049199928	-0.17768893250185744	-0.3532413904836068	0.6008373804244749	-1.263945744216344	0.304603898568727	-1.8559749750381624	0.9262703190975049	0.6001522834100566	3.214944114957609	0.1534230037456661	-0.4603475647575203	-0.7918825641717044	-0.41189943641793714	0.3978744975563674	-0.5128742016763044	1.602920080654957	-0.47515698410971036	-0.6048113852968168	0.645229506260105	-1.5002148502208708	-1.899815692069871	0.890269734028666	-1.8817428874321847	1.745555610618354	1.5223842332011936	0.7241194005600996	-1.254393645345931	0.8468459102252568	-0.05358090452943078	-1.0638582277995623	0.42185762094320683	0.589188107880174	-0.8525465098040128	0.549600519929148	0.2674130042211316	2.461488868973453	-0.9156637931311132	-0.941492071429461	-0.6172583446060288	0.5456533639904603	0.3598808909247962	0.10789754082146105	0.3886242219932591	-0.4908364553642192	0.5165959505444689	0.27431685442386156	0.49377721978634437	-1.1313856994072493	1.5388319288007675	1.4240006744755396	1.4523195333985777	-1.8096172829680837	-0.5554823176456091	0.6674307749801879	0.6782032190145275	0.9803534646821628	0.6362044720251776	-0.7540222158168846	0.1524536171395383	0.4680007178001452	0.08414388725037182	0.0774109032516339	-0.08778136431067707	-0.44139777225085847	-0.25168969530588164	0.48274987868560404	-0.392778352045304	-0.03939205511829146	1.517514053759824	-0.3636480199740915
DTXSID1021877	-21.514632585806236	2.900754537916237	0.45122605625557627	-5.437761654281004	0.9550554129709878	1.98087532515706	2.7770111742741754	-0.38759611177874886	3.3389659830888627	-3.2747294607991733	1.346476050199486	6.021798082254793	-0.597454527811322	4.438838041012102	2.4875177359494494	0.25366585096689986	1.456992339823945	1.943806171566548	-0.2357122208378011	-0.5171620965108881	-0.6123222583601278	-0.24459593278600145	-0.45769086052993135	-1.42371933131843	0.5757035792188662	-0.6927256748606314	0.7362489155252296	2.2370698088830276	-0.17501718377583145	-0.06527271064914998	0.4280918210179443	-0.13204235537231318	0.39868351836115956	-1.1479077741471442	-0.9094058224121849	0.2904541064798403	-0.5119111974787981	1.2288283839782732	0.6300413649587095	0.9711698403270405	0.2542417508353699	0.10164893129317648	1.0443019002407865	0.3324875839841931	0.480147654022457	-0.1629870429700319	-0.7344185661700355	-1.0873658584754233	1.2047710473325337	0.19600008038562172	1.1974438161023708	0.19734612736975965	0.576115317193339	-0.8882160858532743	0.010158267606749418	0.7375832219752296	-0.02178747348624875	0.06162856922979412	-1.14207184916885	-0.8100677452480467	-0.2783029558004343	-0.3574809537191791	0.11609004755912747	-0.6713966575445818	0.9089340782914213	-0.449635204530352	0.5287845953038517	-0.2680377051184768	-0.9112342910748826	-0.8535138896179743	0.15720392310005615	0.646321002210694	-0.01923771494643582	0.893399744131358	-0.6824331148333554	0.04335290041376586	1.0316516863294478	-0.5436728917385034	-1.3724639497042441	0.21519531929945793	-0.152719601857091	0.5690552197115902	0.15650506220152688	-0.137487707474138	0.0268199464816788	-0.35718057344608506	0.6263473322978489	-0.5272514166918897	-0.0604748688147138	-0.13400511818552124	0.7574471714278457	-0.381483077129719	0.3929275334803647	-0.5573825101432126	0.09620586265576198	0.5332383737511636	0.8030666523480517	0.6425249432102296	0.029086719165889736	0.11477868384768378
DTXSID1021798	-8.092418251161524	-17.9085236157171	-6.071784754810327	-7.419865291517107	-1.3577667216955127	2.0717573272666616	2.515587755145602	-2.9499778153628693	1.9224664014397512	-9.73190481467175	0.5071450508545663	-4.202825258512887	1.0851321042742792	2.242063355423422	-2.583281548460022	-0.21400152262525468	-1.6820091572151625	-1.2923071546706144	-0.28759672823657273	0.5652127622736377	-1.6918957389366966	-2.693910210920378	-2.8105047165012835	0.5728211743454614	-0.7958634179774967	-0.4120558461288926	-0.41506799182675486	-2.843486803516675	0.858815869533494	0.32451625314911636	2.580354740004215	0.6112520391357379	-1.2473988741164843	0.2534909355480919	-1.9122858812600518	-1.702976842138466	-1.944776318395424	0.992993760046927	-0.9152820724202765	-0.7183599809471505	0.1336039049532389	3.7699254593665392	0.03317919706921122	0.566804103670612	-0.20681009509820988	0.902107000497748	0.9183050547192082	-0.26045819318657526	-0.730523595216269	1.6471579907627856	-2.3965247219866668	1.0960035769892476	-0.3820384833405084	0.4558376049069319	1.4267582383477793	-0.017765466105375854	1.2340900171248272	0.5937656064250709	-1.228332269516461	0.43960964745500875	-1.154656741296228	0.25653053022691547	-2.045776720266956	1.3653250263819712	-0.43257694028751237	-0.32941698420534926	-0.8704041105789598	0.3903300056413234	0.2167540673584591	1.1791974126101386	1.8693435966163996	0.16112309911873804	0.8830314021955898	-0.1852291000683741	-0.2895603150544529	1.025138716232073	-1.1417409308775448	0.13533470788117027	-0.4188630229224687	0.31014688436014914	0.14894096662519368	0.7853758029308423	-1.9131315821094594	0.5560235210629771	-0.33767619230258517	-0.8987864271030905	-0.7150522948160087	1.15658203243071	0.6625716965783502	-0.2843441204569117	-0.23594219295871874	-0.8409900731428174	-0.49405414074509835	-0.4251723426692923	-0.24227620159352353	-0.296436402697294	-1.3035710659138053	-1.6138552135674624	-0.8653574067976942	-0.7643108738190341
DTXSID1021952	13.277000625721689	-8.062387799575989	-7.02762380195036	-9.362903259485899	-2.280875304078088	-8.595373698770988	-1.8001744060179996	-6.751718863074895	-3.2457402395087875	-6.978925307940607	1.3210396241258713	-0.5520580336228751	0.473339045157453	1.0064944806015637	0.7933038526301457	2.414270879938469	7.095786176155309	0.5640182673150984	-0.4683475246836943	0.576660314967618	3.5751520922535303	0.9655916965218178	-1.113683258376521	1.0142182301539029	-1.7107090212408196	0.1931467716051705	-1.2746673967665674	-1.2084127667625866	-2.9560216658880214	-1.6243252245106685	-1.715911162451187	1.3658125908073	1.3021299920877247	0.9552406565261726	1.4494972756520277	1.190095682046699	2.0039494807618476	-2.395356507120854	1.601451996917111	0.9013742659143753	0.24923284537406096	-1.8026023158383684	-1.3235837690357994	0.21437566561768437	-0.8684212003964871	0.5222631698803987	0.8841853249983157	1.567043688764645	-1.4485310645930674	-0.2615111958976868	-0.003729508140812226	0.9205901660281537	0.12658615040478446	0.02704272477387117	1.4712116671282904	-1.0056589641856735	0.6003776547673385	0.4495833792173757	-0.1786950879771995	-0.3272151078391081	1.45074389290673	1.7457989890283439	-1.0267009442161557	1.679786677573755	-1.0643784774033516	-0.6801266190615789	-1.019350104987566	0.21121356249907974	1.4025009232153076	0.708213974938362	1.017148848708863	0.6555865398134835	2.3377200379551755	0.046354034731932385	1.5052572992749718	0.33511588181348856	-0.3313267085956626	0.21959458490107422	-0.6396369527050094	1.384380068065683	0.14948118728369175	-1.0535303522559345	1.3256162854569564	-0.36827310993195495	0.5552507430752105	-0.9732307084259002	-1.7728902063222018	-0.2982190003662473	0.348781640591324	0.4921834537698172	1.0818311548072546	-1.0487997692592232	0.2945414338838152	-1.2401021115750979	-1.4595707752850013	0.07754200860290442	0.8962729095619079	0.8515771302090852	-1.0740877950926015	0.9871382250822985
DTXSID1022055	-11.283357667565344	8.07439412677786	3.9133235760238687	9.49782880866897	8.766287610276372	-3.7418667484383326	-5.551832729513535	-2.670695869947496	-1.6311741442313672	-0.35950258857998163	6.402591610367313	-0.49691756589847585	0.8842714705446021	-1.7550873189147624	0.10480597138281587	-0.16672153692784397	1.885480682612959	-2.755638715387141	3.531506707299159	1.0278581290991267	-1.3905100761268485	0.7622173125814021	1.13206814412713	-1.3709980782269133	0.8549051624751907	2.6437142691789246	2.0856054113704645	1.6947984181416726	-1.0404125979964998	1.449720078490945	0.15527877467881843	2.048506865655555	-0.46493677359554064	1.2359429996950282	-1.6390672984125554	0.7723857993980422	-0.4972396018347098	0.6762799466012737	0.1389456985216616	-1.1079342613196406	-0.3449799437751792	0.44028960067465056	-0.7022329935768804	0.17780904549001456	0.9194327494582988	0.215520248049719	0.3304092800729769	2.8938932717691244	-0.9667841859113204	1.9718928470679384	0.5002082645535261	0.5847376678668852	-0.7006903106973925	0.30687491826178304	-0.03883491122818054	-0.5911541334051134	-0.021884025747546818	-0.314009996532811	0.4089241690536169	1.5788208854355692	0.5195024967760171	0.3449879906462459	0.6533032837371275	1.453359409695145	0.3878274932121852	0.804799491746407	-0.9884700604576291	0.0746558054031683	-0.6290350878065627	-0.8605514014352373	1.0067785863685228	-0.030518721043482865	-0.20991616397729967	0.5865479857683418	0.2516021668522599	0.02026152446364552	0.14857441187350812	0.2237669975699594	0.3045846607368535	0.7325349522879231	0.06872709687719959	0.2004561706624379	0.43828879233866214	0.37459117102695766	-0.15850930268721658	0.13449821648563065	-1.1796395850206995	-0.6790034151316102	0.19746717889146684	-0.3110460008540515	-0.0547821505112732	1.3143132606653445	0.19661497325730207	-0.5203038539940006	-0.15351219078876172	0.6321971814893222	0.5188105353142877	0.2449297505309302	-0.6190903442690677	-0.4257909929682962
DTXSID1022053	0.7885428223782796	9.590464180892866	-7.583863256294309	0.02413224561773823	-17.10896652785081	8.204734170696192	-11.557300683754487	1.6106216077274795	-5.025751660046968	1.3999679319071037	-2.8136314242981397	-2.834646376035484	-2.668879368598954	-0.15296880297186882	0.12009693518633584	2.202751131239589	1.463313564010952	0.5716444996336167	-2.1136124310596993	-0.36854908888306015	-1.435606996026602	0.9375555876057523	0.8816841635808507	0.4077871262135531	0.5241840636412229	0.4082701441219013	-0.3575656165285892	0.6007033794247197	0.19731321785333658	-0.9359612196534182	0.11174015350172313	-0.9212570028215704	0.13730727512397967	-1.2755549325409887	0.0419126717294122	-0.9335110981723289	-1.1936415371993057	0.21336550215470076	-0.4907875302327122	-0.8494106029423758	-1.1705398254234778	-0.018120915198636567	-0.30592273879918586	-0.05831370271255683	2.3793673027349183	0.11949675439847847	-0.40578819808286276	-0.39658914277342633	0.42640122648031736	-0.1187323543148426	-0.8383891229535835	0.448601636546679	0.29915067150619185	0.2806908610095575	0.8561865736376872	0.20435737739615348	-0.8067333934601874	0.8805981177638265	-0.003514332189372051	0.9117359049457846	0.9412403160631169	-0.7006456828724928	-0.5579075593557182	-0.1689270183404828	0.007504185532069976	0.9247108382972268	0.9140508270649762	0.47156620866160615	-1.4900139130464805	-0.26817027037285796	1.498363916935229	0.38060536947400864	0.6704475592932446	-0.4911719413593419	-0.033719644917849505	-0.10442898370121775	-1.3688823764542066	-0.6360670108745439	0.718288556048946	0.7100678907725181	-1.3723037147071215	0.2805515331557984	0.5682158110674377	-0.0706017414888063	0.16395205361046516	-0.36526424145691	0.25463434943954427	-0.03680961483300655	-0.38071303041561905	0.7577253725390163	0.48575433771956605	0.5753916674623891	-0.0225703342646908	-0.27516769832083576	0.501868970125202	-1.1213179965497424	-0.3918629662859084	-0.7078158750349055	0.853429059171216	0.31864553584236177
DTXSID1022396	5.817935677676486	-9.33632175802746	-6.7797404156464935	4.923960767355971	-8.702154752184995	-0.8978524240194915	9.409577014766583	-7.848748051719625	-5.526718861641953	-0.4800715664006394	-9.403573642396758	-2.259176921478917	3.532480576642004	0.6589436269490593	5.044330637625067	-2.374933042840631	0.9202670078197989	-0.3526003129828226	4.305337698659128	-3.6198444403496124	-0.8145863570017742	1.6067176383573134	-2.99361395993799	1.723398550942779	1.7645746451953968	1.2067037179426479	0.16803849351838535	1.7306538798271656	1.4090362013967876	-0.6483667482699171	-0.695552727340083	1.2026814442743063	0.7392961796302606	-0.398933096882095	-1.0965397255863474	-0.2735973451719021	-0.3766660173678173	1.121350673192461	2.2544378370961016	-1.4973089884886692	-0.425877731502367	-1.7642707041151113	0.860962218556464	0.05004877208664825	0.385913375371807	-2.268818673171636	0.18285466876580422	-0.5703742551991893	-2.775456584578622	-0.5681518781422341	1.7886419790825145	-0.7314630649973616	-1.1432735953343074	1.6571815322838925	-0.41286253767281283	1.7372874587255605	0.10870735858417747	-0.1495317069956332	1.0740768172580963	0.5751209846313816	-0.5702567402502771	-0.09163523845864403	0.7508084391386709	-2.4229940995185815	-0.46909583121747356	-0.6142628222246641	-0.44557223740916285	0.07137803167659654	-0.5182467424625775	-0.5841734867575353	-0.12559754466516557	-0.27877143907448765	-1.3524306435891913	0.11482131308308427	0.43956484601764156	-0.5904189603148122	-0.9859445756392861	0.22229082956733617	-0.019566032848541862	0.5642338519517406	-1.2105572545602228	-0.37211064457862336	-0.9683036772559236	-0.43581672048396763	0.3240408064080162	-0.47515586175655883	-1.0480714713025612	-0.3260139963670414	0.5974475266874834	0.17987677233223628	0.3674064528362261	0.1844148027540686	-0.9481233497487751	0.40306999702843016	-0.12899418923586442	0.12376153787527852	-0.8708612417489578	0.7312616738350994	-0.42205137716162017	-0.26497799131002203
DTXSID1022421	1.912752826100197	-3.2752687146835395	-9.007621414553041	8.229361588855099	2.9487633700069074	-1.4879225203258284	6.636934284814375	6.636794842565545	-4.5719176833214465	4.50054364434218	0.705088994534302	0.6981691199330328	1.3263489160222943	2.65471168260712	-2.20511810150581	-2.5425304666531385	-3.6841668456855423	-1.9563259793861851	-0.35034527649527153	-0.8272575553271126	-0.1398326153506594	-0.5478424081614256	0.27648931622052325	-2.026083142906962	0.8564338319865038	-1.9673765821937244	-0.7661502425620659	-1.0569624721031856	1.1460664253517543	0.3156511348005261	-1.1817099124956738	-1.4568007013256175	-0.27961176458105425	0.71757018564732	-0.4113436295543877	0.7363957255987108	-1.5888181596272353	-0.045028258116635765	-1.2884580600471363	0.9889275856960565	0.2938084134870777	0.5744083029098838	0.6530708173620153	-1.3010807234456272	3.5971888840653286	0.21882619189594327	2.108766656634018	2.0900016655601954	-0.19539322068439172	0.5701102029143793	-0.6057622381964524	-1.3959224249257656	-0.4039775473882287	-1.8300160044895444	0.05094675109239188	-0.3518700491443628	2.4171207156139567	0.9726967375972587	1.2553192711959376	-0.5532865239892845	0.9148167127281143	-1.4916519261941956	0.57420845552471	-0.044307076324299144	0.5602903270699698	1.2399939881676083	-0.04326987125978609	-0.1968128597128316	0.65779520836055	1.3685712271711585	0.3219658257256902	0.215191314783256	-0.7885020606615776	-0.3980535740934141	1.3825150202297711	-0.5310277810374335	0.9757585727670887	0.6942970002783155	0.6691339974849628	-0.807271613023054	0.8870259215283294	-0.1975772068675282	0.3535044233019872	-0.7069269529549645	0.1322055460226475	0.7625962507275318	-0.4635869727586509	0.9158723901258543	1.051071738451736	0.3816071530666525	0.33731059457851287	0.9275607504312932	0.7885467160363742	-0.4488757557494399	0.3559578964826813	0.7470850649925961	-1.4572898522962467	-1.0685320772972042	-1.0978080077428893	-1.4321923291036862
DTXSID1022267	-6.1942057027099775	10.745885586251017	-6.047574783577865	3.8150892945464694	12.692531328931022	-3.023759441562274	-1.4232444949228693	6.022066754753316	1.1143641105635174	-1.216360223292128	-0.14907849186671035	-1.8013668217426215	0.485810893124998	0.7750490643896631	-0.24245894145344551	-1.0587864007153651	-0.8188729714487929	-1.4841577668357155	3.673824488047344	-0.3480114635952476	-1.688218346452901	-0.6450052330079986	-1.273717049948781	1.057454560762806	2.573147872389975	2.0516925300777844	-2.319066496471738	3.8336154889527108	-2.269150069667562	-1.5828241363513105	0.5993329329719173	-0.6307447902736908	0.5136296742077445	2.6878902884346583	0.4304179181287083	0.0823455926266077	0.7733170543401692	1.1057156969912028	1.020834394382157	1.2838020857076116	-0.5671429233030394	1.3693619383845947	0.10507143232159856	0.9344329675872358	-1.002027627561129	-1.1752717798212269	0.0026942337271091	1.149525062252765	0.5636586702417946	0.3301855602025871	-1.7838758858508172	-0.111866335535926	-1.3065699572990037	-0.594521503777078	-0.3808673031120199	-1.755349169106438	0.2200140834443527	0.34133387212584587	-0.22424869009249654	1.623983733170444	2.381675755428766	-0.08842937214361628	1.5344685453641942	0.02683234318254685	-0.7836853857959051	0.028557841894744695	-0.026905857326997733	0.3596148235351982	0.17745748498369632	1.112839486548345	-0.23856535666469098	-0.7323614172405981	-1.535804815010229	0.5344087417956778	0.35525188673974606	0.6765009456529024	0.4880077659423244	-0.3398850544814476	-0.3803131375947843	-1.4759052350625101	0.3492365027092116	0.6983975747055853	0.5217048723848076	0.3502791084022762	-0.8966352252994113	-0.280213739973869	0.7823107909769713	-1.0150548955290923	0.29221710218337776	-0.13816194239336896	-0.09267925543549778	-0.5531139420415542	0.8040848639258393	1.2283845306348462	-1.2520657046635564	-0.23912053859906257	-0.1978164382845655	-0.08423155628746737	0.25183623843036335	1.078244440585446
DTXSID1022394	4.127395130399891	-7.961269475015092	-7.827506040898704	8.552055693050841	-7.965800054732015	-5.432568967889743	7.811594842811309	-6.373860214404892	-6.420448298580224	2.7312030305603567	-6.880665587469725	1.2282295662799267	-0.23161172152445958	1.14542803905523	4.656663491271215	-1.8959080511291584	2.2780732244320325	0.036099306940137695	2.7867470899299964	-2.3237738099219922	-0.5995374280555914	1.8149318646648582	-0.9957970054453125	0.3335731693083059	-1.0504862730708133	1.8523100055832478	-0.9043045430015144	-1.7321504854909948	3.0847107003350036	0.3513390719560532	0.07492488329978524	-0.4536042075818802	1.1585975829071593	-0.6256104353043246	-1.2360111708571362	3.3710905010212744	-0.30723871453659485	0.794624982828249	0.5255990367666228	-1.478217313574246	0.19997794570954341	1.2315043973962325	1.0853869237623313	-0.5322414854418316	0.23531735747049096	0.13742230072412004	1.0284803981279982	0.1289097554613454	1.0419060206823954	-1.195811183778644	0.9111759975404057	-0.11518970239343494	1.3255406272968013	0.3150310958883521	-1.779146888110467	1.1318426951222345	2.311595600442717	0.3098612533373113	1.5111192172997672	0.1584969440420474	0.8995755110547273	0.16080510919674318	-0.2454737609796334	-1.7308097668889908	-0.8709564497921041	-0.016292049387405822	-0.30033718259523295	0.3109707900366101	-0.1868229262367296	1.0411518849830819	-0.9128245835317051	0.1973353318561323	-0.2677548770448007	-0.20914308772978782	0.8034773097421843	-1.3661560926508907	0.5415007688896659	1.898958003624838	-0.14765917407246476	-1.791848497057719	0.524407541537079	0.30825098334459594	-0.12705033690033216	0.8989869129254604	0.47004098565195845	0.47489446668805047	-0.047354755074604044	0.5086204017354161	0.15408559187223628	1.145933727644779	-0.3918490581773792	-0.686607482669084	0.228572113389527	-0.1892196868157394	-0.4051593315664275	0.24314981813944883	0.9142031276824815	-1.4022783457163046	0.08729879776542443	0.17612639376273623
DTXSID1023235	-8.309297788831717	11.708553628558779	6.0451636075738335	-1.9635014211655637	-10.634000654309219	5.019055763847363	16.561364965052835	-1.9583695860283035	-1.4595869717341092	0.54787964483874	0.33114101875869295	-1.7094547722215157	1.312193970198726	-4.329144386228675	-3.5001177526970837	4.537398937476729	-3.156847129455507	-2.4480219993121075	-1.4051996923884298	1.3799238003536887	1.127824681414908	0.7853737892515045	-0.05793690531456152	-0.6775430929998405	0.9657640347777099	-2.3256238224169086	-3.178600461677532	-1.035078634612687	-0.3633038227897473	2.282139385901592	1.88378707591063	1.592229656312927	0.8094280115186779	-1.8109543141174769	-1.256167220498521	0.20173247368431174	-0.7942179052559143	-1.2949395368092265	0.3917192068479052	0.5096724964175029	-1.332176972321169	1.034634285462966	-0.08160658809960038	1.334137484806796	-1.3745445225953707	-0.6704122193752051	-0.500364228051629	-0.22004881654926547	0.8181952412916471	-0.656357260921976	0.6746244424313361	0.13657614852350292	0.8105045217286952	0.3077315087529465	-0.7405838374579472	0.2919862274971635	-0.8742899620476563	0.22144249180446177	-0.38215102454900673	-0.8862696379931846	0.12245476179214211	-0.5718371444001262	0.17223884543262538	0.08324561117097762	1.0213913391023954	-1.2610164170410973	-0.9786877599873633	-0.17378352948181958	1.2715408593845128	0.47085233889318606	-0.8547409498328513	0.9372424588115977	0.40265086955893503	0.020740966123232098	0.7583068059370881	-1.4404883338211745	-0.9890835528373304	-1.094852599442342	-1.129641630612833	0.8928998584439216	0.5572197010338584	0.5718807575495692	0.19138543607683514	0.0754933242148372	-0.6785326383828406	-0.5304877015974447	-0.20626049375862923	1.332254311586551	-0.29141674147374896	0.7772844806572553	0.6118557516778841	0.5188517910918446	-0.6291789354720921	0.36521987552460905	-0.22444926168091262	0.4927603461242225	0.346352217697697	1.1622053934383227	0.6540065340224087	-0.6763124612257019
DTXSID1023819	-3.311542169885768	9.443888960327904	-3.1897783733559617	9.467410686864268	1.7944289131076678	5.204289979512352	5.181439723380105	5.153578433599208	-5.622140366359469	0.8603487474754197	-3.5821947057649974	-3.208931497862989	2.903933256894093	-1.148820565846211	-0.1343165476631899	-0.06856939826749564	-2.156405758548829	-6.364795915563295	-1.7072121995784193	-0.6498243092143707	0.9036422628261909	-2.8897139600603534	-2.2460489231118403	1.155642857185791	-2.8656531804337346	-1.5348759427731675	0.20645893218209788	2.0783113654533887	-2.436125419694913	-2.1675025505920162	-1.8722835623286804	-0.4104646461762041	-2.2552990115919767	0.1472708649406551	0.3417985685287342	2.1652537265241554	0.2754633809092876	-1.431403200725707	-1.6861816077720133	-0.7208220542141838	0.5834241159722104	-0.8933040745988654	0.47647293180708994	-1.4188712358728677	-0.7250553711704767	-0.07153053529574925	0.21926186304199394	2.1240111553902765	-1.172153863307679	-0.6737955167044898	2.3918151546286177	-0.010443877366720858	0.4934450795063658	-0.19528498988139753	0.05092806859262807	0.09215091588491667	1.9395023597080514	1.2501652916628458	-0.608142039387282	1.3180015101338913	-0.6379517116674018	0.7304358330290202	-0.9297725359073599	-0.8406337631192607	1.991956142487667	0.29661792428810585	0.1495541371488333	0.3216330463102399	-0.15995244347836976	-1.4559358710964534	0.856663272126603	-1.280112281789901	-1.2611831824683626	0.6250308754955958	-0.46142160732785903	0.6057395318817209	2.390433525918035	0.5935587007477214	0.2808124134476003	0.278134534715602	-0.47523939471005927	-0.5874675234474777	0.36325721651447385	0.535828027779216	0.22093561060141517	-0.16473289865950808	-0.9016063046174974	-0.5351183459793161	-0.057292730031685876	-0.13249963593136616	1.5868606692159701	0.8351753558175332	0.8528194010958983	-1.0530409949019783	-2.45203479463456	-0.023905168868770692	-0.5532359164975906	0.42493873336154775	-0.9905972493540802	0.8832934268852808
DTXSID1023869	-1.1628302908580717	-0.7827331617828399	-8.340957397783814	-5.857190691988897	10.202513829017416	-0.4085866464799818	9.862101378389646	15.261162939609545	0.6527599745163548	4.4874845210964045	-0.8871843438421723	-5.2066065677467375	3.1383989413946054	-0.6414804760130286	2.3923911970623024	-1.004108194976034	3.8642010316322013	2.538811640775226	-1.7001713418887952	5.2113745828151625	-2.9440950147621674	1.70603157090044	1.2837368212132065	0.4346474970050715	3.569238541109205	-1.206786449553391	-0.9891155613034137	-1.1794586818954533	-0.525185619777639	-0.0624463759430446	-2.33444040904206	-0.3595473552060325	0.011656346792493727	-2.4024270933872485	1.7066994638558113	-0.45952326645508207	-0.18259805609416407	-0.21020547949326	-0.41395034448363327	-0.814129071554939	0.734144167648683	0.662117385082915	-0.0848873237513464	0.735624119884773	-0.6483427351272208	-0.7458619134714751	-0.41795135088235896	-0.051395688126450276	-0.4013848300786805	-0.09008175290603677	-0.7097673159465634	0.03198287056497046	-0.4468629704713834	-0.6198519105248136	-0.5837736596730332	-0.8368094099714349	0.2829048683612004	-0.9361887294311522	1.1516412878644287	0.7754176884678782	0.22746536373586668	0.20056852793901286	-1.184290585858727	-1.2721117410550615	0.5993184438437396	-0.07880105486120952	0.05467203191152096	0.3375300601303765	0.9238688687498792	0.5171018786508766	1.1291914293089242	-0.5589346655875891	0.5323148749088075	-0.6790801232736887	-0.49991494207862686	0.7603640836224708	-0.3291415058896429	0.6557637619873459	0.026790381015915517	-0.10209634450958364	-0.05925805171337692	-0.2345755640930453	0.8459062521497801	-0.9595790401695399	-0.4233341958303493	0.15356049347119752	1.0707809113291518	-0.16289486380351728	0.6573398827682452	0.92010322429071	-0.49893189917734626	0.18565876804717665	0.688626228636708	0.023466020173061236	0.5377898684246574	-0.19754340154557126	-0.5099781689265142	-0.2013427318136789	0.8442467918762052	-0.1401355949593137
DTXSID1023990	-0.8516662428139774	2.7080840125895027	-7.924246462738962	-5.023944036815754	10.061242390895089	1.4764868811092966	7.2191221865692885	15.287101204238034	2.7878301946561628	5.17756822474247	-1.2889872187674345	-3.7381015409965253	4.2979401736358644	-0.7826991046011093	3.0247467278526505	0.32709183660914803	4.669843414486892	0.6415677102686422	-0.2597317015506318	3.2270637132378166	-3.3326043158935326	1.64486508445119	-0.531378570219923	3.647725796478075	1.250250227260555	0.995583335779554	-0.41463992766752045	-1.8812721848029155	-0.42421578413469185	1.7980578434090944	-3.6719395578701097	-0.5000273058119592	0.4452604752214043	-0.07204395995232506	1.4479952507176082	-0.9812160657288802	-0.06882552851820783	-1.2364549650534242	-0.01295287377767758	0.017155509983436686	-1.3475921281650785	1.67392931657391	-0.18944372322424727	-0.17725322171413363	-0.8122044953063694	0.010398160220749946	-0.8978182524843237	1.7636091797923092	-0.1937174975975812	0.2602437677082006	1.081644292106092	1.180202308722089	0.5544595169848316	-0.9415224985004095	0.31591102686413597	0.6049177585193617	0.6187651093505233	-0.31064561765175513	0.8694240287709486	0.08910870369097064	0.5012192400977123	0.2327038648461665	-0.08207559031621933	-0.24052055000477812	1.1634567527249398	0.42876713968983743	-1.1225658067401534	0.2627108219545152	1.153200396976676	0.14726164683748985	0.354942629939214	0.18297684053544724	0.5653595365111356	-1.2485156539029303	-0.007996067879901054	-0.3236022966083457	-0.4005673483916787	-0.3860294558064803	0.38772592063309513	0.6325130860449741	0.657028665137801	0.46763624370076134	-0.5990811186899574	-0.8702485893548604	0.4949659448934197	-1.2990772173644296	0.43088233202075826	0.9069318163017802	0.30802169721995315	-0.6073968567895308	-0.10851782359585632	-0.5657435702386231	-0.12156403928253734	-0.2616567879940091	-0.7268845604729709	-0.5688791299951567	-0.5370292697912032	-0.3256894189646137	-1.2318285822137343	0.7122115005697925
DTXSID1024045	-10.087791156359785	16.099113094753605	1.9171807781999695	-3.330833496968443	-1.2992601387336977	-6.304125511021198	-4.018750296673485	-2.606315539392155	-3.9081748912439815	-6.341989045146704	6.581713745181938	-2.9254851117301035	0.6753688403293279	-1.3453896919018247	-0.30463292753896787	-3.142751169622226	-1.341614849943426	0.49183717693410534	0.16473645614176943	-3.946705879738966	-0.5523632475984216	3.6004957882643813	-0.7724553651905679	-1.5004730314806205	-0.2692113151538515	1.8440288009782229	2.1930003859840976	1.2996230747469366	1.053625339670412	0.2845635484661308	0.11724775880424705	0.23836462146402937	-2.2389406057914587	0.2969697640172204	0.8361339441733239	1.6705771654234995	1.1407343854420195	0.9576602445507711	-2.19264213928561	-0.8098529134286786	-0.526721037513048	-0.4818028603844181	-0.5692773378294838	1.9067095281487627	-1.582148211149546	-0.6405295984174139	-2.6573659754610532	0.8314855768669651	1.1565251310969964	-1.3252420937628786	-0.48923188318311633	0.5748138396338136	-0.018040041711845194	-0.6408800155278452	1.0277251756913799	-0.352249420516899	0.19126522330660972	0.275233780438015	1.6197447321056972	-0.43838090052617223	-1.2598493898312757	-0.795284581489236	-0.4076084667450139	1.3405671425977976	0.4691066645732601	-0.4505505035709625	-1.0632421974728823	-0.3869811524488483	0.6039896374648586	0.9390612571351007	0.16569172414906025	0.18493369440012045	0.3728832021368288	0.43807240944326303	0.6376628005804804	-0.3302038221519603	-0.17830826468009411	-0.6556090755490267	-0.1762350501654803	-0.3409002393299792	0.5128507313749522	-0.3195192842432607	0.03135281451039804	-0.3687922008448094	-0.07674085384780033	0.9571996995284997	0.7286753038914653	-0.9966577957634172	0.3051312813343922	-1.1208987046496786	0.6049780201133793	-0.14780188411609535	0.3236051083697552	0.302658693824346	0.10974225142421595	0.12186674477306182	-0.5477735530617834	0.030850957966414995	-0.02948676752246205	0.016874537805701452
DTXSID1023998	18.42107921167175	-7.353047608123692	-1.078173799179699	-1.7321349108250719	7.359477211273777	-0.1835737209835593	-3.6483726691331286	-1.5366976324474693	2.6646154560917625	0.020952687247225266	1.0578200927889199	8.493546566277658	0.7531106259488765	-3.8317774781887057	-0.45855813420583874	2.242581753702715	2.591133499598567	-0.759091257911991	-0.9906286469172697	-2.1871049367846997	0.6817636568703649	2.0516004031310566	-0.5403451146343379	2.965601441147932	-0.9062532470781668	-0.29101381668488735	-0.2729619647282314	-0.43073626148875854	-2.5482774484254627	-0.5774223176202519	-0.7372042193918406	0.5088253987005301	-1.0201106634174324	-1.950255961714936	0.10797380390686549	1.0484063040778961	0.3890401458415428	1.464317520365789	0.5262019232672627	0.2657752186589136	-1.4848462339251804	2.261220911312927	2.3606647292613827	0.38484255582802374	-0.6782297915152113	1.3685643320482592	-0.1750835119215364	0.6351798001404279	0.3081231486249207	1.1617678677242211	-1.0191656912080869	0.957604678407688	1.628364590460723	-1.0991723331182635	0.03513026416174791	1.62910170918874	1.7738717253125764	0.8081464766232179	-0.488590686668643	-0.7704070528825178	-0.17463854299670392	-0.8277318064618775	-0.3896346934660476	-0.6910704863418182	0.9826396554461149	-1.8272840408758793	-0.3228203798156432	0.21006679473605366	-1.3775031531744093	1.5184768971310703	-0.3087405724153189	1.2607256226675005	-1.0045391892214313	-1.7468328897484156	-1.0580115715864633	-0.2157491147491816	-0.6319030512205794	1.1463683898388795	2.628532508744032	1.6723719834042976	-1.443028050304486	-1.2238613389038278	1.1174635440009	-0.5923246799050927	0.11779171835777313	-0.34530842159746805	-0.4252064291321816	0.14018460711135855	-0.17904695561364117	0.12741325123320213	0.44517375799613257	-0.8090632110287596	-0.9259850480795592	-0.25783356062560936	0.36577820858576854	0.10170768632219403	-0.5064571031346183	0.38906903921151503	0.5793473492454838	0.4491371355852129
DTXSID1024049	11.228621218786847	4.051450046881132	-11.836440363226945	4.799740444515375	9.991680050479706	1.5297648536973398	-0.20420285180792452	1.420479610370605	6.5166933709650685	-1.1501081708467795	-5.6816451547925855	0.32651872320747605	-0.7005314982344587	1.6110000698885925	-2.478714543109094	4.9859960159573475	-3.757895429692928	5.972404888573475	0.7639493648249811	-1.079006545443324	1.8964781147194334	-0.5697671602834075	0.7592718590749573	-2.485552312563913	-0.49430839713919444	-0.11206837412166978	1.061570953690616	-2.560735043478708	0.21502645297994413	-0.22702118393549023	-0.0379788279901332	1.8113507838099059	-1.5755929280064531	0.5615371377922685	0.16628669685196448	1.7625764784476199	0.060568121019041604	0.4348794800132445	-1.5611648711614643	1.429362961274546	-2.0919072679913806	0.15414859540250309	-0.5154627264465922	2.684335637641059	-1.27843247716694	0.9213892213896419	1.6990315405744665	0.012675972844099397	-0.19886141510300678	0.16312434673797704	0.5550315166423021	1.1548752310684205	-0.42547146205451764	0.9842080122932712	-0.2917829522634054	0.242551833993262	0.9574940935662527	1.2511463529987221	-0.6967483602616413	0.4818935777234346	1.225222833357609	-1.2177412646726942	-1.2322879785525462	0.8392798537831111	0.17093240140867227	-0.5510283187659328	-0.2955896469131584	-0.34881483903329913	-0.8565059131473618	-0.21722789868890507	-0.7948703718781692	-1.3190291779040377	-0.6331151959197006	1.0556074775168873	1.0565027071219966	-0.17886677980470098	-0.286496674257356	0.8077571311209676	-0.1045842471136113	-0.12678436807408258	0.1685481588331983	0.2896813617652823	1.144548962929307	-0.4905657492908832	0.7838363039213737	-0.6886220050115289	-0.8856490213027624	0.2371136280154863	0.5103415824716238	1.0893044075702942	-1.316307121080454	-0.9027867082267937	-0.46605856846106164	-0.39939478434320214	0.5830367927917786	-0.10607772553759197	-0.8701998285867668	-0.18002647745589445	0.6073851373806151	-0.7882624387095283
DTXSID1024126	6.333693156318814	-0.9445411591138106	12.8325904491254	-11.929985360046041	7.8066613502591125	18.207641046541582	1.7703379853964027	-6.749453965988698	-0.2566036510210852	-0.09857125082325757	-3.5291780597786384	2.403660596762955	-2.016256690180278	-0.5901341678575958	-0.9906747591819804	-2.6398401265324547	0.09736641560503546	-3.7492445972264514	0.5992284335115817	1.6113646911337498	1.3018570789484945	-0.42980022876874907	1.9895355376499584	3.4168565826712047	-4.325216087802209	-0.11422122906960253	2.212746483228974	-0.3371278091058657	1.214775505324159	0.5629242859608823	-0.3617002444478949	-0.34469597962268456	0.6647871060663681	-2.3866140615430407	3.8206226179996063	1.5936519664849251	-1.3005280796729966	0.8373980080406352	2.8370784931170445	-1.7287087314896763	-0.36664437084963514	-0.3460566422711729	-0.5267498500469692	0.6390863976565122	0.8683793343779951	-0.3137863104385778	-0.5108721253506772	0.4687018278248967	1.3900561777999199	2.1174304733306752	-2.125715769206808	-0.022950545660238526	0.5692022687193814	1.9247235725060774	-1.0956177627711914	-0.21464170530796314	-0.8634062612418947	1.061031811045421	0.26900204370701464	0.6153672142366778	-0.8531285286857319	-0.9048330821535966	-0.26726117711609937	-0.29192583069833866	0.13763755943577957	1.3128195213603928	0.9469849288635076	0.1648727842083423	-0.07131696583530113	-0.5844634699679886	-0.8318969310633176	-0.3509783213805085	0.7123562629551834	0.6920194728530882	-0.7256706686542039	-0.7687708946134846	0.2806903486723775	-0.33575019255893995	-0.8103992520793778	-0.7277017735729144	0.6307865722969533	-0.9322715482765693	0.44977421941208023	-0.2213265017847665	-1.205895566921179	0.12185507890899457	0.5268547785210482	0.2885661216750174	0.4629058123639288	-0.08547040902484443	0.45358579073389166	1.5443526682785447	0.38810885349727875	0.5803783793373896	-0.35823769092228547	0.4749418280503126	0.1048763687458302	0.9845156868102198	0.27172846799151257	0.4186096854430352
DTXSID1024176	-18.06152196717045	-2.899012118822296	-2.616985408344732	-2.282803902402809	4.87433790639314	6.144865046826165	-3.6884640913992337	7.1030951196589385	5.0209599581971105	0.564032773268134	2.1925189500297	1.8884067784943448	-1.4967996600561668	-1.5881164539874253	3.91454743004953	1.805169930375537	1.326190479870847	-1.7794394752677523	-1.2920469835767319	-1.8249838184035585	0.3596238973592954	-2.681848474912882	-1.898563613661318	3.0720840707623607	0.24956880953257257	1.4714830221825297	0.2173527410762134	-0.9930611018927089	-1.1575662847133108	0.5501411253930423	-1.8868138583455276	1.275109097555088	2.136291495620363	1.7870383390246318	0.031437471698619095	0.030933474911141533	-1.1990034700158665	-0.23560807155167637	1.7478436691413637	-1.6944010353104177	0.9409624273993719	-0.10163037224630478	0.9464487477477161	1.0953693089497423	-1.5671260437105055	-0.6986376785605323	-0.6669595840726409	0.9150637770901158	0.1662190458994731	-1.1413164063427301	0.8972624377730481	-2.2202412080866964	-0.16285503588037947	-1.1228346385972963	0.5536379340704339	-1.0947306728214299	0.6310845890459794	-1.0199536585339601	-0.2749870201526572	2.027751999534762	0.476590487372296	0.3680317334545285	0.058572363414684	-0.9674311254200528	1.2304881332744833	0.49025375064174004	-0.5302350195636263	-0.3704577092452975	-0.22380693036642405	0.3814710624530797	0.7350454174121331	-0.5435231003243085	0.20294066030609378	-0.19928188304175523	0.82414996009717	1.2257115725829635	0.44526617409619085	-0.9695640146018039	0.6846510051886966	0.0065128256489502085	-0.09019296986775159	-0.6180856572342619	0.48235075323348636	0.03949570300946101	0.4506391362598051	0.17159147962217425	0.5445575789836433	0.4506483387567394	0.47015324703314154	1.2176558671286855	-0.7289971037840118	0.4752490252140555	0.5027837010638885	1.401302642790595	0.3315196361926054	-0.3539346880368532	-0.2157875085505403	-0.8688527565019414	-0.27666523369123924	0.4608595929719293
DTXSID1024097	-18.63049063362984	1.2735482427817177	8.180625718101044	0.05905926415452466	-7.783767251688559	-3.6270617456575804	7.1847201483271785	1.8109146272011962	-0.5270018453580899	0.8341151388630655	-0.8634065377252351	4.635188562654118	-0.8884160491252168	4.444248418306705	-0.20247953548537653	2.5578468481633383	-2.600930370890451	1.8221793969008044	1.0056202507768646	0.0785319671208604	-0.7269075932071594	2.983482268142536	0.3262675969674728	1.7048670159182988	-1.2710045873500029	1.4012551732390497	1.5724638632246468	0.5526064480430174	-0.933951633076972	-0.7488747534612061	0.3182293821570022	-1.0462293684877353	-0.7659558697335048	-0.5294934303241197	0.6404166551484402	-0.6043509811173307	0.7028191679689798	-2.118586825408058	0.8933603840003002	0.05713194160693789	-1.065668026809767	-1.1304672132078504	0.16379581899274218	-0.2799997807122524	0.7323474624636499	0.04527394398097085	0.0760398417629919	-0.5352708389020179	0.16353360493722388	1.1022033546846277	-0.3587288983522715	0.7706405503616133	0.8107633195933166	-0.7854220660258466	0.7072777904736561	-0.9393811103484301	-0.34203863416197733	-1.2630720792586452	-0.0731065986063347	0.11757443139798601	-1.1723514806005497	0.24507369040215723	0.0836856010780751	-0.20387983625635908	0.8370261889357978	-0.41605618632358765	-0.2222147653520162	1.125490945257632	0.6566059750237524	-0.13756712410855546	-0.05856993847810837	0.3224006478427967	-0.010448897110764008	-1.3000464694478513	-0.03322714573130225	0.4621896065799782	0.48403723052672987	0.1794346723795304	-0.6597582913467922	-0.06759508598841042	-0.12878946699280935	0.0678248335449336	-0.3715015489202367	-0.003208690174623944	0.9415629480196098	-0.054117834892135	0.0665901187630404	0.5035429503166564	-0.6263178605881935	0.804593286422043	0.046566785591869476	-0.6522234588325716	-0.07214458097229892	-0.17385829315199516	-0.9850087303717016	1.2066749573078388	0.47390269414130587	0.668817012190078	0.5354712181866551	-0.4079453273261843
DTXSID1024209	3.26581948424022	10.561302301354324	2.857441185276623	-21.913019224467575	7.11410262184104	-0.9594616247576657	-0.49577348979074143	-10.178122647462466	-2.143204822454358	0.6908822275231623	-1.2169005912088213	0.32858689001617625	-2.108636524345248	-1.8819043576744527	1.455651679915598	-0.4738904430639907	-0.682492196635375	0.6804013191170818	0.9281833597214961	0.3676826077516589	0.7619190690826497	-0.3044362911012658	0.46419543138659725	-2.25988034471405	0.8092631381874144	0.3176664977710211	0.5616411430654626	-0.19445770026056428	1.1493134583312912	0.5894433670023552	-0.34911870780983184	-0.6442711825915292	0.0006183290857185492	0.8993199625016932	-1.6566257562887308	1.0003474592330035	0.4235994839624552	-0.6940134058340773	0.7951998834195868	-0.2207382169781606	-0.7824426744217438	-1.556612520698892	0.08989085071126053	-1.8988476739085887	0.05483312552581521	-0.6435265738210555	0.4894321161746031	-0.8445735014169717	0.10072572989061497	-1.9548640294086113	-0.7866627951446941	1.0116340801649741	0.7949970715133066	-0.6646551350328164	0.7902481444942111	-0.3769158505158022	1.2498435347282038	0.8917315888141788	0.046444956788712334	0.8622736597392692	0.14247184729112183	1.2126820172270034	0.10192153114153749	-0.4017433354388916	-0.29710822855971264	0.2652440373129945	-0.011372745803647407	-1.1394850686941196	0.21324965287402378	0.2846055807130626	1.3981402369342657	0.3979239685720064	-0.4276753358919973	-0.3408863090078961	-0.5876402419572095	1.9232317232475609	0.18602667471589618	-0.2695083741180975	0.7586018784476201	-0.13796317727054805	-0.9294089121064717	0.142399134790508	0.8897479846843929	-0.2422838371373154	-0.04607379031195157	0.12776499077929654	0.3122794478737535	0.731323647184599	0.9546911793181105	-1.3226870128989048	0.07394619783440222	-0.1409493723912266	-0.2694848875005582	0.49387815196241763	0.8483293507753303	-0.8853681514688801	-0.5562345733714897	-0.11328936352528327	-0.169381072268521	0.15218437382154018
DTXSID1024124	13.043042322291079	11.96262839961193	-9.344419158827069	3.5290376739915503	4.017807957577447	-4.79347400650898	2.3720271545015406	6.043224963131818	2.968009804075771	-3.9459608818760255	-1.5279024667227068	-4.767859492069186	1.2964031044658075	3.0032067588004923	2.3746932778294076	-0.4315023074930177	-2.0501114833801637	3.780889597703321	-1.0441508891818883	0.8995149947319816	-0.5454016286210565	0.1361143294716095	0.9867502752849278	-0.46783192686322966	-1.4295325319192225	2.473972678561177	0.5607396628219039	-2.7475939667408076	1.0857630050933604	2.8958089746891753	-0.2908297297380232	-0.5096187237553479	0.25256173740128485	-0.8618207610091884	2.4644797443592754	-0.16232315618577456	-0.3175375695819892	-0.3093490009003745	0.4112546601259219	2.2471099884312493	-1.1715044099396583	-0.2325555910636549	2.8668830697902035	-1.4980206687509567	-0.06572996854065173	0.5033461212020262	-0.8961425703791567	-0.7839855302390317	-0.7163003436120712	-1.9402476865829472	-0.7495339594381458	-1.2764399669875084	-0.39385769675023613	-0.0740386987231335	-0.009814878135637565	0.06858304986914653	-0.08597669294003832	-0.516578399206538	-1.3965605230314928	-1.3135658584756857	-0.26292434887405347	0.15955136820560195	0.21261602317332143	0.7039483855475432	0.00811855058453801	-1.0250394052593483	0.043159506154400014	0.36349847541888575	0.38643032338337896	0.9781891619846331	0.027176502852753883	-0.9745589881058766	0.8465866394985565	-0.19545312541152007	-0.22634034716353676	0.8433904975333135	0.7686105575555947	0.07178980301033855	-0.1734124796960303	0.8397711733517472	0.39287614655398784	0.22836385741007922	0.7349919900382644	0.528487485847963	0.5182114159732527	0.9269976691258713	0.07865038516147811	-0.5695496900240106	-1.161737472159952	-0.8958218537731817	1.404958951142294	0.48917934840719896	0.06861148861907984	-0.02122174901590765	0.5336263821395466	-0.13542109307709746	0.8812664093101414	-0.7088005623911906	-0.04554132631439444	-0.1272031972186061
DTXSID1024174	6.3235864954587235	1.5338368570283898	13.388108801739055	-15.595280418776554	4.485868909641519	-11.611463219603248	-7.2832233010225975	1.3283902532243363	-3.108716846714611	-3.8370194310706163	-2.1672538950183053	-2.675928159873398	-2.1732821223756704	-2.021893301940484	2.3230205574771814	-1.2153745624576193	0.3014647315895235	2.3376515399256057	-0.4551028024392446	-0.7017837193933161	3.6102838567586417	-0.08043171940208754	0.2436997100529555	0.2260162814318793	0.837549227751017	-1.338879319309055	-0.953039032258673	-0.6852465422589352	1.5336833103984646	-3.3193638294461882	-0.16809159194937284	0.691603737592535	0.9804469880711351	-0.787252713125208	0.6879462752461696	-0.7978161346756243	-0.8158123369409421	0.7307146331994178	-2.357132649403903	-0.9901345194915364	0.6753500707166866	0.26309377013916363	0.6462078184803023	-2.1166098871919843	0.37318229004682263	-2.2210382933359436	1.9228406145215429	-0.08165595542419439	1.385456638600748	0.011756583923320397	0.6999525670936648	-0.19204397611084545	-1.0472225245604387	-1.1275989690311943	-0.23888818175156948	-0.9423867494240243	0.5468609912149176	-0.049956673234152815	-0.2502288668762236	-0.02708449774382575	1.227185421598905	-0.8306069287414947	-0.506831329708425	-0.6927970666217818	1.0724645675788052	-1.1525018445225252	0.25890642602816066	1.9000483299836204	1.0688467364266812	-0.6813344640727166	0.8508726542246965	-0.16536037318033917	0.4351093815288227	1.4166803344081513	0.24672429594784898	0.5676649310381532	1.3894553787241481	-0.9077295671711836	-0.21695170305004102	0.25979000690359216	0.5768141988339592	-0.28286644198781674	0.11562816193659611	-1.0920556147656706	-0.6581432898363417	0.6726896023042506	0.11832858659831798	-1.197294447388338	-1.138837586028885	0.43441585800833904	0.42191117441055564	0.40219044451754365	0.5647517611731379	1.409019549524601	-0.3758544772991208	1.2212973916063419	-0.008116523211937395	-1.289733167095386	0.1589981148727307	-0.4379392444067775
DTXSID1024255	10.809077929798557	-1.901061423305944	-11.480740995735077	10.423435173602233	5.3644849090415905	-8.677999995491511	0.7930283103776236	0.7548661918901465	1.779753306740179	-1.6284019751455416	-0.06962088654937788	-0.8645479456475528	-2.227968046542793	1.5213584028196578	-3.1586327080187964	3.095143973145346	-1.3339619377555567	1.5209396754808346	-1.5965299686060175	-0.0006665047415638176	1.4349126512817887	-0.1592252356326106	1.835691610973054	0.05512369114752628	-0.05233152922735435	-0.10588877224418153	-1.2801213371418658	0.26085363155704155	4.334551570555932	0.23150519602345376	-0.18783831028567272	1.2931932367662098	-0.5982504251555628	-0.5184600497760548	1.7443018641752834	1.6154296400686545	-0.6926151295132258	-0.9723672958364293	-0.02604098176669555	0.820131930055865	-0.9611571448837797	-1.6699143828550027	2.293952062043269	-1.8549039968430368	-0.7608986594617936	-0.6432651924877795	-0.31678721450196734	-0.9771958975504176	0.018038128324704097	1.539264409953794	0.8667273644386078	0.28075492042716005	1.7847440427243533	0.49367344437521055	0.7168784773468928	-0.9952018973801864	1.5392252907687232	-0.7451883222574025	-1.0682740751856192	-0.3187948705006576	-0.00796816899032457	-1.0057316173985051	-0.31310227293543275	-0.0895053967347137	0.1514895756714834	0.04842759197438601	1.0642058361538957	0.5545093878677102	0.1565952870140709	-0.7773294028565112	-0.07751741032648098	-0.20280040455856663	-0.846036142137865	-1.851376866618748	0.8528178690751786	-0.6277015587572505	0.28613104446450044	0.8670974026356778	-0.007382108863065116	-0.781190844740658	0.2975053549197434	-0.15013551439268732	-1.4245671562264635	-0.45315015363239847	-0.7211545414786329	-0.3732964873923877	0.6373495393690549	-0.17377221562014486	0.47172316657891095	-0.4128935790523587	0.17513307583827456	-0.5815281599753348	0.5713053619809279	0.9696226607633495	0.17153411373477628	-0.4213584119511293	0.41156153232863707	0.6504956768447514	0.6701860121907771	-0.07360918698291523
DTXSID1024259	13.761940765516371	5.588933597364736	-1.128299828906543	-14.015641589341346	10.227915514827256	-5.757238776757838	-3.957873957868646	-1.90704740599436	-7.007743334191305	-3.3964160251584135	-1.439992528586566	0.929541463649935	-2.988635564041072	-0.8990742299591729	4.894111852189154	1.0169993313512184	-0.8903046155539339	-1.0994753568883389	-1.4951387651708576	1.0380806723430123	2.443024800278706	-0.46793619111165563	4.2489843880774645	0.9826667225858775	1.0721156798998543	0.6990989001333696	0.7072085419883325	-2.885758508568329	-1.2459922575411482	-2.6652853474537537	2.6248216490579455	-0.4352801249407618	1.6478321334019226	-0.9457040277591051	-1.5967906834160446	0.4587741809445693	0.8750627232965728	-1.642190815788214	-0.3922124170191163	-0.49665411448621644	-1.6119666802956878	-0.8799833184796716	-0.287427433971643	0.9350166130923093	-0.052813164884550345	0.9342343267191049	0.520984579530431	-0.37870132322911115	0.029968681943314743	-0.17295187932869643	2.130060746251126	0.1881842029511594	1.4857835468934142	0.29467645827368794	0.2775184593922328	-0.6324693822784787	0.17123778178903215	-0.8181255871526569	1.1474311063957217	-0.9344544964221206	-0.2544052662402343	-0.6632754103466163	1.6577579752766483	-0.8261358009711892	-0.44753971966100686	-0.07997856034438817	-0.7154597369191794	-0.22319420542231513	-0.11410368354843513	-0.2429789855934972	-0.18893679721242534	0.049150660099461355	-0.44533609362910587	0.2465204317951554	-0.2477510515126242	0.283207660599009	0.39064593984268114	0.20854872649352565	0.7784373181955904	-0.8335055092539237	0.4352037172988099	-0.45552237918354394	-0.20080389373989402	-0.7186733891838841	0.05828704360977572	-0.19707038805894117	-0.7762905787062165	0.8613601888253583	0.41836904767003597	0.7085695905738186	-1.3344748137538816	0.7810288800521277	-0.21901161131657443	-1.3745023831648806	-1.0077501655711145	-0.6974477654379729	0.09209758936494922	-0.21041866666229347	-0.6004915874915608	-0.4442486330193956
DTXSID1024338	9.531855336242877	8.758820898980845	-8.331758293922146	2.9023220502031095	12.882303294380042	-4.710505180363249	3.656898236787161	8.89772794394691	2.197629866521723	-3.4786776106176402	-3.6541153930243793	-4.6925671089942	-3.6735576434522503	2.1698195060881087	1.2138354417779817	1.1526668101348456	-1.2608518252888485	1.447214842217288	0.44940317533553203	0.8603474537509579	-0.6656224777093053	0.10875466137509876	3.1159439901080797	-0.05647460886408295	0.6242104034611115	-1.007561229841233	-1.017474289116044	0.10182200214579153	-2.5373011745359584	1.0170601695351273	0.8299231787556675	1.901453884902217	0.5362508556010599	-0.5027417431393479	2.7882839112205486	1.933225915811932	0.9220400994037666	0.3651810520325061	-0.10040754631187947	1.1942616355136646	-2.4380569710619904	0.9806225190332077	3.755639675358564	-0.43043565448468724	-0.42344032066596005	0.9232811059682379	1.7417003576434222	-2.094484992248846	-0.026417296145117217	-0.4351765323557611	0.507243203106276	-0.46258200006285327	-0.7739805119284603	0.5342467600231119	-0.8115691824217668	-0.5324127155947999	0.31463267293643915	-0.27732071015234383	0.1625635381119606	-0.40612125162661306	0.9129793638727185	0.7731665341485484	0.4084288878587055	0.2754150864969311	0.5081640162393237	-0.4629079390895488	0.002021024450849196	-1.2579216316753072	-0.4985540859852524	0.21274994494769553	0.34085987695159087	-1.24815311414547	-0.5959928860019266	-0.3290506638353529	0.15361338490381662	1.147071128792634	-0.496280133260053	-0.2835278432812469	0.28796760592565446	0.18811972316503486	0.19885538522566248	0.5605043046298683	-0.3541071147428157	-0.17446250479615147	0.7060706853014315	-0.8394406546869086	-0.16778054975456216	1.180801937728715	-0.04528905622485169	-0.22133804032351714	0.5505051427542272	-0.8152213246637823	0.8948509976173066	-0.7741490013339403	-0.1643972593663618	-0.4255026620431913	-0.7669446359614768	2.1832647291591347	0.4410684254740954	0.08101281903384176
DTXSID1024621	-15.861578568503663	4.222832236900689	7.341652755927946	-3.1955916928918837	-5.310265128237553	-4.972966136307026	10.018800666512472	3.1938878935267216	-3.760789774793084	-0.20618155813826522	3.9171627764646173	3.211946748313633	-5.582729107176894	3.411345625375078	-3.431756189125175	3.486921113225559	-1.4904906311807415	2.0159555250121226	2.592036061791365	0.12658845014823633	-2.622635396167086	2.0121317923666617	-0.4470876758669048	-0.026765266304721643	-2.557472506298237	1.390863586935203	0.24722670921342138	0.9281946502505217	0.09660503200415152	-1.6054122974269127	-0.9044174200612831	-0.28778916914983493	-1.0272908000026795	-0.01985711648462655	0.16881565276405805	-0.14924865366827914	0.8116238138012689	-0.8122736707005858	1.1315325726554137	0.5390000878803791	1.3921130537287403	-0.4582390245944946	-1.0418074905186752	0.12241623612124307	-0.6976473474659677	0.30512357870061274	0.10372990803473801	0.856258439372922	-1.5601333976541516	-0.2540191543056238	0.6952854430260058	-1.7019307154399976	0.6012923694285847	0.256939311543174	0.885477071194776	0.11985754874619839	1.225822429208749	1.9778929818674333	1.3869928273195458	-0.3181600468671051	-0.7269408620359151	0.08180676065840904	0.5728068198498093	0.27179442706702983	0.46958304264076256	-0.8601421276133234	0.746542211184478	-1.0943042492441313	0.5845752445550735	0.6758407943124336	0.5680050595514086	-0.596473948945464	-0.1853352382934864	1.0110277587814656	0.2077687027116664	-0.444877369599612	-0.027156040160534647	-0.11080916871048073	0.6418193678443275	-0.11061890714784765	-0.18154156223769932	0.08526991741742843	-0.1354871533223405	-0.14581203085729225	-0.6499352168562282	-0.3490369311655291	0.8428096206048844	0.4762948940119905	-0.7881899343488808	-0.6206846740011629	0.6970494246669142	-1.2647975480581848	-0.16188999051180014	1.0347871004794311	0.04350647378345598	0.317618739954028	0.10406109378526734	-0.29770634700967397	-1.8168543980766032	-0.33292953251336677
DTXSID1025148	-12.809032801585852	-10.14606245145971	-2.355703347502101	7.931196747530988	-5.573742677561658	-0.1838455192865606	2.3328815520018615	-7.468365691595864	-4.481624244450137	5.893234936913779	-2.6279039475566783	-2.1360454229167822	-0.9276191803860084	0.22427912529581606	3.696131907059112	-1.0292745878786713	-2.3119217719737204	3.8791065844198838	1.6172084078316793	1.0650722385297862	1.422231243272007	-0.9909543860874982	-0.602142757419354	2.152727148062562	0.21622107239387417	-0.8898019748585883	-0.5278197729541979	-0.033157535362014455	-1.6043254727127216	0.053364525637467644	0.5277735962582029	-0.07661140138206703	0.38191870392906535	-1.160609192242423	1.8523257830320536	0.7286640651789219	0.6215320430703775	0.43215667189232143	-0.51709741382401	-1.405541432980236	0.7191726728055933	0.02726537988388894	0.8123188401925981	-0.7337627480872835	-0.7125131029641328	-0.26192752793704416	-0.40010379870761603	-1.033392568377153	0.9179226135519403	-0.35137418666203096	-0.3487395123470705	0.2815263251475906	0.28453044773710284	0.2074131737440044	0.5867039232330983	0.03959427694704977	-0.7381343561118784	0.5915603741325982	0.8147236946396993	-0.9718844841445764	-0.0381043655898975	0.619780138323512	-0.23311938748004885	1.1116469398158193	-0.12583438997586668	-0.6097505908484934	-0.13534275579696942	-0.6257991896720023	-0.8906629777000828	0.6966339335034761	0.8280911566795511	-0.5659190986283157	-0.07418389354802539	-1.3494422894497569	0.9534097486812143	-1.131628310971184	-1.330053926260976	0.2038292350055025	-0.5955637952382308	0.25935729423268095	-0.22573080344112745	-0.6525116376398877	0.9191515817891222	0.5801308858749106	0.4837844231587914	0.7589190695964644	-0.20954177060183907	-0.6294648476862084	-0.06124717933018348	0.09989861327387897	-0.03658499614290392	0.38225449604470085	0.6790121967950088	0.46039789888266436	0.21156618929003118	-0.05551884150294927	0.17692755088084428	0.027694239833029217	-1.1473808400841972	0.019655101426546397
DTXSID1025271	-14.489147738939693	-13.84734527788418	-4.418291642993009	-7.409007736883677	1.0603321657385179	1.826734750375151	0.06953903355050373	0.5260605152414196	0.6269308673388447	-3.8901532208061855	0.46216619916156926	0.4237856880621111	-0.10258201440250907	5.633235110054498	-0.9684124300833252	0.38874031201007114	0.5021950404837393	-0.29131882440858675	0.11572218571902818	0.32442394429708227	-2.3827226540659963	-3.406563046065179	-1.2241850368060474	1.9642641003743928	1.1862090463782338	-3.1069559970730127	2.207432957182635	0.3624811493445499	0.6253412145350231	0.413376941270408	0.767784200113467	0.08226699089368965	-0.42058374971174134	0.911559180439845	-1.5336011194070918	-0.8554975107140743	-1.890233918550892	0.31900532445224566	0.33941390516002196	1.5659703613435796	-0.7706443190598368	-0.01872274866833437	-0.07254303759164278	0.8607700314381593	-1.3907262121071196	0.30069078699893464	-0.03784385983570278	1.0272207834181257	0.2872487827544017	0.6430348372083162	-0.32482840304283717	0.4921528652450133	-1.57094119347784	0.6369604267667001	0.4035366349425438	-0.5597335265399902	-0.6533640869274961	-0.14980517800849155	-0.5583585768413902	0.24061481385079606	-0.8785919235787889	-1.5766386132151538	-1.0688976759054005	1.335029232444925	-1.055545865051927	-0.38700038175473206	-0.7814430676568106	0.595913648338424	-0.3914486120889517	-0.30450704871225537	1.5991751192137058	0.8625921567065669	-0.6373581896092331	0.9542778928598147	-0.506945838259925	0.27059868276464644	-0.34881999573788086	-0.9389088159531152	-0.17478675084567036	-0.7089015552182346	-0.634721771725951	-0.2300372900713313	-0.06952937803208048	-0.05146417878804596	-0.05593876520631225	-0.3297802269886123	-0.6003808251679037	-0.046225972044292664	0.3606763452616769	0.4210270848631672	-0.46752813831135964	-0.647147960032641	0.22378767489841564	-0.19304852601154918	-0.9711630181571786	-0.3727919351328778	0.04406469964246204	0.7014475630843853	0.10089515951081104	-1.4089226809599174
DTXSID1025306	-9.50857242703058	-15.516573496517005	7.145524316441854	0.5164731358668285	5.139432455940298	9.62164247761244	-4.78518150212998	-0.8961737420126142	0.14825693275410096	-3.679019398568631	-1.63043032441526	-5.274236377826864	0.1816362030933138	3.7949235073614056	2.898537793474023	1.1166081996483057	-1.8504514975970887	-2.15071216122971	-0.9302376891555815	-0.8979201084745656	-2.3416749799358354	-1.087695540180494	0.4742454067819224	-2.0817855953543734	-1.7064060698115864	-0.38510319232965945	-0.3333227303562749	-3.1386059044523797	-0.7857206678000253	-0.3733145040553465	1.110685935218452	-1.3267315158948838	1.6213792948647632	3.029905006601755	5.093565004344904	-0.6516808963889403	-1.1357194959135908	1.0065407111645224	-0.0863004723299631	-2.3263640986135097	-0.3019699997965058	0.48840271618700937	-1.2353809575817039	-0.056610647209548906	0.6368946175741889	-0.09881052711876352	-0.7285323144945172	-0.9888033978291773	0.4604084101269637	-1.2275347694832905	0.17565193321989306	0.44534366906281764	0.4547567155875028	-1.465069854358727	0.3671840229478684	0.7274135736473343	-2.0253412244036144	0.05469249455907324	1.2676323498545534	0.14888353598635914	0.9785632646710424	-0.7719642884317752	0.6348157209665062	0.6382669790818682	-0.33971026320935677	-0.489526834716753	-0.6077865296770698	1.077138761084605	-0.6945739300783155	-0.560498303829667	1.1983731929604073	0.37801199928394513	1.300909532757435	-0.08327986127107398	0.5518209683462745	-0.6993285604299427	0.9864266033120049	-0.8983026505033822	0.7306685440978131	0.9960546108440865	-0.9028556401617213	-0.5467647404915512	0.44820732303522803	0.10411540342172843	-0.5036739063268757	0.7086367688871027	-0.32313178399559034	0.0048418934600146036	-0.2984235618204534	0.7473105723492589	-0.5350090004216167	-1.6043931471794806	-0.2626215480837046	-0.9424169621592404	0.1637390890761739	-0.5677305389559244	-0.3808191671603982	1.49423496991336	-0.22291552515042784	0.04453827310240197
DTXSID1025300	14.76020898900058	-3.1253060236211163	1.6512215379857111	-9.655284033379175	-1.2617104817089277	-12.840793153902268	-3.5598497175725194	-3.4483260287057886	-2.8445931485208735	-5.732492485684742	2.44007094329357	0.2071101047642505	-0.5904390473441017	-0.9656216054694565	2.2852060213244183	0.8230117386251196	3.139627282163646	1.2890669240331276	-3.077181498337737	-0.32589303612764137	1.4341484563490623	-0.5710078846383579	-2.5175933520676343	1.4586751796873596	-0.3083366612785699	0.33670510922581015	-1.1895451771777112	-1.4663013353238359	-3.183634098065891	-1.244027660794271	0.48379469753435095	-0.36282426350120545	2.6758427886035334	1.80344708493285	1.1807123122468486	1.1516209094224412	0.39411045257017613	-0.8914056725547795	0.9071172867449309	0.5408074153343417	2.0490259594972247	-1.985405363193324	-1.2105880003981748	1.2720940203832136	-0.2605341503111244	-0.011594010116020282	2.6057741113880475	1.602784525272659	1.1487743566292594	-0.552563986672946	0.09925795551132675	0.5488899621930675	0.3386398912592807	-1.0612703262469938	-0.9305236725782438	1.5971686342543212	1.3214037541718278	0.6646863965679481	-1.880151311514787	-1.4367691023170401	-0.5809354326686861	1.2530867744798502	-0.5558342282239259	0.26952358174378477	0.5819593733408445	-0.12674110294700958	0.3637857296465845	1.227439733271527	2.818001412917561	0.522506770785504	1.0099277663019008	0.5765317311903518	0.23747741421288363	0.21000935630549775	1.19591920422039	0.7198738756299313	2.0129422462168742	0.7235067416234702	0.17182562861129708	1.5934892158755327	0.4250123803709044	-0.9247519969430406	0.9650738823178441	-0.37411800493250463	-1.6030641718723093	0.2436254196321647	-1.017262237573013	0.5615611875102166	0.12536701055198798	0.2994675539303049	0.6300069607708728	-0.8516102547168083	-1.1675658426271656	0.3877461372582153	-1.3924449688246332	-0.058820436829942625	1.1317193724032917	0.05707951631960391	0.9551254840099551	1.2839635742317461
DTXSID1025726	-8.331217669066964	5.111253992379707	-9.938982663739019	0.11559965364968953	-13.56159120861345	7.312420558616251	-10.750486598508875	2.799417921782976	-2.7826982447376403	0.31904723385800426	-2.593308675818947	-2.2371207335761873	-2.723554162099374	-1.1600685418340493	-1.3008968223392352	3.987552038814089	2.8114945102953914	0.9249119407396729	-2.220011074337363	-1.308819011082344	0.6487430179499764	-0.28051051221229745	-1.2312361647819456	0.2834358948165945	0.7771158189508742	0.6253783233989946	0.3940391459342328	1.5517740209138486	1.340884926723496	0.05756942465093033	0.48737299198757883	-0.10551899247601974	-0.30737550118868584	-0.589223235189295	1.4442723570311211	-1.3962028464008303	0.14810168500542814	1.9077286001575704	0.7568715362653002	1.1375238748654442	-1.5292651123231862	-0.26620215654139423	0.977597404526944	0.4486610540242594	-0.1804866619250871	1.1214179242493143	-0.6602064809515837	-0.48474461586997447	1.142186745161069	-1.3649052052834716	0.727059690313732	-0.8470702755815972	0.055404206807041174	-0.2814479772322799	0.3826765694937013	0.29052252679473567	-0.15376923406614962	-0.4800220624663876	0.004170652324937439	-0.05557802331318358	1.2285687628537678	0.4582078168819017	-0.0028196963565711433	1.3534664566364858	-0.985606939096451	0.13191072900407236	0.022827234563472805	-0.4972851013820257	-1.025263297373544	-0.6496884666578389	2.0849801635940475	-0.9362446042630317	0.8395064425174261	1.2094449532055187	0.5960073267405271	0.11204176052490802	0.4304992637337216	-0.7859626681061496	-0.22712406051391903	0.11487380911803825	-0.3461540661534856	-0.02545338959903973	0.8337090436864376	-0.656591694787894	-0.1657164381093594	0.12336894714045811	-0.24941591848391706	0.3407826662444998	-0.5033825296859058	0.6071555566063959	0.535043587810221	-0.020138927369875402	-0.42508790286161924	0.782788386349264	0.6929322602370578	0.27818468509774547	1.9761044790044409	0.7104756683819582	-0.19799416416932342	-0.839366839527912
DTXSID1026033	-0.32849090038554146	12.765612704261372	2.3733752145533655	0.6253805037490804	-10.246827747405568	-5.16121486408557	-8.64079225954458	3.2372305145522757	-5.434957233263091	-0.8208857514101842	1.8338687597814158	-0.5599937293489182	3.6139486750797225	2.0584587702451653	-3.417413727852347	-4.205815170324476	-3.5142955148990147	-1.2528282300394733	0.1456894027444646	-0.8909107469917205	-2.1912170982524346	0.8549583902772797	-2.785548197010714	-0.884482750025504	0.33571193937951965	-0.17404826291408834	2.2907542646320773	-0.30051283009722013	0.23338550438132444	-1.709978686061741	0.617774263382384	-2.4358188322044865	1.0224799277872065	0.6617911975234151	1.6545001500901733	1.608120291681247	-0.19833045758907253	0.23734300094906202	0.3139070364797092	2.3290298885376424	0.08311894762967506	-0.8568084122088694	-0.45498922451436524	2.2370616928255	-1.5001690156508352	-3.1935513550066217	0.9973869890050142	0.08521789134557532	0.5478753783454133	0.8414335048568358	-1.176443587340438	-0.4941452432968483	0.39084291766077606	-0.11868116126604432	-0.8502774680605831	0.89447878243978	-0.8404492346456901	-0.446312629433427	0.0532992250948233	-0.31588633669416805	0.3431778724583907	-0.39160096399757693	-0.7791889456488881	1.7424859131772505	0.0925284903114209	-1.0064866258412297	-0.23158037204080445	0.4476860347729761	-0.014837185179084132	-0.6126187542718646	-0.7722202632477078	0.9495417166429951	-1.959062529916583	-0.20484132958714368	-0.23830081127159095	-0.2558182305661872	0.029035919224787807	0.10125270433085784	-0.7434914943168428	0.41943834067739544	0.33089576640660184	0.7611230033159975	0.25130473959680166	0.698780109294007	-0.504201342994181	-1.0755712294477788	0.01850663852847583	0.49423245191660226	-0.2728557890485991	0.2625553901983356	0.94391475038349	0.2633042041041963	0.9649780695194787	0.20775109295660563	0.28597623294255875	-0.5358671742335798	-0.628199522366457	0.27413113967770963	-0.4229648125175947	0.506035748282119
DTXSID1026035	-15.908074019741363	0.47224435778920043	-3.54917913359339	-4.975082432708994	-2.4409209135278536	1.8441844662481064	0.908825706847774	2.9184153872267755	-5.647088496292107	-0.7612134413021454	4.308957283267257	4.250484085007743	1.0186136264849064	3.2865790922046285	-1.5753244953299608	-1.4541454246151833	0.6680130515458266	0.7142986134679207	-0.09041241593053859	-1.2153566098129482	1.5812067926953515	-4.512482649580134	1.3209070867932273	-3.9004514241349497	3.422314123575969	-1.6447083380998948	0.11973304051204169	-1.5331881236415756	-2.496821272591382	-0.17920773341821286	0.801692588455431	1.039945762655545	-0.1485154465116088	-1.914740534863698	0.09574224516934944	-2.3383578000776692	-0.13271823297721877	0.38327378194985123	1.193103220721216	0.25080369183988105	-2.030491215325985	0.7942161442983007	1.4440335592838713	0.5408102885288013	-0.6334943051873536	-0.11797304432331782	-0.4850693868673793	1.395278615574231	-0.14323264578188497	0.34108299745105514	-1.4565534777275384	-0.4104562474783484	0.016953894005355637	0.10422651767655357	-1.1993824911513673	0.3760121998210118	0.3756086990271642	-1.5718178106849727	-1.5038365651405052	-0.03822016489726544	-1.7259455270880855	-0.2017371285473416	0.31196396510183727	0.41160040087698224	-0.6633872592683956	-0.03286376916224587	0.21369116448649328	-0.02661980650618514	1.0646983881928218	1.157007590653665	-0.9798584950005595	0.5002308442371398	-0.4218785266429813	0.045931183424301726	-0.7236413904917077	-0.4710694366150647	2.0729421403793142	-0.12469330913735432	0.6052544971100923	-1.1071636893432826	0.15322735776585883	-0.3095962482794195	-0.45975037286235637	-0.35377203868209633	-0.7097060334494532	0.26570521984304185	0.8697051395373578	-0.3260357989826725	-0.8982018775223868	1.8360195484717066	-0.35473053947815314	-1.1519608361373723	-0.25478838011241933	0.858313430905736	0.005067911560175437	-0.3673842317176697	-1.0472791476656698	0.11595566609163122	-0.16374879719893332	-0.20653864920063478
DTXSID1026164	-13.65436894833805	-13.76902603711161	-8.138607376590175	-3.3338080790085955	-1.5389216239302972	1.549248226101207	-0.05315402201238345	6.068149717601359	4.33298777914137	0.8105011450839505	0.5346463301361756	-3.174459216700157	-6.969423273448962	-1.7097521487237939	1.7755434257128302	-1.8091273260813177	-1.3409500098599487	1.3086857004477315	-2.4585431328395355	-1.4147366600974274	1.8472083024163308	-1.295652440281747	-1.5837460449775556	-0.22651722258158102	-1.7063395168744369	-0.7947426473719605	0.907157284845794	0.3537127640352589	1.1927853076864003	-0.8769270248610611	-0.1788335208995101	-0.1464208602149792	-0.44739232523872474	0.2551585452597679	-0.5222011086134163	-0.6184983570414865	-0.870999637211183	-1.2754628785800284	1.5038353148520711	0.9582135184485038	-0.10775349259464333	0.5546516445065183	-0.502335842924978	1.9873672353662175	-0.06948378189525589	-1.4150490051575446	-0.4455434062029175	-0.3860409998776073	-0.6713199916140828	0.3242815572586435	0.4457102505815444	-0.6807084711459813	-0.167949104995958	1.4156512377020691	0.8648379958676045	-1.6470200218682296	-1.3565764934937445	2.94513530161841	-1.0019717646117707	0.6570725897470108	0.8621031219775757	-1.2199150811313064	-0.2509380053538618	-0.8601199230888733	-0.35351292966883485	1.1888114623314154	0.01297153779963973	-1.2448009145418624	-0.7830524715460674	-0.4330526717196412	1.3124720926405737	-0.6851815115189596	-0.8330416789411166	-1.2241185364844442	1.3876807588411926	0.9811370475951595	-0.7024830066613655	0.46166758812932723	-0.503815415728929	0.46982279370232094	-0.5162427530571554	-0.09390391471386303	-0.3546639025622321	0.19263494393684416	-0.4744785892005384	0.41053020401327095	0.5427590284922774	-0.5177027171660947	0.5545417838126955	1.2249801660052144	-0.25508788160906726	0.4428299312135318	-0.8217389419716232	1.08075943035655	0.9315533517966438	0.036174239120010186	0.7003866007148837	0.5885230074206175	-0.738260509214767	0.609628118922994
DTXSID1026031	2.9299190216561133	9.44274463023906	12.194207773890268	-1.7021334070283634	-11.699934403756428	-8.137812421616626	-7.312296128309098	4.69977722919263	-0.7954417836098047	0.3378517819008193	-1.9509936376239483	-0.0185350525063787	4.26735697634248	0.811605616886881	-3.995684461717183	-5.403397966611084	-2.097469820018021	-1.2753876887597697	-0.18549014687053714	0.27875892121029155	0.2173957223255476	0.8162464612377602	-2.4996507686343783	-0.028855999572453963	0.4544434075806217	0.3939751463941437	1.749597124966648	-0.7381251453758834	-1.625159721939732	0.08892337943508564	-0.15183790117818097	-0.5895735758682858	1.54600042546166	-1.2793511415062389	-0.5887075919197091	3.0422564956760367	0.6669546242731953	-1.5418223436452267	0.7315560191139832	1.0819308332767563	-0.42192435967442327	1.8221746996597519	-0.35619448118783004	0.9660047586949125	-2.9580647313928887	-2.5530510379867595	0.6856337843004595	-0.7310625318853977	0.7879364157053459	1.1950133743803204	0.7213988600727433	-0.5575750376042337	-0.4789159447879638	-1.1151680342597168	1.0554734796882714	1.3132722253328997	-1.252242591501806	-0.5151903790344478	-0.4717198275287583	0.7137971522053267	-0.9474825439660266	-0.9245747418257488	-0.09826212325896652	2.880112427901758	-0.08986630646099204	0.8494053923745789	0.27765959300329585	0.3745712491768329	0.11506479791764672	0.46673008573109726	0.8185875722227207	0.2440708760374997	-0.015622345998384427	-1.0786284106458361	-0.08475564624481682	-1.4972728263821438	-0.4582101028283708	0.6511562590004332	0.7656085482437496	-0.23906202344132962	-0.5363228219544566	0.1438327723719203	-0.03849856675398316	-0.8228056417733298	-0.5186993196755654	1.0101546962795502	0.4561412240717182	-0.10055729342893205	-0.30513300302063495	0.44736692422923385	0.09879101450817672	-1.2422117266063566	-0.2000899032530734	-0.0939284465603996	0.3667193637574041	-0.23085313126403229	-0.0360044712461314	-0.2156588422840467	-0.04839847294076859	0.4931586786632192
DTXSID1025857	-0.6691022504567548	-19.05993150637376	-8.307421937505655	-5.8648816510769795	0.36978157390094407	3.2030267135639505	1.3696911910723861	1.8272695327240587	1.6728587008724891	-7.208882385997105	-1.4090451657804821	-3.1955400032054238	3.532209505660735	-0.5458252692587556	-2.350578071912917	-0.5991029193992099	-1.327029949071425	-2.2140564066652235	-0.5973004911146914	-0.3137279377270024	-2.344836553964611	-0.7629880681276261	-2.9076328796804396	-1.260254146877307	1.8143308785607888	-0.46262208629359974	3.396911870823496	-2.1446897564310117	-0.0006153954219435881	0.17654309786196984	2.0366681051693694	-1.126167274352984	0.2335931729009426	1.0457974606045286	0.0992409795812887	-0.7308895143912062	0.2342846281703979	0.15223632681556112	-0.25746509027777814	-0.6320440073708667	-0.6280614211870357	0.4931999601258352	0.5394420733773668	-1.8879202884699235	0.10336170087952479	0.3737175782418307	0.40818293400390165	-0.6646865889480246	0.2109256688795915	0.17296679800937587	-1.9505119637386836	0.40291586324697765	0.00867664377695266	-0.5405210389597186	-0.9114373499100299	1.0389610398013347	-0.5321579796011946	-1.1083767634127482	0.42190545008519165	-1.6865838360718142	0.309236957961052	0.7174566116403676	-0.25011706794131805	-0.5175616173099059	-1.675796596871596	1.4008290003237527	0.021206807620825836	-0.6141886292764904	1.1066320326113388	0.9337425199426126	-0.6710756441210521	0.1871843695530639	-0.6754982841749094	-0.6815303880558832	0.1978429576658098	-0.6363483608899826	-0.7546718066534538	-0.021186359732222354	-2.3135158101980555	1.3231690967086225	0.4548053165953888	-0.7058803438549264	-0.27018961600552593	-1.2795633006999931	0.3938948671624426	0.8113704667005048	0.07031954011722295	-0.33129375999284605	0.26053449009109825	0.3102688930879884	1.0816842357802132	0.30752677817671253	0.7271173543629387	-0.3564646400676293	0.36249669139071733	0.3681298298017328	1.4170725722386095	-0.11872632271198283	0.14153130003335895	0.3771129953047983
DTXSID1026879	-19.228102614929092	-8.176510573857437	-2.8723710488392635	-2.0234170682852044	0.18990471461143696	3.7498962802015043	1.9513711703811862	0.35527796175796955	3.132530403529169	-4.444705640575701	1.6407900408121774	0.01353537019704601	-0.12876709178209417	6.230201412349258	2.9319388440313894	-0.1969565626884725	-0.38887689028661454	1.5362751810433815	-2.430324493791907	0.618701367053234	0.26422517693628045	-3.255372068666534	-1.030102897240524	-0.2795247714926472	-1.1645348018901607	-1.3250397133358782	1.926257288411844	-0.09403724506576419	-1.0223330064716354	-0.4380978313531465	1.9449002544379552	-0.41722712551925484	0.25222858683568805	0.6021174417012651	0.25272964267621906	-1.5706746254348904	-1.3308887785177743	-0.40408273313086013	0.9232891968892362	-1.1560971404862679	-0.8437655716457572	-0.36162534267069973	0.6223143985936774	-0.4931765623832569	1.328000052009	-0.5441710515782643	-2.0748995731219724	0.5675764568885598	0.49635744438214213	0.2887433133902745	0.19673324133424056	0.29644962568630084	0.7576963241340772	0.1638526767594686	-0.17882256607364305	-0.04315986846410788	0.24602513431286777	1.402829643907036	0.07762797488883676	0.3468094880798879	-0.8320830514776352	-1.0466585657929168	-1.5245951507878803	0.7881533171130277	-1.7690017584931823	-0.9596923961656882	-1.079726282703784	-1.5894683247749866	-0.3749352542561673	-0.44887826913568746	-0.2685834217959131	-0.1051509874883886	-0.14924506986658181	0.9259781342685338	0.021908289303857045	1.2331969713462998	-0.03767249111407191	-0.4622955126582717	-0.11592068648271554	-0.14494971774919016	-0.2374698869273397	0.32944724325547164	-0.6058745499744898	1.0221176203361453	-0.7471555938099769	0.09430991351349692	-0.7077487008869671	0.38754653542526163	0.6115634561420394	-0.9915046256108765	-1.061278390745004	0.28624355682907027	-0.8480081064097258	-0.8795108779245021	0.08109587213937353	-0.23042133699660883	0.10513525079675695	-0.9138559700946182	-1.3614395778765793	0.16046682676372617
DTXSID1026792	-12.822595237938469	-12.513783529811342	-7.672959381837512	-1.8783586171816131	-2.0937222074804414	5.50090437606076	0.9902749351595073	7.129085207662815	4.1690671419275205	4.1919700034697005	2.3689299671530435	-3.359019583698422	-7.918235270336786	-3.7919860746624097	1.7051620368491651	-3.691804256761798	-2.664618985478266	1.475935239410437	-1.1414973960396142	-3.1338129436548354	2.2214448262283155	-0.5068690271633522	-0.7791472032190927	-1.0774253440052193	-2.766756040839736	-0.7797005613989081	1.575493276586189	-0.9118455075566217	-1.0385514701702565	-0.3396307484302842	0.7251125997694551	0.8910656289464725	0.7662058571773211	-0.31586656607379204	-1.2041342141527305	-1.196518725283965	0.021366472552077413	-0.3398693527223374	-0.10002058786913869	0.6622641525312717	0.10862181318145643	-1.4504306763926866	-1.268721263017962	-0.40778247563078107	-0.3704444325560139	-0.35255840405354916	-0.5738955342867389	-0.7829012318953341	-0.10762789135759325	-0.5292584089794612	-0.24370552499240042	0.7991197008383907	0.1598291460246693	0.032060675462302755	0.7004004493757081	-0.7316200040570195	-0.059866417638247835	0.34707862024362046	0.1191440843991893	0.4098545365252658	1.2340928700701614	0.1671487149102965	-0.1353388376393728	-0.10944730822263628	0.19089326649941465	0.08379267796218347	-1.0033830374208688	0.5217297093521023	-0.0050791823246281375	0.6011295511770685	0.8895923589789445	-0.2792318636653368	0.1976331859273761	-0.587860946635925	0.047930279238339875	0.4260220093542753	-0.19485858646616394	-0.5241452001812712	1.134828800403574	0.32884135805201303	0.09022962064291319	-0.2484174058456348	0.007078231057300298	-1.1779208428031558	-0.0870506966138665	-0.25613334153446154	0.1591421573080145	1.1034873084367822	1.1054775063383255	0.43839838579863705	-0.30827543001102015	-0.044791961282993946	-0.5154244047850489	0.13373500141592135	0.9749255065930282	0.046945270414666514	0.9334106631098555	0.10132026123459087	-0.5788076356910556	-0.007032608561023964
DTXSID1026900	1.6523826453261194	-0.015019483552540108	18.737385497489804	-3.1392850551942786	-5.880392701434616	-6.839696960156834	-2.118523784776852	5.991532557244591	0.8497774217564662	5.351644410228657	-0.2228166921298234	1.0704207462528594	6.613354485158445	-0.11724409860205633	-7.273685263295264	-1.5056850000251185	1.9756741322932125	3.7644513426584045	3.7261526446456505	1.0160328796140372	2.1904305588043744	-3.550001393506415	-0.6109157884757244	-1.0653858251876573	-0.5355747927615222	1.4991732976997674	1.123012392343438	-2.1224989133336414	0.26127594138061694	-1.273209060189304	-1.0249264148526562	1.7904414183038055	1.713423835119693	-1.8199315292143692	0.24284601146618676	-1.1771531379388671	1.5991327594905609	-0.4860217595609544	-0.44508755790430193	0.527227996688864	-0.48171427528810046	-0.19702393772638782	0.2834340621676632	0.12094957573011832	0.5937362005878813	-0.1228963314969438	1.2045767819791138	-1.1259414417404368	-0.48072556019275303	0.14304752626998735	0.7402417148570838	-2.144261071037987	0.08622154715265491	-0.2740223110461709	-0.08161504095514521	0.27540522683328555	0.5967836023475656	-0.22566582349346212	2.3912222735152104	0.1444524024409863	-1.2991711896477698	1.354602083412813	-2.899393845224346	-0.7724900241961878	-0.26513539340013204	1.5804969242431515	-0.060529779257330156	-0.4235211668741238	0.33820058334108055	-0.7504797098798764	-0.16977056357364373	-0.32123293210964643	0.21785043264775364	-1.3733802089971594	0.21786003755160388	0.7828824224956958	0.4282718725926713	-0.8483686954849324	-0.16131709037828285	-0.3846414157286303	-0.2997572136605773	1.1455765365736035	0.12665567774074465	0.7321266051883499	0.6927500115740813	-0.6002403732793264	0.47589410250374686	-0.5841819016389247	0.5868307971730851	-0.5249602952544448	-0.9579288823802753	1.411234178329181	1.2167241150697303	-0.5726910108743357	0.36296781235169323	-0.35657203413631733	-0.08620521125312718	0.4440983724452324	0.5200668090046607	0.1887024657576997
DTXSID1027184	11.745225562466745	7.7987644902929265	13.559744005175261	-13.239331055030544	3.5154194703454884	-1.5176959246386479	1.0085937469095096	-2.2937163110939975	-4.905908888639929	-0.9899185302002946	2.6515958394162444	-6.350976607705363	-1.9372575911279957	-3.0407860058070892	-0.6645080838380426	2.2126775804500056	0.7823564496371472	-0.7867680962134175	1.0638210805536872	3.4393170921668577	6.3015239601319255	-4.177609305026456	-2.370566827149534	1.1935055783839874	-2.7720679343142605	4.079808210636321	3.6339733068456503	-1.6072400408060301	3.041920204577817	-3.148429447209024	0.5648254502023736	-0.19746717795574603	-0.7981559833300123	0.740841682635506	-1.0631428320628746	-1.1915827045132645	-0.5883670507029758	0.8450011009879757	0.07887895559524151	1.3314207300355796	-1.470610279548812	3.1518239129178935	0.9873319588319123	-1.8314980473504396	0.27150643494780335	-1.5438689880222332	1.2340329806116805	-0.930628793549516	1.8157933085186464	-0.9928322188639187	-0.16297590822135846	0.37803768125487397	-0.4093920128862395	-0.5557250214159539	-0.5233689506651301	-1.2231358012645672	-1.0544237871402538	-0.5219671742316668	-2.1338393919830767	-1.7135803555278277	-1.3858495574098073	-0.01248127852969179	-0.5073824568395974	-0.20117930420100055	-0.49314913728858445	-1.6685305145291263	-0.46719043969187335	-1.0657442733179987	-0.786521482719823	-0.9035667279202234	0.49042389682241433	-1.269517208671123	-0.4715195627537544	-0.8626650410382624	1.130388220966854	-1.589902677069751	-0.6049592262961829	-0.3214681306917318	0.14079731146373564	-2.1012120086677744	-0.10729115497599627	-0.4987459024119576	0.9743900748269523	0.35076706211392134	0.37940265132865214	1.0330770045551054	-1.2689917688706345	-0.444238494828171	-0.17787323771944757	1.0790733612235595	0.7535338747488414	-0.014608212835680166	0.7943485073906099	-0.7382932860871071	0.44622018227914534	1.2906966493590766	0.46806848007940255	-1.5335297850499523	-0.18735399624149857	-0.6713846237551085
DTXSID1026906	-4.656171200962003	-7.336869672138489	20.58591878958057	-4.537700124459935	-4.146674929827901	-9.256420426826343	-4.065211764511416	6.663219653216897	5.0847498264409285	2.113986378250579	-3.7114739520416293	-1.9606292792976743	3.7634558881632962	0.7238347156070593	-0.6633568783219319	-0.28097998823792525	1.025443444242892	1.4786531697646188	0.6077288614524717	-1.0362284151589491	1.1705091031224513	0.43279756156933147	2.2088216765000537	0.19829123225771753	-1.1681195901670023	0.19236584231850226	0.12106476317103537	0.18970684367901725	0.4817860665803059	-0.05099570603003141	0.6430653291792086	0.8730920037944233	-0.5519403549032242	0.587044522675958	-0.37959679634947346	-0.23781063610143674	0.4349562456435562	0.534683765168282	-1.7803545375045664	0.6936663269356459	-0.16138241432329456	-0.9817914960267563	0.08456439244130787	0.23267011702153226	0.27475874390368954	0.4948035767199108	-0.541847157718804	-0.9396495787261585	-1.0024295133637209	0.41209420925191337	0.9349671408800739	0.4253714453767346	1.5152763328331265	-0.16507443933998564	-0.05971858710665776	0.22075450215458478	0.4006333283189779	1.1107276883148098	1.1379265090701702	0.03183968067296335	0.6164455687734999	-0.008225413183008555	0.06521722660343368	0.14893003998069532	1.129543898538505	0.3683016032513154	-0.03176799183290591	0.161636472918167	0.5156500000864702	-0.8181553473740127	-1.1334961636301037	-1.070229606219472	-0.31029506389417605	0.6006080312047973	-0.25864484730871634	0.41770881662597553	0.022860830841547136	-0.6898662410862566	-0.8945757211360494	-0.880306886915735	-0.30838419643301573	-1.010882298815036	-0.42347208555498633	0.009433059671796164	-0.6004575484187401	0.47938804783804506	-0.017599928036900116	-0.01338516033721615	0.004354002360272406	0.06288640828016825	0.951461243080952	0.024992593764806705	-0.0679569470456255	-0.15778298342434469	0.46571879510224046	-0.25262540912137954	-0.4263268184489348	-0.7713413274559918	-0.20303629315658334	1.1996719820285349
DTXSID1026908	-14.456853184203627	0.575083730748331	13.440660461477119	-2.8598149104610933	-6.512626236933382	-8.880451859970432	4.1606509019347	4.840534663397559	0.24830977777003432	1.008626328545549	-2.6430891347734224	0.8626680124341579	-1.838857654148461	4.964352736044098	-2.0027745258815557	2.562998134574657	-1.508028091078371	0.18435214402616945	0.34651893614829526	-0.9427876232864589	-0.5948497669998566	2.983943020362706	-1.1486080833161008	1.7742191691920866	-0.8651369081559883	2.4649282545458133	1.3322770617071433	2.752420537656443	-0.9017989029022611	-1.500865003267867	-1.2901057246718135	-1.186579030285398	0.441426256977814	0.15871238789351744	1.2960727732206587	-0.12556361573190003	0.2526757216084622	-0.595054611841688	0.8896233103698398	-0.3553933652985208	0.86908462299702	-0.39238081001203956	0.42722120514108974	0.6917782145829915	0.0926462255818361	0.38694224597932125	-0.631355555802505	-0.19822364340124257	-0.483457717014867	0.7868378689283921	-0.32539153386193786	1.4699185612736398	-0.2279025274827953	-0.13169961277407824	-0.23924453785688407	0.5662133385771455	1.5558834603715646	-1.113875575289337	0.3669867334872149	-0.19392946496159325	0.6365457974212599	0.16089970701794784	1.4773319752982685	-0.7041722015354855	1.0691075914880364	-0.07279045891889145	-0.955843084381219	-1.9787925585550044	-0.22609390347466424	0.8181073649410372	-1.5525298222738586	-0.33917967686231126	0.2771765314229986	-1.1709467843675356	1.097331946846354	0.6739264244460936	1.5242894502634878	1.1087936037405645e-05	-0.6240445051867443	-0.573261758031102	0.04185418012355513	-0.7720534830069634	-0.9690684666396936	1.125040921556965	0.8036551796130125	-0.31889708340888817	0.7395336189737165	-0.5623951813733188	0.28385165076840674	-0.9380293864982999	0.14998442001833837	-0.11159125283131745	0.007726988198189782	0.3348515338514097	-2.0055866167236025	0.2584122734009867	0.4091184385592557	-0.7549512698587847	0.9490834736021527	0.29588619506927033
DTXSID1027134	10.179588230423743	4.495583100074164	15.275606054796114	-8.724420983579783	-2.992787638248722	-14.551656718083489	0.27934827625102765	-0.32442472782672627	-0.33366060043698603	-1.7687574799532007	-1.8646825044189217	-2.340607987657123	-1.5096260240534607	-3.2168644144676346	0.9351231886472227	-0.9340832086947054	1.0145214231101525	1.8611496082023342	-1.4210108257423932	-0.7515396967280596	-0.20201255656875508	-2.9331539912591094	-3.9990709417492014	0.15834394942937052	-0.2881186435501808	0.2427017661444993	0.523952513058867	-0.7465583660318911	-1.6559415851611519	-0.23739122710228347	0.3683190750825422	-1.449174415515886	2.3882522879788244	1.0935091594248219	-0.9527754363521592	1.709334757052758	-2.0461760926951023	1.1904950946101986	-0.1935993933239426	0.681481143642638	1.247424004256806	0.13134669045909714	0.1715885145956416	-0.41739010331994697	0.6157307879038766	0.8891021745975909	0.9410080117202405	2.0847268482451087	0.45380965893503694	0.9420761431474296	-0.7606515799637881	0.696087746239486	0.41664986406241605	-0.6042351874695195	0.4100117082834301	1.2060895800095315	0.7529967689597811	-1.0011135897471235	-1.1583512709080428	-1.0573036585172075	0.2032735330300381	1.772085444542944	-1.079967877787287	-0.7117630575495031	0.7454740675107117	-0.46343431059568146	0.6040364933999608	-0.639427562921392	-0.3093318442621685	0.48166142379516347	-0.49941658101522285	0.9570384108813417	-1.0975091692990904	-0.3804200065167754	0.1129490450503628	-0.48941526032911215	0.3013652616755145	0.017629118248477932	0.19645766518575172	0.729333479427671	0.47830314765547655	-0.36983380923457165	0.74583783058125	-0.07000634522654975	-0.02628637282742701	-0.4309900223809632	0.11571180923880915	1.0465480175457182	-0.14598749584264323	-0.31833378232600523	-0.32292411106634045	-0.2042360805168962	-0.008935226806947645	0.4218028395246454	-0.7125701698002946	-0.9456555667914464	0.28028524902749624	0.6038493450804335	-0.48747989210051307	-0.8495825173537319
DTXSID1027500	-20.33712902175921	3.5658033390670747	5.33046844419214	1.4613918541403432	-5.6281015467581135	-0.42119395531128945	6.148506923841449	1.922586820435223	-0.5140032556714352	-1.1024530269275907	1.7745426281201964	5.384716821643555	-1.0493625803070419	3.2083727843646894	0.744894161343005	2.373132431312681	-1.9030042860246934	0.7425520113815586	0.3436467167225313	-0.28462875573967666	-0.2134807964201058	2.341863351850318	-0.03919381643041541	0.8668191197870908	-0.6839017430549432	0.6831040663831255	1.7060985050246513	0.45469995915225275	0.0510352937999636	-2.1298452048494645	-0.0964265200206355	-0.29334927861911625	-0.8613844271438033	-0.23840663845218696	0.1088036928144794	0.01928232069548818	-0.6180603065292303	-0.4832972296363029	0.5404838655781274	1.2187788721920891	-0.5236185776120406	-0.9052702886505782	0.3242879897736125	-1.231348775497814	0.8659670838638812	-0.024572310182203672	0.6048127970993086	-0.024070519420047107	0.4294186091362364	0.1980544657624329	-0.22218706665740176	0.20112019684813714	-0.7466631028133879	-0.9135041028791773	0.22077811088904797	-0.24717033542720987	0.5646684447216455	0.29371242885504056	-0.009285058981863391	0.24189586779008015	0.773610505988888	0.9759678652891689	0.28620582635487773	-0.6037324497410073	-0.8137458197395839	-0.3787077531524317	0.16286672801341567	0.21551320399005522	0.2822965061267638	0.9590651131078254	0.7837008007900363	-1.7812787720705754	0.9574073305414409	-0.6516412473749945	0.4557951924159197	-0.14904989032620983	0.007940011974455471	-0.611193700771078	1.0242017933305059	0.056861805345833384	-0.1255632659320043	0.341811687582748	0.11302708356619737	-0.38080764201215905	-0.024951330053903258	-0.012101824092036797	0.6220197846044585	-0.2477927352411587	-0.4491570552803064	-0.8215121659353558	-0.9431216386986988	0.307866289800627	0.1778412796289305	0.2856266109188429	0.43916463699771885	-0.1273166837429905	0.9981945688158606	0.6743905542811586	-0.005995988060785212	-0.29508084734885115
DTXSID1027550	-17.455733296557554	10.482556775585861	-4.646078916262619	3.1488987799178654	-6.120992524090477	2.2562132879638432	-3.2144256964423095	-2.3104904112367	1.114788367218037	-2.660433977559098	1.160193711568001	3.8065348657853786	1.9145883227535465	-2.114081350609166	-1.2701254751441116	-0.6823686626425645	0.8811249476412834	1.9601719961754966	0.8274643944923685	-0.6392075630167388	0.00586303060524222	-1.4056227026614172	2.2416609519955575	-1.6833526011849096	1.828297251360532	1.4958006147383278	0.3388634432973769	-0.904117900017471	-0.31118952009748757	-0.923815589645493	0.3749601503395015	-1.6746636679514335	-0.07403928069695859	-0.4566103887682852	1.7227432444617117	-0.4824698739684612	1.2876893151295625	0.6616035435275837	1.7262862896032025	2.1045111594981774	-0.299458140106517	-2.042578055268442	-0.21673355798749264	-1.1692606986300222	-1.3102989294958234	-2.113224637108836	0.5647890327937414	0.8684729690107239	0.03300678395243896	1.040758227695506	1.040043597573667	-0.2798315736606353	0.46682862712965845	-0.1668602569885332	-0.741803968057684	0.8220188474016947	-0.4992226285622324	0.1346414880082373	-0.2593878525427531	-0.11625292281047324	-0.25904756682063534	0.08960659513310294	0.3314030342510762	0.1973272496598828	-0.03314869386266491	0.4689419942134465	-0.11710936825537203	0.3790050574743192	-0.9437854196274507	-0.8547030699801039	0.15104772618254175	0.5593743265546657	0.11631064202207415	-0.3909531256160486	1.25804395196245	-0.8002169159212535	0.8119757322825188	-0.7495192904831349	-1.031688428131087	0.4103124526901779	1.0587438812471384	-0.44826593258156894	-0.03930650142854455	-0.1713050789881944	0.5875433404976018	-0.545794911781693	0.09650250838861076	1.7028130547438565	0.8854120627516218	-0.4863454617730612	0.8304298934640861	-0.4847411308415957	0.10693030506809516	-0.033629121275418034	-1.0981275854015444	-0.435410679941213	-0.3328886399008228	-0.17158230226744253	-0.27869783081972743	-0.37041300768225316
DTXSID1027920	3.04401482410853	-7.415621503218859	21.863933686650505	-3.8395651991325597	-5.587234931116086	-8.412027836760455	-3.827954906353832	5.94788624240054	6.917426734332873	0.35309679217222256	-4.840552574908942	-0.3919033609429952	2.195851388401678	-1.699810599569321	-2.176145279894196	-2.656803106118602	2.6413654516959806	1.4289374502730985	2.0667678408934878	0.8212809569137935	1.4761322488380855	-0.24318306527075265	2.103602180717658	0.11693237648985982	0.1943733512933623	-0.2699836680705884	-3.171093662466032	-0.005859187754119443	1.9889980993883851	0.020955127130879644	1.0961987701123361	2.0262963243553305	-0.3857732812342479	1.2647990144160541	-0.47350121021408126	-1.8460942693004665	-0.4167439519755132	0.5886062198201398	-1.6563394100935478	0.5989104463907099	0.3627997657691046	-1.7811012706979812	-0.29874573903891954	-0.576691791273888	-0.3291233403055003	1.5888080586646762	-1.0561314749150006	-0.1215195127078849	-0.8111854561849337	0.3364935650259054	1.272390560840035	0.7412154138216285	0.8626859109141227	0.4066353910208127	0.8218525373871763	-0.7597860073532184	-0.9446683018256286	0.6821749083198516	1.8387064346570914	0.4075465630191189	1.9831439141434095	-0.5796120466105436	-0.23335830217616113	-0.3417936680938998	0.37180685127472335	0.44142015622253855	0.16722684562931928	1.2314249224811524	-0.6444011552884304	0.047855247520465036	0.26732367253288064	-1.3541090949437238	0.43129914417819737	1.3063854898494212	-0.2464525090481958	-0.03984066327459731	-0.772869077475866	0.11721654087640418	0.13384108977726045	-1.2076235290511816	-0.24824271235355522	-0.8854702932549964	1.6567075300964558	-0.6169732411390838	-0.7695908505159296	0.607478860377945	1.2349960440011296	0.7774836578628972	-0.5386780611813788	1.299172204252493	0.06791699977551592	0.8626636863585218	0.780219010333304	1.4290772702339234	-0.6059048037311181	-0.6666494409396977	-0.10229240718174464	-0.03634339555751264	-1.8284550510173578	-0.4350706923133153
DTXSID1029124	-11.986894206744886	-16.41296899677663	0.6800993579671784	-1.5311412762039152	1.0422585312971684	2.871592149617536	-9.870296447784295	-0.9535724265800196	2.037857844391632	1.2299381756345054	4.482414535595964	-2.54144145203053	-2.193595487256995	-2.6883506589636648	2.911832047077683	1.4247985941542958	-4.653674545233694	1.171773928425955	-1.601439842777928	1.7654530670073558	-0.93671157344274	-2.8168449943860883	0.9015288162734163	-1.0286412576714576	0.09742097577873897	0.9819404487229044	-0.8851318457545732	1.4092425581079848	-0.3130023336867658	0.002658184485754152	-1.5976190132057044	1.105390105900222	2.158006900320587	-0.6516294382089383	1.2505612723022788	0.5155441211711439	0.38639452899300436	0.03555218665696245	-0.4101049106753032	0.4466994351319507	0.0008231985094673993	-0.17148947076514315	1.2601132189055728	0.6681752801717243	-1.0343583631497377	-0.39825689592706953	-0.5508844214899319	0.2250719823612691	-1.3495240033075782	-1.0943687690757553	0.04511762822738622	-1.1228398214491497	-0.6928582004773083	0.8197542045511831	-0.432222428864613	0.42105597757470414	0.9419078410058616	0.8218049438676258	0.21716738164317	0.7931110047422759	0.34709796354059635	-0.03652780428362268	1.19709477670609	-0.5767357598638633	0.07104712011578072	-1.0322701643862824	-0.32531036650833595	0.6440454865144236	-1.1882820192453218	0.012486156333526203	-0.43087966143909945	1.2916014906221667	-0.08137103637375108	0.17247036264474488	0.1635185392513814	-0.7757949138237045	-0.9714685475804001	0.8034128604939923	0.4574409895711867	-0.37355149487099576	0.876402555159403	0.5675763007882166	0.9476772575463538	0.08784079354183046	-0.9853552245307517	0.6125070607731551	0.6020780888134403	-1.123303336773262	0.7555140258000366	-0.12874424656708683	0.36173661060363943	0.9788673327525365	-0.05523292780742451	0.32055127850676574	-1.4694017991289126	-0.5793775940978857	-0.15608029788767733	-1.706709162329544	-0.006532974993569801	-0.35973823296106416
DTXSID1029128	-17.010901099193056	-2.479185872468932	-1.0498837609357683	-0.35729387150008673	-2.8829748249453107	-1.4244994991603142	8.427396803307072	-3.3850899765686018	-2.146856442461849	-2.948720808938077	0.7732356545945764	2.6182410866694856	-0.6386400155119409	6.351375648103424	0.7883811142241829	-0.4609236819284314	1.9050394336436494	3.7750434334088316	-0.4945743312952286	-0.3192251950360007	-3.044975985987921	-2.3424255847078195	0.726201782294882	1.2668551502180458	-0.6868155844160089	-4.308932239210538	2.356421458158285	-0.4088184940373385	-3.273796395478116	0.08841458862091085	-0.538329677366981	-1.0235199347742987	0.7491537653654542	2.3328158633413962	-0.9330623221439494	-0.7391088316509963	0.20326543078382842	1.426337211614535	1.449234648667213	0.3121724034087983	-3.7069710479459044	-0.8497534443221683	-0.20225928183103434	1.276551010326878	1.5920494565597139	1.2811312712468164	-1.147598178934815	0.29783408573449716	0.2771580553528939	3.458493324028799	1.8322543534070979	0.3933821466663221	-1.2788908052184347	-0.14588216735439255	-1.2585708823128057	1.0866649844561047	0.13664363037018062	0.20999239473963818	-1.804183154416988	0.8395563374794001	-0.8691689971672348	-0.8387172246683688	-1.6830439723306476	0.6319464254043576	-1.2930235314435201	1.4328813814631502	-0.9434683381162231	0.8340223883778888	0.1899928955196645	-0.5935470626233724	0.6741555502618861	1.1140036237559996	-1.0728569135735269	1.3692585128857089	-0.2813529986268791	0.17804821735604354	0.6034918029798829	0.1350100087972315	-0.96749001659314	-1.6510277881321613	-0.31354011901937784	1.0450182105221308	-0.007326495281604002	-0.360843451557571	0.4193097506777616	1.5725729225629994	0.2015647049468063	-1.1864858169413015	0.18233141706287592	-0.34828290924100036	-0.0901194532804631	0.8252274290832398	-0.8577188270105187	-0.5477915637373441	-0.5907953273797147	0.5502485969883535	0.12223677913884826	-1.248085946776956	0.38040494434212285	0.8378343181520478
DTXSID1029170	-15.130470346621777	-1.5270279203762962	2.949238184592751	11.471422673950592	6.044241072695234	0.6835702748487742	-7.6628514159080385	-4.406979099099291	1.2914278004081046	0.3575330052124819	2.110472427649564	1.1625744363137096	-0.606511725064066	-0.31036043950819114	3.7002620577018535	1.7571645894228143	0.7094548345095808	-1.721321295468472	2.015565471511651	3.1931032033550926	2.6103666746105265	0.3853885146112452	-0.23035858017657032	-3.035628130615308	0.8401670520855811	2.007087738626626	0.13880619160710822	-0.2273584390980624	-0.164731928965653	1.820679864727111	-0.5367789244957714	-0.3156568082648156	0.30938224586524654	0.8981879126158332	0.43040433053002064	-0.05748147690440734	-0.7442902937140027	1.301103409855173	0.37911167446994964	-0.3984445560189365	1.1437858577046682	1.5988949000131303	-0.8782339723406023	0.05842605676726392	-0.9762254474681931	-0.880140950119934	-0.4734232153312196	0.79630498917658	0.011666422880314872	0.7077230930726028	1.6494575334466297	-0.3619058089991611	0.3778704548649385	1.488425307964821	0.30097263281381964	-0.02933461002464796	0.6752461927736461	0.10624515441947643	0.37933405476192283	-0.6722544837253207	0.29790482113345884	-0.5793736106242089	-0.24715182428530294	0.6531123642847072	1.2136528554981771	0.1727937251010851	0.03635718233156821	0.2311391413363332	-0.18418368010464672	-0.03484355263230546	-0.3213992676740003	0.08129489156455895	-0.03526478756836664	0.9742563757930783	-0.15389031789630778	-0.03185778445343309	-0.6216317039378112	0.7938807591076227	0.32819645860426366	-0.5637909938914704	-0.2603796569492529	-0.6493281226903593	-0.49717730860910336	-0.081366771625386	-0.8819263226921027	1.382836711892215	0.8377635173509427	0.9404739235205655	-1.493203541471057	-0.4828357014131357	0.2849443298225375	-1.0137969598533532	-0.41464048004626364	0.3432068425850709	-0.4053442293147678	0.779066363729379	-0.04536637430576071	-1.7749023989196395	0.9907394745286796	0.8441003003922899
DTXSID1029677	-19.78084905817675	8.539808786629719	-4.062777411468191	-0.15514123471640134	-3.3899932770165897	4.439777287986768	0.9393479321713842	-0.9817189002572853	2.0678798401646312	-7.012112747861039	2.890937905125492	3.89561937885684	1.2842727964670284	0.46144936186337	1.4679940984515778	-1.2198342845029073	2.1772894103727047	1.157512496794134	0.1981382322002954	-0.3701006755731172	1.4501746450763071	-0.50332211803269	0.05950783305410765	-1.4077925929128852	-0.8492985856587646	0.28581067793914233	-1.3297316779403943	0.44696125847040424	0.4240377735165663	-2.042384215607618	0.9819331928740862	-0.7269859286988031	-1.6190374056563996	-0.8725957257075345	0.28564528382924187	-0.03621247679107121	-1.0791325718657045	1.135470010799156	0.8341571222360107	0.6106501309036055	1.0302644004191852	-0.9217192131461486	-0.1605225351267839	0.09605949294141923	-0.6941139638318421	0.6535039873283944	-0.9137278219755842	-0.03174434139640865	0.02426489186589402	0.4521913598804131	-0.5142945620284052	-0.6704296121484046	-1.2716473638870518	-1.5412744014930617	0.338794158267779	-0.1531341496385377	-0.14185458575109194	-0.8612360937526857	-0.09302849401705324	-0.0425563871574173	0.16931855172164167	-0.3568059166605953	0.24917264708533846	-0.03256934660648281	0.2415552483950054	-0.22559830020294364	0.27444805231630076	-0.3589798322094358	-0.7249095017805953	-0.5690838831149051	0.352232811169211	-0.209151830414009	0.3724854496965415	0.4107977215084128	0.2636423531871985	-0.4146179802555379	-0.12721642677986345	-0.4514226861180197	-0.805204820686264	0.04420025189401535	0.16293756942189835	-0.1173330838488135	0.4206259806336049	1.6852234356867637	-0.5706267883725689	-0.9157311902656244	0.5219903365755151	-0.9570158284675926	-0.030051881697764612	-0.447293587985119	0.9421620294100793	-0.11313545381712788	-0.9710314449481953	0.04034558278284031	-0.2287675495237413	-0.2558647704921504	-1.1982643610297674	1.2019472292296802	0.9021823224762295	0.5541452548677313
DTXSID1030606	-3.701070121128768	14.82518577466266	-5.982492096476839	5.815126650700844	-1.1700127876440343	3.960510596760884	-11.002441818689718	0.8688541343158992	-4.30877466108072	-2.5055844414256288	0.5165634114695832	-0.8625142099315051	0.19597120064333737	0.7954586165938456	-1.2444562946739224	-3.0873567606552292	-0.5623169672685877	-0.8222609704447852	0.14768367631364773	-1.7718961920900953	1.9235161142005697	-0.8056222063485122	-1.1160040508265558	-0.8652772236737077	-0.591117280704088	1.8372910177460022	-1.5181738856212392	-1.401395569057407	-0.4441368427662278	0.6249594359938854	-1.7210328646466972	-1.6806591916082176	-1.574434410644069	-1.9397296123641574	1.4521086264392522	-0.6960595052111129	-1.3910966242102716	-0.1635287718092365	-0.6050672248311422	1.0748148365509158	0.5351796062974932	-1.3376640126747945	0.9573574539656928	-0.4698198792378532	1.0413344220673295	-1.0566719564807845	-1.5035766003981803	0.14200276101980808	-0.10135946163149849	0.21238893780411258	-0.20304390734837766	0.705505784241533	1.3380040769698731	-1.1985692496691969	-0.7680297024378852	1.0450693715147539	-0.9683453206198547	0.9270078929382862	-0.0056768823797665	-1.4957844175287414	1.3737552502442925	0.14451376633950486	0.4045686492071135	1.3257808582228068	0.3874879292690907	1.372841270932728	0.2862918559504436	1.4417929866719652	-0.002320558050360764	-0.4888815653669288	-0.47776600765974847	-1.3461807650626199	0.3137602621941579	-0.7977983738263892	-1.7258451843373834	-0.2690577897161206	0.4342258861911912	-0.15836577990744502	-0.5449701212985918	0.08125186085355333	0.03370640833022828	0.9442501494544235	-0.5147219421158532	0.9341089636854769	1.0762065086485322	1.2239929379252084	-1.062011707555389	0.5283563343093154	0.24899578626903515	0.27819094513353937	-0.756431471857115	0.25285240724678126	-0.7689427742673216	-0.9342117641436405	-0.89425470439939	-0.09257378925888525	-1.3561922693710242	-0.5005725970146607	0.8369025860035705	-0.3734813327098888
DTXSID1032303	-3.2285222209879696	-5.680287923880362	20.307466808071	3.6472152903826087	-3.393749681834209	-8.413695636681366	-7.189577771122025	0.79882646422072	8.468935170424015	0.5930163015592965	-5.076122131073134	2.5820389037789693	0.12491877130620684	-0.6627068593804211	2.0105355988384495	0.056146037212718186	-0.36813406456238346	-2.8087249486334436	-1.9478327690803328	-0.9126612459716477	2.8469432325176913	1.6295001211517595	0.6147529738845128	-0.1754040595033923	2.088310887529127	-0.646145419677011	-0.5441254318868861	-1.844371552325532	0.34263086069811166	0.5959090598758134	0.9646031150328991	-0.28178154255051807	-1.8325809433197198	-0.025873381144715053	-0.8265044501158668	0.44801339199769535	1.2445407097699994	0.4586147139269982	0.6338558869350498	-0.4379492637357311	1.5256292519324464	-0.062294179143756734	0.0022663217578739263	-2.254799731881479	0.24694534280821284	0.974938091738928	-0.4427326973473205	0.8493463831743006	-0.5080319966463296	-1.1193865240127279	-0.6958736587545409	0.0046883715993479924	0.13829830035976276	1.305391351432983	-0.4597396063115299	-0.57896798194508	-0.11392895238115747	0.729929812255466	1.2944460041160961	0.26306948883712084	0.15733232482647405	-0.5777428627589533	-0.43204101192717176	-0.5200642272063082	-0.4346247940497473	-0.5692662765630236	0.28976675803031043	-0.3908541097628691	1.224585838483987	1.0399751200270142	0.7895217683900382	0.245109114931171	0.4663609001756596	0.16752625782469183	-0.2685188843177639	0.6111039226671424	-0.2278132571428884	1.5248822093933965	0.23824419440193684	-0.8131489128889545	-0.5386271194920885	1.0695129334609765	1.1120370988990083	-0.7954954111509142	-0.41178250240458075	0.19498817888625986	-0.04408407667146078	-0.014033162813495014	-0.1420012890973258	1.1547138185581212	0.5829794688104051	-0.5093211579174541	-1.0835645683920627	0.5802758822454549	1.6016887254191399	0.3544045718873071	-0.40537668624413564	-0.16413781749229536	0.16620058078805405	-0.1454886512424786
DTXSID1032359	1.5977381017183467	-13.085168186151872	-12.759087472198976	-4.616426749729923	5.2889741839612485	-0.16388717223815455	3.4542889351886323	8.980707872604949	1.9825130197770136	-1.00689880802086	-2.565379268186095	-6.17334209057028	2.49192975497878	-2.68446967825052	-1.5391091876911176	1.1201740922959376	1.5471593010737374	1.4968212957700833	-1.8615173052318128	1.3855484962226952	1.7182953555701734	1.848795144401827	-2.7969376186744546	-1.3047078212496044	1.6325387567541016	-0.31510963105551604	4.354066832703824	-1.1616089897458535	-1.1054479472164058	-1.3378313790804321	1.0480473764553428	-1.4120653385589543	-1.9448571834973503	-2.406467951573455	1.7036016109635956	0.5726858820236195	-1.0880262932124518	1.6514965871236567	-0.14223050135676799	-1.8788325579950322	2.3028508528836933	-0.5049404655798944	1.3930934476458483	-0.7768428794016646	-0.4626481361502092	-0.061429922898496435	1.081079394640354	0.5408056792876423	0.45528560421587155	0.8509384102826731	-1.7706852339038766	0.7337095787745903	1.5313357342069203	0.04540029776094847	-1.3325741251567862	-0.15422954980271578	0.6863437447611282	-1.4457542341325056	0.2450937470985005	-0.5046012636374863	-0.21853759746059476	-0.8332789381373433	0.23527482698840144	-0.5183125837074988	0.7822691344140923	0.4877654306060713	-0.7363035478301985	0.26684995530430566	0.2568138375078091	1.531695595855728	-0.625184008682452	-0.5236762239245258	0.15292031026257696	0.5557829919082129	1.1148650086460636	0.6328378468854798	0.11224976557000742	-0.278211293656719	-2.2342765793333648	0.512865976563973	-0.28184786814659224	0.8290836311148968	0.30103223891227704	-0.008674830474733806	0.007967374809875255	0.859263220806141	-0.7836421095235488	-0.390258860342635	-0.888009578941144	0.09929457470824751	-0.8458853789341827	-0.9793936648141592	0.0693895209439172	0.7999693851115658	-1.363880801448245	0.24815884244464081	-0.04189085438594769	0.9389123542491016	-0.8982918180082226	-0.07052294383127618
DTXSID1032482	10.38177551041331	4.556667121103104	3.7113201041133155	-12.013714818404129	9.02340813022722	-7.87983240829791	-1.921745302038611	1.9461690189459624	-7.706507767183619	1.7979122690593954	4.274632947432925	-4.105517713025218	4.723037554883076	-1.6163539255113557	4.412668640719582	0.8043838023472886	-0.20162801295577504	0.27205313477385956	-3.293499686163302	0.7811716841428185	0.8183746751789008	-0.8791015696401362	0.2345190131908224	3.2867389855326605	-1.4483438108734226	1.2589442216435418	0.9016625278895519	-2.6727346509220324	-0.1795346873609404	-3.1607099989264915	-0.46251064090843386	0.1237932296611877	-1.223194923408442	-1.3477271148472394	-0.8324319436803859	-0.6923904984856757	-0.3270065333554133	0.06316541944420433	-0.6740357335648222	-0.5134291589372789	0.10100932950221271	-0.7793837862300976	0.80418225890093	0.40008071426685526	1.9933247199864765	0.07152635114393503	-0.04236025516981472	0.284469418656498	0.6039763979489557	0.9472076062551313	0.16715520871356074	-0.3094582312134633	-0.049798539577326155	-0.08944333579811141	-0.5422020037821348	0.3538116245254257	-0.9251652302363825	0.21989101300270422	1.30584860742365	-2.1124623554922	0.5134383780760403	0.3229557799036393	-1.9768916317620713	0.8488505566572038	1.2699462502188064	0.9061070442598258	-2.335838028601554	-1.1183366113730635	-2.3212376650731343	-0.7831004679858685	1.2960599936400283	0.07909462646984473	-0.5765298784603348	-1.3155921775657313	0.08141387776175682	-0.9548214500032937	0.23560696767321793	0.08416949050371622	0.4522498815045822	-0.7394256689287185	-0.08253282536836168	-2.7403040843310027	0.06285887848309013	-1.0502372712688892	-0.11428691341833591	0.2845437871111947	-0.3459422380903943	0.2660756747737749	0.15100191594110252	-0.7516744912172636	1.1970552406545996	0.023203183823010877	0.1166024278767257	0.9648858021487863	-0.15402432750871825	-0.6020627691054822	0.45352768270458593	0.45790403009625946	1.0637591863660782	0.6967629202168125
DTXSID1032484	14.586385860222403	-0.24032982202104616	-0.08167488310955956	-16.161255874848937	-0.6738441333367428	-9.400756134096554	2.55791431201855	-1.7294514883999599	-5.862481206767999	-4.093158165106506	2.1320801862875163	-2.3830470070484253	-1.8534905511480488	-3.6835399143979717	5.1172265363935185	1.1728291700112095	2.778216269940481	-2.136301477431446	-1.1272456581597363	1.2462197318984094	3.5252012142999365	-0.15157504724806659	2.067323745285794	0.009550534756634869	-0.09323041459079894	0.5125829689801369	-1.2533062858259265	-0.14460709332684585	-1.6748519726943911	-0.7583160360707106	1.0712669867149895	-0.9921137906948635	0.5694791844054478	0.9203760578608832	1.1286194245053904	0.824876446532032	-2.456595278354233	-0.8839662481600723	-0.49696844487500724	1.940919139567131	-0.9024253483302224	-1.7516758760707298	-2.1516558856619996	-1.2715508689956843	0.8659959501887631	1.2361338564895787	1.9605125435076856	0.5122516264845857	-1.5820388268561245	-0.07769418990005451	1.23658251699483	-0.6855607973516564	0.5838919985705612	1.2775048025306919	-0.7362975817543163	0.2189797990848347	-0.6598800975482328	-0.5382942190641692	-0.002044885692471045	-1.0157198576987028	-1.2931339901680956	0.8781049742340733	0.40488766530833087	0.5329257279939802	-1.2677199613955015	-0.22152017209817682	0.1024391926647938	0.7706304377483488	-0.42840735223016274	-0.365541138203527	2.038834529632606	0.29875368841558747	0.3744350658753994	0.28056129082718645	-0.5014593951762175	-0.5736183152555475	0.13683747610871577	0.3342055095961091	-0.41262558965201435	-0.1502557222439732	0.8768445411302692	0.2640586542264067	0.025629251666870138	-0.25991600221132855	-0.3112871844159175	0.8192357911666546	-0.4904039164216426	-0.1579602854832975	-0.4781602640584529	-0.5138395551601925	-0.7177791164193378	-0.42628290948371256	-0.9256581144418026	0.5834774782266687	0.06188960886504846	-0.35938880507272125	-0.40196403141738174	-0.5998622499443232	-0.6297974718559446	1.50498623373712
DTXSID1032488	16.17562719023168	8.531758818618885	-4.208793764817118	-0.9983852011159193	4.6364387982617306	-0.4942484022632809	0.15543656375281106	-4.752269048478899	9.159272307643564	6.103364701838043	4.87034899280609	-0.6817469747829804	0.17914510234941244	4.715208876796097	1.6475062425430875	1.3000174415131014	-4.293930455199165	0.3611445134247294	0.1535987902431519	-0.6670317907647149	-3.03158520407162	-1.1192466867089386	0.22921274844049888	1.7297678443228526	1.7895609107426609	1.6997900751534654	0.6395539607951066	-3.7152577943163667	-1.6255771971067068	-2.8679190254278817	0.6041755603000232	2.906837773262053	-1.4276735657430193	-2.8505829422909597	-0.7692167938519655	-0.6734461190896454	-0.6254222327356334	0.11351726964511442	1.5209788739797325	-0.011173958432512503	1.0033499354389908	-0.6842535547709555	-1.1798606578353017	0.510136557512862	-1.7677471079867697	0.6525617644879308	1.0424625039976674	-1.0291062386579746	0.8799817245542744	0.6421596529686808	0.8782695925832281	0.9241086807082357	-0.4620681296040734	-0.328791761840846	-0.649266174406706	0.9238961406220848	-1.438288702326602	-0.3680586415726954	-0.34972226560796293	0.46696087778508516	1.1213801255160376	1.6079595575026104	-0.9605706585212583	0.09821172862137212	-0.4635088418183693	-0.25692407537519885	0.10853139342792169	-0.11935731769180732	-1.4347389985562062	0.24012616583214738	-1.1512726495997523	-0.9603604456835695	0.7714887581110739	1.6957846431255938	0.48789434313668445	0.40269770927647924	1.580869765863351	0.5699748272458991	-1.4171022931538555	-1.7816654191680248	-0.4124977646078073	0.10337853147151095	-0.05549839794387625	0.3832794719430144	0.3972628906886742	1.3644028496131462	-1.447830118475827	1.5353908914584373	-0.03692524541278873	-0.46716031791488644	1.613611462670787	-0.08260900237675169	-1.2021528507360877	1.2420817845681313	0.4951652636163075	1.2276064232631476	1.5602939511698901	-0.8160522456428059	-1.516854613653444	-1.093049314569074
DTXSID1032640	8.272010213608976	-15.818017420741363	-9.930037212348608	-3.17435235705043	-6.21688539587702	-8.156072483922093	5.741173384296995	-3.0327820716300478	0.5411497455420675	-2.7429143781612733	2.6487139127014796	-0.45998990479960716	0.9065469126936453	1.3297678393263868	-1.7680530344689278	-0.07047854231065337	5.637140669566218	-1.8462089088393725	-1.4235873662675882	0.4747879531478188	1.87983798605365	1.8782216375424232	0.1722110383361215	0.5737291577274072	0.08258955947536466	2.028081050092685	-2.0459451957092396	2.0514083121198587	-1.59441228600108	2.19463403725239	1.1581087436813646	0.22907374773622335	-0.5506875088227426	-0.5781881251952115	2.719430721746247	0.14009352648409976	1.5015540223456623	-1.937529563217188	-1.0571983336633166	-1.1910719550714108	1.6610894641771736	0.7335032600892897	-0.22267905689357065	0.06835113776441103	-0.4939461035174753	-1.7630573004898784	0.368499959599193	-0.636289415651835	-0.712479829550654	-0.11438264368528446	-1.991614073943558	-0.4690557042845182	0.3189604225830726	-0.1714268125286649	-1.4011873748743577	1.036354603277616	0.13879003711764348	1.6191389311694984	-0.7183751968342105	1.0547834624937042	1.3308973050881778	-0.03398081865169093	-0.9437019571235872	-0.8729811636812995	0.6041390202837822	1.008302538154801	0.8228840245620932	-0.31414255051413026	-0.6018792079095208	-0.8044634123651643	-0.11792924676395518	0.20147861037478434	-1.574388820067791	-0.09796737954924187	-0.19397857571100222	0.7499550161084403	0.42000918555394323	-0.18797997653747553	0.9087189272209446	-0.6796270306317603	-0.5555323499509373	0.3609795340008716	-0.7641247136775492	-0.6007611205799123	-0.7536923367579695	0.4109668013893972	-0.6861581486343471	0.4585616847996832	0.7107836834954179	0.3300616732560826	-0.5657676559353174	0.2000426728643643	-0.5501036623452655	-1.8435512423928677	-0.4930256421367594	0.5864056400850242	-0.32752891813405355	-0.7007128997680461	0.06481060640578512	-0.19561811909367774
DTXSID1032690	22.02874955309214	7.778412641841307	-2.7046518961192882	4.910178178022856	3.1345526732517524	2.122744148178982	2.98091744560972	0.46912648075658486	5.0813677849140815	-1.3484696613222764	2.2434746253881714	1.2917956391320382	-2.3030886277972407	2.3045686411412496	0.4126792767566714	1.5776373390143512	-1.64248129717999	0.33667907724312657	-0.09716761696459522	-1.0575804807638538	1.4107721577695445	-2.930623643081875	2.453743538386604	0.631083096522865	-1.0547332048630855	1.3596620509086725	1.4237380904656414	0.5113093007745961	1.2038422641777589	1.0115108486962388	0.09083963900965504	-0.2255753612594374	-0.537358021453122	-2.1318352989014224	0.017009173425953282	-1.0934509486446582	-0.9199196409470826	-0.7939151334979057	0.9951368156622109	-0.35877781664584346	-0.7003790444263116	-0.884105283909039	-0.9225138502882897	-0.5934326546637283	-0.9550466470362385	0.77743267800261	-0.45573291151812995	-0.3518791073506872	-0.4441197107962001	-0.5745530304928211	2.1310056699296687	-0.08468224025422925	-0.779954410975534	1.1788981649363701	0.37910487233277207	1.609735617793997	-0.966468076848722	-1.443266189598995	0.28313246315332286	0.8502083576721421	-0.10342260961850956	0.49557221077859204	0.06488385680200054	-0.7642193803735287	-0.08203849487271044	1.0944729675363265	0.12370184415773085	1.0234196246556517	0.7389385977617206	0.48118058518705537	0.69893458735383	-0.13710148987304335	1.2412822304751228	0.4864000984928161	-0.7290896048096147	-0.061522223294001664	0.8589804271892828	-0.11064887074865112	0.13486044557580434	-0.4381339745554251	0.8764530199236669	-0.23263002451203332	-0.513573883712828	0.12871214426468808	0.30646546690825277	0.512831065990646	1.5007371805344571	-0.5483687927098169	0.7073180103871808	-0.05612296170554867	-0.3318582199084646	-0.6747034759131083	0.11081030878632525	0.40149824119267113	-0.18488386242948485	0.3975574386060456	0.5928773269968173	0.05972497477716925	-0.15988298729223477	-0.8185837932610251
DTXSID1033161	-2.1273764431112436	11.159521603918886	-1.7231129635418796	6.562626855237131	10.257877457546215	-5.4608762125017964	-4.643821319310034	3.7962187126636335	-3.6930431193961732	0.05816758897203084	3.5332179742051117	-3.7879939796837125	2.79920173588681	2.461409172728973	-0.3822598426770435	-0.46938459694480866	-2.1553906865794574	-1.0481668925825103	3.3181666624363313	1.4481828318996863	-0.33434047833496905	1.8759999967715917	-1.6011629574328454	2.483521592002	1.3001210502319211	2.098361157894671	0.10909324641824264	2.1897847681173612	0.5804470953897448	-0.8367592185493219	2.0918112763888326	0.3814073082575298	-0.13588381397984395	1.5386170064390083	-1.5150618014740849	-1.7050372127823685	-0.04843013394105427	1.5608717672147532	0.1888972039668032	1.244702934594754	-0.9970326243969356	-1.3663040851428696	-0.6968581832804775	-1.9192238424651142	0.1314770156630276	-1.0456384420798623	0.1257796487511434	0.6257515049090713	0.6723095063276169	-0.3797480339072989	-0.35311116808638	-0.36714083907373857	-2.082598888473607	0.0594495484525235	-0.9369461060483234	-1.3059338789987764	-0.30949390376499475	0.6955679339040117	-0.9896402429792682	0.47440531537677466	1.6013569676774124	1.8180476031703496	0.7150271101149588	-1.0717770255024137	0.3115232493298705	-0.13358984634379886	0.8652100731017877	-0.00515341984424781	0.8362200987860865	-0.9050575932891839	0.8807958753858949	1.0104809846542362	-1.026652168415361	0.8392820339056888	0.34281233727774113	-1.532237399460919	0.478508551875472	0.5923713541436546	0.22530597313859452	0.6160881151325568	-0.05716322021194105	0.5685063368862628	-0.28879800590675936	1.6072477842314337	-1.1341908868678328	-1.1493680602548708	0.44904390009447387	-0.7405883712266047	-0.08705501288350896	0.5293438450030299	-0.19697723840578124	-1.3546010296494364	0.18623173465020432	0.593758248542358	0.08239708980751735	0.05897997882213556	-0.6974600428404137	0.5120002941430613	-0.2884385695010806	1.3033277143935762
DTXSID1032646	11.820222105846486	10.282350434383575	2.821967497400821	-9.346320662639737	-4.8616612266701065	6.97042741573655	4.261805569860341	-12.001629068829185	14.741980891179143	4.6987180526639545	7.7602309527018605	-9.215231903041891	-2.2811283648689824	5.412834053291281	-0.09064215242376462	-1.9726474827460792	1.1650150281277605	-0.8240529709895089	2.019106736951337	2.1896357979511807	0.7766083458068191	1.4477073130699398	-1.126681018290412	0.7503194344233244	2.974372612041778	-0.6703377313561003	-1.9558240708465044	0.48234321118722445	0.2859468733462078	-0.7574252950515953	0.4024446140492272	-1.3453125993841037	0.9595274991460959	-0.19454307039482527	-0.8249494093380738	0.030341670189475055	0.808339024222929	0.6533155034167667	-0.046397017663480686	0.40924922268860003	-0.5258728678776318	-0.26811804511846127	1.1519507120819465	0.12565820242779943	0.9328901678506181	0.7556548933446259	-0.0073981316783825884	1.3328820936553443	-0.9131383563655165	-1.0099479051968911	0.1270006277412822	0.1260138255402915	1.1910250358963101	-1.2870836890230437	0.7523302683453221	0.543887478800924	0.9264295961593788	0.10554923028674687	-1.2221238571223623	0.19977780966757677	-1.313567695413315	-0.5480091533088438	0.45383008117321266	-0.2398711825770099	0.3438717227259828	-0.17944997343225133	-0.14496545469477093	-0.007523486329020522	-0.40395629130539706	-0.4187331291100161	-0.8044111227345235	-1.196539887618182	-0.5516663846763977	-0.5053713873860212	-0.12901283031224617	0.6425998054260482	0.4856754807090886	0.3217457294889146	-0.9471951486457306	0.5785981574228783	0.13439649636978135	-0.12732219310976778	-0.05758922469941421	0.2400586594302779	-0.0909176592382196	-0.3903340248454668	-0.06925371884917937	-0.7800723333986062	-0.021067101924506157	0.19827622482078122	-0.19712291913568578	0.009741073059272	-0.03186107915128079	-0.15753939637583533	-0.3004629256546817	-0.030479125319831095	-0.3395927374517523	0.9073845689233205	0.7241617784169475	-0.1421210847918115
DTXSID1032648	8.798514589722707	6.649517121118874	-1.2568573099654452	-17.28495494938008	8.633046170480302	-2.353857246616909	-1.6962954179241017	-9.683719594423444	-2.7888193010429525	1.2043479605851322	-3.090667659570926	4.750865326671701	-0.5416327792014676	-3.6000110006674264	1.1349704403749312	-1.0829122053901832	-1.8132346007055735	-0.8398277274234663	-1.066947665499974	-0.42986197629326917	0.5880968965195722	-1.4826981634011085	1.4571336457515045	-1.2387410192946016	0.520864516455381	0.39675834488490486	-0.47288691297947477	-1.732114729782686	-1.0564929746389184	0.8760017495483247	-0.6797334106594954	-0.3991056816037463	-0.9350136611851112	2.002196551235171	-1.5225306305074389	-0.003583028172309106	-1.1793532698471312	-1.047924844070872	0.5533926110513812	-0.8177020025405392	-1.6404384494026365	0.5791483214220231	-0.5117115470382464	1.202853530759635	-0.11472439484555025	0.33929277754733306	0.022615635301022764	-1.0259508158579957	-0.7822761759053576	-1.0706620055503198	-0.16173538366669585	0.13117272183633272	2.1692667022707344	1.0098987604605354	0.03726618745112383	1.032807320833499	1.399287583099721	0.020868038042926054	-0.025218079750551816	0.047026543806775	0.36060301014563234	1.4622578666223442	-0.327865639693573	0.12686902702389366	-2.1051106899848238	-0.6697968734973866	0.08122850140441663	-0.9491423786995448	0.5989817605037716	0.34692006555297694	0.40509030693180154	-0.22340639863658593	0.010375928683948835	-0.8121144802246185	-0.5456852801084184	0.38305854073405526	-0.6567291588633272	-1.6771311112746456	-1.1077882696048325	-1.037812219428172	-0.0776528779132729	-0.4121250262379143	0.0972017507113512	-0.26300865781281935	-0.7418338724779554	1.1726703611363656	1.066067965921531	1.451149804661816	0.34066744531974724	1.637372610331309	-0.3490144517994476	0.08150741365976442	0.3411617730197276	-1.0348928944136238	-1.4029021830355988	-1.2426333771099756	-0.8667131653864716	0.5652285877376065	0.55562907979948	0.36906054724359405
DTXSID1033664	5.259807821253979	-4.553366454098003	18.925535002341498	8.655928159621578	5.775985499799291	17.003461730862966	2.759906782926002	0.625124644719046	-4.741518668318076	-1.1331892554211849	0.5622404037384289	-1.3172051862646248	-2.2104125012533524	0.4728137830169599	-1.9245322250519998	-3.0111415601391305	1.6693215372186612	2.089475681696713	-2.4412200966212327	-0.7878515051648824	-0.9661895697025095	2.6552783781583984	1.2070599712437295	-0.040668468100664705	1.2780839031913627	0.7192475652689884	-0.5590557827128646	-0.0006144739623170228	-0.11514178622496044	1.4408819935833008	1.4897481564601442	1.5993477401717064	-0.7338003599058166	1.4134119505088436	-0.26492099742440905	0.15409728129904174	-0.7550844137130628	-1.5938086524528798	1.0105080632088188	0.22938832730113407	0.11687958282054152	-0.7827258715791511	1.1029150573073787	0.3415309097970286	0.29703934524900477	0.07389185187716707	0.6914070482047737	-0.13442990105205058	-0.2392088269836505	-0.31171820789215593	-0.8983142669742847	0.31099925245910526	-0.07260062972188462	-0.4755158442240838	-0.14036011547563704	0.8062374432489806	-0.4798329112627409	-0.10762330334088269	-0.6697776951306292	-0.32861759347249936	0.15756498102651684	-0.37387631193548926	-0.39233908753837493	0.45581038007904817	-0.012580880749329303	-0.10216428970645858	0.17432968006710992	-0.951722300454586	-0.9092051567456704	-0.1733666271190785	0.014094415753093881	0.00245812216323109	0.39009231075326595	0.13972931533765806	0.36069152839526364	1.6633821177094334	-0.4403659129390815	-0.7841489916281508	0.48745597681504377	0.8146214767416841	0.12421201558291818	-0.624292868396672	0.13792473054831417	1.4153754235206384	0.7168667084102027	-0.9059490158376557	0.8097808124188033	-0.5264691362224424	0.5341354786032655	-0.09259046989989975	1.5804370066689057	0.42987793959766035	-0.2085841367596799	0.461469219136379	0.4249360641708147	-0.07756681306957046	-0.18523305609260537	-0.6766459395182244	0.6879009830588102	0.41017966652588095
DTXSID1034503	12.313105287208774	-4.041905718260212	-7.659605143892053	6.010335243956901	-0.4729435285411751	-9.56891221366188	2.816295177749889	0.0944198342937156	-0.37081925548276656	2.666460981733341	4.22243897126297	4.057123528861373	-0.8632383133574852	0.4481049061085741	-1.8439689976264537	-1.2640137130842326	3.0663363663542107	-4.801523738198657	-4.035749171659842	-1.2469553391878299	-0.4225935152444903	-0.6456896534353	1.2774571766486773	2.1626616525732194	-1.0517854369045148	1.5518036097742796	-1.861700548959182	-0.4657314783081008	0.3969410225273165	2.4561074463372226	0.07293981035824555	3.2070183535726384	1.8135114460528783	-0.17919883629559552	1.0852013372307712	-2.0772976343177243	0.7571276513384472	-1.1219470325806848	1.039645853713488	-0.8333898513119479	0.67203417524064	1.397131000523051	0.13855088032361634	0.9690804973358518	1.2708377217805724	-0.5938861726854426	1.628233526936817	-0.2695913116342999	0.3883428868511412	0.18998317835191234	-0.8687420795973817	-0.5901827795308251	-0.6059280026644533	-1.0484175614351425	1.0899812578069141	-0.15825155971982927	2.6932734100540277	-1.3180199280905605	0.3197343771491322	1.0427056674932482	0.45850170630617415	0.13699679801082634	1.5888728111550328	0.06576444707165276	-0.04036942866941986	-0.08536795658738675	1.8430506016405312	1.353420619330607	-2.176534476803088	-0.29389816337617464	1.0375173150127794	0.20197743147359384	-1.9463460337248302	-1.0536763906324103	-1.050814760659217	0.7105935143933768	-0.28249625248028754	0.6383829442891504	-0.9098106798369971	0.5344113759826264	-0.6181248402890842	2.0760166469949257	-0.46090163364805575	0.8793448061037724	0.5974928294401907	-0.2690128073416694	0.4480765042364634	-0.2200759361079926	-0.40242741525566156	-0.25149218598991424	-1.3001473698885626	0.803391102598305	1.399110673851158	0.25010539467013854	1.1821784510175124	-0.58655144944661	-1.2046494995431276	-0.4454060678553313	1.0098739220170705	0.2205853519729202
DTXSID1034181	16.011225818081506	-10.357372454507669	-1.526568708365368	1.6282092777427737	-8.826450784738526	-3.4291423172858035	9.35306098067184	-4.630915056148162	-1.898307645766428	-1.2935511557470731	-2.711529166745027	1.299638765230161	0.9552654374989086	-1.5196096477617245	5.483786794936164	-0.5110683027674352	2.7082874685834546	0.7808345536099689	4.454171547434288	-5.122413373717146	-0.5950022013740225	0.0007874536666963553	-0.3316937222243114	-0.19131450217253276	2.5734757829173587	2.2215329144481295	-2.5254894954529927	1.2820753048342821	0.5112728470686456	-0.04258267137573135	0.33943866761511865	-0.31821040366511016	0.28826153662598053	-0.05161058060960145	0.8474059162247661	0.7026854945102209	-2.5684184639283263	0.6767946283458112	0.29159714222826216	-1.3026904569364703	0.3408208591035456	-1.271403417662154	0.958455092429311	0.4139243253801156	0.7691742366612974	-0.502052931842032	-2.557700186399983	-0.8536293410450173	-0.8901200337490336	-0.6557288230560178	-0.6453424680053338	0.0385951870215095	-0.04250454618927057	1.4736504870831175	-0.7936583948584005	-0.655594221218369	-0.16762297050646036	-0.10566933729490466	-0.5326774455771748	1.6653588005540811	-0.5452876932101309	-1.0361327711287849	0.33311314300863126	0.2376893842026859	1.1523902029512492	1.0128475122407954	-1.043331050290347	-2.4834229085226713	0.1569247094901224	-0.519547141213921	0.6597893159399655	-0.018364274039416522	0.023654748286064883	-0.028777835445910192	1.196370962027422	1.107040576002439	-0.37496103288211624	-0.0045037254765267504	-0.258283930051622	-0.016348019916698892	-0.17878734194569645	-0.9407835342888251	0.09040894084695464	0.7848103431986684	-0.8431743075969083	1.394449644865556	0.04128951916824059	0.4731896180140778	-0.039079648788615015	1.1909204863686127	1.2390758983305632	1.4039793061102253	0.015565898756582812	-2.581680257785381	0.276314845693786	0.3898441242406009	-0.2849676184343231	-0.4724627429908854	0.5326324407458781	-0.21929935814161952
DTXSID1034634	5.116177520675867	-3.7402036799298264	-16.947219504328967	-1.6042457383418978	8.028266304289922	-1.321575167891781	2.812584333968307	2.13856062174929	3.5841512417863046	-0.15155752472736966	-6.344672175987531	-2.5045353115873468	2.000505660366755	1.127177366158671	-3.1748442437630393	2.4323409946114656	1.7172518556583252	3.108360603862592	-2.19175979458114	1.7969433334668734	3.156879041572166	2.2319066669821717	-2.206547774758419	-1.953557284421688	0.4607841165962245	0.3481847462151021	2.14529323930083	-0.5506032442107106	0.714086632537817	-0.6601450967569237	-0.7140271463283175	1.4376213472747599	-1.5414427265134936	0.8581480025764732	1.10286842220748	3.200280237665721	0.6344283749857762	0.46103803426299533	0.4075435084132307	-0.07210867366159424	-1.14111033967554	-1.9766384140898756	1.1538698282681596	-0.5134125940004123	-1.2641647393091973	0.10719472486838198	-0.2571531835958324	-0.388258343886104	-1.0062501366666305	0.4547082583052122	-0.49614476167086263	-0.7579251865071529	-2.2455292041840895	-0.18475312080176437	0.030619531713801183	-0.08092950005829472	-0.1702217260126748	1.6814192487886044	-1.6971267556523242	-0.2515545407597727	0.5068265685981815	0.5321482493735662	-0.12143749644143606	1.5601387202349515	-1.3668369223758576	-0.5265535146609304	1.5999362402435477	0.39167918939508356	0.2804534819640686	-1.2098013573235324	0.5418765414460782	-0.8512164690347371	-0.06912655974820366	0.13432437431657981	2.28856778480728	-1.2628461278662841	-0.09042936916326917	-1.5979098271182763	0.38386588419589146	-0.6728533089764146	-0.7715174839388891	0.24612994821927994	-1.3727995882335555	0.3357761840626354	-0.2118635128441092	0.21204058812282323	0.8998733949571518	0.17528431086303276	-1.0328423781279374	0.16582359823926604	-0.18070072339333573	-0.09644860984283905	-0.09080509289447586	0.46095053342036213	1.0903677616018101	1.2959056777746996	0.23647989501339406	-0.008696841352228073	0.881303272062649	0.2669459604711542
DTXSID1034212	3.6609983296889017	-6.920672317936132	16.017660593771595	2.0341673488082432	3.0805077286960505	1.7644408650866386	0.18297280660305554	1.5697946220539725	-3.627146621835391	7.641001669135626	4.83150168564688	-5.9140510070516985	6.886683974174115	1.67736076973867	-1.5239530174449274	1.9274170209751451	2.2504685978589465	0.08252232660844333	1.4387587397541846	-0.8630600399025379	-0.28354845753979036	-1.6116709209267914	-1.7833850144297192	1.5182499590670617	-3.9373287520784697	-0.31432629019037267	1.5853637134669105	0.12350198619045025	-0.04014695221278874	-1.0911760411057823	1.4390629936209782	-0.6047596471246381	-1.206493678096388	0.14019965088084768	1.214327330260579	-1.5313614452768138	-0.8598794894961542	0.9517352300748032	-2.2319452920857215	2.232502878079618	-0.7877235438887682	-2.674486796560786	-0.8656131847859105	-0.4887239783738941	-1.4389266531249425	0.41692254142996243	-0.1263795445405035	-2.3392222450689504	2.218177060974546	1.7455434075534657	0.9667582842463971	-2.3486610872741185	1.6152204848169327	1.0134233601573788	1.547601705886093	1.357224867912328	0.42323755915015604	0.6066818347374339	-1.7182003635731578	-2.7873419479199955	-1.8823015877197335	2.6364645151042287	0.6528065048843678	0.2727908948260883	0.7338619560944781	1.2150715707525857	-0.752821527485032	-0.8803949873201867	-0.66067628636149	1.2115255559508198	-0.617557696544417	0.1253397637333756	0.030903403584509728	1.7261066152604998	-0.3065493463850739	2.074611529932585	-1.0066236606063699	0.051626511815412196	2.62455397350142	-0.09116211507577847	-0.7911927522512762	-0.6429580576690452	-0.7040704185357161	0.163257778346824	0.2658820912514403	-0.5614027382921686	0.35742358508382593	-0.10845970027013	-0.7552211071279257	0.8744947560789429	0.05628805565160858	0.4041793667065286	0.995908678911808	0.13405217401777672	0.34242219196319396	-1.4424497978014137	-0.9285369917600942	-1.3107406888459536	2.66854397044544	-0.3085865160967109
DTXSID1034210	11.65996113429415	12.678701187307315	-5.053780855625309	-2.558674531830463	-12.910738943395254	8.126207820044302	-7.935886718607074	2.777282734314928	3.524463196305376	5.887265766452757	-0.4486601878570726	-1.7369521335602036	-0.710550117476459	1.7526073939194937	2.065923275798464	2.1422557142678773	1.9593376565891396	-0.9740805645793152	0.9196576002949226	-0.2984914922619241	-3.624705722390705	-0.14708310546611	-0.07936900013566638	0.9732315000088906	0.4222092390064181	-1.540520434122119	0.9636473752873214	-1.6814119495236297	-0.7571679919560026	0.8264826356288238	1.0116988389554478	1.643316104735133	-0.665430667479236	0.8259857533098545	-2.3585542426874317	0.21135990530379764	1.2450372673013443	-2.089514335456156	-1.352290530936142	-1.5161382131088728	0.07267836924607503	0.5183432249522159	-0.7083161993093741	-1.1100654782669088	-0.3418180974278775	-1.6365280430501787	0.27817440877353833	0.23079028654179398	-0.18847205749614707	1.3262790175837718	-0.6226693399151121	-0.6608363127350374	1.5283380382251854	-0.44461958071393415	-0.8595407690149769	0.5224424605942681	-0.4165846933620935	-0.4959573542306417	-1.2268663793327899	-0.1567910059782223	0.9077888171731862	-0.5198716635003081	-0.17961818768696583	-0.299547957985167	-0.6035252685238847	-1.1109364662156942	-0.5999929271572417	0.7296196122894059	-1.5921505478257787	0.3394894280003275	-0.16050519079125347	-0.14681354433487362	-0.9191826059870976	-0.08361975127406782	0.38278252876107344	0.6066937693869542	0.2294695811514652	-0.01668765905836947	0.8740094793946105	-0.6324892445812865	0.6059624956698245	-0.47329299386100004	1.4769085579395318	0.21950005222483956	0.25534419543982306	-0.13814173197093432	2.451023996458326	0.430798461680562	0.43783081336659957	0.37105137212471495	-0.2980992491232702	0.598093766780011	0.6580486677759123	-0.5021766646671149	-0.1481042357807389	0.36512981608238826	-1.1755809267918944	-0.5113118400763015	-0.8977767401250254	-0.03709945186760571
DTXSID1034187	8.06903367838853	-19.979616954094666	-0.06599056278564436	-4.411707962356687	-3.663827852983731	-5.397698986750882	-2.9509603470293326	0.14972577078707075	1.1010133286914905	-0.9516945641107535	4.4570574326500125	-0.6396773389678789	3.0329163541202666	-4.845813481850296	-1.911742387622496	2.566767565598326	1.5753390768263131	-0.23668158019666025	2.3422396925036804	-0.6504543897081072	-0.9215144018533598	-0.6320781498920379	-0.20874167703029287	0.8109981009272712	-0.16181670759244035	-1.8850804623767279	-4.311920713952937	1.5775512650894996	-2.164578264390511	-0.7392037899026596	-0.5405928755512306	-1.2177502772549298	-3.307287858418018	0.122132508784617	0.3061392221736569	0.9365534352842989	2.129005436625001	-1.5629621553634863	0.6189358668498739	0.12702710787477794	0.46803379146769697	-1.2860115545628328	-0.552662712000048	0.10237549060935834	0.0364256322436991	-0.30742574246956594	0.31374595454090953	-1.7083734224714222	0.7766836925704499	-0.001572770827369296	-1.2235436174720173	1.3483019581906082	0.04716105268506033	1.6656146264289586	-1.347609198921506	0.9412732709759516	0.6804846995231328	0.6162602854092842	-1.1283011828624347	-0.9935673567353457	0.29070170943496154	-0.7352965651789548	-1.3591955581222432	0.21203953227496775	0.6821176215301178	-0.1252333663225943	0.23504871744004488	-0.6596806985778498	0.12071104825101035	-1.0784013151921084	-0.8966389691689632	0.9766375588885259	1.0079208064964786	0.8772292523138415	0.8312521621407745	-1.2156216980050991	-0.0488248572693324	0.3806228103568215	0.22340611474437205	-0.8179266376059766	0.5592764178946799	0.4961307519307035	-0.5698308501492997	0.11314839493869308	2.0447671395300744	-1.3737792940006064	-0.6632333755049693	0.4178460159042653	1.4268780552938956	0.4958553005227328	0.6186926791986427	-0.10752247072187567	-0.41830835985964177	-1.0961634595601941	0.1448134098565544	0.08765987624643319	-0.3489321123975441	0.21782211404232477	0.6235715122873159	-0.3213085255500436
DTXSID1035288	-9.692865794374995	-8.84586231197315	15.526498533372743	2.602355008188349	-2.4721573164277326	-6.4450971575840565	-6.45421959480524	0.04341856872038059	3.33729764131065	4.104559952584587	-3.71386877360031	1.0444310400887982	0.8892055696344886	2.2002118351181554	2.5676313856039004	2.6533391979806105	-2.4861961442362257	-1.8612311401821235	-2.4164658363184675	-1.2654151842702672	0.5063763649975458	0.0677141935070733	1.3543629230573286	-0.8135069398747675	-0.11680361941232188	0.27581205435722816	-0.008304248022778743	-0.9224822541277381	-1.4721942655177007	0.15493185206854965	-0.7041703310843517	-1.0797541123656642	-1.7877417043992618	0.8352350472676932	-0.3093714145749782	0.29444909436717565	1.754750108521303	2.074642642047165	0.9925876878882185	0.6723633738374893	0.08900962657618357	-0.9149391150315825	0.8438768096263832	0.17949755260400516	1.1497175756185785	0.3383059323523296	2.3267323807346	-0.06680249305243717	-0.3930578974102367	-0.48209017325668185	-1.328487672970109	-0.2317434214981661	-0.6503415262771777	0.9660057945857866	-0.6678986367160322	0.767790056195838	0.8946431646005539	0.03370304578232161	0.3434161541915348	1.0048556147563459	2.0873090114693627	-0.8967804781260281	-0.0003560957716353945	1.3216740672847953	0.5116141933135364	-0.1025441990273816	-0.7956079830055853	0.6381190671391337	1.529414320644877	0.9559369763329331	0.4118304668316212	-0.6326788100995901	0.31825316292816885	0.09280374074473344	0.46545035201902457	-0.7989494610132615	-0.8653611531266673	0.6741709980935715	-0.3613070011337683	-0.10309627251904936	0.3869956740417163	-0.0559565568295384	-1.4440644960549536	0.7474772550424574	0.5135190353544509	0.638352790788572	-0.6039403255549095	0.34692160625504287	-0.12868292110699234	-0.5035945926493445	-0.4053596081516396	-0.16451400028952898	-0.4914957388320902	0.6079174709805989	-0.41434158270230287	-1.382850326159001	0.22519071199934337	-0.8642089707645838	0.47559898232572034	-0.35567407387796074
DTXSID1037565	6.179136968186192	-9.930577441976597	-9.515224055053833	7.900496626046899	5.206485359899507	-5.0375081776650426	-6.730461321081389	-0.12895571950840787	0.49304695575165564	1.8188829186575193	3.6078855444597746	-0.23557636922624958	-1.037206055005674	-2.685607924891757	-4.592239462028152	2.042747764117168	-2.6556147570129367	1.6610724733093747	-1.8440231483767477	3.5485709378227863	1.2319566379449232	0.5155913414135765	-0.6789063755187311	0.2665226174940428	1.6918383613035735	-0.9718899247445382	-2.4653386438900977	1.7111918497863439	-0.8163860292152969	0.6284394752486997	-0.9658202797762915	1.8357667396556412	1.093551629158495	0.44532754510650097	0.422809713898638	2.0201913432581904	-1.0153789157892208	-0.6555251807752832	0.6260121981730089	-2.7924006552160057	-0.2722703624702706	0.5880396882229387	0.7396098740665984	-1.323891931120237	-1.008110081289707	0.6443353055852047	-1.7764472850569666	-0.13841884175973643	0.8233812603071433	-0.4108530018819167	-2.3005271738313726	-0.87683049753379	0.3896109250911502	-1.3733696655322105	-0.13643706518726398	-0.8193100026006347	-0.8857351508927201	0.21061815368877304	-1.7191395904296947	-2.7115267184137073	-0.5637502932599104	0.22953417279170718	0.13777799210783395	0.22027965176212064	-0.46953873529706747	-1.2512916890104113	0.13489078399488746	-1.2498836114288379	0.7915739574751309	0.9140016201583007	-0.7832557759701487	-0.8650549345575675	-1.0027836567539579	-1.6761993589420183	0.27222960413455927	0.2577217317923864	0.2270883091797335	-0.03710753056551223	0.45615996280960164	-0.5498738075754089	-0.47393679059417654	-0.17931612464226568	-0.6644763896527699	0.07014030304290828	0.42528756702992193	-0.4983797740889404	0.07185719020565502	1.127937303016217	0.3543440891727644	-0.02851488726218956	0.5243112773726151	0.6642411794812042	0.6527671820719588	0.39057821596715353	1.1257003801296832	-0.22968067458047664	1.3368340942511479	-0.7491157420054815	0.10302980942674972	-0.3040687966131987
DTXSID1037303	6.094142688379764	12.1898762054242	1.2532257892384715	-8.269239432055603	-4.811779447295875	5.0311286845467365	4.726939026238016	-13.6668096464017	15.739510551913874	5.5549282800537485	7.490409591511812	-10.217608086127775	-1.432303891403547	5.117585725875332	-0.894030907171792	-0.3541074882616178	0.554053296856877	0.07432074746191797	1.2815019520163726	-0.16608464334412115	0.13284490053768275	1.868030904141977	-1.497040076341643	0.614240885266123	2.4934415956232288	-2.3333668399471534	-1.916430632193214	-0.2507776893091339	1.0212848492957933	-0.8699291316008491	-0.4039275907056	-2.2817636439868156	0.8234461755350465	0.7398143440220739	-0.5386857656600437	0.8114211317542948	1.5094327150293227	-0.14638883074145256	-0.2480138651135743	0.6460677219811484	-0.13352973178301478	-0.5945878619914219	2.1293622052890404	-0.11996920608172458	0.6459319855370597	0.7280324376297481	-1.0123294176065596	0.1579698594692981	-0.6476804360182337	-0.4088273967533865	0.19782853502397468	0.1416066096873787	0.6756555505900104	-0.1748125167091291	0.5102107033598614	-0.6073194521660366	0.24793398758645124	-0.027562815518100973	-0.013988158406945391	-0.06237546019141872	-0.6723560465103178	-0.3383387781678972	0.9398143674595496	-0.3735136643933569	-0.04119522981722048	0.2924147478650237	0.3117226946275464	-0.16520570165623558	-1.3915550166350676	-0.5975239353277524	0.4193139031673108	0.2633021737962038	0.718981788803864	1.0144274502129023	-1.1706424834338751	-0.862863146611799	0.5684477849453512	-0.969090117534464	0.21904700179363212	-0.08634372482493692	0.6676404766836457	0.20170989300225106	-0.2646382715984371	0.02019664549880248	-0.42809619727284715	-0.27083807899781015	-0.775848350703054	-0.6516263328765832	-0.8120375919383392	-0.39249819874681025	0.48469187969581734	0.10177910456128107	0.3764937742796921	-0.8946823934673518	-0.1043312769176267	0.055273367573282946	0.36095310563952837	0.4271444667294031	0.2250961224651558	-0.20666037880569524
DTXSID1038321	5.294968165578863	-10.198164402191747	-14.304250256241115	2.4396001553770628	-4.162521394263297	-6.669605468365944	5.507528235084335	-6.598671261830839	-0.6607142806102172	-4.54348016944455	-1.1677489509681287	-1.116536282445832	1.8475406437071633	0.12232635069768827	-2.6922673155541554	0.7003032472578073	3.332965459262241	0.3915983724119504	-2.743655690991182	0.40117273941922366	3.6513565337697393	2.186897710523909	-2.285039838873934	0.5479192135207308	0.30216402036564033	-0.45135973675273905	0.31974682920094794	2.186426190297976	0.13730123016121512	0.7197203047299663	0.5369411427665782	0.9081333591778245	0.9533517811995267	0.5331683108343115	-0.19473717157928586	-0.6733837437290906	-0.6194338401427129	0.5206315819984594	-0.1257780023629306	-0.562026155775532	2.3186594983854842	-0.0769847562336492	0.5407679024627808	-0.2389455593899349	0.7549286949954406	-1.6577580856126408	0.34990946219524666	-0.1734889597757495	0.01438599941022474	-0.16825304903722899	-1.9550075415635553	-1.4013219337027554	0.5926341798124083	-0.12235446582718468	0.289546997168358	-0.04976803637398794	-0.5268198871064395	1.877756730077249	0.5712955804300998	1.288765524210716	-0.5305522148200645	1.3291064156213603	0.8524679798279235	-1.9618210716484417	0.9817703969270017	0.334201206113375	0.013027305532156372	-1.038362054532788	-0.32667255757957925	0.6080445578421341	-1.3050183959439134	0.12192997215794789	1.4927861255404675	0.8365761062969646	-0.3626729542801597	-1.475634433216999	0.8004925439041182	0.2742482761022856	0.14041109484855602	-0.10848586125001004	-0.11443024258952326	0.864346021215736	0.13025112474021508	-0.3942631822847993	-0.34675072111067173	0.3102922748780324	-0.934816295752182	0.07634352265621869	-0.7162811101402606	-1.3120711185062826	-0.41730165103665756	-0.6904989819009874	-0.020854932552307935	1.0801011640702243	0.48470956647892544	0.5036559492691267	-0.9957153430463253	-1.0457259949422308	-0.5332720311954676	0.6321098020549618
DTXSID1038298	0.7352571248887382	-19.765671358682315	-6.037204835812759	-3.788040186024878	-6.834351371944722	1.9255033566656246	3.8280065662662524	-4.315176729601004	-1.5383482534237538	-8.872660811727123	-1.9431390294458168	-2.559717724515268	2.0557439953446677	0.008481155285617978	-0.7155179129584188	-1.2110485701237363	-0.3999888619677782	-3.207926927023152	3.3340815212022727	-2.3935669315552923	-3.2878691849904778	0.4077043121224964	-1.4897983598425124	0.8802298814180328	-0.17052068427348396	2.240194806768861	-0.24114856982119048	-1.596604602345598	0.44015289816003383	0.40830006784535045	1.0923848280003514	-2.5319621723316503	-0.5099903468614515	-1.0075464233379776	0.47208806107230883	-1.7083400372796949	0.22974857825504585	0.841034645723753	0.4546893822166195	0.5993867104943502	-1.938715018126233	1.3336847879195506	0.8478767661790771	-0.8625844285267862	1.4451650905734765	-0.2990812257959487	1.173681786088133	0.6269185974857117	-0.36141114012072156	-1.5399325094665217	0.8870237436864112	-0.21329152148933456	1.3322018555870845	-1.0685486827593451	-1.9496201546232168	-0.09544486644143005	0.21719403847179972	-0.5356053005294421	-0.49255599125201466	-0.34086471878299696	1.7984614103862409	-0.4345638060050809	1.1367261121705725	0.39764632746201756	-1.4661269999127091	-0.06386124424768744	-0.6882679551501548	0.14738393310354383	1.0600457620339998	0.5197112171302343	0.8469903204291371	-0.9791201676128363	-0.6076209554833699	0.14947057181354484	0.7183074655556481	-0.1551951268675292	1.3897670877678974	0.6702291879414128	-0.28070671885159365	-0.10262172778290736	-1.8106529436764487	0.30208663588636614	0.1574567045195637	-1.3181047166018458	0.834011878485141	-0.39840121119215477	0.5646098487096105	-0.4565947023615703	1.3627030676007836	-0.13427657368718315	-0.33867478595875167	-0.6732089238652421	1.008371691316557	0.6636652645660668	1.1803942646762249	-0.810707973206984	0.6562222924564239	-0.3277646444950463	1.3447372654009007	-0.570721812517321
DTXSID1038666	6.367212183436309	7.988303265998493	-3.3659521633313036	-17.532142610012297	9.823309211321423	-7.343468912704686	-0.26177096425701335	-5.361664030303823	-4.066909247184273	0.25456237318150543	-0.0485947865274245	1.232849172523351	-1.2586296210857595	-1.0519348241479893	2.4347835051405133	-2.293693539711111	0.9010178133086937	0.8586948476715703	-3.091696040523761	0.8459681390568614	-0.9711855701685885	1.2221015893351488	2.5498943840502415	-1.612501799497562	0.6758773049463	3.2585257856428314	-0.3796290512715023	-3.3657805201512065	-1.4385895574578302	-0.6181115409500747	1.183812836886927	-1.7081474635275327	0.4141212835588031	1.2598886423431341	-1.7014976238150545	0.454587893938419	1.3451957104566399	-1.0671378505495541	0.04913992349358777	-1.5007911665719929	-1.4415083993298194	-0.314968808373717	0.34230625505398593	1.1590630719879107	0.05900791420109769	0.31337357563967144	0.7222466413291291	-1.313182796213204	-0.4046761402257349	-1.5072626998138703	0.1454749908601174	0.45426239375067506	1.7849347798111475	0.1207048064188156	0.21666836875829124	0.9158155856987223	0.7470963485254986	1.8087469106653487	-1.5029911645223515	-0.2073377915192894	0.30310364445484705	2.0683202715680404	0.6642610528385967	-0.06519451866352469	-1.7863045125445423	0.9468551618939072	0.46911920179403577	0.15548002181897005	-0.46033111962391554	0.5456006581838547	-1.5028685011581135	-0.3518987407112393	-0.8243041910092842	-0.061782782654030664	0.27476038395381863	1.630466906145211	-0.811170102089478	-0.12020197222573756	0.9787667866986857	-0.2923260500687234	0.5946547565663257	-0.02571695286705603	0.525383372697273	0.2019953296285424	-0.7602608075795081	0.9889672210277389	0.3013652983201656	1.0816748148074384	0.17456244267069768	0.6583538894898101	1.0099444591697435	0.5803178244000402	-1.5942340472555228	0.5824157830852299	0.46590316340692933	0.4279912212171535	0.05855701252427062	-0.9289984418136642	0.707845916026149	-0.5220422894894239
DTXSID1040742	11.280426733944772	1.2790270719335755	16.707109921345022	7.890297935878793	2.832802539769556	18.11650260663638	6.425557632940343	0.04549834756104933	-1.28133047100668	-2.0653608416392184	0.5476116457992705	1.5325944017542734	-3.3212637397200817	-0.48536591046712396	-1.572517005000656	-2.291221126415138	-1.3614810942326263	1.0452983257100992	-3.1086429588481117	1.8310134996097769	0.943939913437035	0.6844158055959461	-1.6793517805431435	1.159837594078665	1.3725292737304788	0.615937677694457	0.5672775716449071	1.378223775723452	0.2871163023305991	0.9016021880743945	-0.6336941919949768	1.858701233597564	-2.0410250995432158	-0.6542942676353334	-0.6389011817567373	-0.05167718156025795	0.9209402487524343	0.7859926521113737	-0.3685435522936551	0.024851678705973913	0.3002601585723036	0.05844565417548016	-0.8574528489458322	1.0727531083846322	-0.7406702796625415	-0.29512679477741716	0.12238820825088566	1.1575600451112307	0.6746214870830369	0.19790573283264412	0.5965809777483574	0.4083042663128697	-0.10450883373312349	-0.006600783846406037	0.43719653683306686	-0.25229691397846765	1.3025481179319622	0.5994407291242791	-0.7327602498370037	0.048529872445430264	-0.8909911048381145	0.40382810614233455	-0.6972032402383173	0.00011839911818412258	-1.109562573869617	-0.5802481724347717	0.3480757717364267	-0.25121277074399084	0.3833598941770714	-0.2690578410468887	0.26019067981136246	0.1414522125956039	0.12525004622290023	0.21781701951870627	-0.3353633402147871	0.8992625245526491	-1.2801850445251834	0.05314004241510489	0.5005101598478372	-0.4952635331816758	0.3753630950352727	0.6839021191238276	0.634708454789399	0.7865861525980705	0.7729140992970878	-0.9059842263800311	-0.27511867196879664	0.7230408019726036	0.30436024597502787	0.9732576699900979	0.9755403701747681	-0.09587308572352306	-1.2167813096308038	-0.18554086408443946	-0.031004560026488333	-0.7368934947195707	0.434400577734287	0.28222436250544314	0.9180076664218207	0.7191402831700654
DTXSID1041184	-11.485144569583362	-9.065508757749846	12.192739750635022	3.6353721787045243	6.5431590387397405	13.269653572288401	-4.05471597639759	-0.8842331859062758	-3.932971121635185	-0.8587807253050597	1.209769486338701	-3.2459240657317334	2.1090113794681344	2.716651979609801	1.4739916240412014	1.1667877988118522	1.5098450339862979	0.1033268226791999	-0.037564314958743746	-0.5571742804105764	0.42044695545903704	0.21297368190559252	1.5955960939944238	-3.28928312181349	-1.6508116047329444	-1.083899028352583	-1.2826403098565358	-0.6303255931291335	-0.3560397091806903	1.0574974805247446	1.512990188102259	2.5438499566092547	1.60755752260985	2.262841621758964	2.5170880298396323	-0.6270399255746328	-2.0721635792074053	-0.8864202386559956	0.5522480776683436	-0.8999406111023774	0.9350055836309044	-0.825085964510738	0.24514717728268123	1.8271434468850056	-0.05022051098123506	0.1456210402567685	1.0187539499857865	0.5787629151482598	-0.7887821958902643	-1.424394089248467	1.7682584468580673	0.24917422064526284	0.7422584731677703	-1.146336221429459	1.985942071907917	-0.7592053898188103	-0.23608823046267557	0.9892382986992094	-0.4278233359047334	0.2829178851179957	1.1448280337353425	-1.6346537360555082	-1.459950399930321	0.05485394155255202	-0.04408536213227798	-0.2953724415179471	0.26465229126312184	0.16980176785878145	-0.14549248547063734	0.07061854765335848	-0.0737020159349742	0.1039869729782165	0.7227332861480075	-0.05572578323279372	-0.9352104646169463	-0.9692837901693588	-0.4369824450056585	0.1360037653306245	0.16245929404224918	0.14669600497485083	0.7961653523150761	0.4838007412232077	0.1570807018564978	0.7213194974843843	-0.8262785087384095	0.16529143469976304	0.47502070981208816	0.09413718405538532	-0.11105376533413623	-0.49014593552264507	-0.03114952192670158	-0.3634562239877191	0.4809509432399567	-0.4078075997510264	1.5422276272281188	-0.38834782824295855	0.2527226607280566	-0.00646969974514066	-0.5824164063398727	0.4151525985840441
DTXSID1041265	-4.0154464936096055	-5.550214207442628	20.782927527410205	-1.714955157228214	-5.620800700676706	-9.33034473791112	-3.3481551532142007	4.432700301393213	6.1869297558269825	1.222529123853956	-6.48254233408674	-1.0537433900326196	1.5697131905228916	2.0127843621507395	-2.239093047398777	-1.6862554338931697	0.06955601683801134	-0.5957654653803935	-1.6114128325981507	-0.7060203023770157	1.4349428748578488	0.4432638483800911	1.8843825546891397	0.4849818214030058	-0.7419590956416005	1.1621555964529235	-0.5920864832720394	0.7831675026894633	-0.08889975007308151	0.2523148223871522	-0.08528918572089543	0.445141425454431	0.2593916733761854	0.8603256473887829	-1.58010004277611	-0.19777245350674114	0.32977387651072715	1.9485949119388526	0.2879819566249864	0.004957992735419143	-0.5855619341556644	-0.7497540723101673	-0.3424685051923957	-0.7993364566868059	-0.70340272624805	2.042591332555841	-0.21941776273568792	-0.20097292222970056	0.5839238692861639	0.0014544469268678477	-0.5370984541481405	0.6231564874624677	0.14302974148666384	0.4543229640331342	0.08024765308870713	-0.3823524183485839	-1.3937419912991444	-0.03453048165771189	1.5040305713200905	-1.1840909312184191	0.634689089795231	0.10870718648501894	0.6159956066828742	0.5652876643259087	0.03850411983143801	0.6919414230360987	0.28039082873681986	-0.21726114509858707	-1.4714080839323742	-0.13201860426935777	-0.9709341106948737	-1.1904400007824905	0.6446697358165763	0.5914123227477306	-1.0717791999947985	-0.30698068090946956	-0.26517991366268645	-0.47422650778332776	-0.14865873417418518	0.4132119986440881	-1.2691842851525168	-0.603610568174976	-1.1890258248933843	0.06810787050805553	0.13971281905948083	-0.18574822044522182	-1.14053102484593	-0.019528468066032943	0.11350757550788095	0.846681774342235	0.6065184769757983	0.1259024060415185	-0.05408774870349365	-0.3516582778434051	-0.0538707669119658	-0.46485760296887907	0.28672219146592054	-0.1598566098787138	0.024011981272269507	-0.08129547229694241
DTXSID1041425	-15.757076734266414	0.18481943267128012	3.276458907221727	10.174873676738025	0.37987152691303905	-1.8877737619400712	-5.661823663755598	-2.111513910438768	3.7097459590279924	0.11405283035630343	1.8714836886356092	5.2256481687496885	-0.8847112909400839	-0.8288122594279931	5.612249559380443	1.9880387744001717	-0.6738575151069847	-3.360757576188831	0.5538914810997673	0.5934154700121167	3.593099995037898	0.6800705056205526	0.7144652169002574	-1.6318244573477962	2.8700272505662445	-1.0664459499266254	-0.18673577913475276	-3.4187981468199307	1.0635678374391808	0.881267955376428	-0.7580041884907042	-3.1732761598327537	-1.9494079259247714	1.8133947169328135	0.207808340828382	-0.5290130240217696	-0.5657918835487696	-0.0593280822196068	-0.5370766763309988	1.2577414581900335	0.5065300118350724	0.5077257217785492	0.4676386108709787	0.36248775597024646	-0.2752654556983287	-0.047675872668105065	0.5258469387733955	0.4516002971824147	-2.118126171734377	0.39704634215695406	-1.3367837253476706	-0.8642493814425917	-0.07745273472983398	0.8192799064520677	-0.058799358977458645	-1.1349084929925342	0.23459851616053218	-1.16126114183575	-0.24035855164001743	0.6365340349757532	-0.7291253307369362	1.649738550265272	-0.8792633700753527	0.3776563612917651	-0.2134849278371155	1.4456509469477576	-0.23910296587026098	-0.5566715212491731	-0.31551738095283677	-0.5092511963166179	-1.0409145876873889	0.9401560311594122	-0.49919716154940785	0.23691211016200345	-0.3563807670293721	-1.9303238555274875	-0.5326320190858603	-0.7532326179940458	0.5396753758519299	-1.0936798440163544	-0.7920970218368218	0.7599733716185532	-0.8982699199812397	-0.10023718596889222	-0.13207928540573352	-0.5370214447397819	0.5301792048931119	-0.28796083646714943	0.37635999354879396	0.8152600988446066	0.17704663744772545	-0.29785721545964944	-0.13812492508534724	0.0975797796492385	0.20319938312576497	0.9436480028467161	-0.9060095495300178	0.4416112323663671	0.07323013977486609	0.19927006165658342
DTXSID1041421	1.2859826472767184	-2.2578645338169734	-8.41536894511996	11.554141032891607	0.8461279862607565	-8.974542043457998	5.494936643629158	-5.289315498840779	-5.460331919078147	1.4603957567410446	-3.3761075562683063	-1.9919611745958261	-2.805704399726627	1.1595626242063983	-1.6892906941658539	-1.4645567472484258	1.6788748111542926	-1.5163801485513049	1.2597556368698797	-0.681902372938082	-1.9768824379958423	-1.5078284598214855	0.6298514596456137	1.9520359575182722	-1.4002551106016492	-0.13893522293935745	0.19487824254932978	-0.33843689786855796	3.4033306897480307	-0.9299545698068277	-2.092621790676339	-0.6175557195546535	0.0684456158912247	-2.567201457267866	-1.421639767373722	3.4703334533347707	-1.268414008539335	-1.4697944944936445	0.39930037163799104	0.33366657003825817	0.10743621715916508	1.154370754718188	-0.2186187990693033	1.9172469478563796	1.854720516876983	1.3505420342714975	1.1775176532339193	0.1938504414523141	1.2059634291413086	-1.5777848790474036	-0.07563808045528399	-0.41416125591748926	0.6006710636307664	-1.8565708194170611	0.6556432691907457	0.4691978917470099	2.5501069527091604	-1.2647063369347067	-1.0408986529821125	0.01781750330495928	-0.7167669355421218	0.48133177715150527	-0.4017867104298523	0.08155122500568479	1.4239140862711634	0.4562408799139914	-0.0769849130157818	2.258382292474175	-1.171485180192874	1.3216339045211338	1.562404253995013	-0.8892046353561467	0.6923622503684446	-1.1365726693921308	1.1468556314892724	-2.2369940594101747	-0.06634118831053352	2.5459656993284465	0.7424805091295028	0.6421265028592387	-0.028411017262365047	-0.3521649355775984	0.5162441685332918	1.8494600227434916	0.01363959633848042	0.33535237965237935	-0.8846168634667899	0.9295546154623452	0.040612613484741086	1.3784131525745786	0.8652609118621571	0.45037265998113435	0.36837801426705014	-0.5968960826204135	0.6248427223724199	0.1643001389729763	0.430143482624825	0.18782096360676234	0.7534543907089611	-0.7003611019473959
DTXSID1041639	-1.0761693517141069	6.9522529788840455	-8.053958237643275	-0.575791043360641	-10.384485442107014	4.251809908152721	-15.293814089944568	2.9202017039836017	-5.672499813671562	1.2555652663552717	2.7145454125283486	-0.2527419439751287	1.2704571624822676	0.24951337792080514	-0.7815754823861751	-2.1456778112754042	-1.051180469023903	1.126623840117737	-1.119479219371361	0.013531612424138447	-0.4933333985474936	0.5794383929597657	0.5298467523622894	0.26482411754668617	1.560466229441868	0.9902878669276503	-0.7719475589454622	1.590986788552451	-0.5616343950823292	0.4794915582017932	-1.3472986624374275	-1.3400574984000424	2.734548132721279	-0.94011812339203	1.8519092275046787	0.6419101217624477	0.6720845809331657	1.1626146966949058	-0.05471026442989897	1.218209805740718	-0.3824806568596251	-0.13871618542519457	0.6833641229009964	0.640751120648949	1.1998821593338027	0.663000291931577	1.044710036136547	1.1440561613298061	-1.0335429151989337	1.0474654027803725	-0.2895737456957413	0.7511787383535702	0.6762763058555672	0.46284322309107967	-1.1635451881132002	0.4824353402837935	0.3049915559569043	-0.1365396089694488	-0.13642118229251346	-0.10387124516906408	-0.11332510086962515	-0.29890584443202667	-0.1558745913595603	-0.06655854500515423	-0.36502276261154026	0.24836845794193374	0.418974708324036	-0.21456483412102387	0.30689723242841577	0.22868552984376903	-1.6142324305459153	-0.46957719816931043	-1.6146401418575613	0.16261008613143926	0.22241499007854568	-0.4522088991745943	0.6682537073116387	0.626805159124069	0.3221087640119249	-0.22565818369287485	0.8563602049277798	-0.7184736280128092	0.5581006674994804	0.5147782594330248	-0.46382177711568595	-0.39476530559267564	0.35144792465346375	1.065098161133674	-0.3762280078390015	0.0045118246626672555	0.6209286838553357	0.6940729621935662	-0.6769091235321638	1.0563395805648843	0.5611813512421242	0.6320338567935981	0.3234510713259145	-0.9676705818902764	-0.6048630033405727	-1.1157820825469904
DTXSID1041920	-12.808291351908213	-0.6297069653982383	15.079781539514567	-0.19703684092927112	-4.345671491568232	-8.857367988050349	4.191366133200883	3.1925915321235405	-1.8301755625529004	2.6455091525196335	-0.17539234193063474	-0.07653556792535673	0.1053228766804326	3.658788551817694	-1.505187409820421	2.0978742847196323	-3.1256831016503686	0.8461037126653345	0.77124929477036	-0.83533690821921	-1.8956857598389025	2.2222195973114918	-0.34176529151139556	0.8811144682545552	0.10802882267842033	-0.39176239439110705	2.2872653833925525	1.523945987784292	-1.2876234498094197	0.10681749030388026	-1.2293416511764599	0.0034246183081526205	0.34399283481555426	1.3153466668783205	2.3807147733297054	-0.15671714941122264	0.4402117997449599	1.5884333197362497	-1.4904510700768896	-0.5757742247490968	-0.787886470562901	-1.9731686288504724	-1.2491350129316972	1.6131493853965617	-0.4327400571259736	0.5557014538875544	2.064552553312447	1.2592065161017656	-0.1414864415935653	0.45091936207533195	-0.7909209672839115	0.0336530213771856	0.7608725791123138	-0.0627472661121976	-0.12705500243343348	0.5133148013737241	0.40751679417984016	-0.49077966814035756	-0.4323200992165189	0.5276544184731525	0.6951409115313265	0.2726522613016642	1.685047283630476	0.8554285269029182	1.6051205170663574	-0.46551570987271657	0.8430278060578974	-0.4338787318009275	-1.1577397013784703	0.8596479501057802	-0.39074877748232373	0.3371976774375859	-1.392622650881245	-0.10219930820608505	-0.10610667280460326	-0.687586424952403	-0.42078703088076147	-0.7662454035309314	0.15807159152481456	-0.2850278120533572	0.2390957403253071	-0.7502156881879327	0.21430963205418427	0.3305897610246638	0.662328027541992	0.35585344632888877	-1.0300882238829845	-0.13521070264152968	0.14304715503395712	-0.7595781834689659	0.5477569117056088	-0.7703504956920236	-0.07597797469709772	-0.1072451667261721	-0.2869981392140105	-0.3174301943930071	0.4045138528830074	-0.8549049254041491	0.49156113660040573	0.5496349269031601
DTXSID1041978	19.118227720230976	5.558047916975381	-8.652913723265254	1.917310235337209	0.6979582761146359	1.5188757548719765	2.3824476795930227	-4.299239234691535	11.81975807150394	0.6116543955712606	2.328141707403838	-0.8022379437692717	-0.9349862446532051	4.045692727885406	1.1184654042258837	2.3236374737718384	-2.2080727815364622	2.7404431490107894	0.7695490927547801	-2.486590495647847	0.9626981876735803	0.7120332102546021	1.4912840739918072	-2.303955348668506	-0.22466078122769095	0.4928440165713752	1.544864525771571	-0.2279943764609031	-0.9860799311626787	-0.6870970216245835	-0.2720132007524445	1.8394632118841094	-0.3262418584359753	-0.6633417654771677	1.306760417443798	0.3503745012950655	-0.09663367269037823	-0.02468815308446636	-0.13393390460015675	-0.02073004820814244	-0.5253838519719768	0.8964861050206095	-1.6984007782664539	0.8923614340932232	-1.5849523932026315	1.1141054620489639	1.0613607784199381	-1.839253009535315	0.20197749544778773	0.9372590268096823	1.217636821086032	0.4426051894771022	-0.5126086981958021	-0.3354646493938206	0.23141525895706946	-0.2959197155248356	-0.7967124238851105	0.9953754502860516	0.06481329030802103	0.5225022553721792	0.4465514305284173	0.696881095073991	-0.9902610806307018	-0.5132571062612992	0.37143974571983795	-0.8934482208876652	0.5821135565695404	1.065706544402952	1.418496287574909	0.29643867073392766	0.850805833786489	-0.9029190421828819	0.26389610682259895	0.17247125846036684	-0.7975173224431578	-1.1827437913462797	-0.06123976762028492	1.1523987150350568	0.3761524570949733	-0.8593481892613444	-1.1671074845709977	0.7058941946412766	0.2055218635844086	0.4564803018100302	-0.08430428542014443	0.3021138939900835	-1.0691954731919733	0.8558235148308939	-0.15237591830257735	0.3998794270614878	-0.8596662569798129	0.6086231363967893	-0.6135306842993004	1.9071430777335732	-0.8209696005310158	0.3860939363003759	-0.45577158477059115	-0.7932051234802613	0.8775098666340934	-0.28729515387372506
DTXSID1041970	-5.4558505265087724	-10.427245238007675	14.248992976685845	3.649696943811107	5.5083305650415335	11.622069062055175	-4.701446788081072	-3.5671910330245824	-5.419243758429648	1.152593599758837	1.3744639794363351	-6.603832061790726	6.215598743450105	1.1811409199935852	0.7596552488448312	2.540474655156123	1.1825199552792176	1.2296912578807353	0.48647291714486246	-0.4618634629794733	-0.7711783021791271	1.2058889366288206	1.475319581386654	-2.172460052950139	-4.341689560989496	2.888079434001006	-0.07704518466248295	-0.06946136637732224	0.9517021881248077	-0.29000998659861454	1.7934971275786376	1.0459439925466645	0.16955565827517066	2.914167601116116	0.2153332841433774	0.47324942465884784	-1.7002963516642282	-0.4186086199189413	0.9792695025996329	-0.3331383668874815	-1.459771237027211	0.5697186043368988	0.6689283985030822	0.454446030257584	-0.4497959279127066	0.7077258082817409	0.8400148308146483	-1.1192115967510128	0.14207690705418116	-0.06379422652368473	0.4876692191706151	1.459482698128793	-1.4374255665162066	-1.3660232278563014	0.9897284294959748	0.3638971013455307	-1.0849885077714996	0.5273114380445925	0.6198572873211399	0.8367299196561316	-1.3593009393144047	0.471265487280533	1.3833609315860367	0.28387735799713365	-0.8301711477926266	1.5212582120267792	1.3972434384791272	0.10881378623185586	0.4842096976496537	0.5355991128298973	-0.5735648600915803	0.805714124575058	0.48956512005931035	-1.5397349306213055	-0.07769278951217726	0.9375600926653732	0.361194109451339	-0.9735812244320549	-0.21715401861299494	-1.867966965626634	-0.4388015165753465	0.31445064750404084	0.3896238943940128	0.031218398661433024	0.08037386256219099	-0.0829365057597604	-1.0845190615809015	-0.06443478181968017	-0.7712098792851223	-0.5455183563510323	-0.11287152194121199	-0.5825558056000654	0.3330010592305541	-0.9868854925487429	-0.522858674570753	-0.1766226302752938	0.28527783299007675	0.5215852035681832	-0.2009459044788166	-0.26898978486968794
DTXSID1042491	1.0138400237828553	6.41517268777141	12.822881359547818	-13.457969185677186	0.1724665987357593	-12.893964081578861	2.0364552526451773	0.8625665054937618	-6.419563404692573	0.6552566344119224	3.155636375782284	-5.658928686444249	-4.230103418021941	-2.3514282221867053	-1.527897150746004	2.2311964468871777	-0.28453109142676425	3.95015822876383	1.4305493423347484	-3.0192918600784315	1.444486224030085	-2.022247241193166	-1.2025709803900617	-0.9070223893793404	0.7246046106441256	-1.1299823446874004	0.12866941901616863	-1.112997176661471	1.3547948349413144	1.683217164516405	-2.3110870072625347	1.271946703411705	-0.5837011414156367	1.335872755265211	1.055032597775366	0.08784709644733699	-0.5811960996138145	-0.15463373531409189	-1.4703945319321599	-2.426218384687771	0.804694564717906	1.6163307411475683	0.9745680650106734	1.0994078411932093	1.2444501107008725	-1.4707837073244656	1.2784283300716668	1.2084069658660874	-0.6754516251128809	0.37814626655783884	-0.08874136956868543	0.5190520884197304	-1.5492462466732924	0.166990075814055	-0.911095601160308	0.5375302591866469	0.3471743767630574	0.5883131338394934	-1.8857018286933867	1.6718210413337458	-1.022164479930027	-0.05667113878562083	-0.7000094335190971	0.08888042855577583	0.8963438681377434	-0.27653914421645515	0.1996085030092577	1.0615856001299573	0.5876691995488209	-0.5259176346225045	-0.07053094979155845	-1.2184809336853417	1.1630567168694859	0.013373370724994315	0.31147813490405696	-0.8125301023035425	0.36975456062986917	-0.2843555865930916	-0.5660705447629097	-0.60255195867622	0.7631562606631651	0.2747215758379922	0.3081695400441176	0.22375064464043357	0.84188373768083	-0.7621479524520931	0.30971973052070984	-1.3952891857313472	-0.23823553839131334	-0.6699308339804987	-0.6675456878224201	-1.694610281222665	-0.8930697979593015	-0.3647832217887224	0.1692645870013639	0.19433352505583026	0.9116454953644406	-0.9353202895411799	-0.026464744848354115	-0.8134083404111395
DTXSID1044487	6.779454259377424	-5.722608695099128	19.48254218472307	-2.257708707961233	-9.075840314975	-7.5231756036748045	-0.7780485153280055	6.147419732299284	4.85350323622835	1.9404603284240007	-2.703086879834289	0.3377084316210952	2.406396089824911	-2.336603827479439	-4.812782085642498	-2.8403955135731636	3.104549995432584	2.4400278971457108	3.656892397826514	0.46474555923480393	1.3281596148503745	-3.7465894692119255	0.8198041933390907	-0.38630012230601113	2.64129025855335	0.8551053854555667	-3.1262253704075564	-0.7354416464766604	-0.10174779968804668	-1.8357185579147046	-0.28577627608245504	0.08045506280103214	0.5485418496063686	1.1322486341793256	0.8482107836829625	-1.8119640335426563	0.17041200890798863	-1.1641029215447616	-0.7569812910032877	0.7036494527937989	0.5444356771432283	-0.3307253243940073	-0.1151087666299387	1.054862404648657	0.2719156906588639	0.11218954884035355	-1.1611741201721753	-1.4665626374474907	-0.8710393925093994	1.2368617867428777	0.7506409267463309	-0.7899732341603821	-0.35748174810324224	0.962239928895106	1.0197527872626817	-0.9152787146519015	1.5698669295001215	-0.3229025726605205	2.998223875830296	0.4962689144315718	0.5595867363001118	-0.18713159468541252	-0.11549719831466523	0.9198208112798891	-1.1640170563684804	-1.27215309253626	0.21538127030383422	-0.37961948265116	-1.1545668672102412	1.0013327693599166	-1.5701692357429557	-0.15892635357870835	0.34002648828745247	0.7399146602331989	1.7269532510593522	0.4078319819767658	0.5063168454289912	-1.5866881757107916	-0.38712032052738093	0.42411327387860015	0.3491976774392418	0.6038398052389932	1.0882752579924149	0.2515668643936352	-0.5163169969932693	0.4439720440635737	1.2823995854552699	-0.3457429372053079	1.1158539052596126	-0.1062753784245419	-0.007605987654877263	1.4600729765889893	0.1653337079959386	0.4793908969642249	0.49434270453576645	0.09314644266424445	-0.5143281134803614	-0.6820651373259043	-0.730544677918319	2.094638932145662
DTXSID1044564	-7.305122355849855	-2.5160751544990285	10.428291955264733	-3.8180896591302282	-1.3620502307669136	-2.9224468243916215	4.494249970812964	11.016312430431798	-0.4535894622933871	9.716405507982397	1.4243183491986704	-0.16029774412120631	6.39406666295085	0.6090803029087453	-3.747063384915768	1.5266954556993588	2.268060084390103	0.10928183066569896	4.127001484974282	1.3225978245425476	-0.7321380579218223	0.9843918868191944	4.968667242756119	3.002698317703139	0.8744472441559548	-2.313272844298355	1.1212896979931124	0.5784828618158413	3.371665254959841	0.3139066829188166	3.639698580732336	0.6149280716226705	1.9221072251773859	3.0391631935819676	-0.6546951542635419	0.01681427814548083	1.065740958888481	1.7354545943675905	-1.2337562328138065	1.672526256106726	0.47171535074716914	2.0436522924978995	0.24505554644441518	0.9849351563402398	0.8431393969203564	0.6683756162731374	0.07648654854743259	-0.8562531876262337	-1.2027164949050126	-2.409523287941168	-0.4093233262426014	1.8678273809234027	1.787125442046622	-0.13092539754076649	1.795161849889953	1.5831825738360945	-0.9676353094016962	2.595760512842168	0.14783168159563334	-1.268786275132142	0.5255600243071814	-0.23563433759807095	0.28640355945831736	-0.6956533866172957	0.1493560737119308	-0.19792610170501518	0.42927739331599757	0.17654820516429678	-0.11726905954150475	-2.635003743665455	0.4159493839908507	-0.08907365364296231	0.7769137615447113	1.379659314101024	0.49524660256382713	-0.21885474905846045	-0.7138842469825207	1.838601997251375	-0.588034252225906	0.21829533975517942	-1.3155376067535511	-0.5205853230281403	-0.6178450938444227	-1.4395428037535738	-0.2578936919070708	0.2813087379472494	0.2693603246974855	0.4737833769595919	0.542300755656236	-0.2853989874136309	-0.09481629881039301	0.061499921339965215	-2.56196181905731	-0.2642938774180781	-1.3834787863763434	-0.013284393686184578	0.030025228927472284	0.7044242906321819	-0.6674870290472777	1.6714375773773515
DTXSID1044643	-11.30926649608628	2.0822994067368734	5.8019232054362835	1.5673601781554523	-0.9175886329322345	2.80059434768936	-0.7538657477318585	3.023719089450424	-4.905966835490966	7.719385326943499	7.042326994510946	0.3289178337420926	6.822850728164567	-0.6724628028766494	-6.273357498339331	-1.6903396896400598	2.8373302828336895	1.2802448209041648	5.349197053178299	0.2867424367770813	3.445998524588094	-5.179421019043992	3.3493578106058086	-1.6553353167063891	0.048850057181136046	0.24927528042247274	2.3676502000253152	-2.753931470858344	0.3730673133921267	0.745988980607453	-0.05088121737115953	1.2994360210412355	1.0270364420567806	-1.8723424418456769	0.3211224211536437	-0.8034228048409582	2.5272487741469023	-0.44282676012904226	-0.12781939419777338	-1.8828131209066066	-0.7978182566602121	-1.886852016266681	1.1609923929442139	0.5317618080863133	-0.7798251069569259	-0.9561194755662566	0.43340953952912453	0.009881296500582297	-0.44751540387745753	-2.2433313975105533	0.30351633817136797	-0.972930264392204	-1.3240165568609614	-0.5682224223747615	-1.9126381356475552	-0.36781195723970495	-0.6605109243979618	1.1035330040485263	-0.6598282984813879	0.6321645953124043	-1.871542337711054	0.27279180650756757	-0.7663044276503156	-0.6777956608527557	-0.008478685729283307	-1.9847720631860066	-0.6093458416217991	0.04045893361203342	0.004726427042772521	-0.5875801723227236	-1.5089303097310176	0.3908250504712047	-1.310604049298755	-1.5571991331334483	-2.47355480474935	-0.738551480502901	-2.351160297721307	0.4059596882085288	-0.07820871529697304	0.7956203771001132	-0.463380414754174	0.9522514692530466	-1.004621231125999	1.2110020814964924	-1.4993395646643464	0.4904018917254998	-0.9885880527008952	-1.3689844920547403	0.683286776233685	-0.22524696910082512	0.38426022182008485	-0.7265816604496868	0.43499019724735133	-0.7102060152447545	-0.14803888869190776	-0.27850826307779125	1.5537559769718494	0.2889960176210732	-0.11515849362930691	-0.6561320021145276
DTXSID1044697	-12.225490739288283	-3.5970338431287656	10.1559174339082	8.893957841061315	-3.858295761734013	-6.732202334711827	-0.10132729229756271	-3.7314173027992554	-0.9041681041359749	5.4185903218119	-1.7419246338319132	2.913090380671831	2.3853728947827717	1.1324309838358138	2.6853729381875513	-1.12712489134483	-2.2513622364055577	0.009156861548172556	0.6612119630146001	1.0158636806006287	0.46609448889141164	-0.6342202759520119	-0.11179975324604609	0.992146552887103	3.1007808615417325	-1.0413841908800379	0.36826494550543415	-1.8853604006987437	-0.7983230530041973	1.9159887733516154	0.07866701458541882	0.24778172752238886	0.6842928921519887	1.3395310716613535	1.365293063533684	0.4661660735249366	1.222781337718251	0.0938197062200941	-1.2990878061528628	-0.07346347132233395	-1.5887434684500845	-0.30780754937274035	-0.5181383550805871	1.5689702272129655	0.12527985733085048	0.6185200552411141	0.9114084093164591	0.10196467763655111	-0.03483768857434226	-0.46014001323271264	-0.8756829475186712	-0.5446380939874802	0.6645966538111538	-0.06358405475732791	0.15230563720099052	1.0287900899710638	0.5051543738073266	1.4714959122937228	-1.358490304015917	1.2362585160666932	0.3318558126827906	-0.01769505348696353	1.0291315152502176	0.37864263319081193	0.7757233948495577	-0.20825674227127594	0.1835224466784924	0.43345617842865825	-0.49822085129581434	0.4533376018235367	1.274180522841971	-0.5028135317042771	-0.3360134554758538	-0.8627937992009012	0.29604495918468826	-0.14525813769916604	0.4033327094885874	-0.19140921799210345	-0.3712077626797888	-1.502723280304052	0.009122669275262075	-0.5404921894486256	0.24885662808455125	-0.6373704978721121	0.8744857147279579	-1.045299421217679	-0.31675398390941095	0.11616607958462016	-1.275366088070631	0.5115934229059672	-0.3678897351673668	-0.16967245673049977	-0.47985222727834675	0.4775601138141617	-0.5738109708335222	0.8871451091627853	0.0706664313752492	0.18982278336533032	-0.6604244027684189	-1.052677882781111
DTXSID1047281	16.258591093908883	-7.142298559978697	-10.376899940587673	3.5864440944448885	-0.5443534029636773	-5.331065626729774	4.755265281449594	4.485568854262892	1.5898735236010815	-4.3885264434326645	-0.0508640637866934	1.581818381136011	2.4610787324473216	1.8188334993347066	0.038067847027829595	2.6050297711916475	0.49834019607532654	0.11180316913798116	0.4431141570223705	-0.10973329667629633	1.4126772750866716	1.99243789698181	0.8532645955300502	-2.1803146435415286	-0.05068833232214812	-0.507075513758759	0.3740900630316036	-0.5395727373598964	2.7355876499365697	1.4240135403387377	0.6616539275991793	-0.3738373287355703	0.36431419472055054	1.3484201797700537	2.0245642856140567	-0.43483011692648	0.5483128487987301	0.4455832592104406	-0.8731707973264664	-0.8510036436800866	-1.0595978342101016	-0.15720364646524668	1.0002617183518991	0.7470432866858145	-0.6208149211081677	1.3949138593684853	-0.9323673908085915	1.7485040823095903	0.1507010557775292	0.3331254570880216	1.266770125818793	-0.31248732618939445	-0.6310281736794359	0.4175335282631337	1.8374551516280415	-0.6988783943342394	-0.9769062403651884	1.5493850480267652	-0.6194938035081906	-2.3050356626194173	0.7963123384825581	-1.653050428892377	-0.2859996208185724	0.4089917103176234	0.8560831611858851	0.38509092260817007	0.77864982784761	-0.5174600567311172	-0.9547619094372687	-0.07239249186038973	1.6035451830312761	-1.1001738183709804	-1.3080451922040364	-1.1857882443045324	-0.2587671107892393	-0.3474272120832337	1.0538219763026604	-1.0878706516274668	-0.07001442811987574	-0.5409013372451807	1.6700653982354012	0.9232310374870993	0.9832788438756126	0.6131046247256882	0.4292455605266504	0.38883626696858414	0.7976695570147675	-0.25046545632893874	0.7994739204449897	1.6587359969131021	-0.9131768760249634	1.6412914433027235	-0.24311502987869904	0.09192566899268265	0.46596874091605134	-0.4155895154657909	-0.2573385893387833	-0.7646093407139649	-0.5252992064592015	1.265209435960183
DTXSID1047283	21.03903365386745	-8.388538693743875	1.8251399293679862	4.04216679998896	-2.5885833121517683	3.390084840452762	4.790547953538479	5.044045023885071	-0.21549622755808193	-3.3892197149766488	2.240881458900957	4.832347709304768	1.503683385479405	-2.1474801002404345	-0.14282796685141172	0.7579933479869934	0.552187018359548	0.20661617340467037	0.2356587846970357	-0.8385843905078596	-0.016198871359123835	-2.280264219702897	0.43208983795984685	-1.199036715136635	2.061757093554254	-0.19404729258212225	-0.008561128179917726	-0.08730387955729016	-0.8723597534140234	-0.5178225421386332	-1.8516267141993603	-2.115666499931688	0.06506224367008523	1.2432735193630335	-1.3074606340723647	0.3657737930123284	1.0258596113225518	0.46039734155318535	0.44072980340808876	-0.945152594223511	0.9496901088345261	-0.25096077722931964	1.781055205191573	0.41112139064051495	0.48683521482643816	-0.9866317183771632	-0.5720847492421769	1.03769321597822	1.2902937094928475	-0.6009508297965795	-0.6798803057176104	-0.6242288720371821	0.9289447107282142	-0.6973225431131236	-0.5702745526796366	0.3334232958627014	-0.05910782415595238	1.545578567601736	0.6426952981968331	0.16497391466885516	1.5812987600189956	-0.6126337938772506	0.9306546915372812	1.1949548570277204	-0.4081240916984128	0.14521540932141552	-0.9608196487455697	-1.7091113497890253	-0.8033410088230494	-0.12969386914541983	-0.5734633212893043	0.41032589219893234	0.5718755619452255	0.07181543870572552	-0.17047979366528862	-0.6215313547217906	0.6309685704874778	-1.318999809654168	0.2972555859329173	0.8938033986956379	-1.6280212631260262	-0.29670644898713794	-0.011118718541530627	0.0010917456073900843	-0.9586648647466449	-0.3041337370374501	0.6740654464990263	0.4008154242902773	0.03676030266141979	-0.4070776181566007	-1.1358970506722712	0.6594804602989165	0.08669023753959154	-0.5113196559786964	-0.4029766220953044	0.17915891382022497	-0.5822785294101125	-0.30633258441178424	-0.26438568511606336	-0.42408100044168795
DTXSID1047316	24.371790435158236	-0.6576069608787984	4.233064119544388	5.556848682352207	-3.4846727926414554	3.64267417978682	5.465186473877653	2.0071328625850957	4.474954729191447	-3.387867032862551	1.1663357135750494	4.9891988250773505	-1.2776039883401187	-1.8544832090479884	1.5643573333632699	-0.7209119102522744	-0.29406659411858554	2.049195946269053	1.632918150874388	1.4225850430429672	0.5890409995603642	-1.2535937050563413	0.057460349717839206	-0.5429301412472439	0.8283337455893331	-1.1936961244866957	1.1259263484398792	2.5830993495328767	0.2632306463500473	0.008276579335978513	-0.13732383734070214	0.6056621786091299	-1.757856494901893	0.2878620087409017	0.21499187546416812	-0.2756432516614642	0.7956214369585498	0.37726803542413456	-0.3931015366620577	-2.1309701433697565	-1.2966006506079142	0.7538244181292151	1.002317148186423	0.7283580932004228	0.28692192170178654	-0.4773063557449729	-0.3042133309829344	-1.668890883035881	-0.1793264512283467	-0.913216349631225	-0.48957258713634555	0.5177958554680288	1.1472919154805206	-0.19330237595288613	-0.3922568303611929	0.5449755802487876	0.12165885950973265	0.20411294485688838	0.5294754724913685	0.5812926680313005	-0.4851669269971719	-0.2470424194328003	1.1366370662225607	1.0186678586531137	-0.7125988948579858	-0.16742804291358532	0.17654770080506313	0.5669598255000275	0.8672457099188237	-0.16215628713977842	1.5542961439955463	0.07528316869106567	-0.9244800990584163	0.26728023073675483	-0.26508113733503713	-0.2565627897390473	0.14363453240437124	0.8522192182116914	-0.4583540555166683	-0.7267749014687425	-0.8021802508716291	0.2539669757569207	-0.23887552724242966	0.7754001043803648	0.7875322238623045	-0.06485053022579758	0.06082515102772764	1.0520949946505218	-0.2450381051215936	0.5156692513254241	0.1741598371931055	-0.6518978105677558	-0.4401196391206364	0.44948284368411434	-0.7845896135230452	-0.5416805420525116	-0.5239692267427217	-0.03942391272138903	-0.23662254958682089	-0.7953854202076104
DTXSID1047318	7.832539200088281	-3.5527576443628366	-10.24974976566972	6.454778619969318	2.0881283124223904	-1.2350209390905826	11.187964315509522	4.093404808804914	-3.009383621948178	2.612632988652661	-3.3298249161266327	-1.9486287551872272	1.1390749251808254	1.576568109288515	-1.946843221717634	0.716410473316005	1.4813450928184146	-2.245912587930178	0.1845213416680993	-4.801777305913031	2.908467026507622	-1.5790777532500329	2.555213470154174	-1.3772215206175162	0.9793265683310056	-0.008020724325986876	3.1039133393021396	-1.0293745149365292	1.3950652760805753	1.2343928617727604	-2.759695591572992	-0.24293625674381342	1.0322697131154601	0.5176326843186783	-0.8988281618318009	0.08367861182717347	-1.0980585490002377	2.7170830748028303	-1.2846817837772977	0.4306772314939801	1.5366836963268926	-0.25751713219061784	-1.1662018702229622	1.7516096351412385	-0.057872664115694944	-0.23436430670654435	-0.41640944919849543	1.2883530681423216	2.418747062286484	0.15554231326803125	1.2156222754830006	-0.8763401717039995	-1.3482275768373622	-0.4562846256852013	1.0588775092141751	0.7144388135619382	-0.11065437933617249	-0.7025855929888772	-0.10268687050168071	-0.1810877107679497	1.1356841829293502	0.02739442734467688	2.1202341130069398	-0.9346700122178844	-0.28111518581726114	-1.6037261051257001	0.4370580028443643	-0.47533894994130826	0.11074494260538754	-0.0646561104071666	0.5121389730394661	-0.037144423493584974	0.21026090175984974	0.7239460267375133	-0.812275418556754	-0.2138949442845768	-1.962547716446847	0.21662125344524766	-0.3207105486554951	0.6264963694487777	0.2941637625810596	0.09070003239407334	0.44978863457183793	0.46200357752643484	0.1252791956894062	-0.659048436007399	0.9349264579167033	-1.0019951674847811	-0.8814871712868974	-0.33193611638920073	0.09923902023809004	1.274251973569595	-0.8471003220209614	-0.15331758893948902	0.4228705700432607	-0.3544536330522331	-0.8420755049053633	-0.4711593429708274	0.2829269609992731	-0.29481217548995114
DTXSID1047310	20.73422991798324	-7.136079317954978	-4.878442288472766	4.5455203392327626	-4.466483762400176	-3.8050698655342226	4.174924264836201	2.172241786315345	3.563594605946414	-5.191908786929955	1.5134313937057073	3.6014858710923314	1.6442235753984025	-2.3094433017202523	1.0275214067134297	1.4808802869918825	0.960799526742121	0.1540344911641845	0.9469934900471533	0.41296170912637264	0.9514744647543797	1.082737965618241	0.6598808211226899	-1.2291749499800273	0.6550460910809329	-1.6351743990990042	-1.72099393529601	4.642501337772852	-0.04164509289043158	-0.18480391839165916	1.0499628225687831	-1.0366423428664515	-0.3849855623681998	0.6335568051169687	-0.2380663378327393	-1.1102358589402963	0.41318230482966195	-0.4757350722506275	0.9734844448428456	-2.0288112779035297	-0.5662586742677886	-1.6314922559831893	0.5460205074736563	-0.6510837624190744	0.6940931871218831	-1.0244433442181469	-0.14345347162355163	0.6389324916261176	1.0960248860402948	-1.4185204310111004	-0.4100567918462511	0.7748542791100387	0.9613023707722089	0.3894985138946139	-0.6177079670595681	-0.02653094898121515	-0.912022173985403	1.247527999705084	0.5579019664274252	-0.9186324146039093	0.4022702010080351	-0.4502626765058701	-0.8766942046160936	-0.3341287783341351	0.7597886749841295	-1.118121381753069	0.6950256548650956	0.16206826286376377	0.15246719178217039	-0.7916535287596232	1.1556282692739548	0.6196890375625996	-0.20793213563563828	-0.7474001377313568	-0.33049830056043084	-0.8621838617073103	-0.09333908542890672	-1.1119112863207752	-0.5489344139594453	-0.2043540339585693	-1.3478641397637676	1.4073435132906638	-0.28904336094758026	0.17446269816426802	0.18621315399831906	-1.7037930268615304	-0.025404661754676962	1.3717296869304305	-0.2611942444888966	0.6633832398148726	-0.19939459206613344	-0.8164733815022037	0.9632868325051496	0.0835072303904257	0.3088430722324488	0.38241810269445875	-0.12327064377716118	-0.39550157281422205	0.2800304406824485	0.34260765536619103
DTXSID1047360	17.669242302357496	-3.5489833972145455	-5.8863334365984255	2.9897356012005107	0.46999378058563623	-5.534670615105238	5.659520863561563	-1.995089506039473	1.846207074079704	1.42156481577292	1.8436806429949255	7.877124016378943	1.5062797972943534	1.1330903879380148	-0.037718800853945154	0.9527818347516919	-0.05215946322089792	-0.5822295493814557	-1.0229134088678797	-0.625556707952237	0.24477775578431052	-0.041134906503645374	0.2302160460618273	-1.045180444149904	-0.5389076601406275	1.1093393302435977	-0.5557371202727251	-1.4347396789355473	1.8424974922969592	-0.8255858616256241	0.8824050411639606	-1.0599304798220075	0.7680556815602889	-0.08737533657295717	2.006175827669538	-1.427522249431548	0.27216280321577485	0.32748404218995436	-1.5194796480161106	-0.7679600233212841	0.09077616553034314	0.9597431691352054	0.7284483575143467	0.053705122618784115	-1.385453526504645	0.9588841724295404	-1.29264740778625	-0.7864436907099528	1.226655907266717	0.27150783007168067	0.3343250260134566	1.4193205904422699	0.5256163655213469	-0.3975995020410663	-1.4719825867142846	-0.49611742759934957	0.27740778117130593	0.5945061176920895	-0.059082971028904675	0.7087406179677082	1.0632279515700336	-0.27269475193814846	0.6112270418708206	1.3737437512105188	0.5993798403104832	0.18667390426561203	-0.9961194011796365	-1.8569198382828351	-0.5651412733627272	-0.40105127105461175	1.1664879848104923	-0.437022407326676	-0.3980154182985716	1.3865671418568413	1.352767339521157	1.870903221598688	-0.9296766274071978	-1.6830836633474076	-1.684723426842949	1.675691702350548	0.20149868218006284	2.0652228457910087	1.1584919254674668	-0.14697206058941217	-0.7215749446808527	-0.6903388583781465	0.11650557660901652	-0.8152877977373159	-0.07611874733115877	1.693100161518649	-0.49265692070555905	-1.5743665475515802	-0.03394178897633527	0.062437039472049066	0.7694533312916062	0.17691568201705	0.939579401560348	-0.16957263498028907	1.4331993699306815	-0.994021410415423
DTXSID1047285	8.48405057637287	-4.220596021391285	0.2811587778626812	9.039786897938587	4.153784608899215	6.41209866803956	5.8626810339098645	3.372428171071268	-7.6092859197456715	-1.4331931856206515	2.2387424891149257	0.40141440506637477	2.1949083076658646	2.4477823591846004	-3.428484220469805	1.6483161274666143	-2.6013906284812798	-2.7363748380585085	-1.300726474772919	-2.1925625565983533	2.7250586987511993	-3.5739201608212863	0.5384293420963773	0.503480247060074	2.4722207073648996	-4.651374386977883	3.2089825637563054	0.27725876249227105	-2.229906623561112	-0.3537656110269629	-2.4873455137003595	-0.4565885486216708	-0.26204606632529825	0.7878692620597019	-1.1756819011708628	-0.32385503101908	-0.5488253042769509	1.9467405689017014	-1.501291427973741	1.032883978976054	0.5274654378079612	-0.23116358621807764	-0.7834524797036468	-1.1967771221996524	0.2168815725204881	0.46430725256809047	-1.1145376370444147	-1.931101179002381	-0.37206678150140304	-2.3470518183957374	-1.4790733882622247	0.6943015749711445	-0.2578546658915556	0.31795289528095183	-0.5866874649425827	-0.33884903875506595	1.7993470055655258	0.5906343805999366	-0.7852853598514108	-0.06151476930697909	0.972894908522743	-2.2545723381507954	1.2587316327659295	1.3233977754888522	0.8063428165370679	-1.3366660258813667	-0.3093116862722072	-1.7794889726144327	0.2667109349856014	-0.06312264406024456	0.5355124991890785	0.19838676250876874	-0.49558609342747995	0.19668403946980986	-0.7383464507185796	1.3086470103363175	-0.07394599865715469	0.9771457710308338	0.23847975038227648	-0.33446822736555104	-0.9834325171363474	-0.8636989805133345	-0.2875568700535372	-1.2049552413843563	-0.9284059077606044	-0.16360832326391855	-0.5107635721086818	0.30798283795870435	0.5365224680071765	1.0684601588745413	-1.3930257268841555	-0.022078557626409374	3.108034721064403	1.9589096392209433	0.5263963277385262	1.970548831275507	0.3164825343172189	-0.19467419268583208	1.3137853728012414	-0.3453128594960848
DTXSID1047366	15.343828800453146	-9.638658978801068	-9.989608049850771	3.338260687550111	-3.1693802923743695	1.3639959038327132	7.462462332685432	1.206579476997865	3.159131600123252	-4.262299364417597	-2.0604506713685575	0.2853775099941513	1.5690863751416722	1.4080704980249563	-1.344419356097405	0.11725827637436487	-1.1574666981142605	0.5258874256704519	1.5919784693988295	-1.807671133046241	1.6104673773109304	0.008663629943334746	-0.2397657406719656	-5.0519022142565255	0.567735899179775	0.09361230580292348	2.4534728154083134	1.8830378608871834	1.7814534395881951	-0.4267764237686263	-0.46068605721651973	0.0038016645592473964	0.0867179128159295	0.342241210410796	0.02899255050014431	1.593403971559325	-1.391290511677014	1.6229857990408116	-1.0595838041030623	-0.3716090669436422	-1.0530251885849096	0.31340126123168566	-1.981015549541059	-0.9891803314462109	0.5283191984666074	0.24864167083281952	2.8929560275586272	2.0953051200965707	0.4868269964664406	0.1199278913518901	-0.9768278465727671	0.1471208438612796	-1.2045053851496643	-1.6432510329757397	1.3117027597852162	-1.5173587247015545	-0.5730128278948724	0.3892292094959521	-1.1318913996681634	-0.8949739866217221	1.561125620126576	0.06805347649365041	0.4862200281583137	-0.5216946583374844	0.1273130135324507	1.0552005471398445	-1.3392293301831129	-0.4120104403633591	-0.8296978899872652	-1.0963300127995093	-1.4844254707098337	-0.6327688147861659	0.3136288634890919	-0.23124515278851918	-1.0650613554549713	-1.868916859332881	-1.417693843983556	-0.4604449611047818	-0.32108356977827607	0.6861738516716542	-0.9568408548169403	-0.6310201427495701	-0.10794693848991074	-0.40539871136549444	0.008229273157367717	0.6245490727913161	1.4453816702239008	0.3817698174654829	0.6823488409329898	-0.020784562547283027	-0.7754469280530448	1.0017666724678218	0.07559230337194206	0.22618777532540682	0.3476309564369415	0.588207523416796	-1.0403139736509253	0.3015694646570121	0.6087477010771984	0.3224564678384099
DTXSID1047528	10.749545609419492	1.6946671148502501	12.531715100701746	6.3827045683086965	3.8922606584648314	-14.502034199510545	-5.695906477982095	-1.1862433692119287	3.688140563041911	-2.031323537811159	-0.7219693094188465	0.551647371304681	-5.103202757097144	-0.2828401600060673	-0.7963666104530257	-0.08949918596945022	1.5152745615884176	0.5937292597870122	-3.0626337707871727	-0.995105530577064	-3.59785772337998	-1.2598410831571782	-2.7104732995245326	-0.7863827510290725	0.7017957835064522	-3.1823851119934643	0.6491950979815796	-0.9264263575063342	-1.0979738189643875	1.2535107766381448	1.7528845732280596	0.09504230561048867	0.36603804251554317	-3.4533508478695656	0.6015974618489693	-0.022685920465439165	-0.7052455607090776	1.3220019923819368	-0.45336703949704216	-1.348811739426721	-0.05174678310875862	-1.4054515442481554	-0.276199662788848	-0.40718702091027703	0.09738122485331277	0.18820230048252024	0.24884327781407223	0.5501263224762855	0.38275538922311575	-0.5300247238145359	-0.7803008313716846	1.1389301775477683	-1.441583237300478	-0.9943373708505304	-0.4981511213157875	-0.4151057569379199	0.3902932751001877	1.1441965562160983	0.01417444215521033	-0.34078434079210235	0.49932552050616663	-0.053631672380812664	0.19919842215215347	0.34061688570769655	-0.5197805863063985	0.482273507648384	-0.2409868271175355	-0.3640280753317494	1.16996621979902	-1.0446736873855262	-0.8458548740309831	-0.9536489167719964	0.25559545440159226	-0.12243912995196801	-0.4297493418748756	-0.4827624455036046	0.4577566699721358	-1.0304866004550077	-0.22126627354906264	0.6543621212756712	0.23309349816602598	-0.32714292465510014	-0.1712807451833047	-1.3425678399091947	-0.7212149009040705	-0.3749028839639214	-0.7679381788942311	0.9012804115517613	-0.38064779880106236	1.1677570882369077	-0.6038985117903752	-0.0993595757454628	-0.09182002914660278	-0.09785396560763313	0.26813663723054243	-1.387499907903092	0.6116682825979042	0.5078637806982134	0.43486635269587187	0.4954101402814417
DTXSID1048170	16.652004397026033	-7.393947519965426	-7.480669038142549	2.5016273427921116	-3.614661629241217	-7.372789394770807	4.6299692428016925	-2.4457417969663795	1.7760857281385154	-3.0877851568204417	-0.21495092254493287	0.5659122033006742	2.5859229433365485	-1.9379838432263807	2.6582642151484164	0.17529276552986078	3.2415786975380074	0.44510297159691076	-1.911598219463516	-3.7726067537714227	-1.067459532163206	0.8103194420446241	-0.9663474354756569	-1.3491021911944612	-0.2895822200002159	0.5598522407572009	0.5477619566049188	3.007382375506177	0.6556648302134318	-2.025612134676251	-0.9689058468711901	-1.5927545050334366	1.7234563794775704	0.24547659244767805	-0.5947016610658176	-1.3869030848060993	-1.3446450851081253	-1.1281179576552396	-0.37326762989574924	-1.2704603846535159	-0.4804393028373547	-1.485283331236015	1.768579752519914	0.16369260380217607	0.6712966607206121	-2.379800478730506	-1.7344259598311542	0.9581870608664425	0.7114581058124758	0.4604094007222826	-2.1466982327776254	-0.464031494436734	-0.4993173468514968	1.5526911800257834	-0.1469158607807192	-2.000617644102605	-0.6546564986185206	1.8681158146160297	0.006595440708264765	-1.2722587444062596	-0.20221641528737289	1.5417710225414125	-0.44872012445353937	-1.590019580588065	-0.39026606895129273	-0.5092943048611219	0.24412252543883295	0.0003551350996554636	-0.7130383389247775	0.8335240117607773	0.3125373480124369	-0.530927718982426	1.383842768679109	-0.6715282074546646	0.5027354106145601	0.3158103270441491	0.1253159112148964	-0.06381242677097135	0.3386065574188909	-0.6242259242621763	-0.1793214994793646	0.056393775520381245	-1.0155504590648206	-0.6348214702514914	-0.23277691684911175	0.42664740538134677	-0.5360428701239992	1.0155369869271749	0.08049355274699667	-1.6955951076456754	-0.13650743271934354	0.08474139138277091	-0.3758667292081129	0.30441079243798713	-0.6722929477603901	0.8007032616799475	1.4394196183571635	-0.21624909216062616	-0.5301287826225763	-1.0604650186289468
DTXSID1048174	14.67698087353885	-2.699036678301734	-7.461590984398715	0.3117884052269985	7.762871682411865	0.844152658389217	-4.505446987904095	-2.791426093177936	0.8584722212961782	2.9021983409308394	0.642631647203974	7.031879791915327	2.2288928463193747	1.948754817123231	-2.0426239795985115	1.0232512163863388	-5.163758809220512	0.8049310435502676	0.11648149323683107	-0.5066554600649031	1.816301391803703	1.6304438843597477	-0.00315316817255514	0.7361531232771298	-0.6236341048699742	0.950230732818101	0.03882818568401709	-0.9135862471528482	0.7954721208996944	-1.950213527781753	-0.20434924709362495	-1.7616686800003918	0.9844624071125684	-0.49265254886022736	0.6345420376101104	-0.9301641828749592	0.9136981582608776	0.3081148718984483	-1.6372552397823228	-2.5475527882377476	-2.022702108417828	1.2972714998080552	-1.6720676247227932	-0.666955644864395	0.11570798839683755	1.3562005944801176	-1.560082054101039	1.8106370455122605	0.5425234286008931	-0.19761326438674856	1.728580581120012	0.6917834610385021	-2.9719257372828904	-1.915541673003289	1.7949619760046318	0.1801034454153721	-2.1107051884681964	0.7589040257978423	-1.609235189364167	-0.8593689116469668	0.1849083351557666	-0.33602066136260494	-0.3030654535392709	-0.20948390322437216	-0.14212808873827842	0.34822666825309084	-1.6088291413259865	1.2915704407455615	-1.0342415646473784	-0.5551885327703847	-2.2062389029213585	-0.3396159332254584	-0.12088543569333975	0.43825724056755344	-0.4961595329985275	2.357747839139431	0.2098118744597392	-1.3288601699711633	0.2907418156562257	0.1150433828646085	0.5787237957717583	-1.6336978429029454	-0.9099909332896986	-0.5796959801615591	-0.84039484359654	-1.4623722211373709	-0.9633644808200965	-0.3046341838106905	0.9005173170751096	1.1936421304524845	1.3268834310893365	-1.2675046871439215	1.080349918301497	1.8888032307366833	-0.2949652667172234	-0.5958460169000204	0.8490986441090788	-0.4328660833588594	-0.10963507365431152	-0.9857419188952511
DTXSID1048176	25.317043173339727	0.7177528781206246	5.066762471938156	2.487653204517951	-4.230549763938247	3.4953877509865676	5.323345289871545	2.1361281810721664	9.250848981233268	-4.267869348325017	3.2694861626969214	3.629409464456769	-2.3134820604891075	-1.5301872904440543	3.5658635079265206	-0.6972453568807798	0.4822703692716272	3.261805149407915	1.6171447162079602	2.60172286026815	0.5293215265370402	-0.6112897335798466	0.21813638788928613	-1.6465782947744967	-0.3362923814611842	0.20595514226600256	0.05473036257813473	1.1309571002008458	0.38599226896243416	0.8177996844122843	0.7196834379139476	-0.589356908002335	-1.4013373392841135	1.4463965907079217	0.4802241295252951	-1.0407090294001968	0.24931945900120067	0.654821448441121	-0.9098390489837208	-1.300198607031028	-1.2283945890162111	0.6104104035780737	1.71319870539405	0.16723453831648524	-1.0909981290333364	-0.009087707890385339	-0.6924098336879341	-0.7081074977814654	-0.633367666766993	-0.8364688703733336	0.02813443423211111	-0.22776575857449655	-0.6669829118087554	-1.160638749408939	-0.037780349228833866	0.7835616476192577	-0.2369870396708875	0.2443714768063903	0.9986953875157191	1.4981584412303475	0.6180847121263703	-0.3878278275713405	0.4631737052067702	0.19375430517869463	-1.0929724951959334	0.08173473275481555	-0.07257945311730951	1.2899512486950788	0.7249625609751355	-0.3159965953368103	-0.16154228878417773	-0.010880584712191816	0.068069558868965	-0.7585432518354523	-0.8119231247888781	-1.0163434292705125	-0.08961186214680837	1.0079369458981222	-0.1815205329146107	-0.21089243337043287	-0.07125089167661179	-0.7932934180856533	0.08698627922010163	-1.0881713414141867	1.1598526650044585	-0.12437695053734445	0.017932007411666638	1.2250081331648885	0.4720072191274106	0.9385638096250615	-0.9082988423960454	1.139701077756094	-0.026016609855100577	0.2879765309889374	-0.6049691650805128	0.12685137258495327	0.07107801960326196	1.2718079628021153	-0.06414293174707869	-0.40696637891049453
DTXSID1048207	8.860893629124119	-5.171989707906105	-9.81089280104033	-8.223432163190322	-3.5524141004270646	-8.023475294161784	0.3689538229919977	-9.742946761405761	-5.491895762220861	-6.294303838535493	0.7415724051326988	-1.9273567945688346	2.1226588906502633	1.574623378446602	-0.24324204518506573	1.6213166200909037	6.0418800664570504	0.41344310473772833	-3.2224063706542734	0.2647127897550606	4.008287746650448	1.8284387599126126	-1.2930989621681266	1.095095793432073	-0.9823895977836041	0.5611095109060599	-0.12655667037563972	0.2901233799781459	-3.057357861964215	0.3933601924740143	-1.2068425204456779	1.2364953015095097	0.6838407642555101	1.9250046505224994	0.09437117151994247	1.4156334633012126	1.8340026267139438	-0.4230603478606547	1.77696937666055	1.5006112396085065	1.4998173103228294	-2.5236329364973593	-1.4807392704726852	2.018137305580379	-0.47880972875099903	0.701342945699505	0.80032314773997	1.338188599400195	-0.26404564719367024	-1.061819512169884	0.19101170747091298	-0.16195456370747496	-0.9188223613106673	0.3371292281079301	1.2144538218653917	0.8458850531097635	1.0016735816080309	-1.1870644980311225	0.33559760435787733	-0.352201287305527	0.5631483363604821	2.096627775613338	-0.17661149687191643	0.3530975681100279	-0.9286843707475511	0.03086196506270439	0.2427276974214243	-1.5436086727051173	0.44960393244946484	-0.3336149838665217	0.02127546085062092	-0.011164969941247506	0.8770475232422156	-0.8325626062413423	2.0644285833567055	1.3664481934415762	0.7249383143620356	0.3232272417892939	0.8796048473708387	1.2427989698905053	0.004940900381800185	-0.29070739900767095	2.0039354020223357	0.038885304102868584	-0.693574249143117	0.8609333692633616	-0.6273402149618337	-0.7101583808705607	0.7056267198902537	0.7362673610952918	-0.18131199151317456	-0.8352359624635414	-0.24015388325064213	0.019190347369316435	-0.6287927765702161	0.7014696597014595	0.5873647997633149	0.12394117132002741	-0.5042785607625581	-0.13107236260550095
DTXSID2020006	-6.034550975406614	0.9522157748630101	-10.978700593916308	13.61581968832181	2.6795953063121836	-4.21851690801623	2.677938289088479	-3.9517841314163205	-2.106824529713653	2.0171476913716186	-4.300069939475897	-0.8560936656345178	-2.3388806471007033	0.8397528347200448	-0.7912956401616625	-2.415157366543464	0.939358651130037	0.36796151687818296	2.6137089834247265	1.7899472110236174	2.288832162555021	0.5684314119562053	0.04455588144883934	-1.0521411864365773	0.07857121457093107	-0.3339871654989523	-0.19704262752755247	1.223608655298738	3.896088428851406	-3.9229407178579594	-1.314730309862009	1.9652959588867023	0.9262347486750103	0.31607845167835913	0.3526317308999937	0.27681389748484114	1.9335389698099128	0.03464216086165945	0.17719443608051644	-0.14338585547045773	1.3200944907467145	0.6382256193903161	-0.06745523581086559	-1.6212117013870202	-0.03903980588504935	1.2557184273452162	-1.6942631512733572	-0.02465069677102731	1.5992480704803231	-0.19270737453058956	-1.5116389126517602	0.38612001293058357	0.7709938364950403	0.05926791594020427	0.45697666989440405	1.713078395746407	-0.9634026620494763	-0.044923560760925435	0.6830004125964645	0.8246677625748331	0.5693550727263752	0.26271123180185013	-0.050086057159177994	-0.4793159099760347	0.32391262701078855	0.019307568260597416	-0.21769377728740263	0.8396677461505611	0.4512576545014383	-0.9853325961560088	-0.41905968922795184	1.0589318264820045	-0.8546958718323716	0.754264762073007	-0.3633567189172952	0.1829062950387296	-0.5365516966713012	0.16593759513162218	1.8746761855938048	-0.23312653291621585	-0.04304160501372557	0.17147101930285488	1.176342185811153	0.5496726512096873	-0.7528983100232921	0.2652588039955454	1.072881765138308	0.6702568319690634	0.8284095893653958	0.2777684509609219	0.4492942765153303	0.11517622207928006	1.2429052946864239	-0.3632586444163205	0.2426071204716863	0.4602513299301274	-0.22030885226458247	1.0072854087308238	-0.3945492929108702	1.0079905033015135
DTXSID2020189	24.164200384839205	3.1983080137342634	2.198063172408942	-1.046785566131176	-9.726966542184146	3.5021545575740656	-2.4861489089681754	4.8379389644116655	3.6088073543783077	-4.180563948254293	2.1508988854266047	3.794715445934257	-1.3683368995874001	0.01622519630288087	2.8798348785393193	-0.5443700569471276	-0.053045573518889715	2.479569241261663	2.3965196416930046	4.214964760868433	-0.3424343469480286	0.09289398223707646	0.15100163880356593	-1.0318510847934896	-2.373962262802431	-1.4357165963754426	0.5507534892852182	0.7036053248875118	-0.14409624263977372	0.5473536380583115	-0.07974879746952922	-0.14207906534419412	0.4468471661596966	1.3753083546914788	0.10310878267451065	-0.08475685413282202	0.5945005812210428	0.5478754977163082	-0.618903863547617	-1.0269516385973438	1.4180059693647928	0.9906215009505649	-0.943884816112327	-0.03524321241073587	-0.30574593939286393	-0.26234083726456825	-0.8615619263059827	-0.2778566073212791	-0.7109898878130174	1.0910758694424785	0.6145748426436494	0.9872406359225514	-0.44654303170181314	-0.6210165542666827	0.6473185673006461	0.45080819877220013	0.3251499417170885	-0.2478495976892636	-0.42256052815973477	0.14340995175367552	0.8360421960727715	0.34965471658805997	1.0421139587702126	0.28445762799110913	-0.35164888211934797	0.23017632303969923	0.7121165555199923	0.6147520051253365	-0.35941085900301367	0.5289492066508666	-0.11087405646321534	0.41544719456831714	0.7731161367175496	-1.2868441167087057	0.2694512154153066	-0.3462260150498893	-0.2388864147599492	0.7521498677246565	-0.43391280695820006	-0.6524460645896982	-0.06990650592559422	-1.027457465515455	-0.45126497184730435	0.652205277847372	0.06720998007868234	0.6798633653390828	0.33777421551875086	-1.2260779674514803	-0.1556681467887956	-0.6334124213892843	0.790819594814019	0.09053836308555822	0.13829579504779244	0.2759049000053754	0.717286061467219	0.9320892654349444	0.9659900575838197	0.39705036925991627	0.5732779553682767	0.5436027488098426
DTXSID2020268	9.156389084785875	7.561066638677536	6.320559867638055	-8.937666122469702	10.166791439143703	10.97922035511711	1.4797648334888627	-12.735714192201334	3.321456693208647	3.018401123861825	-5.941019543600374	0.7566916938378915	-0.11598438124538962	-1.273660274021865	0.890013561780833	-0.3047870254004567	-0.7150774501245889	-1.5517606169676967	1.1152680399629813	-0.22815750207727803	1.4836486608590755	-1.699707740044761	-0.5391668984089173	2.8863759377131624	-3.667738579471061	-0.20051083740720402	2.313884413381017	0.7882847947775026	0.2743826521653803	0.24183426442668654	1.0691155765094564	-1.483872189468891	0.6645941597862689	-0.435343633066441	2.7959976832914073	0.97622154142888	-0.003774739945716085	1.0044173032751658	1.8446150494660665	-0.19072430719440883	-0.26910817000962334	0.634134709968844	0.010147916189892284	-0.9073426041320009	1.3562926222008531	-1.2813067583931206	-2.338048502586626	0.7951681977873462	-1.692488974478703	1.0840255204127658	-0.5175241543921679	1.7680473229850386	1.291725620862208	1.478066390231891	-0.8125678440063319	-0.49950204550260463	0.03168468121743351	0.1142737994862161	-1.1348093264693746	-0.48298851428856404	0.09382658227243647	-0.6615776422197679	0.2899827026084408	-0.015530584550994762	-0.5028234442899883	0.5792169392888493	1.400232582551932	-0.30079182812098376	0.731604611379873	0.1019158443277611	1.4467545913801394	-0.5383573483579391	1.0860633010125451	-0.6669978500334366	-1.2615221517130304	-0.6427598676964459	-0.07077074650589187	-0.7196552700996592	-1.0321438013416735	0.9447969952935036	-0.0702133401141787	-0.6569481025505035	0.3367432498595317	1.0554998757063765	1.4838619106926165	0.4119846501140294	-0.027842731974074976	0.8587323178424933	0.33121927844724597	-0.5440323344159341	0.6967409533880428	-2.519553782862475	0.07083405590328518	0.35538742732962986	0.7803760407873663	-0.20373071979720658	-0.7475275254312093	-0.9073970958351218	0.513365152520046	0.02015502406952304
DTXSID2020426	-2.564862138593758	8.603792794487322	-10.557195521742477	-5.7631179347000385	-9.880552388625958	7.74965282592452	-12.02299237896506	1.1254718489313738	-2.1887749771214517	4.0877928056735975	-4.849967049127695	0.3852037694040918	-2.1320137136301214	-1.0259353972281953	-0.718866396157417	1.9131579579093703	1.4001127534321296	-0.11417491213459666	-1.2717853445961302	-0.14635937367037347	-2.07823983173365	-0.04009482707834666	-1.1396363944996886	-0.4123227227128693	-0.8733569582229502	-0.8028512343432552	0.5547245185966501	1.5745054743322755	-0.5857988331310391	1.1836834749549783	2.3594509596968005	-0.1998573582732484	-1.5271244406116242	1.6860746825974708	-0.1270862291025541	-0.15298718104353243	0.6297251073575123	-0.049841389776388044	-0.4182316535294728	-1.0407366477526014	-1.1464578593010206	-0.7153581576951499	0.2818517008139282	-1.473655135371086	0.9038448774950776	0.9636938322662558	1.4673343170788937	-0.010159825282764419	0.992222911120541	-0.3043587558786716	0.12895688790503954	-0.7068246532615325	0.1890638438671022	0.12256478628440208	0.8220277372380885	0.19129917940869107	-0.5852009261977617	-0.23474528258339278	0.3204840815046351	0.07841347203444825	0.08007635567709472	-0.052303342703861	-0.05313998733687284	-0.8874664928039637	0.6056637424310938	0.11667185297836147	0.6203741367454613	-0.30095011960708856	0.9043055064499875	-0.27638637113349723	0.9200842821012158	-0.05063909220572585	0.9875419309793787	0.11128262756661148	-1.1115123284715271	0.3567788564052901	0.4577713136429045	-0.47562296021428235	0.808073183249125	-0.39429191105506295	0.29059073207796027	-0.3715584863796682	-0.079252579370063	-0.08859016819923168	1.3012242468322621	0.3136240336928265	-0.5228351056465284	0.32109964806989744	-0.7410900972030805	1.4853658329644794	0.16065025133598512	-1.0090338782615056	0.03412700998847062	0.4701473792386791	1.5859966416325835	0.4303789432459999	1.3355594536901232	1.0783133041020219	-1.097569846226246	-0.032964406808215795
DTXSID2020347	12.643951917879162	4.607123442904282	-3.9981399297788265	-9.739844288245152	7.204287778826336	-9.226733195009981	-3.2155532264078044	-4.074957410797623	-7.495226859938265	-1.1410055208438568	-1.2973892430461562	1.380279789990833	-1.0695375646266712	-1.0917829794389524	2.9717286019618774	-2.056476350410925	-0.04248379165950631	-1.2704873133803232	-3.3948123535240247	0.6216612978517109	0.0768598645506121	-2.013854946170126	0.7292579670905233	0.9614660021590896	1.2523536139233178	2.0785442031023167	-0.35844723443597715	-1.0910922500663345	-1.7015254498403398	-2.342195045698322	0.8504362679514043	-0.295226373844697	1.5004111215643758	0.9992672221858184	-1.4278406687850214	1.7459568146850541	1.1572481472912781	-0.5671661040734949	0.2292710187075409	-0.8653687777347893	-2.6314741097046386	-0.06556645654489279	0.12085775837585745	-0.15931051430944013	0.32135446861252115	0.4407930011198004	0.5843329818854791	-0.8817886778398766	-0.20436360018167418	-0.33141392706729794	1.234845078926571	0.7425197892737594	1.8855156371989712	-1.3544184425898687	0.41712781017894957	-0.07667180003980004	-0.2000359386669025	0.4674499393118082	0.08284835526279963	-1.8619855541133412	-0.3435161129101757	-0.9535220563902451	0.29926252976207673	-1.6017809792196287	-1.01290905444536	2.4344786179530966	-0.3955626079093958	1.0867339001074439	-0.33761586767731216	1.170094199159619	0.17828923499738636	0.6151461047128529	-0.2891308924838855	-0.04868831369726941	-1.4815330274773255	-0.4218158107842221	1.018433894710178	0.32942688350418564	-0.6308194554124452	0.40372200092016775	1.5762734107754945	0.6239472850298973	-0.9292383822291279	0.6580451708610846	0.20126372956027483	0.2137803992817417	1.2558234375889368	1.1304656748026183	0.5737469321836686	0.9178435715279547	0.08883934299817015	0.29732466788379647	-0.14899221900442677	-0.810467281046841	-0.08605554348486216	-0.4456554264837621	0.11308828173436175	-1.2198381152228994	0.05051585386510344	1.0942699144199908
DTXSID2020420	2.8961239000272596	1.0295341844105956	-5.711237234285458	1.6532296795435137	15.160414302443431	-1.3082502475311513	-8.889281616510232	-1.3223064743106083	-0.843341048854682	5.338258373930394	1.5284393478631322	4.877613751576626	1.2266170715866322	0.6118691992982409	-4.04174528009686	2.206398151547793	-6.120451400184634	1.55676827260341	0.5603596286572999	1.2982998828103276	-1.092260682637516	1.6754222043508944	-1.6319918476731603	-0.3315734265729074	-0.4957577293682405	3.1754208277890195	-2.157051024706817	-2.719125565873525	0.5991542250912685	-1.3800211601274006	2.048455485616596	0.8580043635666917	1.1848276824184445	0.658196827421115	-1.7005844715147589	-1.7332514622351627	-0.12303925293965735	1.0286808599353756	-0.8436401145571722	-4.05095026853831	-0.9267698748901645	0.368383146977483	0.568496774231863	-0.3801130323612566	0.5444709019541983	-1.4969318435844579	-0.07183833055093845	1.9831944839201014	-0.9994242238903	-0.3625863017605128	0.42088956492363266	-0.17237643886745618	-0.7432268152461785	0.17819858666269764	2.1173335212488684	-0.59720848200126	0.33815133638641515	-1.35252110953614	-0.7559156885114747	-0.576138873770776	-1.27449107269575	0.6528467789332693	-0.927025167292399	-0.6686722229928612	0.09537631363513664	1.0185326515684563	-1.81585717756223	-0.9569625927555724	-1.4270723175812015	-1.247968179604299	-0.32028002417643314	1.072124527531917	1.5439029400404152	-0.30987604433989474	-0.04970634901575142	-0.4546211688198637	-0.7736160225832468	0.2818317094717237	1.0492263921630487	1.0946788372520582	-0.5035425738373019	-0.04421295177816356	-0.27880651647518184	-1.2226089725400278	-0.8389511721004945	-0.286397240702812	-1.9328734975209225	-0.901355580033625	0.0946792988798945	-0.9321802090105775	-0.924103289406932	-0.041766697401667226	-0.0888569853168677	-0.20558117382057592	-0.466503510940429	-0.7096748527407621	0.33172762811115625	1.706338996130076	0.36181456022584285	-1.0942877831076483
DTXSID2020505	-18.556547206096248	2.7012842967409783	4.466595523846775	-1.523748692489121	-2.3694479487176427	1.2845501820150023	7.877818370341868	5.225789018669303	-1.2543618587944056	2.2002827859214573	5.201079183486419	2.1667903475003185	3.7019773051105203	1.8934901120102086	-0.6267203507246032	4.593094355703185	1.2946003617055855	0.7921049995179631	2.9468418018826994	0.9061277353754782	1.2038812356257935	0.8968790885848873	2.1621509258707583	1.1470278100420166	-0.058207408050509786	1.157418028824113	3.006741041635747	-0.3033924731216696	0.4164234958156194	-0.32917330361833347	1.1826009283838084	0.8068637319055755	0.667721342214502	-0.437358928999509	-0.642076096358959	1.2023590419239532	0.30563808103733775	-0.2529413586280371	-0.8930919311321985	-0.09608299675657456	-0.7381940361315764	-0.13042133720526972	-1.9604869800217455	-0.936214918446205	0.0863732597115408	0.7732736352780957	-0.47261785110533255	1.8782491757053559	1.165642073006044	-2.3606870351627145	-0.6856012947742185	1.998751991877634	1.1508792652102247	0.2508411808161425	-0.1506259947160817	-0.05316516193261153	0.22551528685391542	-0.026557109726406184	0.4283254849484956	1.8831056191083326	0.5578624942081039	-0.20762186818134623	0.17788988394860217	-0.6875861572209556	-0.517014081948706	0.1582915721318759	1.0032272144441823	1.4268973016959774	-0.3218482706326414	0.5592818131759205	0.7420475956243572	-0.3478673367043309	0.241143415956031	-0.5959858608080619	0.8701660722151181	0.3841283766243415	0.5128938820608074	1.1244061548813131	0.24750198172707394	0.7250720314140989	0.18796000802250112	0.40448112861945357	-0.7879539154359844	-0.8140638872487775	0.8970853045451707	0.29608219275029285	-0.15939912201795334	0.14847406618775794	-0.4335931538428212	0.4341718634057291	-0.6364054675038298	1.579028480570472	0.2760580288349057	-0.40800616222196323	-0.035170335913133184	-0.33065506024566405	-0.2579796707903717	-0.014937623227877166	0.18023535360646314	1.055448775198693
DTXSID2020428	-14.759474318165788	9.648434535379817	-4.9156974859587	-5.116909411760576	2.1799697606205477	2.440749232750607	4.760916561706498	-10.018491207378052	3.2478953915986875	-1.0692254329020485	-4.075976584748874	3.5814087550872316	4.315770615939886	-2.7739770399421784	0.7168875098575684	0.42135418443695505	-1.6397360455320067	3.822725063575092	-2.95987114542833	-1.4000444320093035	-0.9078773946566183	-0.7606570499907411	-1.3591166210865462	-1.6396216081574082	1.0140358681811945	-2.056761570979977	-2.3038715755694477	1.134465968426207	-0.003846529338660888	1.5503854367893393	0.805865721321203	-0.14082935575108912	-0.6901239845825672	1.7705679600687458	-0.7274931687991325	-1.8209909104441766	0.2870866788115291	0.5525401648934789	1.3727885948601717	-0.39558974149653253	0.3268896117692998	-0.4637673839538253	-0.7127404915957101	0.2809544124347201	-0.6540578693056868	-0.45948104731791034	0.5629771874083397	-0.07270507639009048	0.4875727999077186	1.248947142316186	0.8685755253138137	-0.004905523886963018	0.7887468575213117	0.33526006363615046	0.153346995893694	-1.8133613810321454	-1.1837444113410114	-0.654269307755335	0.1571200077490841	0.02220354828048697	-0.6426017215705954	0.4469538333574307	-0.39580226245098216	-0.4765182087530153	1.134781842754206	-0.8343628053831743	0.6710787285816621	-0.26570303533051126	-0.7436974678882609	-1.036344481656948	-0.28841529120556203	-1.4552879877881355	-1.2451476354280868	-0.47658030419870595	0.36086717964417475	-0.9611888103953581	0.11332796235957764	0.4111865637045283	-0.2220983048622595	0.8081029732701924	0.6023663716083996	-0.23575501374661814	1.4115907129144873	-0.8333247280008976	1.7571826854004595	-0.8042658315395109	0.3216213429563126	0.12792843487132394	-0.6425187179700278	0.14611054685911887	-0.04162337353184995	-0.20616463419117845	1.3563992055425587	0.49628989397119894	0.8528518343548352	-0.2618650355380042	-0.5367473387008239	-0.7543076945706324	0.36721533661390543	1.2968613228225587
DTXSID2020507	-11.228444324534724	-16.026006083081043	-4.467117568555951	-6.649510547795433	-0.41491313778160865	2.706751242816967	-1.4555868578691347	2.75549685629024	-0.3441426967469898	1.037698785611193	3.922324392503529	-1.0443262463900562	2.4523872456053883	0.6646970676554855	-2.391192263938849	1.6796626094191922	2.1389293929334032	0.44442547276009303	2.03810688302655	1.580424240434659	-0.6708887361699424	-4.502899765560606	1.2625259343500506	2.8007020140743695	1.31003288977885	-1.0171060302573258	2.8745731445084095	0.9375448062000914	1.9283660628826766	2.8112956532080906	1.81704768573282	1.5922508475067865	-0.44522002580875597	0.9184295147493968	-3.0642038571260626	2.3383788719787004	-1.9137453231913626	-0.7523211437306231	-0.8251040646691272	1.0391847870433004	2.5802913946521118	0.3856098197472341	-0.21109325365922946	0.8793063736015514	-1.5586839026552035	0.18623469249622185	0.48472290643792	-1.6143596396373128	-1.239766101448223	-1.1899478148689755	-0.041994685173200874	0.9388674200241893	-0.42515475786140794	0.08012195410018826	-0.10375966813747232	0.020673813716027084	1.3314208481182808	0.49866696313424114	0.31657095447753064	-0.8584515734779101	0.057954794295045714	-2.4736865654346185	0.7516452655489199	-0.0029732736255431275	0.6321275944882293	-0.023103314305684512	1.3930853290513736	-0.7605974075490616	-0.4697162126876905	-1.306251022470202	-1.1752633850505245	0.6261604390997946	0.09491830561158134	0.054155953342478295	0.5754966526004044	0.4719561004279595	-0.8917758082153581	-1.0423803426304787	0.6430421358232313	-1.6171488714370226	0.24091639114668642	-0.8137069153232285	0.06560980543327846	-1.6999164956863237	1.1061689617514996	-1.4884162588908771	-0.011587010832775975	0.6357196186241838	-0.8358050730201443	0.3277190792833459	0.28571348991306306	-0.38301094594809204	-0.4121018305954408	0.1438889438969533	-0.4645082669516896	0.15100304211121582	-0.5864624519239268	0.4290397215398665	-0.36466565186630406	-0.38897886329412723
DTXSID2020686	0.24963992496743673	2.2096452895537513	6.803086271432399	-21.0172885534862	6.915993935505801	11.429230188554001	1.271768902323211	-8.162132191458696	0.7745451224596025	3.3879879698641893	-2.468690190250666	2.6126550312886963	0.18911339829642884	-1.7003792103318116	-2.6498034573895444	-1.998416263501807	-0.07082283544238406	-3.984226661012557	2.006023276969089	2.389950703492113	0.13259973356151553	-0.4110122050555808	-0.03156320503898873	-0.8537438150244543	-3.3555281362973464	-1.4145963133484418	-0.09663940095553471	0.07019141844011201	2.5866007955408534	1.3468742979114465	-0.3788439463791813	-0.8828219021296622	-0.1578725927931644	-1.1192701929475706	1.7785776560525401	0.4850323617806715	-0.8085371404087084	-0.10615873187640008	0.7988399062956678	0.10686876554284575	-0.8827504749299921	-2.413728631887503	-0.39420587738895574	-2.3454319028430124	1.1423646481855771	-0.5053298577953904	0.43986078462148187	0.6113692148367177	1.9752132239428484	-0.1876041936648702	-1.4659660320621857	-1.5620963393914837	-0.5773807466564372	0.7573849195524696	-0.03335521565489944	0.3177466688252877	-0.5856682546359334	0.8775265660828794	0.3695947352243202	-1.0417739727057524	0.6964102473916857	0.2904512899076832	0.9722085549489607	0.9865001346835938	-0.3883607318721528	0.49978417248207957	-0.24239576125721435	-1.0976804948271464	1.3137152411307516	0.8142251369192889	-0.6852927274122814	-0.3252343226778913	0.183135073321815	-0.39127737938832835	-0.6351884959333003	-0.4080700085824674	0.6946066441758806	0.8364400375321254	-0.016542490611676567	0.30586847805299655	0.9395261752365773	0.7202928520536307	0.2337362611974504	0.7158621808563774	-0.40858234134001864	0.6578307174429643	0.14214254245746258	0.7239775388292099	0.5292792867797907	-0.7185236553223305	0.16190703717585378	-0.38308618157814883	0.04617869584438688	1.057907010637939	0.2568734505383545	0.6390488989059899	-0.4514284902185856	0.6889633448261328	-0.5093515555321612	0.4676788741059924
DTXSID2020688	-1.640861053297266	-1.8557960777656368	3.298396943788438	-19.381933064470044	11.671556393758227	9.707369456671394	-4.541708579909009	-9.181815838289776	3.751984514351866	0.5253692420161418	-4.293829982852492	4.556178207968927	-0.3611299226731061	-1.858200676906646	-0.24274860752519067	-0.760489755511525	-0.3394041020766265	-2.004409633416371	2.5581028987759753	1.1846180678583937	-0.2990476825075549	1.1267181062942342	0.9438266710959812	0.31789131401065385	-3.4827486651918464	-1.9880196860601713	0.5969929951258062	-0.40087982312349546	1.9743570393294918	0.2965771060836705	-0.9725796001883062	-0.4341906701123288	-0.3369427640057877	-1.6937924123195474	0.7099097442861321	0.5481743688832841	0.7122648198136129	0.34405631658762525	-1.2674532545438582	-0.13182404957957966	1.1724684591970753	-0.10331014660814393	1.1534073403551588	1.3170240829084863	0.5931241179031187	0.4286844007886855	0.12096254597704083	0.30139350147810734	0.7388862962134788	0.40971341135791084	-0.5838227363495427	-2.127150508532667	-0.9913831927859589	0.7996120725923487	1.7311518784529274	0.5726607672411332	-0.663041595543774	0.0944469301990101	0.5946825235408508	-0.7123260076309873	1.525327826600019	-0.5462431940995207	0.06426583573717268	1.3046714883045463	0.6020175492799565	-1.095398254131504	0.4465381726255957	0.47254564813575234	-0.9626184539052615	-0.8414834409078	-0.11464683506592123	0.624020005540277	-0.2935191643620273	-0.1467207266722019	-0.03026088723628537	1.5425789567587151	-0.2669232709034278	1.0761439282906522	0.1811839738401949	0.8039493803253052	-0.3639943315877179	-0.39700664710056494	-0.7886982115993869	-0.4456137658130632	0.15629187240418696	1.1935659651307682	0.3770164423006448	0.02465118855501478	-0.9549329762471908	-0.04797535931757887	-0.816789277485719	-0.8822603858055235	-0.29466863953130484	-1.4488356887778584	-0.22931564731690524	0.7520078889914168	-0.021535279600932985	-0.6663816802388943	-0.3913767277870575	-1.7978512011005192
DTXSID2020894	4.222817057345022	-12.449769695127774	-8.901086828292907	3.648676157435837	2.425186797182909	-4.148214997356174	0.46588076092131697	6.309075912526717	-0.9809725548641068	6.626033928834946	3.949719353263525	-1.0918051447996893	3.8593669432458078	-2.9613718261815416	-4.394494626496726	2.070646785436727	0.30298264052314355	-0.5170809477515899	0.9911885045553532	0.1964625077803857	0.7804661821136704	0.43575573771189324	-0.32908533165965986	2.6299959285008256	1.5116500330697469	-1.111389352832118	0.6051490060438984	0.0943313949501958	2.629440739301734	0.18020098072078447	2.150158235381308	-0.18327194193558477	-1.0851031447275812	1.2603610695406373	-2.263988069700887	0.9130801728154748	-3.441957377760067	-1.0750248811592777	1.2643068447011907	-0.7829832392634735	1.6221113357965387	-0.4296572688868595	-0.2567823382961323	-0.4165635608631051	0.10499413140976938	0.8748912705041253	-0.34748114801931984	-3.175103052254377	0.22304124534743344	-0.5463916173333687	0.024479978230390182	1.421002276724939	0.23154537450754953	0.026025356149001724	1.6571806392196393	0.5640541464660376	2.110630612725744	-1.8451889454007009	0.13038434250982658	-0.8573653515515108	-0.7220824775197893	-0.44758103522940207	0.766888909834874	-0.35268845605637533	-1.0049361613503058	-0.8186688876095862	0.20722444893357184	-0.25881991386453207	0.6920580475956014	-0.6555707519015275	0.8342786105638359	1.0354078257236308	1.6273955604901822	-0.31688941942923377	-0.27713179588469256	0.06667184137892515	-0.1562630230693907	-0.07634410844240294	-0.16228614915616574	-0.6208107117104267	0.9604948233943529	0.04577546592633627	-0.25005048412711967	0.2658323137566691	1.205013922631667	1.4702246172783597	-0.04959650678842291	-0.002317417138388961	0.7938126618721779	-1.5621968431006865	-0.17674189087678857	0.7631862834625235	0.16654598820114808	-0.11172072364601296	0.6465115895560447	0.6614223730169808	-0.2304927420893892	-0.588122139479318	0.5516780418105126	0.058131859333713155
DTXSID2020921	-8.973129880354914	-17.337900137595497	-11.136853693395818	-2.0377553872777736	-1.5491919758730301	2.0512450956473445	2.2355179929700424	3.438649114876406	1.3158320248238873	-4.291087709890324	-1.2455455728914202	-2.68173022214675	-2.2048440039628203	1.0464610417408733	-2.7677839178588917	-2.527361513335405	0.3028688197159958	1.175045912301374	-0.5982081796855622	2.053062648298519	0.6941461836621614	-1.2948821043889323	-3.150159033241243	-1.5348991221721326	-0.6096503235670881	0.16501585596108564	1.7340410992634836	-0.9585822231344664	1.6927845338018963	-0.48052628908642403	2.023232300914326	-0.3825789572575812	-0.6379088604902424	-0.9399329916104848	-2.0234784199994156	1.0958763191388587	1.5742474765863428	0.44051939036270465	0.9768957713191859	-0.1402149441446791	-0.1879566719210484	0.505289582043814	-0.47188901239444325	0.7371173134527182	0.4858245340028407	-0.33496395423389586	-0.7807037858274545	0.5461269468377882	1.3866417587294961	0.6734008035910999	-0.3891002450361379	-0.9151465308367385	0.30012569902625563	1.5603636682928586	0.09826800312800883	-0.17130750167604542	-0.14708613940310417	-0.720885522143385	0.37827204548607785	-1.1580498436675173	1.111110860147783	0.07599024455790011	0.4317090078216325	-0.45162497031514326	-0.8291355230512305	1.1317501666608538	-0.7081172251616296	1.109740974083764	0.5307353786671218	0.4656352460105026	0.3388629744212493	-1.3976004406142437	0.025145825250849865	0.6656117311390516	-0.4736841515695289	1.4416566829131343	-1.0442032489415587	-1.1706595870126815	-0.04472694999455073	-0.9155366367175553	1.3008482443225642	-0.626554652554091	1.0924889227326364	-0.4469472744388731	0.29799518924447904	0.2815860311505815	0.5238613089539064	-0.6181241907192268	1.296695106201438	-0.0612347157122329	-1.0333777043493202	0.12630699220448474	0.16759469856039272	-1.046791301690051	-0.22425457029124535	0.2834190633851134	-0.13955847459223952	0.23550249552576913	-0.6378280098613934	-0.9008014114222098
DTXSID2021028	-15.998566318700238	3.2578954685330466	-1.4633646712907729	3.3083153244657777	0.8715630517998445	1.8948307000994788	2.4916783306716903	8.17795787891638	0.13999063002782086	0.6348643315878404	3.017166028728934	6.176859443350262	1.1267728695571795	2.1563997999272346	2.728913783477212	0.7614646551284043	1.3994801411103681	-3.0497291849828336	0.40814422307447307	-2.342630380325695	2.259439812122519	-1.3557245402110958	-1.0148841101762807	1.3995440509802641	3.7228870733927923	-1.662770348309868	2.3092945897810133	-0.8241139815742436	2.3411645910603083	0.852560743535451	1.1279716258499555	-0.3400937215103547	-1.1056034001022221	1.5751566023262085	0.6919469564261673	1.2334870187763425	-0.4102066863189192	-1.7361743674967856	-1.6988065224815008	0.9132261985303146	-0.28214352402657167	0.9675201656179107	0.19752462206932445	-1.0868943743506216	0.6134031995896247	-0.3682928395437349	-0.015253509555712738	0.19069420716678456	-2.2923027231525275	0.2630593100404422	-0.9131059874646549	0.5867401451326726	-0.16046212290821724	-0.04196559196307612	-1.1106455775811255	0.23293417284549697	-0.5845676628701567	0.05350194869616606	0.5411189081951963	-0.7229344892722359	0.037608012492441514	2.944797251662271	-2.3132482491798085	0.19692166234257963	-0.3121200208002421	0.9945979477413065	0.44526078263898694	0.3770505126943279	0.5176294604423822	0.009514624086656735	-0.3891563621577381	0.6203663221165313	-1.6908836260636777	0.1148059226086029	-0.2069101737772325	1.064340797080198	-0.0604913510399029	0.6856937963193738	-0.8734278021423174	0.503949845526533	0.48817982192547354	0.17588964425075365	-0.6846363388158918	-1.1897677043195107	-0.9583034403465164	0.5632653316254668	-1.553361250741119	0.701423609695847	-0.38009235795377394	-0.07545727381045624	0.2373438839096371	1.3192572704220074	-0.31270390461486447	-0.747900364381867	-0.034938130069660324	-0.17790078393912034	-0.22452891250811188	0.8489488678795265	0.486244026133645	-1.3626462150917786
DTXSID2021026	-11.412955990499748	-0.15077023891814587	4.138395915476175	2.9356589149459342	-0.3229243260581002	-1.1301756340749296	-3.335065882643142	10.730938558251728	1.2853222581612096	3.2368098736483666	-1.7163558387435582	5.229637642234608	0.39183362769509983	0.9331454830783965	2.052473837450479	0.7205009311628783	-0.3855917726460069	-5.5097139189645965	1.5288643748764725	-2.9437990056973047	2.3603865172193403	-0.0969491068651489	-0.348600366822319	1.4501641174541096	3.3960962893736957	-4.808496339981095	-0.2127442322742848	-0.034547361710998946	4.343625726999368	1.1269291561392831	-0.03393931621766937	-0.214222659073318	-0.2283035188595196	1.9631660572063232	1.5613190911854284	1.0580365488144687	-0.2974411000662573	-0.5654442425311491	-2.1554022552822305	3.082929544279667	-0.8288378637835068	2.022982047064416	1.7255057900976154	2.2547213899269285	0.3130158151365289	-0.038178325010619595	-1.0657697025523778	-0.3713488620517637	-2.5906524299156617	-0.1758408550839235	0.767059672330685	1.0483097330521116	-0.8172370205629359	-0.6746768066054681	0.23280534210534617	-0.12469475237985042	-0.06954450401565918	-1.0247237896177999	0.5465342600375307	-1.4179402352777049	-0.3091477493665915	3.3993928671593183	-2.1650491918989383	-0.8381756359865166	-1.003088693291673	0.5037826496907358	1.5551121754137296	1.429965167316532	0.10244085043307104	-2.011037336142668	-1.685613822890131	-1.0647330099570445	-0.6723079698355359	0.08064712678929528	-0.6847462525835941	2.3796342678785734	0.8592374243539135	0.3123186018369756	-2.3560112131143995	-1.1742287803231406	-0.8717418351465014	-2.198685582895221	1.6865201649495052	0.7803668344586373	0.7414482738804147	0.2842380486724514	-1.4269810809861565	1.4149024507936772	0.5271802289360707	-0.5119777840821221	0.060874579685812814	-0.5974102980934416	0.8723778094588369	0.302287371955863	0.3912491096337946	0.7588349827102178	1.580633402738857	0.42348191584673134	-0.5293394928092946	0.3553899462070793
DTXSID2021103	-2.7276787033295404	-2.8842858521467765	-3.688826965305677	-18.186254521487076	8.550687853776381	3.0996115899683154	-3.9034334207786725	-10.03279810941804	1.061616825139464	5.784171559035092	-2.4266127250288556	6.9692623150419415	-0.4282051406335168	-3.1707661821627	-3.36873810352786	-1.8919232362505498	-1.7618172596859385	1.4940689108074339	-1.0847190753071148	3.9698475621413998	-3.2130726984914957	2.0562261363936623	0.21358651679448115	-0.3233089302568197	-1.4981600873353744	-0.716379908104022	0.07095956092999894	1.4208290763114748	0.21723057536031712	0.033802530054972565	0.6552747818550515	-0.5222202404215239	0.49405851757917996	-0.32755569597784173	-2.081318160210355	0.4589400941618344	0.36117980525541965	-0.5770677673420581	-1.8096631654106936	1.6223268257849857	1.124155239498779	-0.3917347605869832	1.0747710166773874	-0.8235149797411631	1.1194512006373711	-0.3832661543596344	1.8149169434092496	-0.8700242496788502	-0.6019029464080798	-1.2837370884223245	-0.4494479399189501	-1.805986223154867	0.46326086456668275	0.308911776323409	0.19981354283810715	1.205965049515085	0.11603467168157496	1.571512105961598	0.5547683909744143	-0.3232120589436909	1.6721656888101994	0.6788745598644456	-0.4961417768587873	1.4160041026796368	0.47937838935677424	-0.6813094686269197	0.7916440236288667	0.7411628477565879	-0.24545964327229972	-0.26613785040579613	-0.21285770223671238	-0.7658541347523289	0.08806048335712814	-1.749266017915601	-0.5013516427069978	0.3634498035581623	-0.4259959485627664	-0.2321045767383929	-1.3284233138866215	-0.4444005945634053	0.2887189983481447	0.028351002778518094	0.02696382594786154	0.12946648171714378	-0.09390554181541723	0.03216063795348662	-0.06318409053462425	-1.2746121985740868	1.1806900185773905	0.4508496275980339	-0.044520090617185336	0.8299707599327261	1.2247150905386328	-0.12851979415945444	-0.2418818197049865	0.6776572010220001	-0.42202633652596777	-0.19679668713020956	0.8785042203988883	-0.5293946553949564
DTXSID2021105	2.6587900394239004	5.573374138058692	-7.39941451120432	-14.207281992534984	-1.202589655000662	7.919739310178088	-11.101859239760914	-7.343141438517751	-1.1110236295358678	5.12666008703134	-6.566343275329143	6.2200828440729445	-0.7142903578218696	-0.7362363535044332	-2.4871885450217133	0.11857818773626766	0.49133397067893214	-0.11275849994135184	-0.08271487375757877	1.1600757634537917	-2.971336118450874	0.03451624771740655	-0.582184650454721	-0.33427298543767564	0.3653231333515038	0.47843277724401806	1.122335942478538	-0.523338665931032	-0.4530324928854343	0.6307293133460994	-0.9083333521626205	0.5352657416311437	-0.017780447507345528	-0.08446364277259077	-1.8751061026089988	-1.2017627734674217	0.3947899037496064	0.781801704188654	-2.01651395816667	0.2150642981452559	0.33057008934839616	-0.5789614820542345	1.1083928867364041	-0.7216556923981471	-0.3932564089413574	0.23670561442823707	1.5342007708506078	0.20968891662278727	1.1365695539460552	0.3245390664320284	-1.0852925352721723	-1.0838345226570767	0.31762140033181413	-1.2050120555641823	2.021337025844688	0.5167117680029303	0.11934027306386587	0.10326560028833934	0.3777487804178439	-0.6947037493710471	-1.6341338550979243	-0.5785349105173758	0.5648262613322376	-0.7047830560831049	0.2595195219711995	-1.8121300380303855	-0.401104988438246	-0.9594529682396651	1.1530633693257109	-2.4254478319678583	1.1202261537506923	-0.8786585287591039	-0.018741451135229723	-1.046023280853321	1.297120446516479	0.5634784283133327	-0.34785421405332306	1.157980091676376	-0.3227197539698384	-0.940798478157853	-0.22005327352951945	0.03704634917135727	-1.1181951602254911	0.10443582075568406	-0.6290290102020633	2.2665003809866606	0.9999164310930869	-1.1980799143145218	-0.0037859277813981763	0.45170842281630386	-0.45518583929509554	-0.33954197790499896	0.7851688001453069	-0.920671541896912	-1.0492362600661846	0.15775730205341676	-0.4313147527265867	0.8634355842617502	-0.2872528341167521	-0.03905774821923421
DTXSID2021286	-6.73604657628306	-18.821050024713376	-3.2615383193453167	-5.59546840400357	0.6469998425683365	4.661031723925378	1.5049381788954792	-2.9978740567860402	-0.9728656892687331	-4.740940804297465	0.529391697960969	-3.0288057956098355	1.8866805284130612	1.1557877277614832	-4.368250421827339	0.5413531846169634	-1.0562090544547442	-2.1822634677978785	0.47268572278607796	-1.4141717515328094	-2.6235312241684015	-2.9110828393946617	-0.04582981905101901	1.4279732519344872	-1.2062136103235472	-1.126268822710143	1.1883320424848547	-1.4142829769406366	-2.282515233000707	0.7886375818856605	2.2381244075154267	-1.261660097217698	0.0766301469451024	0.04771251854710847	-0.8653953590188179	-0.7330782094123185	-0.16471075808864544	1.9611242916734342	-1.7955849585673893	-0.21774913657447492	3.587448866697631	-1.0098585434216967	0.5203348808905492	-1.3752289169484784	-1.3693221573062655	-0.5279654952487056	0.5104869576220088	0.5882132877677448	1.0063795633060961	-1.3790242462646867	1.2713375380330607	2.4269356118821657	0.2608938724464027	0.5498125097411487	0.8902926104250173	1.413680426753341	-1.0953174486642803	-0.9448392549362155	-1.2504892931525613	1.4692086019049024	-1.0770249465429047	-1.2313602441573925	-0.41411237223733816	0.7063944116150395	0.868189163231086	1.353708135158862	0.34683989033498364	0.5764499697644916	0.771714850069078	1.1192682242492262	-0.11293065784552216	0.93473786625768	-0.3570330383291653	-1.4085081392065177	-0.6354831215654138	-0.8877541488581691	-0.26711662850788487	-1.7676954016084085	1.0795921539655204	-1.0709674733435786	-0.7314722430073668	0.31458971911879924	-0.23706809880537769	0.8928006215735591	-0.5795604211996261	-1.4056294834545981	0.1613544531924711	0.4584109249049868	-0.3847539392666989	0.1523257789431617	0.0739567900116909	-0.36345356714750215	0.17969497069012583	-0.5693485804467558	0.17017472577718668	0.47484041866662674	0.441308375527443	0.17008556257026353	0.43000526060689914	-0.6154780724201983
DTXSID2021234	19.48539018556278	6.814306447366242	-2.899805947557123	-1.529341752247679	-11.383929708524475	5.496963550890973	-7.6863230627535435	5.776444372418304	-0.4576452545860541	-1.6908019218008972	0.2225835397947718	2.2844153558861477	0.48223216556329557	2.790788384884827	3.095943436387614	-3.2368252583515638	-2.067005817591411	-0.005164813530458773	1.6264154990304305	3.168009991637348	-0.7720332598677072	1.6913224901121835	-0.04880404537198512	-1.5625765419913427	-2.0479257933795103	-1.4092679850662702	0.943708764198798	0.2207739474973021	-0.30800138986436115	1.2271439403488225	0.02831692417837512	-0.17594581664732656	-0.2001856727927162	0.30964409616687744	0.3963077539775398	1.6749121106647915	0.8792677138212793	-0.35723688822532695	0.4552890279088947	-0.006220736825097933	0.9128935018407471	1.3362837561127572	-0.16086456565081172	-0.4199304988442928	0.8042019763351016	0.0899414670547385	0.15526696032276174	0.15094615664535918	-0.4861430172045456	-0.1507725028435522	0.11231144945216005	0.95038833011229	-0.251600642395415	0.133859505903185	-1.179103633282757	-0.25557026764839835	1.0955723778043038	-0.48732157897259953	-0.34108624506382546	-0.34492100398774567	-0.15032516199005377	0.0632165727270315	0.49835510209603723	-1.1911766862801207	-0.21189038361250104	1.1091570784826477	0.4222919424618451	1.7732081675922715	0.9703261896568526	-0.9351296690695113	-0.8721812125529815	-0.1706272006100635	0.1324352121901577	-0.8429683942355718	0.5982825690859884	0.5587128553535164	-0.5163622865986489	-0.18965479898468843	0.819459427399259	-0.4597911562349869	-0.5912260936886224	-0.47250818581288473	-1.2486898946526064	-0.45205976463841474	0.7209071626765833	0.7471110356142033	0.4386525750136426	-0.9777192851320361	0.21634750574571124	0.764771233808161	0.13232040547304583	0.6489972390378056	-0.5930694482383441	-0.34059524438582206	0.5843406804980971	0.553792963252606	-0.10513785687908783	1.0717523894603689	0.46640936916571113	0.26604499916701957
DTXSID2021288	4.68037602843235	9.616847988972834	8.720266771733508	-3.5342580161583395	-9.474315756664014	10.300534324319663	18.905777375816584	-0.4073903346207117	-1.267870193777752	0.949333463359387	-1.124541388536716	-2.7661759927278924	-1.1218724330147156	-2.0541439146771534	-1.9429966244284829	3.4561473609250855	-3.99832795729834	-6.2030517074152165	-1.868743811716023	4.973480965359998	0.7351060154932118	-1.4871012245141484	-2.5964475536456897	-1.14506922895794	-0.19936068764039538	2.1683856522631317	-3.5743485706500873	-0.03514581941062863	0.5365245913523443	1.240926643773492	0.16681541225251434	1.81596700912296	0.1499765859041325	-1.7439663384699609	-0.8043268123830093	-0.5580402426816863	-1.2779401898798264	1.0600136849224828	-0.9380328298510793	-0.6849205583634527	-1.8133359976884962	0.20325486734944773	-0.7408514096126434	0.650773181705927	0.5346797414179981	0.1513474794840199	1.060300545115036	-0.8753177508010492	-0.2252938972738106	0.2756243485329986	0.35454567854970426	0.5453658469895017	0.627979075399433	-0.864920191983117	-0.5244192384255226	-0.07805873144488504	-0.2360734573438135	-0.7690535544121705	-0.40274882719561156	-1.3073326533321898	0.4928106433448752	0.31311158668994893	-1.101947941462118	0.27990962424588905	-0.03954416674904206	0.29194166827318613	0.7681319526653201	0.8153719302087248	0.8525059483893914	0.43544273631351693	-0.1373629423969091	1.830451390495552	-0.11466456451202621	0.937662739514631	1.1254397042044852	-0.31646667816070934	-0.30456098572627627	-0.5206680951258015	-0.05814275185116854	0.368582860631913	0.654225493469396	-0.7885307290807338	-0.007307925067738179	0.4694281538546339	-0.9564874726043837	-0.1746882852656202	0.23635558084060837	-0.9231998033538852	0.6656685743597472	-1.97151656164903	-0.6819845407135504	0.24013110486796366	-0.2928958888503078	-0.06898111062822306	-0.5248601368120298	-0.5801500134069255	0.35362887670146764	0.6165056135420209	-0.17888710572229677	0.55883752193049
DTXSID2021440	-10.458712262041544	1.0152290076962591	-2.359202943521054	11.494772174261282	8.633222606420066	3.2744344525855054	-4.7454733922845955	0.0070223175899947355	-0.6217750069108001	-0.9833265443471761	1.2959634577026544	0.9644698496483316	-2.6550470121733594	3.379043558445882	1.2702976280548584	1.5901858859927123	0.5788044751482969	-3.6618593437552174	2.9793583437416866	0.3876433956067112	4.266821352751645	0.8596295530032977	-2.9024304001650236	0.5395935663318575	1.0675922443332322	0.3779976557883139	-1.0050300749938283	-1.7112405782492757	-0.900026397104116	1.0953878549231815	-0.7232423255924586	-2.034710555208748	1.2963807230962625	1.5445607245381856	-1.5936922517443919	-1.9800340655901403	-1.515296722982277	-0.12836089021523883	-0.6423766902181608	-1.0007304569803004	-0.2367827989449398	0.5477002044973468	-1.2219438358839527	0.6836579501438123	1.6122713190826434	-0.8115230168978768	-1.3796771635186802	0.07714439220299463	0.060810335048912936	1.048771907663751	-0.30075446682602175	-1.519262538509077	-1.4421187720509363	-1.6654514919396268	-0.1947533513452601	0.19363642402028072	-1.6727139733909202	0.10296774629028874	0.5362772127315688	-0.17327587767736233	0.8758703433614421	-0.1281580386953199	-1.707288040313807	1.6076508817621127	-1.550383756093676	0.7684824645198061	1.4592267602167759	0.014496062240641004	0.4286030121210878	0.36184347884445284	0.3425020547206989	-1.4552041214655076	-1.1452362081642604	-1.0884084059735164	-0.08151945079094089	-0.10628580248597361	-0.13479099457507798	0.24031882780081168	1.5941811324510091	1.4523522265934945	0.05622916912545663	-0.4564754909472597	0.8860380387260872	0.415760663817541	0.3514190387521357	-1.9419334943737196	2.3730782578813514	0.6278943785441462	-0.1819490234200469	-0.17511208993620378	-1.023464860124524	0.28249959615692816	-0.6033941813086772	-1.8187345995014639	-0.32557658739554657	0.5294194068513043	0.006666015096215896	0.6734922436878421	0.4869444072107438	1.032283526137687
DTXSID2021575	-13.457526912031927	13.300261962308657	-2.6871130532364544	-2.649922433366791	4.302064310549342	1.441285298289738	-0.6131773453512606	-9.758065178941909	4.878240312562578	-0.6526335075756041	-1.7212760190821914	2.7815703690403564	5.568679493862152	-4.37135218228672	0.781926424534156	-0.5273171116760059	-0.06625245931049077	2.7094620499300612	-2.0479914252117957	-2.4313696980173116	-1.8216984340982205	-1.282859795087392	-2.037873444795014	-0.6444828690312325	1.1172770249064445	0.04873045576092785	0.29419580052921684	1.5161730167017224	0.44623213071262985	0.9208530607861368	0.5915811683769848	0.2906438025620229	-2.2890366701230405	1.5048190988483134	0.4320048848392007	-1.0521174916387093	0.9510496518838053	-1.1904998797969697	0.9257201856646243	-1.2569295328449623	2.609969797459137	1.1204775020705193	0.9088402944321649	0.9776089536090545	-0.24994840676838437	-0.037863285542304885	1.15750821644645	-0.9275215262916215	-0.7929612655189027	1.0229183286818213	0.6978909864896541	1.4273384955875192	2.354675092136806	0.6734600626273115	-0.013440794504041212	-1.8462381431406156	-1.5879941288472152	-1.0358178552468846	0.9737699893704056	0.016329966694057715	-0.2201200152686783	-0.4755379567748147	1.2952085368258173	-0.3980832164265009	0.9635780095881817	-0.03861999887794093	0.43070109985038174	-1.5320715187024803	-1.211059673919164	-0.15101630017255083	0.8160527941292164	0.2192225544551948	0.2826431200063753	-0.00038092320183477055	0.07196754182726176	-0.9739336831070935	0.6145645864407194	1.650575539403396	0.8633427850132718	-0.8593612011140668	0.6072504077000932	-0.8375076008592044	0.39805225465362537	-0.5389054029675879	-0.3348544418960955	-1.3588296740034027	-0.443837476868623	0.290665188749574	-0.49848045438282534	-0.0357190246857201	1.2204694238455045	-0.029659911625988928	-0.11871425981855904	-0.24771378284734955	-1.188877471366346	-0.15230836483173682	-0.7978859878509659	-0.030002896359846563	1.1883272918296666	0.15471188314811332
DTXSID2021739	-21.81470440780774	-1.6923519886961116	3.6056273935242533	2.7228493735455546	-3.0616188132259388	1.236282124981701	1.689169309322986	1.7367323324884063	2.4055811035017647	-1.0182972677474498	1.9586706201998079	4.659253894343397	-1.0951312680190959	3.2811700294567823	3.248624129039259	0.6553681502739622	-1.3177828274877252	0.4669512312655137	0.26268221109958073	0.4025495617121405	1.0998333599773527	0.5628568873205254	0.5326360223169171	0.926959650142028	0.5186963179984652	1.7695389714895995	1.7442150592356371	0.30902698227882447	0.44575717508474244	-1.5075110038612882	0.41751817293844284	0.15056380667130648	0.27180996092342324	-0.13728427539694987	-0.6000524173210249	0.8662038909394996	-0.06342482679433892	-1.123463951223746	1.0050969767037568	0.19435121207800177	-0.3054149813917744	-0.45352359349411625	0.8078450838589475	-1.474905056395601	0.46298757966362686	-1.0033786338104962	0.417627380795822	0.11123957918236084	0.7654996488262429	-1.0254645799013398	0.673695860407222	0.692971265439485	0.7602919435100661	-0.24759689093406698	1.0124308296174838	-0.4447513610473579	-0.7530496344698835	-0.053969788513555966	0.13046031846855302	0.06496152260307096	1.0068713748144442	0.298694319605437	0.4261578163232969	-0.5785053447990198	-0.28633050024295	1.3571988293132127	-0.4812767966281547	-0.2640348216026504	-0.7431066491441984	-1.6587461982528908	0.49172681080043373	0.39909391212601775	-0.3143923619594968	-0.4335798855954451	0.26901269576898623	-0.2948389047867372	0.2259681468542728	-0.6568986112896662	-0.16726565227848972	0.4939601893878143	0.49187903543459977	0.05403848939773981	-0.794559298952973	0.056847666857953144	-0.48181983898714215	-0.4875978569133666	0.2684738011383198	0.8348269888615111	0.17641921764601212	-0.007525976341377329	-0.26410586925622587	0.1380531100393039	-0.4258347566875787	0.08076863162306105	0.9164566744321135	0.44497321241197585	0.24064423955021894	-0.7223648157471941	0.8371386048849354	-0.37123605108294483
DTXSID2021735	-20.36742564504125	2.853359674404132	-1.73086743211009	-0.9158010294554366	2.351791123799133	3.1998466238790355	-2.6134750540584584	0.9127137992014838	0.677821562569422	-3.875078264334303	4.771767873964622	2.568331932551508	3.050946312772046	1.896422434384204	1.5312432615172336	-0.7854024717120741	2.9860897161394515	0.9682150861489309	0.24546846559142185	1.1467603261887638	1.485933863876714	-0.8364492062986255	-1.237987696560841	-0.4002787724630106	0.450707551442991	2.6034326029505737	1.774363178946123	1.915630561186063	0.5463191952747584	0.5063918315038232	1.6730577575762193	0.29878164795034473	-0.6027687964379748	-0.03545715609757639	-0.5192893712266321	0.29337627103991265	-2.409348512755371	0.45218144118392223	-1.5155646322256224	-1.5674140490888013	0.03368780084262209	1.116613700802733	0.07688712078524147	-0.7240974853523011	-1.7179872080181575	1.3903860284645326	-1.0989563703504577	1.4430891952779579	0.6352389405898662	-0.9051475777796752	0.3278197456003577	0.09159544051003267	0.7159680394828272	0.2581738704819129	-0.3235756958447854	0.3960333426753407	1.3962570438246262	-0.4226644198229541	0.028349227100863215	-0.7060346708025996	1.0562431294058856	-0.0013697790921056048	1.1463711016034297	0.5277078338133924	-0.30185551970860863	-0.4172121654622837	0.9032346056461278	-0.4167796894109396	-1.2307943621282704	-0.3560422813804947	0.7024408245946606	-1.3661765603727845	0.7155781028362953	-0.007491717160014588	0.05465603744061467	-0.2903725631635307	0.4719365138365343	0.5532564409425857	-0.46044478479032513	-0.465713458293359	0.6243465783447024	-0.12611543113936516	-0.13886811887268233	0.052921936145043896	-0.29899087794462814	-0.11246189537909355	0.38347264646626483	0.4595281236489859	1.1205599865258704	0.4561388019516028	0.9209983619404136	0.4804954218871302	-0.15039815410935448	-0.12577946390219977	-1.0612242567297185	-0.3011750673015089	0.4153715426960495	0.45876448313962914	0.5618402526308972	-0.8524006502542572
DTXSID2021864	-10.591712533338674	-13.19089100457744	-3.82781966437844	6.638179886644906	-5.247682443790369	0.4477489825963815	0.9878687999297614	-7.5733929806421045	-4.828789616991536	5.326202531487208	-1.2829908378769306	-2.3779161280165524	-0.583043290835225	-0.08866059139133377	4.429542322881327	-0.8448168398817211	-3.4357743475471447	3.061394447060453	2.1678460850850247	0.9109512204625265	0.2822229075493277	-1.8328272970572748	-0.7605197302698337	0.4060330294503478	0.3653668526455191	0.9896234425094416	0.02297630431618785	0.40460720522749033	-0.762458999035792	0.5457093753279487	-0.585035878495265	-0.6685723656308098	0.17721799967919785	-1.6653285295738252	2.116771278714727	0.6895482279521038	1.9970448753818213	0.4250923477563375	-0.4268632753799877	-0.20802046068669822	-0.9639995342518299	0.028896132689803317	0.12360503179052829	-0.6677240632853736	-1.1719409700321328	-0.13045313230903255	-0.24832470644686164	0.5215658421278815	0.22729762714099214	0.7816384300578576	-0.2430786753149284	0.8133985418574345	0.6092989869475531	-0.16746045984323374	0.6922583568567107	0.38901043973645727	0.07328436250280056	0.042614771156993164	1.2043737521485232	-0.6162804269654824	-0.2816589391198292	0.1589259853534704	-0.17671105907531123	1.0325583607003492	-1.0390518460947513	0.3677685348534992	-0.5149605711333339	1.7253185588768305	-0.40436142915773876	-0.09764198149895434	0.4018465103565017	0.042784903729314275	0.3546526628234242	-0.3860431171771193	-0.20282086149172515	0.0551350830071587	-0.4959476119909976	0.16057162636385505	-1.2238302072243665	0.5552945116049246	-0.5127115618262919	0.623908106471134	1.343079743846117	0.18134903879375502	0.10599501075840684	0.6445080406453036	0.6715845141153493	0.0474095329381175	0.35066403868292223	-0.05018688586143901	0.37697320077681445	0.32552457362716913	1.245391024254609	0.5599746145416652	-0.7484711318886207	-0.19732864377786885	-1.001840583286938	1.4117241888076995	-0.2586394952471209	0.9686897042979107
DTXSID2021941	-14.226380533099242	3.968350148469341	7.5369364895316675	-4.8442795285754015	-5.835006337982105	-4.659393848830975	11.098131820819884	4.5051159370704035	-5.259909801218312	-0.07952102183677645	2.3341996450295053	2.9798356080740405	-4.583729510983218	2.7351489301231022	-3.722538504953685	6.222700320259673	-1.6876260517661144	0.8427004705252185	2.4762713043787175	-0.15005223656265865	-2.193620513134488	3.075389649267172	-1.344018488931969	0.18483647548335064	-1.4367746279941476	1.205403108048461	0.5842960182653749	-0.0013190131315100266	0.790297700490347	-1.9961435832190064	-1.3092349540061292	-1.1932482851951773	0.06457898218652941	0.44195715660981194	1.4546090792826307	-1.4819178863727036	-0.517024636862072	-1.254983767513397	0.35734088187203794	-0.05122083224323148	1.3049137578530763	-1.2069833829888474	-1.0077523485431612	-1.1127803544411028	-1.1672931606574775	-0.48397948814979413	0.38918279520247695	0.07635914732289657	-1.9531450200592286	0.015972733773759285	-1.3954089086346264	-0.2327410002832238	-0.4917274316398729	0.3087597444035754	-0.17841334015195368	-0.37265584651207223	0.18998235402927888	-0.7131265238990847	0.8147953998988705	-0.3354726677101929	-0.274065660826771	0.2446281143290202	0.06977981362779509	0.0008925331908939426	-1.0373598230748735	-1.0210404345866284	-1.6826070259903003	0.14717275583358683	-1.367116646263182	0.333229459101544	0.24815100477250737	-0.08565631666970307	-0.022734058052236925	0.30559953325036915	0.8262903042498415	0.6305512570777728	0.315098856637117	1.2056599332243498	0.16441488692457995	-0.38889471091632405	-0.7257464575293899	-0.372316912353455	-1.1078823623678717	-0.3809954568132373	-0.05986301081595525	0.759483006720917	-0.3417430836057083	0.1768648422078568	0.43437894117143827	0.9379457868805197	0.5139723578046543	0.37696202235066895	1.2937395853172162	0.3073147057958118	0.6965709242605436	0.03530764131880216	-0.4877950807654899	0.20357656770718346	0.3596475754332163	-0.4335184747661515
DTXSID2021947	-5.600511682102862	-7.187116947346517	19.190175627674755	-2.5567023686161163	-7.491275439427187	-9.828593080996715	-4.364040427286042	2.4832782309761137	7.661195052110358	-1.565083680338895	-7.871891608349045	-1.0770422434013787	1.7425835268471708	3.1186678309293727	0.07821632279687886	-0.8595360377258493	-0.9447703136991373	-0.7498341618060712	-1.2057165995160863	-0.7267488992953518	0.30958108253149624	1.6682067819375328	2.847856605533467	1.5996083067730074	-0.589943864864376	1.581667031899768	-1.5075832383271859	0.3126173893575929	-0.2657701118649371	0.039284499686792415	-0.2371190491641993	-0.1100933537032813	-0.14016853550550812	-0.12397176469417327	-1.5452284820327775	0.21889018252410394	-0.14424760295583683	0.235026235243098	0.23629039090529247	-1.05604986938535	0.5443866245695063	-0.573672730108282	0.6905308570175754	-0.6627121852402794	0.06260483337498968	0.1649794784972503	0.23635855066775238	0.031047596145659287	-0.3277412161933091	0.17740698179373598	-0.6118217868882578	-0.04549370953440523	-0.46602299948865117	0.24299119888595302	-1.0113295380603031	-1.8249485654495619	0.6470975786038422	0.247839320247482	0.7101035083210139	0.061248945200075816	-0.8116277554300222	-0.7332582440866489	0.13682165042340358	-0.18194955380900846	-0.03878938177013456	1.6683580391872115	-0.9443896639919398	0.025789501131095606	0.20036598439254824	0.7598978444264609	0.39246976053437305	-0.16460442319260046	-0.4817826485497075	0.28426029323986113	-0.700653095976695	0.46242983030091783	-1.9251258614850681	0.3515155869366425	-0.2746939651183505	-0.09550415821340776	-1.0205211952673943	0.039641033319456426	-0.14649494221372625	0.26493528823209783	-0.5901815369880063	0.6226808627425572	0.3983185059699838	0.7089268590050162	-0.2720660973029483	0.09576929001750525	1.0527199259389963	0.3542804003833188	-0.06756148856960098	0.10307639467755905	0.9111542060430307	0.3190497901171012	0.15394018127323109	0.9661083666194202	-0.021892470831943366	-0.6944667177766739
DTXSID2021993	-4.383825789137905	-20.416150701545178	-4.664110323581924	-7.126133742209918	0.6607071389385636	5.07438996212734	-0.8591246783709271	-2.7597999961224104	1.3568904236578079	-9.097753253011241	0.6094998522970986	-3.5464765885692735	2.30698486176639	-0.46890771924737895	-2.163631521462149	2.110718912614333	-1.571709218985429	-2.500692606063745	2.1943609399791915	-0.7472878746851541	-4.627742285267492	-2.299578198919569	0.5525368654168105	-0.4446057149934661	0.5650065400794236	0.232503656844719	2.0097646117184325	-2.835121196755443	1.1573035874896123	0.23085741092872755	0.811949538860022	1.80591772209324	-0.23072719871496702	-0.8043088780343493	-0.9421347149516665	0.3248844346209369	1.5250821302581277	1.4146714559905307	-0.20115219670561488	0.7135887527483562	1.6645003071684654	1.0494773226198708	0.12942049122408503	-0.7278213804016449	0.56355089314714	0.12584996496978032	-0.36108987369775264	0.6728718000461051	-0.5731580891112338	1.189877008311289	-0.4879342780111696	1.2141469529520292	0.26153073202900795	-0.3945206558945784	0.4887094950517737	0.4356807658448018	-0.17667898960842793	-0.931869531657363	-0.63626878882954	0.7313018870490211	0.30018437704321566	0.22553192198306232	0.30789392281621514	-0.9164740298073258	0.5921446526767117	-0.41205015837468956	-0.39293325252807265	1.6754194960484041	0.5319459691456428	0.272068538729151	1.2620282912904197	-0.07283726571374481	-0.7668501199543617	-1.6762092890838391	-0.7715808089825631	0.8613713868285537	0.3603442223831	-0.8667630070132131	-0.6619675110680727	-0.19695681264364892	1.3454561631765354	-0.02338446880805924	0.8941861040760718	-0.45021893659073775	0.3527595666936204	-0.8994521544594749	-0.5198414208434441	0.41767520548344667	-0.9726952671250538	-1.2964099167453254	1.5584307712119805	0.49937522667034423	0.6347622207859165	0.25003704302605084	-0.34205096829368714	-0.1650319681649785	0.4374838084353798	-0.3976779500327676	1.4538068891816616	-0.6978571678473866
DTXSID2022048	3.7995734585337684	-17.122815159459755	-11.334254233826938	-1.983991013346597	-4.015956589390645	-0.2294265507920991	-1.4906738505937476	-3.1666846699635203	-2.33945810849758	-6.153543920370355	-4.084362642474266	-0.07231711830816784	0.592785534679057	0.3617095567455836	-1.3246397824686236	0.6361138236170086	0.5119273891260367	-1.142588335742783	2.6211060759354203	0.5507623290458667	0.4821152080777496	0.5201884995245782	-2.2761211797667444	0.3932960327943464	0.6663134466593785	-0.6322881477344546	-0.430722296502347	-1.350590361097407	1.0151953013379513	0.20188253374542825	-1.5390803681769705	0.8806191762489696	0.7614138071533537	-0.06771961026073876	-1.3993284742665826	1.229777377952271	1.8203835656515674	1.475341606515073	2.2294598290375545	-0.24888695200507277	-0.31818301254782383	0.15055941080789964	-0.10420203142589858	0.48851079452099794	2.013127282409539	-1.7870323513232895	0.5634181649755645	0.9502844242114432	0.11646817332979899	-0.8945325812053894	1.4663232199969345	0.8751252883854722	-0.4124367699023586	-0.5050717069171492	0.0031121388642240872	-0.6863007447202396	0.32486596189852324	-0.1648404730641965	1.1327547495935872	1.3774135984425309	1.0090601693594174	-0.07424999012554338	-0.3344278268329888	-3.2926785348581644	-0.3679370479362335	-1.1312637426607453	0.3535899332074864	0.4622075745561142	-2.0972871867545027	0.2497987780433524	-1.045704624480499	-0.04044173943121808	0.4168338968590888	0.1589742777042928	1.727878080088613	1.5428427751530833	-0.45047040630508506	-0.8324314391913132	-0.1591030977648386	0.2888670942416829	-0.657829453871505	-0.5411741962860254	-2.217575123587279	2.0878052770784237	1.5675703345932575	-0.2936961896804593	0.2549001997665162	-0.22428583624735465	-0.6962712277258708	0.4454562608867879	0.3612695837010003	-0.5979808478468995	-1.4176311509031685	-0.5654338699445665	-0.028561391095942308	-1.3146429175627	1.1178949167347163	0.5436975613670549	-1.1666486401072131	-1.0999425716853577
DTXSID2022123	-14.152932831586256	8.924537446589476	1.9491899475079613	11.254415051741155	2.593943924430175	-6.669115373279562	1.294812254773219	-4.746973143276675	-0.010452054128539766	-1.164039310803123	1.7733691182117908	1.116098771184351	-2.121540206922192	-2.6596318718451446	0.33349261202144403	-2.1069325955070304	3.6226629711732308	-2.462369297734781	4.133380658892275	2.4956991923865344	-1.5889459655885916	-0.06581098820533438	1.4424294637893669	-1.0276126725491486	-0.6470898606097549	0.33584390913464085	2.0072416728216895	0.7579564098945418	-1.0015076407935775	-0.7631693680000464	-0.6777668369066208	1.3062285272777716	-0.2877840616918668	0.42507688387706444	0.07667969982179997	0.2633324276960644	0.9174180303325864	0.01053669166819143	1.2776460223184563	-0.35541985153488725	0.19059141252325115	0.08475797219031513	-0.31038245526346425	-0.01720001358072916	-0.41808679248254044	2.3901826110657227	-0.09854987998680884	0.18538645170451776	-0.2148059905952623	0.6466467157826341	-0.29965100373706705	-0.6908871495674417	-0.8196060658172766	-0.6291908913787144	0.07142661285248285	-1.2825152306985117	-0.9625944744967724	-0.011913005726219257	-0.2211363082827594	0.9701892901263135	0.2844598690492076	-0.43228312387908563	-0.35492407076741855	-0.6131611336617794	1.185717263793427	0.279695688608327	-0.4133404011218761	0.47179156531270067	-0.4291588536673873	0.043868437430753165	0.022506778392140565	1.0674115960192674	0.7352104729212673	-0.06537238268223376	-1.1141620501707163	-0.24094419502602285	1.271080958710784	-0.38067621847765215	-1.1311104048841454	1.1937018636206704	0.1410708632954736	-0.052491256022835914	-0.6855864393106733	0.8560326609920772	-0.6291811691583127	-0.7523463650021815	-0.592594805471597	-0.11064299461382976	-0.015063490490412876	0.05372636384603328	0.6677232466288968	1.159407139457747	-0.021846391985871245	0.0752748240123294	-0.10277662876890956	-0.7226853646402942	-1.353252688572292	-0.21591783154649835	0.9737994935928425	-0.13781500646852254
DTXSID2022179	-3.9043580446404103	0.9450542724250491	-3.978630610993877	-18.09059370093771	12.809221008584645	3.6668144947330847	-1.220539701666106	-5.331143031964399	2.0474235757887023	6.555062759850523	-3.4442262274027353	4.668641207277069	1.4853544880922844	-1.3263792258370073	-2.352683097429088	-1.4287451442489238	-0.15656338423646854	2.2265304817669938	-0.597454186515231	3.1743945789662407	-4.140990571406413	2.048054289479529	1.0760366203200187	-0.9252823603254493	0.9919665628826008	1.3430020596381116	-0.6725822806064776	-0.44066136610639495	0.34625370809854294	0.9305344235712144	-0.5145454093565601	-0.9999847983404028	0.33493353381779817	-0.8843178272211683	-1.5380005567639434	-0.14801775187632063	0.28053291874451974	0.248601738900437	-0.7088693715511114	1.5536696357169286	0.9532011974107096	-0.6076811910880813	-0.6196122522594261	0.5870034084432277	0.3135335837291239	-0.4550282637443629	0.5253276461593075	-0.850467844977672	0.4084750354086442	-1.4521279496672894	-0.8891237054674551	-0.9326808625859734	0.9720778335211326	-0.3509238810546233	1.1082818523729148	1.1445514287400416	-0.5878363624600585	1.1234707120677276	-0.7673575412199268	0.2367008562667246	1.02850561987738	1.272361599988458	0.12309744714459234	1.316822381432233	0.45268864395390296	-0.1764233717203429	0.9349361380715097	-0.2565243548283693	0.06985610898814447	-0.07526390255345697	0.1488123547367369	1.0457013660861705	0.10784368897887887	-0.5624821773277745	0.2098987669172804	1.450201451268875	1.4002931164208758	-0.716371055020574	-0.16250340534985794	-0.2003198271004177	-1.6851041175276755	1.9620179515282021	-0.2693054656891784	1.1606435472066339	0.14674554409731438	-0.5234484631854224	-0.8325303044987475	-0.755246773360425	-0.0870245118377534	-0.25822141827127565	0.009669752392081935	-0.16449186080098285	0.15608001052022047	0.3129202621638512	-0.1488692195332939	0.43360511072985997	0.5389704123144142	-0.24399059778056528	0.41411470168873477	-0.020370499662617968
DTXSID2022254	4.450852199322284	3.8171951445319157	6.175500306800382	-18.413084355724273	10.176438326563044	-6.045067559311713	-6.700198667175572	-1.3915049342167845	-7.896392133375433	-2.5402141830610843	3.043801205633784	-3.5661680180084288	-1.5443924981040626	-1.6930294136188053	5.598265132000964	1.0175614857768007	-0.005182343609496532	1.7733205729035761	0.3211611674457505	0.8713215686751912	3.5465447028015555	-0.6050040673820263	2.563738359326051	1.419209318531422	0.5157762609415942	0.5518339478770266	-0.45984832708496015	0.5409733891395785	1.0403651007693757	-3.7332519184425053	1.1542417206535471	1.6848401576405534	-0.05518704224758341	-0.34307003446157713	-0.33344240141651615	-1.7526052126401854	-0.2167447316993212	-1.0661306767641092	-0.7667622529309923	-1.9072796137733123	0.05151526329929064	0.5494822070513652	-0.6610052348504472	-0.17106153126158855	0.7525184881545353	-0.815284633839925	1.3878862494475763	0.2313559235924586	-0.012010378631145291	0.4196460842653908	-0.8724563785573631	-0.22411867554172926	-0.6427966201208394	-0.8387608770153262	-1.2833655541958446	-0.716961805231877	-0.29379036625356286	0.3475664807054631	-0.893757824849521	-0.7254923386896553	1.589578178540465	-1.0309686930179929	-0.582369069904011	1.0623430712741664	-0.008785383907951382	-1.8379078528172834	-0.6370207437354557	0.5681819458127132	-0.8229460564476708	-0.3571694542899016	-0.8731887722071449	0.45970238560502114	-0.752016481608466	-0.7747386409506275	0.09183872964733444	0.02179491933389025	-0.7237289970590243	0.016645376277666296	-0.41112820948920764	-1.2345745100415921	-0.23582754484517032	1.1810385034789337	-0.0005462289999259249	-1.9817521065497146	0.8442642459982392	0.02656286307597606	-1.0117238780578826	-1.3801690005666192	0.08131044412475531	-0.9369131907962802	-0.05379581106852719	0.11718895316346638	0.2367603348555996	1.1842400907608328	-0.2754740192282989	0.06830524426010985	-0.26352700138539026	-1.5714948568021052	0.42076422777005057	1.235723465061212
DTXSID2022171	-14.17095135863114	-6.273129468328488	12.112406401951382	-4.330346723881359	-4.742974872728074	-6.814294505768144	-2.9211128715564847	6.859839640713287	5.807959877078983	0.8740490672651842	-2.5751203921737176	2.060065505310199	0.15591300247620038	3.3784544032304606	-1.0500646946906587	-1.3276316396291692	-2.1250272898902187	0.07637294500002595	-1.8367589804411055	-2.5300000502307203	1.6915484956690907	1.261368048915364	3.2652343851189656	1.1364092647633965	1.3955727071453738	0.2574641231576793	0.17932489696946663	1.709249595103874	0.27773072360251216	0.182022878996598	-1.899305484057649	0.22592961292586633	0.7261478601015711	0.3481036297137024	-1.4176044110804238	-1.0893954757247453	-0.8160850183301869	0.15889726277214047	1.2546047039669008	-1.0108198896810716	-0.6203408098880282	1.1811026850561075	-1.2647385518261292	0.5836069594217976	1.7852050398722028	-0.6207358119019734	-0.4026868888187171	-0.998961703013992	-0.17532555093539196	-0.6229904200378511	-0.3647065533230075	-0.719489348905652	-0.08722953223620965	-0.8064455038840223	0.3425456334989671	0.2355942416930081	0.20254115318857502	-0.37837403145163334	0.4075463411333539	0.4421460755751571	0.021227359861553677	-1.0416032543931777	-0.12927775902076558	0.4342226657799481	0.10482118057894958	0.9461632895472165	0.3248788238577684	-0.726644978501409	0.2988848626528934	0.285002607504655	0.029708344597458008	1.0687609226246366	-0.5070086753466831	-0.5311221776709518	0.3639300057262085	-0.9296188468357838	-0.5932366565255379	0.753311293286876	-1.1258578520226619	0.715732853543326	-1.301635359870823	-1.2253068538730911	0.3359126701430737	1.0988405709256162	0.49243253515961755	-0.4054459127077047	-0.46971812107906813	-0.094745668327469	0.44384538742762464	-0.93101256875637	0.38181537420496997	-0.14198314921129104	0.4136857048592779	-0.3116098114153409	-0.312273147687865	1.489365212357898	1.5498004352017873	-0.6029614785910021	-0.9979090924885452	-0.6153592387150651
DTXSID2022678	17.805209776727878	8.404068104610678	-7.497974641366172	2.115530798150799	-2.752586982952525	1.3183179138179064	0.39934599595179965	-1.1587013069824175	6.176970708935071	1.5373663523279835	3.2941439355034094	-1.6909368897584889	2.7497173426763144	4.888607375972032	1.4990611776736997	-0.25117597960890753	-2.204040277411469	0.2474885371385267	1.2566080756266729	-3.4769495041358622	-1.9023145662599563	1.4128254564562177	-1.3073306228614252	0.8140763210945804	-1.2911663331500876	0.3187408671572079	-0.3105416902520003	-2.815569740692391	-0.5219743887232888	1.0581801077971207	-0.8828237887883255	3.3222347703267117	-0.6361904759206514	0.2068689460208721	1.3201482256224575	-1.6997952189034322	-1.8623482454372153	0.10073688948317552	1.2041957418677898	0.5619164671534076	0.45429301432915636	1.0647501416872656	0.21011440049039692	-0.06743472729419105	-0.545874466492118	1.9294662167281427	0.32679923100458486	-0.2303364020563681	1.817521648566219	-0.24382476526712088	-0.2950010887809109	0.8147895841326581	0.06989309198589606	0.230830890102279	0.7189730881857292	0.13108794913555508	0.189844173603129	-0.22245163625182882	-0.385831175685286	-0.4019820383245638	-0.09011462327257268	1.2188631292206833	1.2229517002730408	1.3229203569833154	-0.9724371689743536	-1.430289402075082	-1.078869762732155	0.32864992401646387	-0.3521317466515365	-0.316482741427973	-0.44829896375449957	0.4197556210556826	0.04544654728718946	-0.920985234348216	1.486386919267624	-0.7357020112813463	1.5213141999001567	-0.6888872976453182	-0.8835531854803351	0.6620958233806794	0.7392431237432318	-2.1937918241744034	0.47429069879095886	0.7128456080399305	-0.4847540745910606	0.26025434673488196	-0.5527573201244611	-0.9723414588324466	0.753064229114885	0.6072047194326387	-1.7638916150356467	0.5404214923995148	-0.44921007808569957	0.26235294870270226	-0.8316037193290113	-0.8083247893320001	-0.5717611765769712	-0.3490479828734614	1.2856976155776731	-0.21141379460382156
DTXSID2022628	0.2567103499740577	2.297676559725755	-4.62323552009507	10.874629884244738	1.0042604276888254	-7.12382380314939	5.7263516038175934	1.5714135565038558	-4.8329958253245024	8.104200035105354	-0.3799102504365327	1.4406637987294897	-1.621036299593714	-0.9413099851131279	1.6079177779322902	-1.0556189468653157	-1.1259278315264618	-2.0467823783904953	0.7712872072457175	-2.3161168898665254	-1.4022485054172302	1.4274543718436299	-0.26831837490947735	3.068446475767536	-0.01784377653149511	-1.2183698945700572	0.17431270883228142	-3.2616661287982764	1.6184032322573096	-1.2426586590660438	1.440561670014856	2.9498393214929735	1.975779109916373	2.7459949174663265	0.2323456803429739	-3.7381799278794112	2.8046917712210213	2.0388128013671976	-1.9207087348850043	0.10343869155097146	-0.35301214042892753	-0.41253783603949645	0.4077105113185024	-1.124883386620207	1.2216385244987626	1.224096583155744	-0.14171410401926884	-0.512096894055986	1.8593326281103388	1.642848472169097	-0.300385508584371	-1.1950748544595384	0.37277825039884005	0.17801275295556088	-0.23435767493408824	0.03186953837253639	-0.020461687066691922	1.5800469240639679	1.0740981279723067	-0.22319091510212066	-0.2313315720365137	-0.04642405379026509	0.8453841703558715	1.7481177324606192	0.12120691020377207	-1.5632965480820271	0.14646999268583738	-1.0884809671434672	-0.6778294437668191	0.4681157592082747	-0.13526426401830433	2.0432732521810717	1.0991603509072907	-1.7321075734059541	-0.30185644639569975	-0.7475122693383698	-0.06509903694590359	0.7057095966122043	-1.813939312665822	-0.03991576719903558	0.3282428396522143	0.14671798468611238	-0.9614440321070999	0.1557965246769384	-1.0208693353301732	-1.6496958407219906	-0.2158081525577182	0.2587067676738716	-0.2809116633259831	0.39673619026079915	-0.8602660957020333	-1.4937043173523536	0.1027893606274167	0.5256331997688117	0.24411799664897332	0.6040689608514409	-1.419836295664984	0.8459582779561479	-0.05502728056708322	-3.650516334661672
DTXSID2023193	6.313061879493424	8.916498605650842	9.137077994908832	-0.9407363974906554	-10.859249355155974	10.069205737374586	18.10367333042006	0.306277401830636	-1.3561885307582835	0.620376095079822	-0.5931026615632486	-2.8620566891163266	-1.2564366522885542	-2.354610508747748	-2.530117367264692	2.8879205015216365	-5.033742227123555	-5.818534274178305	-2.363168798641486	5.210827988277929	0.715301182621716	-1.2308706985858255	-2.558154571393731	-1.8815258487614903	-0.09432799287230358	2.1861548120200927	-3.0642361360679287	1.4197816186238352	-0.6534744724639755	0.6814460058175278	1.0841922032707052	2.8099417334398975	0.4198839266623853	-1.1082886448244103	-0.5759601470941212	-0.18440866214654902	-1.1227113124184613	1.9304147913460854	-0.16164229613251221	-0.8072202952238113	-2.1912732469732474	-1.0118704712877844	0.011154930111759146	1.5670099257590686	0.8141284194321418	-0.8726779645582723	0.8017274833758569	-1.562660798963345	-0.09115562958717935	-0.8584998049952542	0.3468560299725016	0.28980136157324426	1.768025580323155	-1.8742195042687901	0.02332369324049851	-0.38204169693427265	-1.2057239858699365	-0.8543252333030563	0.21719210995137103	-0.9684783787957181	-0.5342619490181422	-0.7805360612230714	-0.8021395360527989	1.4007718729382235	0.08788706307355475	0.13830617879226853	-0.0027422559533383712	-0.30657339485994517	1.1723590838096696	0.5731311044423847	-0.7389282529105763	1.608910936613696	0.00827935093579514	-0.28380325013844393	0.9327524358493101	-0.24387664855585564	0.11209426322394304	-1.5201387001000035	0.3804761190690113	-1.0751207173096184	0.0908328929766354	0.32981863564165037	-0.7768049520349664	-0.5892525170937075	0.23544629177340654	-0.17166511640852508	-0.14971819539090211	-0.5500050113171264	0.2684813221699898	-0.33044774112144637	1.4690982781794797	0.46750349081335596	0.4361156189242582	0.3286166498340877	-0.16350984917458056	1.3450522039292407	-0.10314436704917201	0.6893104097992152	-0.10429180901196175	0.32382275693514606
DTXSID2023430	5.411134072144705	17.377666749799957	-0.3138676960320317	-3.301238278035534	-16.175882410420808	5.529245645601403	-4.322939577812974	2.3173740031210652	-3.5515868322938697	0.48157083370928155	-2.6942906312136348	-3.981023178426756	-2.549932778228476	-0.2893131760692911	1.0000364776638802	3.8295692705849893	1.1230208022578771	-3.648720297714326	0.07245989671582359	-0.1375333160589043	-1.9342187590759674	0.5184247971370749	-0.4586195143873345	-0.2466219095398912	-1.8616813246498642	1.2204585950957334	0.39244104593648815	-2.8041238676657096	-0.6609551621008525	-0.2622786157956126	2.737658273895952	1.4790667737024772	-1.3784287292386646	-0.5363544493638521	-2.5367527589101426	2.079410391318566	-0.379490233413371	-0.6581721347225095	-0.26791475631908424	-1.0182057635070394	-0.47479864521928444	0.06575087146762687	1.92624352839364	-0.7183626236170232	-0.8531547840485075	-3.302781225369433	-0.9516040005248668	-2.304701367211748	-0.8355606607091763	-0.0544210006559533	-3.2249012761815696	0.0012680236419504803	-0.10273277195068385	-0.814731920963307	0.6015219681073185	-0.0031966986576141003	-0.4513616004021661	-0.991038051691135	-0.18701954482273686	-0.9579543457202501	-0.37835216934226484	-0.8366518899230792	1.0487496517209633	0.013631895540802437	-0.695184573839568	1.2715976938411906	-0.3327651434295175	-0.1769596859163883	-1.732575669391116	-0.6615727411754482	1.143951490297655	0.15272316154581145	0.22984662323032506	1.1290040878168095	0.010445059008974213	0.8147882115942684	-0.429591498485066	0.4298399419944376	0.2680230065339754	0.3980121129390759	0.4031304232024261	-0.7078335442239516	0.48444871473812784	-0.05721167981791278	0.5570743985065922	-0.028936558082097188	0.610491232373706	-1.2870161730362908	-0.023984879439246917	-0.9058048851418131	-0.529757276341195	-0.30762120274328825	-0.013991333780722294	-0.8387573183261416	1.5448275173644181	-0.9166925673078953	-0.4413903045589318	-0.900521990921345	-1.0439795574695245	1.3720925346081059
DTXSID2023723	-13.659543442930119	9.229550587270333	3.5736255078655366	-2.8013198070815397	-5.244521040460608	2.7138892334404257	15.71467727803985	0.07388274067747892	-4.045218007381884	0.733177142136579	-0.9284416595054892	0.590754408647305	1.4329478548605066	-0.16386392621045962	-0.30439562989627017	4.830844437516632	-3.268997712181224	-0.8495310793518347	-1.1735475952536452	1.6809705400514063	0.5688747322626492	1.8896906828859459	-0.20095830259480285	0.6487528372276475	-1.2194189600081264	-0.047471558143743924	-2.4271705666962076	-0.33147715463849536	-0.3277717974764389	0.9760102962050592	-0.6079321006663068	1.2601222859773922	0.5186960833196175	0.558902660781145	-1.4273588900669447	0.5614571719106712	-0.5054959012926011	0.33610417890199906	0.8911662501429608	-0.5705563474637053	-0.9466450830859965	0.049745052193123196	0.36782753480230224	-0.14242817213433182	0.42744887074756027	0.005364175230457107	-1.7537838125241625	0.5708265260427988	1.6555239909242623	-0.817261930402486	-0.10742220970208217	1.7875408981962584	0.21308535655384814	1.8349441727857045	1.2072922486287796	-0.63639907543745	0.22940050859861222	0.4680561552238316	0.2760266926416136	0.6814561165371239	-0.568233520453359	1.674151961739411	0.32839183510672665	-0.4316843419089117	-0.2872152705108404	-0.5032148713149049	0.211288302201059	0.09191057780941672	0.2971367393467927	0.7583086894045049	-0.8120138705269528	-0.7907491100855141	-0.017166338777370824	-1.294474347596059	-0.7895939514445173	0.5408360431353163	0.45478342486096474	-1.4377776811901781	1.4226125875738396	0.5510984501150081	-0.3838602561045752	0.25738662659125083	0.4421230317018136	-0.03544290190434721	-0.3780924131609863	-0.6789640846108399	-0.2965720883009539	0.17440472210184121	-1.4629140335617656	-0.7638571723083629	-0.7424043997910668	0.12000083519088771	-0.5872507370989273	-0.6447454370046638	1.090934937054034	0.11232579206198025	-0.41390840369652593	-0.42583703821702734	-0.9337925294702919	0.25522858751772276
DTXSID2024086	6.661218503889321	6.420907946996488	8.980750741804538	-18.887956179156394	6.069479995109217	-9.650991323792347	-2.5286147980656755	-1.2710554579413895	-7.690498234949842	-4.659229889083628	0.8576166519176912	-4.061784248741984	-5.524515374135198	-3.3576439194668586	4.649693337797327	0.7291487300369195	-1.402091593107814	1.2483156768170576	-0.012032274696652277	-0.847727517500252	3.0218619768781565	-0.282052289479228	2.5009095046553145	0.06304661600233533	1.3109617955588853	-0.27012172293407205	0.5776718742263679	-1.7476996814894656	1.7787240444144479	-2.2897106082028325	0.5394712881270792	-0.639108207143024	-0.23534238515059042	0.2838946740813716	0.2311210847952641	0.5649643173304794	-0.5553550253180036	-0.6925457700364779	-0.375540964521292	-1.8742276522321397	-0.8720854468292092	0.7100333602613095	0.2178218564120303	-0.7740428895934419	-0.9088602283496353	-0.1647090537880755	1.639367897735243	0.6662105933626794	0.12107724706247985	-0.41981015065840205	1.1892151033876914	0.5966773502669154	-0.9103355407627134	-0.23625738928185694	0.8518505202049539	0.18851804112625603	-0.11901448680121839	0.4929136290711912	-0.5878985996284477	-0.34217181197319	0.02836463582020067	-0.3195159924952565	-0.15523121977365154	0.6109440082321692	-0.4796491491702881	-0.7059594805028484	0.9582414612229407	0.20247923748847288	0.1926219582403505	-0.09626084237387221	-0.5939335297192646	1.3042858735848202	-0.22055384175523005	0.16450926359824272	-0.11671042575230531	-0.7354058075848394	0.06246511851953883	-1.2102839337400253	0.37464140762471104	-0.7059503189898444	0.3032207947030138	1.045871061098329	0.21698908639134198	-0.7927877299507577	1.152695210583864	0.621687654151921	-0.6254524251804761	0.14380080166733694	-0.12003701721025055	0.6769025267599461	0.1544679369687108	-0.21882353340200592	-0.27350480303582064	-0.5320703227499107	0.6390964256582393	-0.5329202449274795	-0.5429446851588209	-1.3228807847079511	0.27776776755005	0.6421478767190123
DTXSID2024163	1.5169909238021277	7.045907887163512	-11.715331741035344	-0.42780943805302835	12.25614336419753	-2.506558614565413	-0.35114215486388073	-1.5045573253942042	1.328859259359017	5.843039281623234	-3.8596960425402265	2.376646770261906	0.7549631121053945	1.9069040496158616	-5.788394485171981	0.8247826944973405	-3.54100171992473	1.877904819863799	-1.3626078489617885	0.41019775373763256	-0.3996352087799791	-0.8010858215660767	-0.10382158770671378	-0.286815950689811	1.0947172169804626	4.276550103019944	-0.6550767267329711	-0.15752786874014216	0.9988997299291533	-1.0162986417466333	2.8369962232944506	-0.02336243206215578	-2.6665203683232708	2.2988735212108673	0.5875517923094719	0.271515332496353	-1.5821126077952699	-0.27767253263252184	0.5593329257484574	-0.34032254754117947	-2.51030421765933	0.16133613272186992	-1.1196577161409111	0.5939157738986691	0.8727514392738102	-0.06765062552780284	-1.1236799510043674	0.2305208913653731	-1.925168386201264	-0.8760757503693638	-0.3603684331804428	0.10416997539406393	-0.2568017799835119	-0.6656503288804403	-1.4925944791337598	0.15507561949956508	-0.24738130941243447	0.325539018627261	-0.3594932827724129	0.19119215359902178	1.1608728284163554	1.2701440071176502	0.803277074151071	0.30788127839110874	-0.5570238984639588	0.7340024270413604	-1.070774829261058	1.135483928754289	-0.2605032609915221	0.6739130095566009	0.8028190697976216	0.3285496293733333	0.1287763697086634	-0.06381926949512359	-0.4322899894257121	0.009700767115924524	-0.2521625248725778	-1.1636729782170876	0.18235782719038268	0.6782635989184925	0.26120175551938984	0.3368994558652894	-0.5350879134190152	0.48793899622993864	-0.12696651397643727	-0.582151333239773	0.6479928500745602	0.41409646869814476	-0.9941232949298706	-0.562315933145341	-0.22185520825435318	0.2885349537412205	0.5271033203496496	0.04435652606259313	2.3688173353468307	-0.18331393906830118	0.027792629395678534	0.15036748937467165	0.3283055284847402	0.8970974631621962
DTXSID2025135	-4.343324034476663	1.2448744509305918	-8.210357856655545	1.0674387490228059	-12.62446516800857	6.6064968432236135	-15.36683170158074	2.5428640157352134	-4.494325063480431	2.7490215103662896	0.37223507694799524	-1.8532026833135455	-4.731722621029554	-1.9771616270862409	-1.2394682904865895	2.086458840595686	-0.5362004627218238	1.8501899697875255	-1.3008666981340449	0.18197405299300637	0.8410345273459084	-0.099054906393043	0.6566049066463404	1.05871191543892	1.3911615704710296	0.8056067156143942	0.14618393033979482	2.2262122652960707	0.9585074905081494	-0.2775505179799296	-1.6385099869059723	-1.2771021457297316	1.499607753563637	-0.6787172982557667	1.4976883339126483	-0.15196130861453672	-0.3710742828129254	1.5328797830406862	-0.4881164004412746	0.27493699184705206	-0.35761852705947783	0.010310742548608422	-0.43802025695671465	-0.32055156046247424	0.786755780301927	0.9180860501302402	0.02320391614095542	0.6211512546415776	0.0010559303161327839	-0.23548251710123352	1.1267769712194866	0.8590436843677278	0.036731900106057154	0.17940658032349296	-0.6101056472997484	-0.07204487457127898	0.7783069953612273	-0.03443350712603063	-0.06617282661250484	0.6078561686423464	0.9391126813821489	-0.11157077224404986	0.9315466978435145	-0.2978056493815105	-0.3265234821703938	-0.7254474667043077	1.3504780914350594	-1.7806170862934936	-0.7934351047785616	0.896412360558488	0.06993557689248807	-0.30599604226106203	0.25427676332083804	0.5488787666351551	-0.042828898869727995	0.07781083404705325	-0.6051731936186003	1.4171768770249245	-0.3763375236153364	0.5042291921036529	-0.164677833137649	-0.47312028905494136	-1.3434284443175593	-0.3109982000607234	0.4908052902492805	0.502912373097165	-0.3151870552685709	1.0761187519151434	-0.5835104274263042	0.11153096893490769	0.43303595882129386	0.36187777194159126	-0.3581972333043612	0.42804765956142404	-0.9800064508821318	0.20995269559306906	0.45639931581980625	0.38739846136596506	-0.7835579467685945	0.1966645703434515
DTXSID2024666	-19.923295317670444	2.1729586502906613	5.81532232373335	-0.34434129539014513	-6.496322155822063	-3.7590560109134303	7.533449725027538	1.483153208167871	1.3083354078876221	-2.404254414616396	0.5914120740893212	4.897963120665347	-1.4014199527664506	3.9116090635350433	0.4527732821157922	1.527712876681644	-1.4906124564153176	2.3137933878443064	0.5079043001198121	0.2033166110620692	-0.5404781229229476	1.5992527893520734	0.4847921557928747	0.671087020223147	-0.8522400091001635	0.41048805804841354	1.285647400456048	0.947595543614893	-2.1867044814425998	-0.5352578666578438	0.1772068727576392	0.08341323676070449	0.5836277010545942	-0.6290241812128979	-0.5882904357025914	0.6848279856813984	1.3544942120122578	-0.4767987898251796	1.796499855914438	0.519096109249436	-0.4652801666509649	0.3330982035435637	1.004344714577706	0.7744985117163825	1.96956796915756	0.6367416639669298	-0.139329918167329	-2.3402289646378467	-0.08128357566277354	0.9410546757125845	0.3472990324856187	0.40130448138365254	-0.541594079940792	0.5172143965785352	0.23403687991046349	1.1640821660178635	0.20539845627961517	1.4415068118963088	0.31383262727749067	-1.619434923775715	-1.313741911417745	-0.15552628348605196	-0.25330269978687947	-0.43029082269583324	-0.6903775885508455	-0.3993599273245803	-0.5085035405554904	-0.6007861381882919	0.0895306704588646	0.04193271534588405	-0.34551414076277287	-0.1186764659746868	-0.4816102917067989	-0.7460338813661649	0.5085064325889069	0.1535174874049906	1.2247409673181662	-0.7229489628851953	-1.1271161512526806	-0.010868862993638612	0.5185309162985069	0.6775250910410173	-0.5646041987139301	-0.9588476221281209	-0.21205665778672522	-0.023217999431679393	-0.19973963979357998	-0.19755945866403674	0.23424729996906568	0.49345464988658283	-0.227105632115938	-0.8942594382464071	0.2999854701870549	0.6379337311472775	0.036627249749703154	1.0191082229891768	-0.02224479867320395	-0.40987821002355795	0.15834818361806008	-0.45067218538715165
DTXSID2024793	-7.863836950615766	-5.295660733967198	-9.244958359701755	-6.900336466441143	0.9990904266475962	-2.4323307925304167	3.0430210797807113	-6.946306072818179	-3.7450146105789495	8.371436304990793	0.15000134365857803	6.8168009694347464	-1.5984966225430612	-0.07265391648024093	-3.485048362298814	-4.2924865229165725	-0.10376232906162917	3.479212925183669	-1.2390593804742358	1.3654413566538315	-2.3169373395553214	-0.9976129812958218	2.228662757646598	-2.466358765905869	0.7411382665640132	0.19817537846761765	-1.8715815488574183	-0.5268601297635747	-2.353637516188937	2.895700714759157	0.13697096521429403	-1.2683160200599475	-2.1910336702491775	0.6468986459722167	-0.493992313056647	1.8776140834041113	-2.1926571247548274	0.501544410225863	-2.363348915652418	1.2372223353313694	0.3117099658739753	2.667907601077377	0.44356142674102284	0.5112777894498003	0.03659898292295871	0.15074818436614007	-0.5389753281752448	-0.4491176831666234	-0.8378585312093099	-1.1328680562973759	-0.1650977498609136	-1.1383468611799339	0.4478724787552235	0.7453383530113387	-0.8628808596087849	-1.085609829430684	-0.3907300874100994	-0.6715229614409659	0.6187880358870202	1.0945941963397274	-0.3461522350925959	1.3246713157082168	0.44210250244788496	-0.4786952870477126	2.008802192547906	0.6558123283900577	0.8620165095214797	0.2798609509400453	0.19538593883892916	1.6845925002921354	-0.13824634853293544	-0.7810315428287895	-1.240298100810879	0.14081467740348844	1.0860426856152507	-0.793026450126731	-0.5181665810173198	0.13961582801063774	1.0690664689975367	0.6303075546092982	0.2143163147583626	-1.7815872558320864	0.2494877750114958	-0.5604353583939964	1.0113141019829028	-0.15212421812632648	-0.44888509861297987	-1.3480910260824372	-0.8287446681515005	0.9412839581406072	0.611596780875116	-1.1573180363371447	1.2226601354044169	-0.3631087830521307	-0.19897990774347957	-0.43358138613706165	0.8285233440690837	0.8904027495007383	0.15622925910290686	0.9063266096623348
DTXSID2025133	-3.2411933595986744	2.371232790788198	-9.390707130752013	0.840394198141062	-14.675914802079241	7.140118369973345	-14.10411314864794	2.036364368208372	-3.737763004383586	2.7937147374620075	-0.7317291322041762	-0.519982429239414	-4.161826549375988	-1.9919513958789676	-0.5300959024252195	1.5840149721933516	0.5039054511354459	0.37924740823981423	-1.0263452016957675	-0.2095049159770689	0.9159751258118095	0.36178951419429056	-0.05902260991137331	0.4742460806697328	1.5732769605297796	0.6119385017868915	0.5759801267720941	1.4981289190544735	0.10199764632731803	-0.29856105975038105	-1.2030892164651539	-1.0521886238536766	1.2952495545639484	0.23650700192938462	0.9542143692520848	-0.4097504356211468	-0.9397266674850254	-0.137178127375542	0.16986859918834907	-0.42803936963630124	-1.0254852457395667	0.24052765963679057	1.1113336662734288	0.23886648131051352	0.24755504023255226	1.0501736002015623	0.9856158148740278	-0.3637597724240665	-1.1329451465562905	-0.4958597497748027	1.0404152539472613	0.5392818416557569	-1.4187979055694573	-1.1047694264098666	0.9098407768516619	-0.43341456261793126	0.20987591847729148	0.5536249336580095	-0.2714258596997633	1.5451297931045151	0.26862266410338576	0.6608110088286133	-0.40091109895916227	-0.3054999097717932	-0.27869911168184264	-0.8188978262032649	1.3273855850835405	-1.1972030028420482	0.4471933944813497	0.0970793822402937	0.4045212031963273	0.05137683639558331	0.07243705225191689	0.51559214226985	0.32893530288226214	-1.336276668802797	0.029291290916128906	0.7780742487261078	-0.025750455542774334	0.21140378746629293	-0.06293946031528462	-0.21504358938710458	-1.0700890833609027	-0.6819651026539482	0.3721858449354004	-0.9659268300920043	0.7266282793580756	0.527103201743297	-0.30420091664536686	-0.40589490311435295	0.0184896190323036	0.06683121569097049	-0.03942683427306282	0.43886458596151234	0.9738604015239176	0.7299105288166613	-0.945158117278343	-1.1282849335902665	-1.440175884999038	0.8005456965373494
DTXSID2025347	-16.322791082532817	-4.750003619342138	-3.710566192282682	-0.6520164539750906	-2.3064305383551034	-0.9714872160673302	8.529396401960327	-3.903034295563896	-3.169565735421174	-2.8183664939704114	-0.3656728083096349	1.6658925278688963	-1.019448579119539	6.131701831558047	-0.294068652840616	-1.9273246054298139	0.8267859845127256	2.528057216466889	-1.3855038259206403	-0.24252419593582947	-2.1799618677092973	-2.498899019259413	-0.434770656671428	1.2632320565211541	0.6958863183886446	-2.9841769651818804	1.5811364263322742	-0.0844323569241576	-2.0778626472213135	1.2389552779802182	-0.7762495942443232	-1.5328090845385578	1.7300298910300678	2.20405082316678	-0.5057977334820035	-0.8728700458614947	1.2636771833973242	2.4782198512239235	2.0270300349583024	0.5427191755472275	-2.0667467428249164	-0.7065350456946399	0.2399559013574677	1.4097206084466767	0.509436185703502	-0.7536218346580785	-0.43155369006682637	0.2280147526836455	0.2664902642457463	1.4552236099548814	0.41616175444614245	0.09457929392466748	-0.3120913148118624	-0.9364022054315385	0.579134863897075	-0.7257738146775364	-1.1130621256406343	1.348664034446101	-0.04376317005999699	2.5312617852994177	-2.0080602559105745	-2.0572098718937926	-1.3141050249962882	0.7832430261252276	-1.2843049962697122	-0.6920614533257681	-0.5746614019390948	1.4495646066957513	-0.5396591085858508	0.3722886070384062	-1.2299360905580583	1.133730648926926	-1.3561773320792885	0.2608968780250748	-0.9781220539252137	-0.05712361903906834	-0.18813535303433396	-1.9780909587657574	-1.209356381236259	-1.3602014354810368	-0.4038242737446077	0.026438166901485715	1.8907033790033076	-0.9826135649298002	0.79437382207033	1.2449807384948968	0.30678107716261244	-0.48909055170091886	0.5933491626605005	0.08071919201350916	0.7946853890589588	-0.019678104020771157	-0.8598451099308624	-1.2531617128744608	-1.0843319467257708	0.15012415556904168	0.8542090228609068	-0.7511982689556382	0.006535000629694871	0.5904898684973363
DTXSID2025478	-13.38244164062526	6.05791243252181	0.9827234490415186	11.74956896503252	6.002652070934172	-5.961136345729747	-3.785933405458221	-3.650075652905426	2.1272876500658775	-1.521372843961002	4.294591504684556	0.5307362802612142	-0.7811511069655611	-2.9832008856743086	0.8544718773120098	-1.141632207746387	2.9266361770184854	-2.286133350896884	2.3910632541310513	3.66760901258914	-1.156342385636034	1.0302950383943477	1.1005954849950323	-0.36561978385647215	0.245301045401223	2.02462130108786	1.4278386147360416	-0.002687547517835503	-0.8741909743721921	1.2496540815084223	-1.1206537704649144	0.9848407877794135	-0.8613527906102764	0.8443951493284385	-0.7922835506401805	1.1911200612515027	-1.7148229574032894	1.857624177783143	-1.0477807017952288	-0.9115815244170048	0.5988244749677932	0.2815471932170964	0.08376432043786046	-1.0417048567852847	0.3940999510400011	-0.29872037315611416	0.7532353752583	0.9341819744696833	-1.3978894738058811	1.15417116476599	0.4832400495362977	-0.3211222777601512	1.1536005979938087	0.9253130156690451	-1.094303465721976	-0.12457324998893826	-0.21419322208728575	-0.7679183751508813	1.0686462976165325	-0.7140660618219073	0.2239622953278046	0.6822265640437332	0.13342723875687537	0.8571866801056072	0.6158015730954225	1.0609385505489568	-0.5600886922941886	0.4478270715853839	-0.7009100317040372	-0.030545524852821058	1.6121371131013555	-0.21146944670209014	0.941931655715608	0.4741799568785956	1.160642651189339	0.16788920854675696	0.36949274810881094	-1.4925435108708391	0.3689847320416382	-0.6967384298517874	-0.4518113672869639	-0.8244947172583882	-0.8688281597264383	-0.33111387151791094	-0.5276139112543209	-0.04957606536854072	0.4083443845307453	0.11218739719723414	0.6074241170752269	-0.4761415179457142	-0.4481272986225192	-0.6393889215244914	0.5899282732806845	0.3254162172323049	0.8767983618165514	0.6251440427296027	-0.15682109352558915	0.3342361990072539	-0.00855292152768932	-0.008988018305514286
DTXSID2025688	-20.60105049558534	-0.027278880507977412	0.1948659358903777	-2.690289838897834	-2.458754139894713	5.8917691836428165	8.28942782089372	3.1132109428093777	1.0927545080472734	-2.739215154161651	1.8296316129233987	3.5073755767551873	-0.0505941624696084	3.784334109548814	0.8116274131564919	0.8918847106668277	0.7469605352811824	1.5887723581413509	-1.3281260037393097	1.0376092221457938	0.15096445326405797	-0.6556284469118329	-0.4603637378818859	-0.4046850284757872	-0.4964004324112116	-1.3171652505977007	0.11624717162649201	0.6525408288028282	-1.5487256168090804	-0.9859673827355326	0.7973944022221262	-1.3179768899429503	1.1414953246387487	0.046104109581766466	-1.360843546566304	-0.19885405635185008	-3.3258941098875203	-0.018250806977704554	0.5403729642753585	0.14371152212793661	0.26460034033757257	-1.4211910798344705	1.1535759687784601	-0.023515535703780416	0.49341798498516976	-0.15536569962397823	-0.8520680006180202	-1.1454504043048703	0.2055415236410647	0.5061559165622173	1.144217291549278	1.3028086844798183	0.6281855018967748	-0.06211613810221949	0.506705113727774	-0.5667254528603762	1.3949204281767187	1.7568857183197775	0.9377471392023741	0.3228433194492723	0.5089098056375079	-0.45689021285032383	0.4882803238511962	-0.18106398480542307	-1.499618737977646	-1.0992888381199892	-0.57788081694237	0.562342266933449	-0.6496382354168755	-0.496877461783664	0.6346646425232757	0.4005630103542368	0.047752992891558474	0.6133900569467539	-0.7695211714318716	0.5781986389533217	-0.32813347999730125	0.7733131099422255	-0.13957784393612455	0.1360763358778134	-0.49573167009444347	-0.8053664506216819	-0.03338174458872698	0.811936197981532	1.0974049529430325	-0.4874082524065861	-0.3678735566244688	0.15676513461688174	0.4117397410413701	0.6537154343902193	-1.0637072884021184	-0.32779579387411745	-0.12704479331006904	-0.868264438561307	1.4432586357656523	-0.5862227698888893	0.2205070113320784	-0.8577823883585267	0.19127514197245304	1.1473284329102158
DTXSID2025680	5.704842040607855	3.544387457865798	4.182002792225258	13.538140935993827	2.217036301241857	-14.628630124394034	-3.7729969503894036	-3.3070088584428885	2.5993434979572094	-0.16715178173318807	0.5637992387398734	1.177586791014965	-1.4977988290308837	-3.2595757850082068	-1.0809320092103143	0.326126495385879	-1.5330441855677173	-0.34754795768904695	-2.2653920990753686	1.3571552057868024	-4.095698479068842	0.9491542885886982	-1.760133561200527	-0.08198782235710078	0.3145844582223824	-2.4160537795955714	1.2056676954395347	0.44292703715308246	0.6987474251665882	-0.8959415327931137	0.7983964000978273	0.804873332515816	-0.013676990616739654	0.10627777030730066	0.8240417873286551	-0.9668236186415167	-1.376786431681625	-0.9117224054140393	1.609086048604159	-0.4352267228467512	-1.0861445758926935	-2.400830097969904	-0.24429033834777988	2.040279699419891	-0.7168681534192942	-1.0191945774614017	0.07507581688256877	1.324520178236598	1.6378030647526878	-1.4932323234965463	-1.6053297892648524	-0.18617431559857056	2.1654173483041834	0.036085725296551845	-1.1270951557709663	0.1089534320230151	-0.3777952804801059	0.2600276006426384	0.7721242019997305	0.9181201220551307	0.3269061288579175	1.2099576963942815	-1.1245718559497897	1.3805274417940598	0.0686690516767397	0.06497896441155736	0.759659877402949	-0.971144824686079	-0.008711137449437044	-2.0526641597243174	-0.35342293470190483	-0.3879084759527358	0.5467999155330573	0.4899556910964323	-0.13261165503605227	-0.549231639824398	-0.377144429234034	-0.5776490216613214	-0.0025873940577818048	-1.852837862298041	0.8627846238755913	-0.7780879960457874	0.21866628523750595	-0.9944706264217863	-0.32515161361373796	-0.7484641184772218	0.5853677356636748	-0.46252058536144086	-0.901702361140285	-0.666390134908205	0.23941229602522937	-0.3312082627571435	0.4279149990358167	0.10743031836342962	-0.930529900389599	0.16551403109173307	-0.3861902944408438	1.4924218515873688	0.9650102338161894	-0.5791283182353765
DTXSID2026238	-19.410063600684204	-1.4036227674133657	3.2520584365536642	-3.7526495673713214	0.9318467024920691	2.825866725329417	3.539108379294168	6.334232196202558	-0.024537182774533137	2.568571354974138	4.537447447243723	2.16645212816242	3.4751354785924216	1.947585812974579	0.1487266327462	1.6173358199150014	2.1344796655788314	1.3193108707597845	1.9419083875808578	-0.784319298604073	-0.5005452635102012	-1.7451606641634263	2.614566976816219	0.5154402866172849	0.5958221394382383	0.2332069453742628	2.8886252258434144	1.4471618248838416	1.8179588239376085	-0.14514468271645	2.1880678801313644	1.7532846587931372	1.0707278392128639	0.22249023076046992	-1.2120166918011237	1.9621168922921868	-0.12961925315357528	0.5225377056404679	-0.19313448483808204	-0.645041087482509	-0.48408379840977306	1.1831759170807135	-0.4820208107762242	0.013620304879117012	-0.01932174556026739	-0.7396521267782551	-0.448246586158619	0.5330277187945174	1.2470835395868547	-2.829157561276332	0.5943293172878774	1.0221627250114793	1.7861901126688777	-0.4213810837855505	-0.31798263466568466	0.5976446409230276	0.9332987389041715	1.4081910818326886	-0.21379700818519728	0.4022831973090158	-0.1519280317489076	0.41314800892155207	-0.8600639919182897	-0.812528876041478	0.28071847271477524	0.18275477405717128	-0.12065153354806123	-0.3686937666933837	-0.10704716715892855	-0.7578444210121361	-0.7790753850988538	-0.15871162085319188	0.4124598947057376	-0.388721335578777	1.0208017680464312	0.006693282900540726	-1.2629406624507487	-0.05785705272261352	-0.2439847598885545	0.28406356585048614	0.2586729885991949	-0.4073436764762895	-0.040371662048144984	-1.2548071610209175	0.09391893144263647	0.0096265755981379	-0.03795721706509839	-0.8380212929447506	-0.5401814129792685	-0.0378528950503459	-0.6731737834243944	0.9820474166093038	-1.8213943486714586	-0.3503393468636505	-0.9881563984107615	0.19227952171564378	-0.12545903967750116	-0.7033530353969952	-0.5305601643306798	0.9967010848085498
DTXSID2025892	-0.9181532810061552	-21.2165952813811	-9.21706898214924	-8.027238217787104	-1.360870640303891	1.057329559046928	-0.19836613487679244	-0.7810574244161568	2.128037609620365	-7.884253489359125	0.4297029436898212	-3.350874896938982	0.5432200955556048	-1.913087159851447	-2.1623278921325215	0.4254031082820677	-0.6077701230659097	-1.3566924485068539	1.4554307275465592	0.5963777176806063	-1.30287351750597	0.49690103137157543	-0.5846567737225152	-0.41091040433633036	2.529325973768803	1.1417115784107388	2.8184241537196097	-0.9709752942454795	0.18933111401203026	1.054815677203009	2.377156898073113	2.059501002322162	-0.6602604127839931	-0.8978969639372808	-0.7635378773522393	-0.26957439130621713	1.2746882638200314	0.0866906503771711	-1.4294743869987672	0.2766183939904866	0.5246839690347652	0.4692681406814359	0.0225113607761289	-1.3561766763449623	0.5442837755479933	0.2836643479903403	-1.1452725394881202	-0.048264474018852664	-0.49919812469131286	-0.25193647497959437	0.37403228125177634	0.04250592348830729	0.07330039555090746	0.02238495911597223	-0.7306769412864047	-0.580051855800469	0.41211569801727266	-0.5376622771145576	-0.20332036635563064	1.600289875274872	1.3211591624028087	-0.380413888781222	-0.20482645877276542	-0.049023505409242635	0.021496336194552136	0.767289325789531	-0.33119607079633273	-0.2579293909648069	-0.10015963093901716	-0.2213652486254293	0.1057164127004319	0.4770869701927368	-0.22633869268653345	1.2054674122060685	-0.37838036322555746	0.021090938455767518	0.8152520757464069	-0.4057060466396912	-0.44060853180309995	-0.12216718132063088	-0.19147138240164963	-0.7575789943333766	0.6631659486067748	-0.28000113100430585	0.5835763568653938	0.12520175100880968	0.9398346929543699	-0.8159601070294975	-0.2269250294035001	0.2064165708675628	-0.3343574741297697	-0.25759006268752466	0.38911087668025934	0.46030238413861185	0.0271738901914445	0.23199331905835768	-0.6330984571212275	0.5546162361031504	-0.29129145353009417	0.43479160813818135
DTXSID2026496	-4.3352514941327325	-2.582261149786574	8.175247657665238	11.955929873032105	9.573049455983659	-1.0600096703329975	-9.036281603856967	-4.126736692279136	-3.4220750765837877	3.1913766799106638	4.211189199925399	-3.4387954744452074	1.5222653319416173	-0.1978553318060004	0.9667448488221778	3.360107383304034	3.4069906757738537	0.011186771991273664	0.02964078583282195	0.9923317405006837	-0.5411983940052744	-0.4628863351886462	0.38686456022698745	-2.908799856694489	-1.9704666056508362	-1.0604003790480963	0.07472980454572103	0.550961259061573	-1.188224867562398	1.8010714446010236	-1.0913109380269415	0.07774034197888939	0.46199292989149643	-0.4492446411711254	-3.6750646771167395	-0.7637385315950102	0.010850026146577627	1.8286441451365527	0.4778032756479602	0.11331612424838239	-1.5450727449840487	1.3421845842808444	-0.3711402304441892	-1.919800634560921	-0.4746029166396115	0.23009549423277492	-0.006940771827952982	0.5318577311664059	-0.8110569033017483	1.21733110338074	0.7808228550436711	0.12674685003000405	0.16803997538819485	0.015835838694356858	-0.3972270790619856	-1.6133967510462348	0.5598283764273795	-1.6796420266647596	1.894616679624786	0.4563249621286775	1.439357573633151	-0.7471952881935793	-0.9986309419014096	1.6467726996355312	-0.1452348189073462	0.33467726942074427	-1.5395841715895917	-0.8383730454101014	0.28528128184422014	0.08150377578279724	-0.3828399851252295	0.9905319319898817	0.6968867674797652	-0.06372656114187208	0.8991949200699503	-0.19210076061937678	0.2813476339886287	-1.0961089123633498	0.4313032437305407	-0.34881707829763303	-0.2164600678548811	0.09128518208057787	-1.229870510632078	1.1532333122827214	-0.2380773403864857	0.6457400763660356	0.15318486905318682	0.02073725083046401	-0.3572586253953999	0.20699868110884675	1.8582735246053965	0.86316016381023	0.4733673887087312	-1.3654769130820876	1.2743052899402645	0.8728147625127666	0.9253708469458344	0.616498877372454	-0.25316036049131313	0.33610179871915846
DTXSID2026523	-0.4254753323145111	14.301286332676245	-8.124548394846855	-1.5435948908325097	14.201908908936781	5.190088143136029	-0.8496347648132105	1.1319064229755693	5.257176274791441	-2.188354516764602	-8.352364442735025	-1.3802092752475559	1.184275451766979	1.1130386784623085	-1.5924867036792236	0.6293717439210345	-0.4225792739467703	2.458477617819981	1.7095029504617427	-0.8020091172109127	0.2619776974961868	-2.03318564098565	1.0298048204492292	-0.11122389459045823	0.14266429029862865	2.106774066989083	-1.3304869569619209	2.0059691894112186	-1.6801415880092652	1.3926604880828508	0.615076276021612	-2.280920730240461	-0.11478140510358706	-1.1628588015872605	-0.06618919047077758	0.9423335022988348	2.0183235046654584	-0.9699056911121142	0.09287651045322128	0.5317456940470046	1.3465385860470773	0.31692598139849	-2.0359870561244735	1.5441478447104506	0.013632846470205906	-0.7456575491750533	0.9748283730302371	0.44052637164938396	-1.3942202115952615	-0.4031708359584842	-0.8289866830552604	-0.2604056972557181	0.29214516551387687	-0.6778021231212392	-0.009385868632410347	-1.3316097843428605	0.4068640544537126	0.29284426543068687	0.9412125857816751	0.4152298232135951	-1.3761501541043453	-0.5415213163804005	0.14305518471552617	-0.7736297071229553	-1.206492423302104	0.1490410269349935	0.1992018174734134	-0.9469283446989325	-1.8951798730041713	-0.12444240432589018	0.11835482405758667	0.6870937244505423	-0.197198247822087	0.762623865432806	1.272931298518158	-1.339580980179669	1.1790115659937552	-1.076011004251571	0.6647736385024179	0.21404172996595036	1.0101377077695226	0.07346620436088089	-0.15562978158223292	0.1163800035834262	0.23003635031836128	-0.9614360793494324	0.18134315836880965	0.24425427899007196	-0.6840457703057264	0.203920983333419	-0.28074360914574703	0.041483264655259124	-0.36557427022692324	-0.8524853212462954	0.7345396087026873	-0.23324659654242064	0.9284649528372602	-0.30142415215473906	-0.6699147397725278	-0.02587145429612705
DTXSID2026789	-11.871890383044864	7.075665706481081	-4.169405223617934	13.420279948801866	7.8439528202475755	-0.03267120351837562	0.11654969087423883	-3.4776781139022552	-0.054897683343112444	-2.123764288027296	-0.9964103582930462	-0.8542790699522844	-3.133227092471885	-0.6378147600909572	-1.0332667349535856	-2.9963758824154167	3.7283570418267615	-1.6451082997068296	4.218370474370098	3.2860219633954992	1.3781481020822708	-1.466521933487094	0.39401140818641056	-2.5937714001983556	-1.4584307816749182	1.8827651031114936	-1.4176746011571733	0.8721112284313277	-1.1603958434908153	-2.846564859162896	-1.7925389369118498	-0.9708091730220277	0.3173249632870655	0.0563089354927253	-1.1073240468038303	0.09290651015939475	-1.5083945030793808	-1.9820056126679901	-1.1343169251409155	-1.5293317326078635	0.5707482979489718	-0.8219381544149822	2.014479859715675	0.0036636648007031787	-2.0011651049015717	2.1077154534707203	-0.5522364756331628	-0.34865482876154674	0.2595066114656717	0.7472278136769075	-0.5928383453375901	1.29968096946512	-0.07189747365101477	-0.20343049087998535	0.33812012797529645	1.170265500156967	0.8317068180270458	-0.46094304729721086	-0.7093383628299126	2.2613703552782742	1.173966700892054	-1.0433195226976604	1.7303942184418613	-0.7444925813451864	-0.3423601721775156	0.7580274205573836	-0.4284728846888297	0.08082495382799401	0.1840130250535514	0.3460656493324445	0.5100212596847883	0.2725475559685884	0.26793872487733894	0.648653233354428	-0.5770159014120336	0.3117415936536268	0.05640277203893217	1.0326018263618322	-0.615606950646883	0.40254544285451377	-0.2939145887326783	0.24240228882702416	0.5715392127683624	0.8273811140783323	0.254381743391972	0.5215958510189048	0.9051949579775869	-0.655735372802459	0.6849533317558868	-0.7945045608362912	0.8740307171764775	0.0710553964832455	-0.9906894478282245	0.33937118131204375	0.9604597569779285	0.0016799484900762525	-0.7131216297633758	-0.11413787423469562	0.9051516222302307	-0.357753378516247
DTXSID2026864	-9.296003929752075	2.740414544673393	10.772750409657807	9.59242821702994	2.87926548735548	-12.41117753571383	-7.277774705581196	-2.383005490310623	5.404519205966809	0.33951063904141165	-2.2062934245131496	0.14448496181664838	-2.8492665728234394	-2.0643342950293215	-1.3246630533343438	-0.25125190673208514	1.5642426719609284	-3.306066285292348	-1.0358900526504682	-0.16054327657257245	-1.2723995877923213	1.7546020208440973	0.44058653528986286	-1.2357056244074525	0.8335375475359821	-0.7080764003390642	3.1832128371300064	2.2011686234018124	-0.41304975567395236	1.4636181988656514	-0.6917148293449998	0.7776599086224497	-0.9877301076207639	-0.8723553886767577	0.7070618535316076	1.2449361438779687	0.0676219866926529	1.3664038566920023	0.8487270066140118	-0.21731283647639665	0.7347747119241306	-0.13804734752697567	-1.4477593431604294	0.8735321341317085	1.7824395669862803	-0.10749839583622854	0.4710609980356501	0.006474392432036472	-0.7951750770763326	-1.6517187996424805	1.1436525267048523	-0.09271241912522403	-0.6202166651907932	0.06597368705648445	-0.10360347803180325	-1.5064391932246142	-1.2614066504690347	0.1250042079730235	0.33597401079669104	-1.216919758865432	-2.2880394063763543	-0.3768428618111502	0.9312976861498893	-0.8515022094299899	-1.7021413183950294	-1.2493878930756144	-1.286610788491899	0.5050673091367113	-1.1121203421952743	0.15428864133647843	1.1126585723526592	-0.4034805102614846	0.9186572351668224	-0.5964258162221223	0.9083833786217378	0.47509583173119957	1.308857288417252	-0.813401728174165	0.25679836082580454	-0.8783653040214289	-0.9171689216111408	0.17130330846950545	1.5956114427833075	0.46564005085876814	-1.097880187997914	-0.780366205659137	0.009871719009953504	0.02621926712101564	0.170485699874739	0.5826582633964964	-0.7623295019089172	0.2915422851152987	0.4244919089976532	0.038629743381065756	-0.12093526638691088	0.8059588669234397	-0.5989410364994798	0.6867024894512512	0.6354406551950728	0.39662207050871445
DTXSID2026997	-7.353289362496203	-5.3465126726086565	-6.317188441611785	11.614247562839534	-1.142017524651336	-5.168336751418895	-0.5447315266006388	-6.001486145081657	-3.6803382181341497	4.573464816979691	-0.24813864400824986	1.5402901783382594	-3.224840909560953	1.9545705379201448	3.2061100530312103	-0.9739389146332993	-0.3338538260867402	-1.3696297794255816	1.120409388147869	2.9579435417145485	4.095865353611604	-0.20379128956666465	0.20611365403260445	0.4227141564881707	-1.4060053177415766	0.2717084768054269	-1.3354388319331263	-1.8640801711956505	3.645238323984066	0.45316811098969123	0.07683431574696155	-0.5492539466192818	-3.965865360995538	1.5070567412387454	-1.5706613177778106	0.8931710671482986	-0.12244472654444308	-1.923081855408302	-2.9720744500259686	2.2603737083151496	1.8232251643664363	0.15337674441630647	0.5893267456298853	-0.28280859516638646	-0.07860633110560364	1.2795693766478289	1.6218329574641244	2.1399367568358656	-0.10168102000310857	-0.5259950673657542	-0.21509266527949764	1.7258281110930596	0.3213057496575132	0.06519052777849617	-1.8986008568281223	1.1102746300800002	0.17061456236335376	-0.419145444007166	1.771897579328308	1.5029741188045316	-0.9776932464812017	0.02514092067203273	-0.12591523690394366	-1.8019539181755928	0.3251121808661601	-0.19722613565793284	1.1144165870192124	-2.089059434458507	1.0361121912529934	0.6317888524361593	-0.14037265224705947	1.1003728619356654	0.4333543993833734	-0.34199549449959216	0.6059809077563103	-0.20160164682710355	0.1920585772049399	1.3488440341694958	-0.02842966536364461	-0.18235387952050633	-1.219599844225689	0.3840682093927679	0.8977816135435991	-1.6241531847627413	-0.679266172048971	-0.3709873394229712	-1.072115208587976	0.5471669197276532	0.7631432793636421	1.0305267367371398	-1.261690368502105	0.35316738561808614	1.1543751237739739	1.0760247159215952	-0.389650322342623	-0.6887589344564693	1.3464070254104061	-0.9655023577964418	-0.5391090537940665	-0.19718837348871382
DTXSID2026943	-13.75306668685959	9.355437361905853	6.413653694253954	-2.931141042748818	-5.091216896556515	0.26526428553454906	14.590530912266797	-1.8508923456231245	-4.614185960810939	0.2037861749969514	0.03436225003252572	0.4711774907717768	0.36792299896770575	-1.5897158592354501	-2.2004554463497072	5.621548758414177	-3.41832052206794	-0.38985925903415547	0.37615904959297713	1.26531268676701	-0.7403231261742654	0.7956038901415672	-0.7659591609937836	0.8160425114651267	-0.3566901062574083	-1.3816323756875208	-1.4189067301374767	-0.666968045556802	-1.47724690926449	0.7317922797129803	-1.6162134154365673	-0.6261643745854604	0.050236672812313095	-0.34608240618617325	-1.1732882897487689	0.36466638408561364	-1.1410548107343566	-0.24971935065822498	0.32229916817417487	-1.125708365772759	0.03573705788449258	-0.9620580817829363	0.6260451164073877	1.1467590426351628	1.0005827222625145	-0.06844271158628228	-0.8547247966822711	-0.8232669127119264	0.5540512170677652	1.4619919848178053	-0.0011791589533319787	1.950732574262784	-1.0021790686194765	0.6928929571989838	-0.2892137913355161	-0.3487910125688234	0.4973062214112741	0.2503441824161737	-0.842393904580808	1.3553753695093866	0.7539303927686911	0.7867757726933914	0.9590078374063055	-1.912280856160033	0.9189564739646279	0.7754028211412372	1.0559477871717757	1.374252250868246	0.23154443244018216	0.12125454133184896	-1.943181884513088	0.3852593435095967	0.2402064658624087	-0.8412393527406627	-0.3612015478773185	0.4258926954321157	0.5265148516745929	-0.1357384268248595	-0.3466649104352729	-1.9608264699771212	-0.8888956716943696	0.3013028041359242	1.3245735322261674	1.576845022786756	-0.5859747428534016	-0.8147790064648248	1.1243786232461828	0.3222576011282704	-0.009964077935900456	-0.41558636637651375	-1.0325284350063357	0.8034874706519465	0.2863804897950962	-0.8139159029284765	0.5716337847189255	0.8621304085768918	0.16142800487348963	0.835300900402364	-0.0015252779183010873	0.18915314337561318
DTXSID2027204	-18.283931901741745	-1.8687964327160218	-3.93265417106955	-7.134436443300959	4.530272542822628	5.4580389154105955	-0.8628014050671143	7.013057973500804	2.0180349030172744	-5.5979331878981196	0.36103272188933594	1.1506123338779761	-1.6403493920214098	4.887402045521533	5.439650050025202	0.5690536457897214	2.855166189589422	-2.259715936519466	-1.9278030862225854	-0.4409350252450435	-0.17388237300181877	-1.4954140633226314	-2.342952587820077	0.3889972629126208	-1.4767078196260872	-0.9702002521960909	-1.4713131048041541	1.3224765539330605	0.4462342747382589	-2.059164520131411	-1.9161691674857488	0.8989423378528564	-0.7604354583060576	-1.6850174972445568	-0.5894414273996348	-0.45314783120959606	-1.5209654828809436	-0.34205793625432657	-0.5454349839442738	-0.40690699183518414	-0.2561733347916675	-0.5357079009047332	1.0254223844604078	1.2131786432356546	-0.6220027648961615	0.5998048350739047	-0.7144050722430958	-0.6175531862282082	-0.5679426861747102	0.45217610628771693	-0.29647264007766133	-2.7022006825007012	0.24917556704241822	-0.3226609424912559	0.4849193246193391	-0.8533835850689481	1.9646751116614962	0.014796485736140811	0.658361671355255	-0.4487431344894942	1.2701619430022828	0.04125352409439682	-1.2672703713414473	-0.7481447631074634	-0.6762588013950133	1.0469106801184407	0.21638202617054747	-0.987810159720443	0.5074256443807142	-1.054241649213934	0.8232376591107224	0.4653873085705824	0.9234534639679184	-0.5407625799276908	-0.6195483597271172	0.4495737184183103	-0.6278548428198466	-0.7583990391716683	0.38179996067002275	-1.2486011408894986	-1.307642762344469	-0.049335519347435436	0.6338678723899118	-0.2774438325204072	-0.543537603507865	-0.256613234420352	0.11553383838622368	-0.13388986168136613	-0.5110458764192017	0.5033591959400097	0.6729986790609422	0.5610044899462069	0.6598362222937051	0.44284085666496936	-0.5544546090382914	-1.5491222384810592	1.2509771069067834	-0.6949527026158963	0.16628451668515304	0.4241935241121915
DTXSID2027094	8.987513211383177	3.9917621699363313	14.810786872598047	6.106535273261173	2.6598122117548963	-14.56221590520973	-3.761713688785801	-0.373883626493166	3.4022192870833234	-0.9734734567772234	-0.06391720679799374	0.08783952595452393	-3.026087709885111	-1.5063164073951163	-1.1743910214381443	0.6804287522521554	0.6229368065441188	0.2715968755065175	-3.2192267007414004	-1.5247479734619858	-4.460015570849416	-1.2749763911817187	-2.6111080835005795	-1.0127799896253815	-0.25451661838459416	-1.9337431076205154	0.4445027779135862	0.00890998849336564	-0.9713260197941873	1.3688937321959167	1.796845870588708	0.28772065027292865	0.08264279550418474	-2.6520572091465753	0.38830609862868837	1.0041177359846165	-0.9046097409447449	2.6681320237824195	0.6748334027320184	-0.12024708949965529	0.09777636833024901	-0.6228707308986872	-0.7638557676552139	0.5773243469134022	1.0320957855335484	1.1208489212653157	0.0022229182213702324	2.052239857273408	-0.32364549758101196	-0.9961005321476466	-0.8075721429838856	1.0542356059158036	-0.5658891277134726	-0.6926503056672214	1.3234256567818905	-0.28301437383577954	0.22736029130433077	0.621980854551403	1.2659981294640514	-2.705532595004286	0.10556839790175686	0.7302234434684358	-0.2906232671864982	-0.23445980093415358	-0.4565549894277902	0.1038570322420429	0.47151319703713973	-0.3301165568820556	1.2225857051569895	-0.7461397611804432	0.5950677315745411	-0.10246794590646945	-0.55622007259845	-0.20269449138764337	-0.7987807299464418	0.14174582627288282	-0.7922988290540374	1.0883381095669613	0.6435781551291238	0.20449341753823252	-0.5892453851159718	0.9168578438104913	-1.169367925143653	0.1805429940165705	0.044754270480301735	0.4986503974361004	-0.9585189308763937	0.046741521267450854	-0.7184991950297485	0.9794076077001709	-0.981511737183801	0.4710835309353925	0.47988739542614	-0.2816257007510081	0.3166971075654283	0.13280679077805868	0.642365988938522	0.44453033930622565	0.14186585448937677	-0.0017133973832171494
DTXSID2027466	3.7388848893666897	-3.784602538277952	12.159151449486853	7.064672314429634	5.2103773293145945	7.1697842259193525	4.528800390256376	-4.276170502144983	-7.774489143621735	-5.3709054495762265	-0.8368425642228525	-0.46633716414316084	-2.4873923556927897	5.1379968492527865	-3.0373295076346887	0.7174798084310371	1.7439344997837238	-2.446876287672623	-3.2306004335947676	-4.265731636411451	-0.33792316027176134	-3.545409342821391	-1.0665186140119132	0.46083353123995485	0.18743040681334316	-0.9417131397376444	2.204982760773409	-1.3329570182788553	-0.3592797643099855	0.03825180978930952	-2.3719980944569667	-2.650822202998316	0.4289173870133004	1.7703220124912273	-1.479988311148349	2.236931279398039	-0.3729157995650533	2.9939345390451484	-1.506893208501265	2.6507008375773387	-1.4741380047949866	-0.333722317975996	-0.9679366162026728	-1.4448969591590641	-2.9021039781359086	1.3730757294249634	2.021433204626899	-2.864908460671871	-0.638577271021367	-2.2367058109294504	2.4692343432489556	1.7457239090559253	0.6013324543596292	2.5443792913198946	-0.3966443113013918	-0.830932846023809	-2.066828717145122	-0.4419848333797081	-0.5281531361907384	1.2173496819249738	-1.4372978169507942	0.5595612124124539	-0.9030183548449277	0.02043919361313035	-0.10547492182989306	0.19114483995305148	-0.4432271357309688	-1.5641784206124232	0.22119969643699763	-0.6677520403360273	-0.18141078958761875	-1.322597931915951	0.05562547554600657	1.0948166133876867	0.6882828662068587	-1.3074147864838672	-1.3885860450419258	1.6864684606680498	-0.018054669396390336	0.17207980989362945	0.5629272558064494	0.8365748195062718	0.7639860656460498	1.0540100354207083	-1.1857304073842085	-0.9840021796602525	0.3375322206691311	-1.926219843019549	-0.8429759860839112	-1.6521606718704864	-1.3049015634054033	1.3548554770160766	0.46241646037567563	-1.1542656186862161	-1.042217039092519	2.4981340936112484	0.39372256967279945	-0.6297137923159777	0.3611058048148371	1.1163485241242848
DTXSID2027333	-2.4921192423783314	8.06076020594721	11.150290974192714	-14.28862434693213	2.416351599657971	-10.00264963356367	3.5619761900904514	2.357713024318394	-7.030398473540697	1.3246632668517362	3.6494502806611444	-3.143662922966931	-3.658140843389586	-0.9201679284218859	-1.2428383828670206	2.5018427798836838	-1.433621104007868	1.0261568192550954	1.2184947012281024	-3.3018835891146976	2.011697670907619	-1.578021951221291	0.21249188202579702	-1.984915125030974	1.6589156458888894	-0.7164295722048535	0.40001744071415296	-0.6284830268274886	1.8061934300414344	1.7481725552673653	-2.0053089305468594	1.5797435013407664	-1.2312135737305965	-0.09305001768346023	0.7217476001966704	-0.38837112687529934	0.4892061156962999	-0.002665178064860681	0.18911059408012698	-1.246068711586716	0.9855571075863432	3.673202689849557	-0.058103247028423975	-0.6372366329445482	0.006641078194355998	0.08890127511619463	0.5479574299251962	0.34922509238581007	-0.8161025336474808	0.08321986818473508	-0.5824296118507462	1.1785811833001731	-1.1748142886573614	1.9795402110055025	1.661911780682086	0.29796988672920943	-1.0775288091710256	-0.09852692129432825	0.18992917552309688	-0.37869268583418786	-1.369037589871033	0.7819303856098748	-0.37196582648346416	0.5115179999066479	1.106295224246644	-0.19669743137673557	-0.26963148524447933	1.0635916725065744	0.16283054303267927	-0.666017283240283	-0.277185811835436	-0.45182079700199007	-0.958746308768456	0.9264962202069504	-0.32129058237885133	-0.016784035569597476	0.29656695333996363	-0.21007639255247554	1.1145142830902672	-0.8457114557961299	-0.9928600864919905	0.9782537921414274	-0.44050115491146186	-0.028353385716955688	0.44963170466427066	0.13271904544384905	0.2917435011332133	-0.6917737807183298	0.057762291587430445	-0.27346261449768516	-1.2161129889484497	0.41146143164546334	-1.174615082666332	-0.8214948915947949	-0.448649971374661	0.7538990300609418	1.1811388467841966	-0.41479633988159026	2.057539366474994	-1.2344567236091126
DTXSID2027412	-6.798107127886117	3.0265012339660813	12.509387710543493	-7.254284607800238	-7.627383094970268	-8.347312580307033	10.566087783128431	3.3556521692870342	-5.641601712346036	-0.9892693078294429	1.132937068836833	0.36583674027307606	-7.6038724489246485	0.8273115878222026	-5.640581632514254	6.147413458874707	-1.9150826177034581	1.4269218487516642	1.3956527892192914	-0.3919093093600036	-2.50662768428207	3.21036340400589	-2.588051705840537	-0.41722948033740254	-2.877858618909981	3.2125171514974173	-0.48853997394991505	-0.1651017987877319	0.06737095482458086	-1.413094116436056	-2.875891542069832	-2.7583983136051446	-1.174804675987803	0.5773717997375414	1.6061955134581791	-0.9674985056334837	-1.3077256325505027	-0.35706830019306773	0.5814449468029022	-1.0655420805809073	2.625992124862865	0.20293659450818724	-0.2851758690732462	-1.1405743212998842	-0.3319569588125413	0.28842578764611676	0.3436870515471948	0.38610645516527725	-2.018075214135503	-0.5002030581674619	0.08691388434162879	-1.5296564252635325	-0.5128883052815794	-0.6935343653345264	-1.312134205848903	-1.146675202217422	-0.4249170199476047	0.8327764675637432	1.9937511186183143	0.3466477143743676	0.07644875736865174	0.7510653209799765	0.7413204699148244	0.6302078384362821	-0.06491862703114154	-0.16302946377403527	0.29747411982046673	-0.9993992061578425	0.2339952002717646	-1.349873994397621	-0.22495408872232386	-0.46224399923200454	-1.4445333690685978	0.0389108445628135	0.8839765799299958	0.43056083511008164	-0.30610085112224117	0.6893218327870976	-0.21537412621350766	-0.5789404108903397	0.6497673230482021	-0.77697102468348	0.5796043156873291	-0.23247962939604108	0.17530368781505962	1.1201500056722364	0.0180774850165177	-0.37237006495472846	-0.40372905845424567	0.0036803580415398843	0.04014635278748241	-0.2343286861560929	-0.35760288694093506	-1.0587718185455945	-0.38610192193255843	-0.5419125653923874	-0.5852100549382087	-0.37034899817890393	-0.44888736670987023	-0.5473485694388229
DTXSID2029325	-0.723458788284688	0.21002538134223717	7.917387547617022	17.39122723132561	7.951153207391865	-5.4053364718410695	-5.509175179859701	-4.220183521452637	2.701572199663568	-0.5447816256911415	-3.252745509351863	-3.166091178185254	-3.8311043123237853	-1.8968083529303668	-1.2772898603311709	0.8840818438137737	2.7107618627552377	-3.0276230465899894	-0.8538760244648649	2.612685005054139	-1.239524177288108	1.9463492575032788	-1.0942556628329476	-2.287265378860318	-0.025158982033541895	-3.8524620450226257	1.568262617399071	1.5989050242229679	-2.6474494413533707	1.1394101556558303	-0.7299631213868188	0.3667921800175786	1.0573803388422043	-3.3197646673703725	-1.4220772595766316	-2.1257382082726046	-2.3886079683533437	-2.107025506236257	0.1857163758755313	-0.5540574808189564	-0.6398399603755758	-0.3106955743444625	1.2714348873626515	0.4530841478985413	0.08170019455750083	-1.0482468013115587	0.9912125233442836	0.14374881035112547	0.5698676693362283	-0.336447291653358	1.3533822526290602	-0.06339593904425482	-0.3801639555899879	0.9203388554645366	0.8020092438733663	-0.5512808917483129	-1.155502515143112	0.25323651251087054	-1.1067585847333938	-0.856798993493203	1.0130406338554796	1.093844854299466	0.6820286256510664	0.7205207715820046	-1.27844456633293	0.12598766978475495	0.0075344283071265925	-0.29337678695732167	0.3484252484777005	-0.0744382585141243	-0.10571965797838322	-0.4638037089417062	-0.7550397522452886	1.842676775366346	0.3066790473990565	0.0038178000898442593	-1.1763330566495658	-0.4528853567613235	-0.03369840476214423	-0.8206187088568363	-0.5062258057685421	-0.618978864190418	0.9895158316859024	-0.14692080499473403	-1.188197726980479	-0.5691306162787908	-1.2124813012957718	-0.5908147556450254	-0.13406807033686266	0.7204614948101047	0.20128051522502158	-0.5548061578269267	-0.16887858649469212	-1.1922457765764554	0.3178581255293061	-2.1213351104726605	0.9261223645817526	-0.7001187899047159	1.1097607921238681	0.4733555129023257
DTXSID2029167	-16.440965744385814	5.462477077485967	-2.9767885705816433	-8.228682538717434	2.7763161452743303	2.418190680048601	3.8140020324456474	9.115985157095343	-2.236315238721609	-1.3000999246972251	2.3473552599630616	1.4540028528729505	2.3334297127521837	3.0431843045185554	0.6140074599284046	-1.1497073453435296	1.2543601584154378	-1.5845889669251045	0.025659935201204433	-1.7465309692907351	-0.925767407017211	-0.3062866509520879	1.1726936007041633	-1.8846842981375462	-0.702140097396828	-1.3079305453944352	-1.1424517704265436	1.3930501797400434	0.7363396695106251	-1.0077444319518585	0.35754890669992195	1.8891435438480026	-0.21420069280353327	-2.22991199954331	-0.056535209400236854	-0.49522459801140295	-1.5765336116662452	0.44124617277917133	-1.3799462681074168	-0.41648903188953007	-1.649220225902071	-0.26396531505628884	-1.5136619309406454	-1.3756476243344333	-3.1161594665647385	-0.3457544055173022	-0.5239043107421782	1.6499901697443167	-1.1317637962751257	-0.5589881187264102	-0.29072053275263326	1.3640641568494356	-0.3574130114401751	0.5657270680197796	-0.34495910773377775	0.5839137001867373	-0.38659882972822035	-0.9193470624562353	-1.625336621017589	0.022651532818387818	-0.8836589608090131	0.6782256626772845	0.06534587432544595	-0.8780282495939293	-1.7235204223946488	0.4228757589759002	2.182215865218228	-0.6087954993302266	0.13044453139575243	0.6552455585523921	-0.29862707215473944	0.429951052477895	2.042602313860507	-1.1611704163815468	-0.11745409824155889	-0.3562387304809048	0.38387005200072066	-0.5453493267455777	0.46661834596814694	0.08658449925975766	0.11298613998864966	-0.2675960579699668	1.2388366769701193	-0.5059528856406483	-0.35377943326806055	1.8871297280243564	0.5539952758833081	-0.13904167462113634	0.02082283334549663	0.6738073585135228	0.4790821287459031	-0.3488669654127214	0.3040118815568603	1.063730629764036	-1.3224290972632733	0.12675927041488255	-1.1882243242820916	-0.3480281136007806	-0.2642097257653256	0.0714995891480991
DTXSID2029246	3.2090543489184165	3.933020233902312	15.044910866142743	-12.038019262803141	-0.5614602809069154	-14.13143751766324	0.48851803003951066	0.4229596354004421	-4.859922444628149	-0.0547123685264258	0.6101500887931642	-4.074917223852172	-3.1797087769769163	-2.383930308428825	-1.34513347861335	3.5585493473879684	0.9638537973177939	3.4338293077494413	1.909775783503724	-1.3418109907083917	1.6196144799455083	-4.315936028507507	-2.033427347685241	-1.99449339331481	0.21515103035947558	0.6290217749899208	-0.44137992549330834	-1.0414490141097537	0.19876238938022217	0.21679930207087725	-1.8594920189170503	-0.41593246201266726	0.3946092597975771	-0.19046731902613645	1.6144964462853448	0.8130727927459809	-1.8926981938755474	-0.38351978667857356	0.03298544141808296	-1.002273564548823	1.0515191173953826	0.8172794784580545	-0.4066914648115292	0.6249100395429481	1.7147574445071307	-0.10969984707494167	1.3988308819397262	1.1524547256123037	0.7600685579585786	0.47816856070722935	0.27625998963239634	-0.7254860141183541	-1.184252467012262	-0.4845240145075054	-0.729320201625326	0.6239563182929795	0.8395114905982625	-0.8195597628176754	-2.1125243243815324	0.1530007091947398	0.2201001748388129	0.5018067140773382	-1.0396748582457311	0.4099952973497286	0.9004286115377274	-0.782801602818589	1.446230711674042	0.6750318768327033	0.048128596727104046	-1.2582445347787405	0.7541353263120483	0.004306179897380429	-0.18704913057196984	1.203016530427243	-0.6453630508469951	0.2364011237737327	-0.09060628361307783	-0.31921855291144247	-0.5272879718457981	0.7980299549914297	0.6857946184134792	1.0457198000577976	-0.3274344511706789	1.3311400827271358	-0.5354757596491397	-0.46504992864094247	0.7940184530137682	-1.1228453467770583	0.10423480815990822	-0.06494503200093507	-0.08433871940567768	-0.9629102795671678	-1.190032792107487	0.4951103710493337	-0.28602769274294043	-0.778227660155877	0.4217337940273423	-0.4547588284517006	0.9926084611208222	-0.29922575260603196
DTXSID2029290	-10.588785252763074	-9.12401784695183	12.706889458104126	3.472006976887105	6.211952301418272	13.503742354931108	-3.394347453970232	0.015832329744594684	-3.3363377460059986	0.39934366370071694	1.181013617797764	-4.328008220592744	3.042238023724811	1.9044458924181717	0.6751824263742476	0.19068005942597205	0.7494613347300939	-0.4435074350298876	-0.15743201545145127	-0.7041566537910171	-0.8057413763075841	-0.09640958413910328	1.9290995797543489	-3.0035131595677154	-1.5259947595724963	-0.3726450391095117	-0.7650769587275483	-1.2326986053748759	-0.2984010356365136	0.31750444257820215	-0.2841762838053736	1.057696789590606	1.9673355120010712	0.8367479914616758	3.356987366344641	0.8392242325651865	-3.499598272666022	-1.5562523456239112	-0.08824506544994924	-0.34440717120737124	1.1802058243353648	-1.2562082598660538	1.1320135393580646	1.5743242198317462	1.2309543410285477	0.4657550687087654	0.19154527252481288	0.8042310106921609	-0.8843547416762862	-1.1492213157039965	0.6388511502125536	0.5285070194397176	-1.292224573740301	-0.531751282408915	0.7698792338344375	-1.9930310068713366	0.3469987843405811	1.4712763093632728	0.10794267632595633	-0.31988565382570594	-0.010166574421872007	-0.10791054038350643	0.455868409981094	-1.4122754745405004	-0.1590762934899345	-0.7049061191304127	-0.1309858207049817	0.49994662206237794	-0.5781659773098402	-1.0973690335031057	-0.7604354103930593	0.9436884022961713	1.2011817717597562	-0.8347262854172475	-0.6308472174194207	-0.16740241008456289	-0.31388066102047907	0.9140343174545196	0.7044851564525646	-0.4020185492590271	-0.04486549772018959	0.5511497134088982	0.2830071785815716	0.3607874298259679	-0.36688941899453076	-0.4966081569004173	0.39384325358146877	-0.04697348695428573	0.9999968214382684	-0.4192836008764912	0.935196673445992	-0.5190298320018428	0.6317086778051856	-0.6522417466587599	0.6322150234953766	0.11739201574457023	-0.4565005764102915	0.46907040092934915	0.9135094512977618	0.11972614133242902
DTXSID2029298	7.5903837346670695	10.46587149431095	11.340461109502208	-0.9091764154264286	-12.253887087924426	-8.407476583046567	-3.249172953978455	5.780543847560928	-1.0220501987261235	-0.5393416819899172	-1.215133796645865	-0.676671321070531	3.408806166888108	1.7907357185006865	-2.2115618621111737	-4.7641751696056165	-1.8890208400285267	-1.027449234954842	-0.017057984511754862	0.8523763439580604	-0.5776245701195968	0.21795085932086472	-4.173875760586032	-1.1034139925286215	-0.8698296015937554	-0.729999867440919	0.4157587908363976	-0.9391970568856155	-0.8672941487377303	-0.2485879061722808	0.4788419988218276	0.067034689502642	1.6034874826523018	0.12850839222023244	0.005587369912930037	3.0348856561168334	-0.2718167444320417	-1.7449271875404926	0.7732216434091721	0.848465330388888	0.14696117546192847	1.8465333215439865	-2.0408412360104355	0.5678583471999814	-0.4797837210419742	-1.3684343166737307	-0.3562907652050185	-1.0336269746538238	0.10425755759803995	0.1819515350852388	-0.28907761895229384	-1.2342522184458762	-0.05431518558103202	0.12781611118158928	0.9873039716657197	0.9297984726569625	0.4502615781297948	-0.3297300750788744	-0.5910921463670282	0.9140857752841817	0.287319214497541	-1.6179806754982906	0.083920007652763	0.6566428810170248	-1.4597154843358613	0.5726974167137007	0.0998385427999058	0.3259781451114689	-0.06448139737648458	-0.39970367518150657	1.1574458311834692	0.6382739830432105	-0.21219624941688287	0.8026682903491391	-0.4715361819144631	0.411365637159464	1.2521311691866819	1.2704977659851426	0.6956752871600528	1.1972540629938142	-0.49252134272138565	0.5725448931806106	0.29812828035070454	-1.2095564192950943	0.5844610391173438	1.553847100208663	0.34188981393218715	-0.43105239244303295	-0.04468842192616461	-0.6132070273093635	-0.39660849948391735	0.6441349320081293	-0.3111444185508512	0.4410829523888486	1.2642822325706797	-0.5385470253599911	0.990880286598745	-0.30621809071668593	0.34524327316464076	0.8448816585540994
DTXSID2029612	-11.711633142971131	-14.335944436713467	8.349699932163261	2.3886352981244428	3.1170097923667477	3.9217331114989564	-9.37840792558285	-3.1222218218599167	1.4199237186495213	1.1695150936274008	2.29364900295083	-4.059651904521166	1.4501850265474283	-1.2725687467409714	4.1237492426474205	4.229891631199923	-1.7609831643228846	-1.0962481292805506	-0.5743419977864986	1.5455342553406097	-1.4013809848589434	-1.9913880680124099	1.7075498402159093	-3.5548418762746095	-2.868557074958961	1.2632820977575963	-1.3447871996815006	-1.108895136164402	0.5633016966420175	-0.12495851920101557	0.3707226350319545	0.9696296046264838	-0.24637664126121228	0.3244454360118899	1.1726295001097835	-0.8711153888971608	-0.91501991322417	0.7395796151032666	1.2987004383821312	0.7808475057387145	1.4280864452858704	0.2709970206183403	-0.5642678079643613	1.181008178103173	-0.6768346635844904	-0.15464000220296983	-1.1549997709222322	0.29500855369594864	0.15823860397899278	-0.5052411572968647	-0.246546730186931	-2.0040514640959124	0.06861178790187707	-0.5174062044293021	0.40203338862420057	2.002712141400554	1.0844869501811094	-0.9361223452542666	-0.025007039058521554	0.47531758667353	1.3882181578562864	-0.8113209073516089	1.3936258674254571	-0.2010023772280543	0.5208982109975072	-0.8616367828182354	-1.5151841998545024	-0.9071978333514887	0.46058000819057937	-0.23706963156849872	0.3662622421057244	-0.1462551875172003	-0.712576463871836	-0.11528312410021296	0.03502891409421618	0.14033745471978104	0.5490744703627838	0.21110458166949367	0.21686507269300176	0.020452717539465853	-0.31660533904536536	-0.5877561047054918	-0.33532225324248505	-0.11603692655051764	-0.5130074794785073	1.7311956036369671	0.11976081321368694	-0.06798755744040937	1.109180484474762	-0.018437814443957506	0.03112890804723532	0.7107002059474143	0.17894899891786897	-0.8507176829407023	0.31178655661816296	0.12697146633315404	0.8098896803196954	-0.023276969582879746	0.15418097032943745	1.3188236238343771
DTXSID2029874	11.498044070801233	-3.6100252262180526	-4.170790004764286	8.986922444917358	5.710340897836424	-8.54117732782279	-4.462842181042032	-4.412982707869086	-1.2472319105149883	2.31792219305078	3.921653612039239	4.510642859805585	-0.6172475309718355	1.4744591078492966	-1.7490285073836693	1.5831956813310042	-0.711028080230964	-0.03318592598498054	-3.7285304132970993	-0.7754112946727084	-1.445194107727645	-0.4094039392373146	-1.5098930484260966	0.12824955582806633	-1.3027176801403422	1.6789075576233583	-2.2875904735291073	-1.6487898857493437	3.3635889594269948	-0.09059114923511015	-0.35980256577883923	-0.8514079255869473	2.496987086528066	-2.004998918307641	-1.2296782391789958	0.6224347244443551	0.11587751060746199	-0.9313949084875325	-1.644551541824141	-2.1432102898388674	-1.3323444720500721	-0.12054332344964419	-0.761855138477012	0.1900199496700876	0.2836522348805355	-0.8515491140192378	-2.251060644487036	-1.3171643183677753	0.24342904452518807	0.7224952018072482	-0.5085582046771917	0.3149897472069874	-0.5327009130203078	0.00431795018978215	1.120536800765714	-0.2866073686437153	-0.18426104010135957	-1.6555525358116843	0.6207453950981455	-0.9033469711081721	0.6828244277050411	0.003981646673017769	-0.12999082435462414	1.1409934345172155	0.22149006107399824	0.2189956407291067	0.46186667851569174	-0.3839906385799122	1.7572085388225234	-0.8462951112417029	1.0765781091570816	-1.1590617690307305	0.03821131809530763	0.7597199469293988	0.7054062628039877	-0.13684406048480838	-0.2819786674875489	0.10306137355157197	-0.2537156541122078	0.9033372014819847	-0.6618261018349632	0.7122760182526776	1.6039718870810082	1.0458448561314113	1.0463434061988	0.685321381746652	-1.0817327910837777	-0.17611011961743395	0.8072904973184769	0.26677175025884803	0.2795050852154623	-0.3339042399903214	-0.5168938054239157	-0.724883195484439	-0.2586324501594186	0.7553702362645429	-0.42698303721528197	0.10764721918469516	1.013965180903386	0.26479128765181015
DTXSID2032344	2.6597104075962226	8.087580765396389	3.2799170543797	-22.24482727094704	10.00777653813534	-0.7255933020818226	-1.0161009179540874	-8.391920161245853	-2.5821794603352086	1.3362589839874446	-1.3957158950526132	1.1107484050676317	-1.7433374229911398	-1.4645358751392208	1.9971665520644915	-1.4448620318575407	-0.017304014559014026	0.21347335786200233	0.2436526001364058	1.0725434594188774	0.7392647578388395	0.1115994725055019	1.2445702407281471	-0.8415627424957114	-0.4413352262708052	-0.9191720912553751	0.057653044621601084	0.5640281831504271	1.6264477927876804	0.793086754865514	0.6370618267651923	-2.555199500971346	0.02806533247005855	1.5444565360670803	-0.6601155156320822	-1.1648737099672368	0.20819097443289308	0.7882320839542345	0.38390780852551754	-1.0284909744320638	-0.15752826910085757	-0.6571338475567395	-0.11006046896610293	-1.0645610765636284	0.03972812582746667	0.3094599497706518	2.2374799835055383	-1.0497128963948974	0.5028589985769198	-2.3164235077565976	0.12285436993075806	-0.8097980494335292	-0.5727451404386348	-0.2947274832047099	0.2255464907963966	-0.43270116732321484	0.2900784206299357	-0.04932972431261015	-0.39738035381609965	-0.6316469944329975	1.0826839666437273	0.0787918396797538	-0.12995198464985833	-0.3953244321195788	-1.3121310617745925	0.29697964946874145	-1.0958148235899396	-0.6578149504750964	-0.5285317348363565	1.1069585228380743	0.7856375102019755	0.5676647054534034	-1.3047875371244835	0.6926276734335748	1.3363399119109292	0.19878934207876556	-0.05163695166073069	0.4676498505969355	-0.25947968069298216	0.8434493745245693	-0.3567716862290675	0.7611156358303055	-1.36780495177707	-0.4379447272556939	-0.34045783014757397	-0.2847324325084934	-0.10634994197061136	0.47176876244025207	0.16872809241780404	0.2353171514679314	-1.4983441509375797	-0.12124432540785303	0.5160211781525311	0.4195108242392905	0.4004538825020652	0.8150937790445092	0.7170975330594367	-0.18696630362468042	-0.679730535836026	0.12172111907212173
DTXSID2032550	18.933890754456748	-5.420623323124479	-5.787045074652314	3.85104690161822	1.3823730968960652	-5.8283964607867205	2.5665010570224718	2.1982406392880813	2.013952250830308	-1.9312954665183883	4.977607143795971	3.0623630004655222	2.506772220888357	0.04021325364722057	0.14143325505606322	1.3571916288763144	1.1566494793596451	-0.1839799928287819	-2.500317819400666	1.032131283686593	0.5468137531956452	-0.2447359319382567	0.9499994561381769	0.8970566122388768	-0.6582858563604437	-2.664230910333076	-1.3486305262486584	2.7014557770538405	-0.71653486803748	1.3081451696303033	1.0780403820490805	-1.9660572367372224	0.9959005460189011	0.20073664398324925	0.23346258290007818	0.16667902801636933	0.6537936968376682	-0.46868964410852826	0.6112509239669143	-0.7096041860081133	1.3426444088780614	0.6427178516359761	0.22847012269358183	-1.320083120912546	-0.3810896725550902	1.3944083601325863	0.34365757198318414	-0.9339276230968184	-0.1966312146551773	0.5251463914946053	-1.0060498691427755	-0.38954696337121647	1.1034344740061717	-0.5467511000850396	2.7035728003239514	-0.666551038687009	-0.3427487660994003	0.607017789030842	0.6179378455879846	1.2899124564508146	-0.6501179488046247	1.7388994813202168	-1.4464472841779168	0.9055161034798053	1.0340131637203738	-0.23988731422500226	-3.574188786665742	1.0261457912672847	-0.436357854322034	0.5933800479754019	-0.6842755819970288	-0.5764014411627087	-0.6044962299310677	1.1387086026192408	-1.8086810050321254	-0.9492756877456601	0.4479017784644921	0.11615849718917334	0.7215266821678243	-0.9923983143540022	-0.3889967683466086	-0.654761013214071	-1.0210428115705914	-0.6462967915727483	-0.6396923916934655	-0.6964061540696678	1.2114867595170675	1.017941166120244	0.39514881065513824	-0.7556586511289839	-0.899992884330358	0.11442909615611811	2.042861384995507	-0.2842994336830463	0.7463526635630943	1.1224340477031751	0.8249160431242601	1.1141383060269567	-1.0546059958721523	0.881917314377402
DTXSID2032392	12.84393796343413	-3.0574325371562194	-8.512828811123406	1.9128893664778064	0.4570134460068909	-9.450715690577919	5.585830622266981	-6.233408056633992	-1.6501708638202275	-0.3000396323826227	-1.438475340770385	3.712354072397416	-1.6902993228587608	2.243354071168332	0.7821425169351586	-0.1563297475581551	3.5103164169861296	-4.236176576224737	-5.47174455791944	-1.2701966314920936	-0.6227165671997944	-0.32742002099945394	1.8607647116865431	-1.8973968434366872	-3.0638768220971957	3.1747916076524554	-1.5266312431105526	-0.8863556755111602	2.8237923824752142	-1.15966264046412	1.5651388877465227	-0.45890278565623205	2.13878956792975	-0.18614548765434558	1.2575729372618447	-1.2013630377297355	2.7110705833847404	-1.6741918197028292	-0.9957572776290562	0.32652250728159854	0.7338111210702332	-0.41161710315520894	0.619575221911635	2.012042932402086	-0.2789669553024888	0.6286826932128368	-2.882993689990531	2.2296547850109105	0.5129995872298332	-0.9236513463034225	1.018125707712896	1.4421009039137704	0.6270480322239402	0.9554807448613759	0.7756560790067542	-0.3985664511155065	0.7253053937608183	0.8479586531127645	-1.5913533160420281	0.9329788650527863	-1.927330513663311	-2.328898289474402	-0.31247897430981914	0.07640099775860484	0.9196880520778944	2.7974327678970408	1.0553156129170307	0.7245499662136251	-1.2019110782812858	-1.309857306307782	0.6970514453544624	-2.0200036132944246	-1.6310605264079532	-0.51988766817686	0.5742917959476066	-0.13944864347643984	0.44927027640803396	-0.319122157034308	0.9875319072446405	0.14592644831314047	-0.2947263047565346	-1.3045868957496483	0.20084372887782267	-0.948010934230944	0.4714707322602845	1.3177425878575821	0.3763065817062074	-0.378994523114194	-0.9131949316686755	-1.3469545433021486	0.7909559060949847	0.3748786832463789	-0.2294917850920507	0.6094146759987451	-0.4087386916494255	-0.3436610256248797	0.6161396664126049	0.6981096857508794	0.5763068766281001	0.6176069278613184
DTXSID2032683	0.21616305976528863	15.236940491306724	2.320394694467496	-1.2497754033104642	6.194217640121099	-11.288340051904619	-1.6938242118043292	-4.680171905806568	-6.118307264268675	-5.055017552489783	3.2940553917742506	-5.67832666187106	-2.2752988037530653	-1.8115962819704114	0.6410997724700654	-1.5073346731238373	-0.6196236148990837	-0.6834535549941002	1.4463557868005648	-3.8323115592914596	-1.5027301126403272	-0.6894524145372344	0.7298375889958136	-0.1486245988925166	-0.5070763400711904	0.20291416147586827	0.673738755065546	-0.8981576221673638	-0.5093430249156894	0.41008557196523	-1.0224749413468568	1.1333199294976202	-2.705990977963336	0.4585606631095617	-0.950961394991391	0.9118938299072483	0.40788968093618216	-0.18614030883086793	0.24869323744256366	0.3239569729113753	0.25087196006758894	0.5101826532007422	0.7043007308418763	1.5884135691936276	0.4839687923414193	-0.7318835584233255	-3.1983562161788917	0.4301716823618308	0.18803239528959315	-0.12732646225938177	-0.09688043825817848	-0.16070579140947872	-0.22211111840800263	-0.45896007576128667	0.38755713327551355	0.041048369968311765	1.2659556952566149	1.328742571571764	0.9914517627121656	0.9243287256463303	-0.08013786796804133	-0.6776565296581409	-0.31636996834204045	-1.2733850776317197	0.323698945198142	-0.9916867627997658	1.01637784424354	-0.731866652977954	0.6734211577504994	0.1874792602365643	0.8868562857903828	-1.5039850876910605	-0.5117330626376682	-1.625685617289738	-0.9320390670217786	0.29870601872841945	-1.0687220418473389	0.211025284858979	-0.20844117855762295	0.413852021399586	0.4560002519082984	-0.36377582897429234	-0.7048550769020946	-0.8815199931469503	1.1465002494433079	0.31090818249302743	-1.157208516565191	0.42312262205382656	0.7082614276663685	0.511420470339298	-0.005442294568594982	-0.14871727291706419	0.9844245029649521	1.1150304148480892	-0.5643186024129155	0.11230124931649722	-0.14767793980575722	0.028188511598674602	-1.5894162577749043	-0.11530317712616374
DTXSID2032556	16.457985768927553	3.6363646812444017	-7.86282098202175	4.468207142123943	7.999654478677978	-4.173205402132871	0.5859927403007364	4.5583050766957385	2.110307252212306	-1.2135743704740627	-1.7743965024676918	2.3813529732787355	-2.186842675070955	4.6141696400320695	0.48493318762195325	2.210839501782217	-4.536302891173762	1.8290353940385549	1.2000082430810268	-0.9973456933413161	0.9632858912916417	-0.3697971002100367	3.270221300311702	-1.5067633208471687	1.507839160707754	-0.10692337555033884	0.033489422752853264	-2.98954915324664	0.6658141503758278	0.49603490755024343	3.2503680324189665	1.0495209715221567	1.5855138198893939	-2.449770322962152	0.9188978597385141	0.18429250944519224	0.23829260679551367	-0.613992922037873	1.011365058401453	1.4203390299977257	0.7034864142052738	-1.667895667054589	1.0715074086364074	0.4083076905257643	-1.7367295071649316	1.029955364417348	0.4302604662695482	0.056006053822000204	0.9918524406973654	0.29846474993859	1.1546338192521144	0.6138389378192167	0.0961795563312421	-1.329846252277974	-1.2814867877754275	0.21696155667411712	-0.27529461608983463	0.7419517770865687	-1.7964350881763993	3.432867773023754	-1.709048408250175	-0.8195445393674712	-0.5517314236081021	0.9185529701104881	-0.9112889003109197	-0.5489060689168502	0.06757138849462561	-0.37127200533818167	-1.5121898100381703	0.9017538581504309	-0.4024251183858591	-1.6756284622328592	-1.0457068440020434	0.6800550836669137	0.9281983248967912	0.8157233234386405	-0.006854342468800248	-0.4720727196470818	-0.4973776976671813	-0.03050978569387393	-0.4905487409855251	1.0369187796818065	0.36846639518583335	-0.6734047240291218	0.6435314901180661	1.164120022063741	0.7893342524486492	-0.37193429925457305	0.20835588692649004	0.5344177954736673	-0.3079016759013149	-0.08539156484699699	-0.044064571806593185	-0.22865243829685242	0.4021957404167656	-0.3213231601569204	-0.12565090639354337	-0.21283539263869522	0.05684537451918415	0.5087448894871326
DTXSID2032558	12.76515189690127	-3.8516141901978287	-5.217762962577561	7.219065036688756	1.5884781154508212	-11.319145568819058	-0.150308671839733	-0.18717953191605866	-2.3830458221599136	1.4067756567017098	4.664510181689727	3.800943506451885	-2.3511905696444697	-0.6790195499531889	-1.6992089225220113	0.15473593880601733	1.984190073771055	-1.2622937300952846	-2.4110998269068618	-2.2653414244703667	-0.9338034174604107	-1.0208241944446745	1.496398482991696	2.7269165098621277	-1.4915489915782314	-1.7620104391849392	0.1462661450877888	-0.26751483013896304	0.16706592853564997	2.5020928945975247	-0.7435602951289593	1.2515736654600533	0.29871408239699776	-0.9672578992889451	1.1454832804063364	1.7980315244076266	0.46180537683987216	1.5485845744389266	3.5431838889486422	0.6200617351948317	1.0379650501891544	-0.3144428518072174	-0.6060595746620755	1.363555741421929	-1.049295698886002	0.7313106503975978	0.5011843789537698	-0.2694986456379235	-0.025475765010374928	-0.9492666747231563	0.05983455458409125	2.021473410313009	0.10886289871963731	-1.6866265294591254	1.2245790342078262	-1.6305440540588991	0.022348319706900502	-0.7117538480441571	0.07124184840423661	-0.26790840290435475	1.0718544701267065	0.5439841569546948	-0.7810495159009788	0.5851329240969828	-0.6259665569917654	-1.0745616196787018	0.5183585041729601	0.38100734481531773	0.6640456080401091	-0.5273446943037619	1.0880788612489454	1.4099890416100658	0.18683217984197176	-0.14993141425556475	0.06374754284445824	0.014563952850436023	-0.9375915265590344	-0.7952962637900889	-1.4527525242891528	1.3017844995852106	0.41738925856256237	0.5472269756048352	0.1552395411032411	0.2781959300176116	-0.7789370256822511	0.5843116910290711	0.6608641950259418	-0.906760874772349	-0.9945525056298063	-0.05761237345871966	0.08010196032486318	-0.18451461159056484	0.6490418317977074	-0.8565475347593126	0.5056783525328779	0.8623716789201891	-0.5519988442417018	-0.92581978076993	1.135123378424061	-0.6824002436020217
DTXSID2034598	12.609938937204916	-3.370064801175886	-8.225016228232015	1.2106577004418682	-2.7559902636109577	-10.045568138831879	6.797664711878341	-4.314680699415758	-3.1626779513178165	-0.21865775345624555	1.5488832874519578	3.372533727260396	-1.3552475143273885	2.811935036090091	0.2335688637816746	-0.3823224039281541	3.674460844306137	-6.6288825275146	-5.145720855108048	-1.1737864517086625	0.18423302825993912	-0.8710193733527379	1.3953916916448719	-1.8635357718259138	-2.9354909174681385	2.2194946816030345	-1.102148794030493	0.39176062870128336	1.7770871336626328	0.9831792086244676	1.5777029295780838	0.4617953839802707	0.9290394136870567	1.5415843048043736	0.5543001568010474	-0.6303322387883554	2.297938072462993	-1.9671390777326119	-1.127438162311428	0.5939599277566713	0.24556848138786755	-0.4791949281161764	-0.8684747675364843	1.4876989723316343	-1.0499036398324764	-0.7652578241704501	-1.1490117490558516	1.0839817839776993	-1.2547062667753117	-0.11157540941329967	0.14927672538038547	-0.2272451318887995	-1.238597840573025	1.8698167318942525	0.8427537702233561	-0.2361072772120639	0.2970045799927374	-0.6197456188194596	0.4190684647220453	0.10193528239947532	-2.040438099565728	-0.8355325800103404	0.5586605077848789	0.375340440284222	0.17701048444590853	1.0428872643076765	-0.5509763373329946	0.13695215636851074	-1.9630548408452357	-1.610275080924505	-0.05277543389670145	-2.217806649891657	-1.5370296238199914	0.5832548675116496	-0.5379151717887014	0.4120142794318475	-0.7584637146011782	-0.07201501850066737	-0.3633771460625208	0.17904344577463857	0.8486218124508331	0.9697551051235751	-0.651657021249744	-0.7910186257020366	-1.7059331249492053	0.47654910505078285	0.6940839339249196	-0.7855808573589507	-0.6316850193231498	-0.9983236436652744	0.4040985791696083	-1.036043267767401	0.4772900147026635	0.909443032322662	0.05530419553952815	0.49687429531045674	-0.1283936273380032	-0.5822209999617107	-0.06185970620297126	1.0499509861504812
DTXSID2034590	13.308502510228728	-5.433181287658946	-7.182576551691463	0.19365620767378997	6.925804523989762	2.3275097694781213	-3.105673089429909	6.680382428184535	-3.262076488828111	-0.8713188423185662	0.15064842182199686	1.6710672343630673	3.795445504873663	-1.6738312387685914	-1.4839763963643635	4.816159161738147	-1.3277579582915418	-1.2047521330338766	1.6029868531200704	-0.3450841792897642	3.431103018744219	-1.7472140342414408	1.1482654639396277	2.366642576908913	0.20366950741421058	-1.0335986613614119	1.2145067467743214	-2.6080373056944164	-1.8051914069194095	-1.4012013187005732	-3.0505753821321493	2.0205864221541114	-0.14471317976264364	-3.3537725638042213	-3.4720927678022124	-0.24423559000948644	0.5908952845303331	-0.03742298874537583	1.5384872860661587	-0.5135131004334874	3.5015517705649977	-1.2044634276075195	0.9371091419333244	0.8669655681346312	2.2913773342191464	0.0316751903906189	1.1994726301760834	-0.4227748313246131	-0.9146913867102902	0.4097959104574581	-0.3995580854496184	-1.0951430401888502	-1.3027840783147258	-1.103221763016379	-0.7295220215207577	0.8307559199518217	-0.40851264370802104	0.06184984474013491	-0.2816837676932822	-0.9414538812013559	0.7159161328473752	-1.3560428409737468	1.4411231059858314	1.5740954593656604	-2.2836619098106556	-1.090388644694693	0.46688871892454115	-0.04632814880042566	-1.2156210102304457	1.028465366112185	-0.5471980316837994	-1.37849950085334	-0.3285059467820679	1.2836652408095612	-1.398036023437879	-0.6568450569258575	1.4506115923112022	-0.11210579314993882	-0.15236150964436995	1.1424946231497255	-2.690189498299508	-1.8728225720313685	-0.5474039205972122	0.7507343070622778	-3.236540491867331	-1.2471072247742534	-0.5415628551830353	-0.5726154916212759	-0.5186649153531867	-1.6783666977686633	-0.8656149062856661	-0.5910319391086505	-0.201497674334945	0.5164388709830606	-2.059735251545369	0.09874557725038548	-0.38056177158357923	0.3727246176205619	-0.2616517589649524	0.36252114117697837
DTXSID2034673	18.250817384009704	10.622642824887304	-6.368185279511703	0.8217543018220251	0.23858410019949175	-2.2314342123295785	1.246817424058468	5.83058225767669	0.11188796279788095	-2.2645254458370854	-0.6472395263442957	-0.595637942867485	0.9486012219975645	3.4585679243704437	4.876578473333605	-1.5901061903492821	-0.6958993033882822	1.7031070768299428	-1.2546714898895643	1.4801072263902055	-0.4971307465017179	-0.6468083882860043	1.7251380401976766	-1.378577378441339	-2.139459061634748	1.9101845170113343	1.2535927883957316	-2.213195478096691	-0.43530127624889997	2.2351974629766675	-1.856631050372814	2.015398817000045	0.3534919164745036	-0.17413238825801375	-0.27538842641049477	-0.7270332061701225	-2.135117634344443	-2.3845106973087735	0.726482034893807	2.378058762518927	1.0484350407607024	-0.08773169554766339	1.3862374243228497	1.193115898398621	0.7711258968519106	-0.091501485555659	-0.5846657207541872	-1.1856685430442617	-0.4904382653171538	0.3314774501547011	-1.5993950793520992	0.5561079411341104	-0.043661675588017194	-0.23267734211656557	-1.0094299373776219	-1.6650504794160637	0.48202809365691535	0.5855702184517928	-0.43823288638855024	-0.661221424480222	0.05567920980466663	-0.4767105824043439	1.4181504610339946	-1.2426868644312599	-0.5798222511612153	-0.5266202345451637	-0.13430868758855152	0.42452657854772474	-1.234852843549147	0.49594589611275985	-1.2441186231909542	0.07740767755736305	0.37970876277614957	-0.17909021784480025	0.05188331545335114	1.4269253207840418	-0.20022538859445813	1.1391995571119486	1.2862306630040163	1.0165290314079098	1.3603594014657912	-0.37442027909969716	0.3902283620222288	-0.8029143738765342	1.0719672733795185	0.3408707568097725	0.1167810065227017	0.3294498475663348	-1.5540519611715564	-0.14735084726427833	0.2574485406312506	-0.7318388509268823	-0.06021580225677626	1.1565436033702023	-0.34227873123930214	0.4902858797784715	0.1042466593630032	0.5797780182378636	-0.5098399204923826	-0.42621491100126635
DTXSID2034881	6.627597240748904	-13.105164203995024	-10.686055611481047	-10.238371093042682	-0.35589826685570514	-1.8202521475536217	2.441069236958681	-6.433262596053469	-0.09391031945935055	0.6351282467941259	-0.9283296709338376	3.942670650936818	1.9413164125007398	-0.9954854208354398	-2.18523743435438	0.19182470733914334	2.8131143056430963	-2.651286121076293	-0.8493057210919311	-0.2278461475458315	-0.10821823772000745	2.5518558934984026	-0.7664159236327328	-1.4459479670101598	1.0587117985812977	3.2530946093568076	1.4590500588608522	0.4299369927797415	-1.4100253139596293	-0.6735603988633738	2.326077159210933	0.5158214587626099	0.8669521166581831	1.482177265239077	0.4348371307727812	-0.6540827296520958	-0.5310586216199816	-1.739058473062088	-0.15822516582126944	1.391381783754961	0.27516115658313556	0.8690556546922296	1.0443609784222754	-3.966084495037853	2.0935329978937576	-1.2173263871367757	-1.384575695222836	0.6261135791948492	-0.4557473922111047	-1.4335339673551655	1.124155830469765	0.16123645339465226	0.4303774046022119	0.475470991392163	0.4727488624353619	1.6216872591836364	1.284776787133125	0.7669084728160673	0.6517947300703498	0.9893238794304396	1.128817055388038	-0.5975764642796868	-0.4550430153690757	1.1606741967375223	0.7138263272178524	1.4632966829050778	0.2966522464520609	0.11561814075360327	0.23868806271800694	0.6152168595084927	-0.9131206748584827	-1.2085986084217337	-0.47537748556297255	-0.12674159613617544	-1.6847938672701452	-1.2154082760142622	-0.8315731446400039	-0.0034160763772158476	0.7912329491271685	-0.8745191488591774	-0.8166274272365583	-0.8127920445269924	-2.7100973670718855	1.6933996609307225	1.0529798656025247	1.85529801438505	-0.5397154169247803	-2.0810886142174168	-0.04098992191138308	1.2669876775814215	-0.9937510175466039	0.6025024194957236	-0.129258469789856	-0.07012797852435468	-0.8362276872898395	-0.36921650107891774	1.519228569662299	-0.15935006246543426	0.7294493351406034	-0.10295595379155838
DTXSID2036299	-12.34658086138985	-7.088571820341774	15.845767887364746	-3.585701283520831	-4.106765424119631	-6.409785715048921	-3.9285394705524865	6.2997562385665535	4.484418356242452	3.597717212305051	-0.7579755536094094	0.1642750082342188	3.829564545413411	1.723922625717973	-0.3932919594839588	0.6112816613342739	-1.350433192575837	1.0342413153164562	0.5903547654776611	-1.2445746554763941	0.6541554155112418	-0.5616101700293002	3.837457279272637	0.26467162163763946	0.5109925283449647	0.29171541052544914	1.1173205410411349	1.6722922384907792	1.806191078354309	0.6367252653432068	-0.7607309446172867	1.3118243680058264	0.7494980095494893	-0.3126638017926998	-1.2703183542906173	-0.2573374556413105	-0.5923062201854644	0.17075476884074217	-0.009696508828350258	0.2648825377626797	-0.5901362192337644	-0.24238327040018987	-1.0844124367932024	1.7314414908841669	0.8035399180595767	-0.121769451787594	-0.7937932728485394	-0.5457900340516594	-0.8435204450444302	0.5095447931388352	0.08304503476865886	-1.0400588795518733	1.181658543756257	0.4859110541513045	1.0738235551425657	-0.2918768433437152	0.77521009026588	0.42536304296861016	0.3884621423457525	0.4045315905985144	-1.0753849562477993	0.34226016044044166	0.8248766173928936	1.3028000161213953	0.20895002409347702	-0.015782694617914317	0.34332064165335274	0.15474320754878132	0.7895475317614687	-1.1583501328981718	-0.26312024777359455	-0.7870096279586399	0.6588315579563894	0.5276490321166913	1.1931904622217868	0.11972207177917729	-0.4909725322393099	-0.19091004672890266	0.4377170621146021	-0.1279097883106818	0.3793024123494719	-1.2065235463679158	-0.6726807009127035	-0.8605273442245734	0.45846255274349046	0.17047411270524182	-0.5002970778403766	0.5747512857255456	-0.8115115884379274	-0.9926976453097222	-0.722614169375867	0.012316633261360403	-0.07690803588373551	-1.8779835982242516	0.8842613411233627	-0.10218227460375849	-0.47691494667614187	-0.1556995449421952	-0.747939388417265	0.8062718575916423
DTXSID2036588	-0.004418784412517659	-9.75400849693046	10.092151675631357	-1.4375459526282017	-8.852576086466902	-13.576121784282968	1.7469479549254636	0.6069756773125528	-1.0388160287211097	1.742323238105978	-3.7256649691297636	-1.0106922442065696	1.202906238871605	2.7247669141792867	-2.4300021877133453	-1.4768844750696564	0.6183623970515577	-0.052889273493751436	-0.5827826790276351	-0.8367129097859016	1.3026479311420784	-2.4073576723472896	-1.640384280231626	1.7312157211629016	-0.7143704268717344	-0.9739266999152991	-2.8340529062026523	1.8875979387258797	-1.463246690528116	0.3202179224296292	0.07991516696806826	-1.1552591613228678	0.44144791294752306	1.1509412124606018	-1.0454647380532949	-0.09121377728410643	-1.4370593010350368	-0.13690855271493835	-1.477566318160778	0.406309539524713	-0.545756899119697	-1.566807241776635	-0.9536162315938117	0.9750674743993225	1.8928202358508472	1.7531679738355856	-0.24611267212785384	-0.2779828496775147	2.2576371096701973	-0.4096975564565722	-0.9751123745189318	1.6421074615198719	-0.157063549279631	-0.47124543048471196	-3.6308022912904447	0.8375446311657337	0.2641551037645833	1.360248962899762	-1.3057986762185778	0.8858817955764688	-2.095213922671956	1.2192640668502386	0.3730600851851353	-0.9677317141916475	1.441256573569536	-0.7940753363273773	-1.215189751017652	-0.9414432120289034	-1.6236678453564761	-0.4388233950334806	1.279933545026256	-0.3658609726609265	1.1838883414848818	0.7112572993169606	0.8362478308904234	2.383544088750537	1.0492701111732887	-0.06082430828001972	0.8631910938964275	-1.6126376358189385	3.319701624324901	0.6846817078396057	-1.0366745953850174	1.4128900701501148	-0.43776065871856873	1.425067033439201	-0.4597756053899555	-0.27643952016881557	-0.869308524443489	-0.5960533734687309	-0.11450059066204084	-0.2168677593645048	-0.911241932437806	0.3898156891756335	0.06515329065097097	0.6718399796147466	0.4460086550510921	-0.44496969850894763	0.949328432439923	1.0810695618306667
DTXSID2038788	-5.739711389550848	8.973186432854092	-6.64965550698688	11.999667077780396	-3.544763002999026	-3.0710128983101317	4.8740881863344505	-10.684670482152178	4.372291529806192	-2.815254880528876	-3.874676154635609	-3.0564194207150974	3.1027727991239313	-6.949402508930172	-1.8275311985692944	-0.7245554590207032	-1.7961744369035055	1.704143760589147	-2.769780757168753	-1.9050350146919146	0.23238993483535775	0.1985388988947257	1.047771621814	1.9479794666026238	-1.0353940976065525	-4.420914888468532	0.8225693941461912	0.5954022514832124	1.4168545356983122	-2.5479947863863455	-0.39167736136750464	0.9829760010399603	0.14097179543189753	1.0558234998584695	1.422811304170927	-2.345088111268339	-0.793060814407903	-0.7912562991755416	-0.42554224118573636	-0.22321357330726638	0.95580281750327	1.294988757539045	-0.06742535836440337	-0.3610637847104243	-1.0602147650761524	-1.1011855753884445	0.11921424091163535	-0.3499187446955357	-1.1259861834464169	-0.023937008145517313	0.640567339905163	-2.2664698364575546	0.0353487488408939	-0.594044259060226	-1.1027117470142964	0.05416702508112006	0.4319108774161484	1.9769987973407108	-0.3360581779077921	0.8082633884625471	-0.7140965302685375	0.2579497604727859	1.2175476287065583	-0.714260720193522	0.02829585464875887	-0.08563516104048668	-0.2843307174494867	-0.5273970360104068	0.05847416839479825	-0.7185889857683423	-0.5506055463777803	-0.15724487431530323	0.36597548542352254	-0.6107325755224273	0.9564461411431013	-0.9111549334885453	0.16994629515199378	0.20472132044463778	0.3689402958067894	0.32347966830067243	0.19746075707897293	0.04413994846223193	0.5434061034390429	0.03214808115537379	0.3926282968185241	-0.04939945204549331	1.0314456250296506	0.5590928951766972	0.4910506377950299	-0.12780612710431438	0.6341693853363365	0.9247107224407547	0.24748346600419915	-0.8703275878308745	-0.23109688386986355	0.24401293221816714	0.46003919509105134	-1.4153518489179935	0.3956962399695128	-0.17397020630055346
DTXSID2039336	7.173334930908293	-2.3343536243966296	14.835386614765135	10.189672974531204	9.71610719568249	9.064211477195105	-3.7203738220385	-1.2019364229239828	-4.337691125242045	3.451261653663027	3.508723094945837	-0.5742307050270029	0.5746082179262745	-0.2852023860362152	0.5609060947445423	1.5972230216891714	1.3014754143250922	-0.5964364614512722	-2.2846879511217413	-1.6940943017895544	0.3363864396091222	-0.002762921706236546	-1.631625580554334	-0.8374971184203862	-1.081166269996968	-0.12237497723419608	-0.6598152322366299	-1.6941514985989081	0.2416987074552965	1.2003532393013434	-0.08456325604753884	-0.9012823224275605	-1.95528976559781	-1.9079637572661678	-1.0000135813323272	-0.8236017506599351	-0.06032811290685	1.215579595690137	-0.42981708936433816	1.0611256117175059	1.1991651109695964	-0.41425355022781507	0.5171701916439374	-0.8837222617941247	-1.2186793963800382	-0.24119449412803742	0.8292923696533576	0.8154436136355363	-1.6200496379366618	0.10852484589428442	0.33386958509333897	-0.13604409694460834	-0.8895224350795607	1.749123949241726	-0.6296755306370192	0.9474166345355532	0.5226716582080879	-0.1270346330242019	-1.4728581889977965	1.3115246451167422	1.2621596960185115	0.9388690093682983	-0.12301781035485013	-0.70274504672725	-0.7779602248078517	-0.2366036769339594	-1.1119827178339097	-0.5539215867957901	0.7089733861610049	1.0009504030045684	0.8162252435357749	-1.2277408322618681	-0.0044001406747645605	-0.06637260450429759	-0.0732606604004564	1.5307788624641532	0.8499983403545379	-0.5435430291669182	-0.7645479670669447	1.249214281075902	-0.00572991415486711	1.0103765003148404	0.6180801576832164	-0.453097368435383	0.4746417367501176	-0.08244044070402749	1.7459827332240219	0.22472607846821285	-0.6629601197333505	0.8376450583549816	0.43003198295382794	0.06042118449318771	1.2392751412622875	-0.6805980730866257	0.8991085538859174	-0.9020967624016534	0.5956051972719426	0.6960213480385121	0.17630991620768546	-0.9629229036136702
DTXSID2040151	13.685881414466444	12.182848439917567	-3.9612404315697223	7.371437137055915	7.147233255396118	4.112552847999141	6.45761247496343	5.231577074423358	7.337237375303522	-3.663074907281973	-6.657806107849278	-5.61139062695732	-2.4761361644128006	0.7919510020625348	0.5152642925325269	5.200124234229014	-1.6603208333671895	2.592227965255433	0.6829134594865856	0.3238775532505089	0.8026989476209778	-2.489791228348679	3.365663767727013	-0.5478227928301119	-1.8559155964850278	2.5267452065779024	1.2079684124567196	2.1294636584788647	0.009386893607553702	2.546539345419998	0.30676393621912235	0.36453435282312424	0.6244096856480549	-0.6854098999431496	0.30533430139837847	0.37733935717068806	3.340603243484612	-1.3124908153217076	-1.1570449826091123	0.7512773140689317	-1.3825439198925547	1.2131463880504738	1.3159957487961063	0.6233842693176674	-0.12182699271046965	-0.06690104151049951	1.0768255085842933	-0.3337544118046764	-0.5281074716524734	-1.9994402607565882	-0.5844842634507218	-0.00029446532671067186	-0.9628072725859811	0.0007516841148145536	-0.8012357704069416	1.1711439607607064	-0.11478645769859487	-1.4822984260098342	0.9529940394742524	-0.8005127963510529	0.5614393763371611	-1.1765354344779428	-1.0419981257854258	1.7483941575103386	0.6257806429273752	-1.405135902118345	1.0525637313198477	-1.5647299346365466	1.2584748481408978	-0.22216706525109498	1.0084632586615996	0.43312044983869663	0.5689255971612712	-0.11407758886536032	-0.3000293051643286	-0.0009850080432729721	0.47094429489545714	-0.8432719429029428	1.4006998472032457	-0.7307873843384743	1.7583728441626574	-0.9238277668488142	-0.4335569852489698	-0.3334676973348115	0.16780077895829093	-0.8507550310481543	0.15687052721964354	0.5749639202746267	-0.01275124633085771	-0.9389684133777461	-0.10376873637062246	-0.41960243369567246	0.521446268207993	0.8705753190618172	0.09462034275874726	-0.9709476752856894	-0.2598622859962018	-0.6237937902373923	0.8011566137420625	-0.444370834657004
DTXSID2040361	-14.906653318304794	9.02780154141796	-2.325221929563245	-3.54834481034439	2.646975901777367	0.8903639985175948	4.4368221800090755	6.619591886230518	-4.010887678651338	-1.6633281858277216	0.8839821564079342	1.954513895183982	3.3920397244020375	1.5245111922002448	1.6690704323600565	-2.862280313751012	-0.29377896183065616	-0.8328774325596866	0.4632960708876233	-2.097343186173343	-0.26609710162090927	0.40530954485725895	0.48477046944940394	-3.235450870174294	0.39390266963803294	-2.3609434824576288	-0.8081118314868317	0.45522706027863213	-0.6008044491508996	-1.5927451560057344	0.252349108735606	2.070626829279432	0.16870462358745975	-1.6705696497868736	1.149956953877798	0.721882918012895	1.2348255066638902	-0.6496979444467776	-0.29999061170172986	0.7864594722015168	-1.083277510748327	-0.15626604200051403	-1.9652167834292382	-1.7239136791572798	-0.8909209187701486	0.03263957792838946	-1.6667486139391359	1.251361418273321	-0.977204581664328	0.2349629133368204	-1.5689337487968156	-0.04679703096670706	0.27679166635184244	0.12179984213230148	0.6331492789896934	0.5644945967770671	0.2289516207534366	-1.7919633317558719	-0.8952337605962306	-0.5598098976838163	-0.01976200613336619	1.1188912486661586	0.29264756525051006	-1.5852035435743943	-0.41943621280000204	-0.8733759530781419	0.8820260211840601	-1.3243881978558383	0.656078251813873	-0.840456943184705	-0.8651280800585017	2.2955197449709805	-0.7701982524053557	1.2565983173114823	0.5770186764980015	-0.6663064655094666	1.179609509655438	-1.646049560147485	0.12739607237513345	0.3289923120811788	-1.030799231604335	-0.6950520995624396	1.3215373988371604	-0.47030743003700326	0.8677406626512583	1.5565073960361424	-0.714067757910706	0.03431336865350545	0.6010428791093944	1.7292216185072156	-0.12878187156553936	-1.5639800875798127	1.1452309885248635	0.7680738828511374	-0.992578531348582	0.5563778375657092	-0.3320485613846123	0.795257093503811	0.41549276573796584	-1.0833488954144475
DTXSID2041250	11.64221987962928	-7.698154933469571	-3.438363685881248	7.380712278022072	6.575403790960266	0.38029793262823736	-4.733576605786458	5.848732892002262	-3.3773626407502437	0.09586429303648336	0.5354131631499885	3.8322662219922363	3.7083888341161666	-0.7011889189726573	1.4540643218308136	4.198521346628093	-3.4442304846491876	-0.8773173419656323	1.5359778662935524	2.861809219249002	2.4366887179386354	1.5484220524938874	-0.9342746715205276	2.360810121384259	1.699532501947428	-2.0170048386521797	-0.9987165756800155	0.3160869918837551	1.030779569353675	0.40122633755805004	-0.5824586560549835	-0.9186227807034507	-0.16561072759159723	-1.7628248966708142	-2.946774891712228	1.5303111013424713	1.742233934344927	-1.7832866450340479	1.4487755894103305	-0.7961783806003098	0.5018928698909604	0.13882972013941802	0.44335921682696655	-0.1393832089488484	0.2594043283231054	1.5578285646233847	-0.37247788298266893	-0.28610995677646517	-0.36467272082781116	1.313856392235684	0.4296988348251621	0.34369158387224835	-1.171340088630593	-1.688832451137806	-1.7078790312737	0.6842690528035597	-2.000614087956566	-0.9359041365270352	3.2908932718140598	-1.0154803039973637	0.22966702056775262	-0.3871292065042417	0.001711442438691619	0.7891295297416291	2.514197781067929	1.1897777039265032	0.15340802980426102	-0.0018533182181716058	-1.0647925218497316	-0.4020342894169739	1.4319067654776845	-0.9115669541715563	-0.07677834554242886	-1.0777956180122064	0.6862596614703342	-0.5870030792589741	-1.03903532787497	-1.38169459756545	-0.15672373440188475	-1.2531887811062954	0.3322467761904135	0.20804105516566027	-0.30611435293106865	0.033800335217246374	-2.0146878946988007	-0.06979834139016021	-0.27848992858998	0.9206412625472643	-0.3110770134984602	0.9515491241402853	1.1358775280520534	-2.044634232161013	1.0567373700846314	-1.735957188935033	1.6046459878064656	0.9351279348401019	-0.32301592118599776	-0.624456696937476	0.057068578275579936	0.2669768151190262
DTXSID2041389	-4.3735289486532665	-9.914009559707665	-4.097613373926411	11.304558258510516	3.999270267438508	0.23146263124697772	-8.92372657427591	-3.8861194598852014	-0.8299696368750282	-6.24454516305491	0.10733674101193409	1.1080659154655539	-1.7201236910735154	3.2344063380559374	-1.8254771027528909	3.3836583592240834	-1.5435380375611434	-0.9887074190485964	1.4076275165992678	3.8305231714633425	1.4316052360327545	-0.2504813632663871	-1.0877198384189484	-1.8380515851640569	2.371211517769666	-1.779605522602401	-3.33455303888613	-2.152376160378221	2.770373213718868	1.453167986682859	-3.5587468149148886	-0.9843895258368843	2.8843257451911333	1.214725914396455	-1.4390467623157683	-1.4132198917155525	0.3824914262645926	0.7023937820799496	0.47496383818294197	0.3134362135790993	-2.2888555090344807	2.1208943390434394	-2.370446718799014	-2.1610050342000386	-0.4773629224613209	-0.5096805168113289	-0.2924965634941094	0.3116944253649087	1.8335071116909134	-1.2457616293545628	-0.6150775196152307	-0.19310771303567342	1.211151799614616	-0.09772149287570574	-1.3502598586337657	1.4735271074102783	0.5390400723794817	-1.1841552873112993	1.5260885595189215	-0.8403119572320041	0.0008706288482482333	0.3271977057237334	1.604789017441244	-0.10426945937965476	1.1990682480007542	-0.12318061279566311	0.31679687428166176	0.4555339080836017	-1.0355018065048809	-1.4317677947407044	-1.4116458593316263	0.35701841432949466	0.025315882622702804	1.2232673088870716	-0.4954527084303444	-0.5040483468687177	-1.5685062153506566	1.1113018930308898	0.6664211241537489	0.8623347340987505	-0.03215748096780861	-0.1120899099291365	-0.9866982489325599	0.8040176672995474	-0.6838668983687779	-0.35217282527499344	0.9715428422930031	1.0560377960232792	0.839755480924726	-0.3311056548664678	0.08499546668455281	-0.5001038029735103	-1.2628873416281108	-0.14743235184821982	-0.36953104759010985	1.5045030190585296	0.7131508454053032	0.2462780723019893	-1.5413535376217824	0.6378865896790025
DTXSID2041208	2.261631282218698	8.689504201475632	13.544673817501046	-1.4860437270278435	-10.870674861860941	3.466235348190211	15.41829827834363	2.1354412616301706	-3.9662843787092683	1.2092886539498826	-2.615296136124017	-0.385714494327047	-0.600831835259022	-1.9449539346447071	-4.485673050923273	1.4746087792974092	-4.968285949865161	-5.0456368630571955	-1.5766061849805864	4.1831618875615595	0.7737102362739245	-1.4402018376031405	-3.311909245548281	-1.0926888328807747	-0.6192939946098355	1.24685151005455	-3.4127444946368826	-0.2701799271342681	-1.4387785648181182	-0.28535457926971414	-0.482041450109602	2.544409989097586	0.48408157090680987	-0.7130078992776999	0.07418822803459486	0.7196013540096241	-1.0029830334206487	-0.9147828955937778	0.047074527110412615	-0.33892156779651744	-1.0107200762938007	0.09333529301474246	0.21707982473819	1.4434372101910848	1.2802852069833661	-0.8064870861606447	0.5593775854813666	-1.2809217375306496	0.7493922780400115	0.3961578492949499	1.4121317795884096	0.7362584815266741	1.4369598015994784	-0.6819670819586746	-0.3537307142549175	-0.8292076285904476	-0.925066682888288	0.34649320843264414	-0.910585693417658	-0.5348742187273485	1.246347711002588	0.7785936312060115	-0.686500207633097	-0.5457300678957347	-0.6405922023404296	-0.2056359512947724	0.2586882807994416	0.05230779318344927	-0.9621030670438647	-0.3090184025324435	0.48229326903143294	0.13759232478405023	0.4681100084772035	-0.06856170897642141	0.3804770855775872	0.027522498189350576	-0.00027256241397878545	-0.7018055723946061	0.3925628528499107	-1.06621138393366	-0.18549537258884108	-1.3154405116843955	-0.446578837626921	0.30324657041673236	-0.0056711563235793344	0.6692272699284793	-0.37446908812916796	-0.14564943788613488	0.22201557320950463	-1.466422429814787	-0.8413641373335349	-0.12583298327190315	1.008576225298159	0.11182251946299596	-0.05981848440205368	-0.06721578416263178	-1.1252970266681732	0.4956511584174278	-0.02442746757125746	-0.2133051072962344
DTXSID2041125	-21.409184333794162	2.514646962139527	-2.054043439915299	-2.530353097103647	-3.5981834325186663	4.668295335653231	4.107566367083249	1.7368736956913566	0.910963316408898	-2.7218452486457796	3.749940457868825	4.896719169996581	1.8028369298496671	1.3283506379299717	0.29563307022068985	-0.8386328033136152	1.8075821077537837	2.774849641793523	-1.4560558484030144	0.5828709688308576	-0.3914777813821486	-2.905849521424844	1.8931514271018806	-1.7651724658458137	0.27653390677073697	-0.06911093321748399	0.650701178365679	0.2785528252053847	-1.2913162815746286	-0.491845953329042	1.064201449393475	-0.5169559146286308	1.4658685437794508	-0.6543841298933142	-1.0806175563385718	0.231691619633175	-1.743014384526818	-0.6313580376136522	0.9274142173459072	-0.4123904005252199	-0.10861130726937078	-1.3502259058877102	-0.3438947059501326	1.0939242133701321	0.2541898991043271	-0.3410024559536307	-0.373860662052776	0.6603904887952646	-0.36903191729268864	-0.045221523828184465	-0.7966650313250777	-0.2187648435737614	0.07099046742739255	-0.23830526379623462	-0.5442006361676307	0.05406352122965488	0.13024977744448893	-0.3975179842756234	-1.3621709037930654	0.037282686794755444	-0.18497909035201138	-0.043400728458367926	-0.32020158825303796	-0.09100898078570971	0.3606042726878508	-1.3157072390998796	0.020407866513144475	0.30087063532055663	-0.6243607936234651	0.2293116320466548	0.5006152248926147	0.23806289557838514	-0.6924510783205181	0.6102554018643273	0.3822459081615168	-0.6291734150415619	0.18404812498875056	-0.12058532918030715	1.1006054691559546	0.6454342041451371	0.5136638264267381	-0.03626812698877058	-0.22882671533671442	0.5413959770809221	-0.01377121487704796	-0.20089081755933114	0.1596049887047546	-1.1175680707295648	0.07586059198181933	0.663370431441944	0.3070787034414092	-0.7173504957727894	0.08058847968586612	-0.6268866171119813	0.07697298966773528	0.19947050318086357	-0.8033241275100889	0.26304840283449016	0.2724776903614235	0.3176575211837513
DTXSID2041709	12.532399027362711	4.48960856390055	-8.888689444110334	3.0197209126685713	-14.210836116778879	2.890129720434772	-3.1485753897050457	2.8810459449411203	-4.2998277960538935	1.4586255188978088	-3.51135479045369	1.4406003572111064	1.1488887520795545	3.0882383151771977	2.5636489748824247	-3.7074416312565717	-0.5231678634263305	-0.3120876239941367	1.9071297161473408	0.7700650944977491	-0.8446979023024692	0.09014953389059	-0.5674539009068241	-3.8380362346120274	-0.7395711608367012	-1.4259507512230123	-1.7024310209328164	2.263304711481857	-0.05445263736209636	0.17312050532467274	0.8873652950475367	0.21627237044003694	1.959211205470637	-0.2675483351288421	-0.21764406052418558	0.6457872399059018	0.8076772165797556	-0.5135826654643199	-0.18425256501190834	0.5357341369994951	1.971145094969532	2.2801764396940487	0.23698383947409957	1.0891616701047948	-0.5846060443046824	2.501024157670681	-1.5721842313384866	0.8244842524374241	1.154476863158456	0.25892156850843256	0.06732915823531678	-0.019942702764847435	0.8494780133529964	1.7437742856222955	0.1227818149818979	-2.6831581725971323	0.672698968628647	0.14468352519391262	-1.6400100339281543	-0.9690675623268022	0.21342872860041565	-0.7844557237898192	0.49669609278621607	0.9294535700580503	1.0953245339877746	-0.2904776519621417	-1.4025510968553188	0.6135371113395778	1.207778910644177	1.7125876166636278	-1.0263366211719596	0.19779368820919888	-1.6636469063409776	-0.28678129980697525	-1.0176223204893757	1.0891435177399469	-0.11169417430120633	-0.6615717640924689	-0.2861857798090363	-1.8690971413229462	0.7130332137752065	0.25234763724275033	-0.8297488072366209	0.053813279804660136	-0.7668857724543685	-0.8719097189029568	-0.7293469312462058	-0.7650433696109122	-0.4783921707150567	-1.2497098427504933	-0.42781407850798764	1.5427644808189167	-0.2632446045143886	-1.0386188322896799	0.680298869692595	0.4346901612631061	-0.3389538861602483	0.20926389039988486	1.0491802579115912	-0.6639558478332482
DTXSID2042060	-5.079201016782634	-4.7406821231599645	14.318447844813043	6.006258251313323	6.636679147086885	15.401360215832081	-0.9304197804197328	-2.894360972329589	-7.069701777508518	2.4272791133427742	1.4220983864844192	-4.986389351022399	4.706796357236611	1.0869391820701508	-0.6764932548491798	-0.8375492576977311	1.760694449148746	0.2918952050437013	-0.9719156897830729	-0.02070249296955212	1.568763258443536	0.9532268765497997	-0.17138767303607677	-0.9191854035418972	-0.26846649575538367	1.5334202846152802	1.0051083842083286	-0.7462407774986356	-0.9681259033651972	0.8309337348420851	1.6293133583452164	2.1491902508231178	1.6281705207861221	1.7467070002935645	2.5174759700194507	1.8321545458219284	-0.18597465322957585	-2.1338239039510585	-0.3203859347838685	-2.5770469486985137	0.5558262912062031	-1.8317790045272906	-0.14857509465295185	-0.1474779097947664	-0.8903316154307972	0.5751612460071859	1.171480497861884	-1.0017060561483166	0.3688264704279708	0.5116954133082801	0.37183209351667307	-0.35058579770194087	-1.544531431139341	0.5097754514065062	1.7158256644775323	-1.892681615610655	0.6222892524454805	1.4475477669281545	0.677556171705847	-0.07079534789817778	-0.9128465967560268	-1.5207398304240503	0.2683828613047435	-1.2296507348531582	-0.8224788104205611	0.7420422298450141	-0.401715702113641	0.20735551886728046	0.3038887695638582	0.35192217002991893	0.9017060468697617	0.17746532501841297	-0.14184043977949345	0.4233217493727534	-1.7843536901077426	0.27061275834671594	0.5704868756797212	1.3366171250628343	-0.377653637153688	0.5818887477923311	-0.16013625278259447	-0.992901270609599	1.7739557235979966	-0.166759907561402	0.22591465965550725	0.439808413810668	-0.05306613747322101	0.0805203868231102	1.4566781292592355	1.4025292501353406	-0.37408018395546055	-1.7795566510094467	1.1181062412470673	-0.15444238884725095	-0.357003119143084	0.2589707885548106	-0.10281042327715995	-0.20855286252386038	0.6597725360222397	-0.8814472873677078
DTXSID2042062	-0.4673419792034283	-4.188041228643348	16.35909263890177	10.79129953390984	8.109949871424378	13.812752179170822	-0.5739919659489133	-0.6300161090826372	-5.526436628124673	0.9657570633485517	1.8911180857829357	-3.040436098773802	1.1384122265387961	1.00094858219198	-1.0670316148109682	-0.520011679824293	3.548687070849264	0.5856653145180241	-1.5015093603371539	-1.3200953718846098	0.4285571561369225	2.6815743750800047	0.09352967725413132	-0.8593714848030239	0.8982363431352335	0.2627382258233047	0.9352887926534383	-0.043099636162502696	-1.02755238026332	1.514501100845468	1.5231687761483679	1.0923766075797723	1.8846868213118149	0.34496433088432604	0.23143807210065978	-0.518433709535265	-0.9237737810336762	-1.3909191097690798	-0.11835340480562394	0.022231339957325243	-1.0206134188314198	0.47700483020525847	-0.42603477452146254	-1.632697969857854	-0.794448047561682	0.14077442444230867	1.131269222038385	-0.9939840983947341	-1.8418693246121378	0.3022649367850972	-0.13771304219457267	0.1303032901526613	0.03371610500509229	0.7821514488785009	-0.8934362266749893	-0.37442443549816606	1.3019021619111828	1.0054476562603414	-0.24072908795956333	-1.1068239663831836	0.2645612998942787	-1.4701287219165227	-1.729800902520545	-0.29507898643186303	0.49695812636242076	-0.2106418690064093	-0.2670562431147152	0.06357309100061728	-0.07679339583753374	-0.5317858492439291	-0.521956351507869	-0.7649511425169152	0.04559111366246131	-0.8304204300441784	-0.2985587075793033	2.1718409061892987	0.3969022918293488	0.264998971815946	0.22314888264690697	-0.4746319082989948	-0.8214684025723957	-0.6380881804870946	-0.15542337723780866	1.0700569901653487	-0.4336949243792847	0.5177467039927657	-0.39672994495407043	0.27273541201808826	0.03129702642250844	-0.10916086234479441	-0.6210968625538706	-0.31764264808028636	0.5717107030673625	0.6809937291367744	0.22456551451195322	0.41748973699577774	0.12090499402380545	-0.32195084863792084	-1.0099582400206577	1.006586872270753
DTXSID2042191	-16.18336892687151	2.196319715847429	-4.048793180277571	-4.671198858549923	8.410575589900162	2.054179943747481	3.0316369641007195	10.055545681724212	0.9921347242008638	-3.8419591880594046	1.5679597625325878	0.7742730418580197	-0.4015973693883878	2.9490020780983466	3.071829823546382	-1.274220838265645	1.529198545574779	-0.7678062110923033	-0.4396535865381616	-0.9471899277780182	-0.32562394472210604	0.8056878496138135	0.14312535238531615	-1.683419359446103	0.03374884511032466	-2.0152125808360326	-2.734617250398392	2.9400593534278006	0.3298316296637401	-1.9867942506019483	-0.5496531546864978	3.032686401782482	0.2685497754380219	-2.512218809511607	0.5895862401112307	1.9338384301479556	-0.4460670598201339	1.6888917296437145	-1.6733411752830016	-0.9596396292685804	-0.2878750210352035	1.640996273952775	-2.8662324568431874	-0.9086500712695229	1.0118218444748055	-0.4822065006603019	0.03217366364885192	-0.7613962748844063	0.31816837359473	-0.08670720407016648	-0.24718160430102531	-0.37740112195996095	0.6587563789213765	1.5418587743771694	-0.2469945734083512	0.5548319445193866	0.19806696795062587	-1.1604582424259098	-1.1943454153764583	0.045236225249325565	-0.20426351158210548	-0.8601875121613005	-0.1241673906603463	-1.131175066060828	-1.052899803784463	0.8424128967983783	0.8101745197408472	-2.000587146748143	-1.3392942619192534	-1.446515028314135	0.07764663657352759	1.4831955591705812	-0.38691393767786364	-0.7360452788946881	0.6842444430581603	-0.5502772394145229	-0.224052170975404	-0.39795495773084016	-0.3093214738596834	0.4551814290753151	-0.14174961171546147	-0.757429516543281	1.7239522121324473	0.4087030957878825	-0.8399420836884934	-0.12323394096223236	-0.04753827665532033	-0.9679511280084121	0.060433949606678986	0.775286966859328	0.6948945993212602	-0.036720014025328505	0.13841986491280894	0.5941379176519251	-0.6130508705502631	-0.35167458664907925	-0.5237698873902935	0.0973665666617671	-0.019786089703953895	0.564278959014286
DTXSID2044553	-5.698928835617195	8.068103245709622	-8.806496342819855	-0.9331537804744071	-11.057181292456582	4.178307840747321	-13.973126948180852	0.8790011894905463	-3.803976356127812	-1.7312810902097011	3.759985257621567	-0.049418022859104134	1.0167855301083688	-0.052553232582097806	-2.68730494423676	-2.636088803105634	-0.01860671220669452	0.903491640365092	-1.1237803285191055	-0.4041481090744406	0.2838930063677034	1.9265666399164354	0.7972708348923458	-0.6305145224576894	2.0691066964659424	2.202619394521122	0.04905646209435748	0.6022076126308743	-0.2885899631667225	-0.6500484819974601	-0.5202071070438059	-2.1339419829839543	0.1587359426806737	-1.0744866903025072	2.344375387217845	-1.9918532138190037	-1.4663415139662554	1.134766765614403	1.7129086149193253	1.1803861493235348	0.509662730005815	-0.714821171346807	0.10113677909643674	0.2252910845669713	0.6400847134316305	1.5473672585190843	1.2162262575282419	0.9962973398006233	-0.14337686879699632	-1.2194214388811668	-0.24518000863260078	-0.24703030755063748	0.3877399664832724	-0.3545516144017216	-0.19465455683698618	0.49333838377457345	-1.9017796576851334	-0.008374750408111338	0.20634112128866985	0.5937369323750579	0.1987945156131904	-1.2455406869607482	-0.2969153176398505	-0.16629788698411613	0.04497627366127086	-0.8081363685255741	-0.5752788305532984	1.356304705521556	1.2480618675972528	-0.11610106760026759	-1.7407965095750362	-0.8983419744846111	-0.7089735304516998	-0.8570977985958331	0.9511446491200587	-0.6552895024530472	-0.8058478447689302	-0.09922799099329263	-0.12123703176619677	0.09735898571229264	1.5004593692661619	1.60641116054566	0.8427717726736336	-0.09870689364008181	0.12038587951828578	-0.42409054043091027	-0.8540404517688336	0.4834924334082178	0.6390176005209638	0.014656709815840361	-0.7488715112576884	0.7653378712732397	-0.1912600170256365	-0.2173281530765085	0.8662422063883192	-0.7850122244764919	0.7441634333847581	0.996463792528224	-0.7591961699688038	-0.40474754473268176
DTXSID2044713	16.484880758071583	7.120828763994936	-5.5776823783459735	0.853775964864501	-11.842474260878248	6.339831937940466	1.9999392078854914	0.010676768921665707	-0.2962814249381949	3.071712611234199	0.08900025086172987	-0.8629421930100794	1.768847574530552	4.26709438836714	3.928417493476461	-2.674722081659696	-1.917611080908704	-0.49406538308735987	1.1605476339307252	-1.3059280153864652	-1.9212881588745898	0.13736056196305263	-0.5329663215055108	-3.077845437793915	-1.5684310044530307	-0.8213240734455334	-1.0964851618766633	0.6977523348239622	-0.5157963482245167	-1.9265321718309234	-0.6644424139389892	-0.016830735415032726	0.21107709285569326	0.3732171879854346	0.13622517367777848	2.0037045218694485	-0.7867054404360289	1.1499476034652885	0.6240878171409062	1.3587285058511769	-0.08326191927432745	1.6615862726064627	-1.9918475076968352	-0.9669855449387684	1.1377889939876367	1.9163377381678925	0.24025899443030632	0.2091834254385366	0.2759476204835673	0.5582842757634713	1.2691430740483054	-1.3642542724945197	-0.47645042632247897	0.42373118748619054	-2.1202832911935015	-1.0257525453972494	-0.159447182784471	0.8326030880809037	0.43236639317289577	-0.3786983063057186	0.15747663860167205	0.7398887167619741	-0.7837828864648574	1.3105551253184724	2.2983372494180516	1.9402794767968699	-1.0183632973011103	0.46140022541975	0.585709445432665	0.7579594472673713	-0.3760440511490742	1.6022303835415235	-0.35737004651989845	-0.6603098750995202	0.08362225469173165	-0.37908206472031786	-1.5014776204592755	-1.1201756255094435	1.2018712604390587	-1.2952190949624716	-0.31449714263788664	-0.9547443507529627	1.273350078506913	-0.3055587634436529	-1.537177082318502	-1.1960187203708519	1.6681611795196576	1.0506054051110876	0.7656547004404548	0.8826342665761969	0.6779125273717763	-1.5821935259513702	-1.2827838070461917	-0.3867742707203364	0.6255084357126118	-0.3940100841969192	-0.0470027448594848	0.7703576767145086	0.37753401414948534	-0.6499198291796111
DTXSID2045232	12.147123731325433	-4.355435023769429	-7.1538699457865285	-9.835068095814673	-1.3368523300180328	-5.573656584184285	4.762948756040493	-7.499439917960679	-4.120741540428589	3.220852767476603	-3.862312427923666	2.1282329730968907	0.42956153963190197	-0.7774886493016628	2.5923651778771095	0.4596729313387397	0.7912633348188367	-1.075515052107099	1.5445123395882994	-0.9452868570996418	3.525520764338557	2.908598291567321	1.3813681817503887	-0.7616054060215075	2.7489194853986207	-0.9578330745066334	-1.6706370793279128	2.3770512433691624	-4.253889092175904	0.5724151577061608	-0.8978463715330395	3.8443175942743935	0.7260465098988339	0.9774329414501389	-0.4093026502045543	-2.3461434586859937	-2.792207177846989	-0.16353253102120124	-0.9238978081533764	5.1063349175303046	-0.012325293224444683	-1.1553291653270585	0.7917123533891506	0.3036319745515692	-0.20679033516129214	-0.8733802692959537	-0.8397253719542298	0.16412075050660538	-0.1879219335103657	0.548775132109734	0.06477156207114361	0.43911933403508224	-0.7180857996675164	0.10566039283352548	1.769121517039065	1.0409475921563984	-2.015265725458514	0.3353140058372399	-0.1307887254733834	-1.0979203346043436	-0.5024181659609348	-0.8085060861701411	0.8903796441802909	-0.9853243023979018	0.23976280638799619	-0.230331457532845	0.7408305772873535	-0.2933605976834641	-0.5430572041338446	0.05531276235591606	1.4389873562124267	2.5134768536999106	0.5893991984851089	-0.5493725314273257	-2.1234682387955903	0.5487313929108716	-1.0410033558761465	0.4415881075542132	-0.44178080511678813	0.7512895592722733	1.8123216320138056	2.312034109834934	-1.451831227541899	1.9291577158781466	-0.7598747454010942	0.20643079087432875	-0.8891914740248498	0.16898437979052983	0.24896653802130966	1.8723908554028357	-0.6245082883017793	0.922901285155792	-1.6311198160448703	0.2621133355448247	-0.7891609171124262	-0.9234039084830421	0.28977679368975995	0.57744807952893	-0.564849798427132	0.9109988918324504
DTXSID2047274	17.259579020719457	5.710305174466104	-6.153837447682871	4.622039522109934	-4.772362950660717	-2.803007319330716	7.376064914782912	-5.536871055429557	9.067902052467232	1.7260159928033656	2.7433800658214826	-1.557900979083662	2.0139761049710607	2.019132030042673	3.1998865725835985	1.2986912798281733	0.2915196069865075	-0.4888671316714685	-1.4228670825735592	-4.544783574903407	-0.6578733229038641	-0.12143250280042978	-0.03921239303894357	-2.1860068744395624	-0.5710049375747119	-0.18525217102466118	0.007328324635368596	1.0884795200293074	-0.4476049076093573	-2.0135095896500044	-0.7715603240841042	1.6351911009615385	1.2263288013008193	-0.9636021432908878	0.4030893737815871	-2.156954871557738	-2.7499992367978767	-0.7611201857597691	-0.4547490796228765	-0.341172790606411	0.26001163220075896	1.062188275102278	0.9535002196650673	2.205598940034396	-0.5150797904614928	-1.1675485072504466	0.3057724868880715	-1.1173202650755	2.2347215091810124	-1.124023498423968	-2.17711363782185	0.060711796550079605	0.3188303661787233	1.2746407960900985	-1.6603695498633584	0.9124726373721133	-0.8769296118218696	0.10786113237787662	1.0512892092573403	-1.1700347163051446	1.1319961282357958	-0.056032130665999366	-1.4592944515788449	-1.1629695950205499	0.0025057199105206003	-0.7266387273769398	-0.3130914298980495	-0.16544734689256627	-0.8812415498142739	-0.04227088579589747	0.16155356788681657	0.43278977535567	-0.3770851132673817	-0.060256378648667695	0.022718002140788753	0.2643590760318668	1.1306038514585908	-1.0028427233748893	0.14200615765265462	0.3405834391410734	0.3349420468067644	-0.8585285752357867	-1.7897050661175193	0.05567348538866754	-0.4537981863001151	-0.08349814660514952	0.7637115205702214	-0.5132099111950191	0.4091439270670393	-0.2268962186696811	0.741938998146947	-0.1632001027600959	-0.40670311531581205	0.15963190708472022	0.19880085241708034	-0.0027184557907917657	0.33258283545133943	0.501923513709571	-0.006288922091019993	0.020915161257764096
DTXSID2047301	20.31335420483827	0.3867900343574752	-5.8693458817755975	4.9711932123133185	0.22327672753213204	2.4522522186649507	0.5031959474623697	3.1080298097894885	2.4116346064681116	-4.78545344869453	3.5909075852348566	1.5342621211863934	4.5870174314056165	1.0457538246678262	-0.6303341455522227	-0.1281820462740387	-4.405010664788115	2.1083019681981163	-0.9360735074926626	-0.3019690267223301	0.6708741184238415	1.3038977135696712	-0.15395258364312503	0.12762340158099633	-2.241026460662872	-0.9589700632048149	2.1231583153956017	-0.03793821887699019	0.8295519934252168	1.3077332391530578	-0.9695999116433482	-2.928021587450188	2.189574725006378	-0.35440843827690094	-0.3137392760563951	-0.2357737442417859	-0.3752485098074015	1.2177069787713735	-0.05675395981779972	-1.6405943467519095	0.4045367443563826	1.8588308227038937	1.935878817194082	-0.08950045539715765	0.6037296009230758	-0.10668759493493822	0.3267662274875353	0.2521910164188747	-0.9533053616925807	-0.6343845140749371	0.7054607202398726	-0.7593869045816608	0.898470001067698	-0.07037624452310086	0.6791167092536683	0.8271036328907352	1.0644453825929605	0.11247662245521542	-0.0726206886087434	-0.3228055033842698	-0.920071265261841	1.7583153220641947	-0.26074724264427196	0.5874069235173337	-0.21914149336096908	0.8096176672247541	-1.5490575614462667	-0.6411192610549811	-0.7323965994350355	-0.25660788967179116	0.597582219517877	0.9248858899420805	-0.5058751731218046	0.3122941311731139	0.6766121274105777	-0.7353190686153036	0.6015485361973455	-1.2664737779336221	-0.38536993120412194	-1.5445965870849896	1.2364348516864732	-0.9445223156006359	0.8821992563080812	0.6493887127562379	1.2946826323188323	-0.5769208034652651	0.42769865109112204	-0.5176102141418075	0.06637663827279751	-0.3009645573448304	0.20498272645400997	0.19654719974421986	0.2531847222932708	0.7699667398827937	-0.22513976349601642	-0.6083018433744227	-0.3917069586768822	-0.03613352402571273	-0.8802321526694534	0.26506231711744027
DTXSID2047276	11.345051162359205	-4.2901117027956115	-6.4801188865395405	13.104675209946164	5.835614114669163	1.3842351917049363	1.695509031001659	4.250307314495701	1.1540786977262123	-2.860255016925673	-1.1002952158105854	0.7842775798914509	-1.056446752820052	1.1752928975818486	-2.503665367842112	1.8844110338914493	-5.92464894881002	1.5518811189162744	0.16027491039607875	-0.8876078606904263	0.9034818241551369	-1.459936970271276	1.2755818698301966	-0.9618388563325785	1.0865798453922793	-3.8766835650670064	0.23507911303535528	-2.2222331538631996	2.3276736423577438	0.9595239229405552	-0.5496685363690965	-0.48867375079535663	1.09655958762084	0.009282585106901246	-1.3012005231502828	1.3744045354294516	-0.7198948457755292	-0.5623884198180892	-1.4434126231041577	-1.3703839122459096	1.4729167494640558	-0.25188879715463885	0.04615797890794036	-1.405936332708265	1.1147919347496806	0.8614608583275373	2.2346780079574082	2.5372743082562597	2.368213299865257	1.098840579318046	0.4672589529200321	-0.5167525723398224	0.3248856468873284	0.6812686802462421	0.7604894949256095	1.4970285783469353	1.8622003108832614	1.479058709129761	0.7272848134824623	-0.9828571084898395	0.261522275487254	0.1327635725857274	0.9456759557922152	0.4071600872464146	1.4983317983335098	1.9119966904506505	-1.6254080214563298	-1.1647747961316641	-0.6030872674293785	-2.35645008840591	-0.11632825153309813	-0.36150454542251015	-0.16255152827441444	0.5964795185718987	0.02665239785607566	-1.3157540062704467	-0.2300535236039068	1.023899247031673	-2.148587674526836	-1.139266146359086	-0.038227073923669676	0.06388946339656207	0.9392200824772505	-0.24457217320600946	-0.42542784793871163	-0.8655694657066552	-0.12125334124308988	0.5609249677042323	1.5395005438834182	0.4223408482299229	-0.8646958095883713	-0.7811972353980585	-0.002962394511939324	-0.37002527138627056	0.5689273927253369	-0.22779325222183244	-0.7150592997985212	-0.3796581622694775	0.12782728155847983	1.8582593387954194
DTXSID2047303	12.347700463891705	-5.537307253812191	-10.706960025397661	6.590094271856682	-1.1938176321587692	-1.0252010285781106	8.163615775841444	1.1438753658687835	-0.5078116148407084	2.8923630769277797	-0.762237458735069	1.6553241367623297	1.446507693852919	0.24674486978759408	-2.3139327224134716	0.5919800925261238	0.609033113429112	-1.96257361296326	-0.16711552327736615	-4.92622831111049	2.653774905402441	-1.5798882593329568	0.47290620585977805	-2.919854348242123	1.8436932418103584	1.7553138637960641	4.02746736715143	0.15287919065694963	1.9312377092173945	0.3223742714562239	-0.5817907544967414	0.6281161049951718	-0.254690128668386	-1.1395116726142795	0.7274583797313959	2.3845445219726376	-1.0349793534015324	1.5802172151318066	-0.6014812188963901	-0.664100992442215	0.39607409923790243	2.165202949014148	-0.9035364043842253	0.539511556601564	0.7549862429883931	-0.7055734768387639	2.529361868439528	-0.44817208374020434	1.0650377350874367	1.6926792052010722	-0.37746621956246723	-2.218520387905903	-0.9839043591378202	-1.2763200642792447	0.8489211794404607	0.7312836159921318	0.45697064664105497	0.8141772090253165	0.16800140346322665	-0.9369742212102684	1.204737010594828	-0.3581230259899404	2.123423940082997	0.6251579602139736	-0.6020921208385619	-1.1704893248008439	0.33732079660381503	-0.8659697729006257	0.18491177226634925	1.253913110331655	-0.8294235883551653	1.5394616593134294	0.23310376132617053	0.8763922834957194	-0.833185742033039	-0.7630097292024556	0.14261203499181516	-0.7057482821500316	0.09597736139722884	-0.3137410108696876	0.05164877214110154	0.03696653185106716	-0.1353632964862473	1.565289582363977	0.7824888782580587	-0.18496506569857613	0.3047055465318454	-1.1162180313321883	-0.9540705319501934	-0.6396255546698021	-0.8198886026516766	1.3998199242745175	1.0445896706147801	-0.5699620227834107	0.4348941286006382	-0.9811931992373824	-1.0113617164235558	1.1743231509306218	0.35250441933083815	0.6872802066233034
DTXSID2047278	16.272498891040794	-7.490287084198444	-10.487268615960641	5.146603060413133	-0.795448052546524	-6.127047621983783	1.6821366263509718	1.1850881158054838	2.4829651547929097	-2.481784100321713	2.1307643418019424	3.2368212029436254	1.9366404985055967	1.4461213031202282	-0.7707590713071889	1.9644578129614219	-0.5504382999562514	0.09174035893319306	-0.25121161311676715	-0.025537479099393797	0.473385735967439	2.124328898609916	-0.1712499263332681	-0.4874205055931957	-0.06371000558505893	0.21716520140667175	-0.5224540262155388	-0.7173246800173834	1.542442269374579	0.7040209826314546	0.6746894742413796	-0.5707172308748528	0.7014136004798743	1.554042795566797	1.5241457697079874	0.3047317838707621	0.03113906043025128	-0.7168280040539308	-1.4486242584972822	-1.585209317887422	-0.998400550094091	0.6576787999547056	1.2515151635442308	-0.9611278753680614	-1.5123984792137648	-0.04507604999839653	0.16801776495850754	0.841576314470666	2.386618237264849	-0.4262743408012616	0.3422078009659836	-0.23491629849801904	-0.3626314249996822	0.9759374061824241	2.221033586941641	-1.0074821062626023	-1.2825695783628024	0.8052180880978494	0.3865060438155751	-0.9756594067679808	-0.30511127350194395	0.14108561363564748	-1.5535892982820436	-0.9493616137544507	0.12398376147807312	0.09343113571124306	-1.0764801020539887	-0.4353160824217116	-0.7110671776311498	0.6141818550625923	0.35412404058253694	-0.5223614633405028	-0.7613034466623575	0.5256520910392586	-0.6274311721600604	-0.5093753454037246	0.14600546253116198	-0.04013052232132222	-0.7264898375729981	-0.9117703641333609	-0.21140108648041142	0.8379412105291867	0.11397708193003335	1.1095416902373247	0.42079474123045724	-0.9086419692001808	-0.2733895712502533	-1.6342600602097346	0.7039516123729239	0.4336557617148066	-0.3013187248183748	0.7113688283291739	-0.41646188319528765	-0.6405449706163204	1.7476300298661065	-0.5029276731420773	-0.6617460440919697	-0.8001881523615572	-1.104777748114765	0.5989081427207192
DTXSID2047351	24.780192971779318	0.4871863746822162	3.8913648455061822	-0.7074982717056566	-4.675230661294437	0.49128468456517743	3.935628300838655	5.019493483010986	4.770560076736137	-4.005465502483197	3.106346235635986	3.9747141282253757	-0.7094250977021588	-1.4341185331885895	3.1446323528362683	-1.4096196228759934	0.3078849016845106	2.69344025140178	1.6643363139283478	4.181342885024584	-0.8099753614185969	-2.438926124486551	1.2423004450414932	-1.0630577427783519	0.17894856808220574	0.08873079279795063	-0.2017023805737012	0.5706270476544784	-0.6058517873527856	0.8717749533117756	0.005949883184927792	-1.0450720342098387	-1.3089714391244676	1.8480793717236392	-0.09295326735160002	-1.3521867486729118	-0.3257627256795995	1.5303500576060274	0.2797035963334689	-0.09385177444790915	0.48296323981189687	0.3531424476125187	-0.3239275630877449	-1.4078188000429646	-0.8023933332960956	0.7625012965162282	-0.6134720217022849	-0.4314889363307071	-0.22356190011075408	0.4430003224220648	0.4087556504559938	-0.318633241167136	0.29530361857829773	-0.06468116168557868	1.4583078732620545	0.9769900618669571	0.43616841634051545	0.6914599292677491	0.5895916501924329	0.6494519141361011	-0.6066570692962417	0.26963716577466623	0.49327822565860807	0.058951362119656125	-0.17082187250215738	1.0002848023235011	-0.31572658764712713	0.3811915073809407	0.5050120726131712	-0.5469955691271539	-0.03356458774586541	0.17536135525725816	-0.442868291928938	-0.20570854428151872	0.6514716716580327	0.13139452136459742	0.6773319359907679	-0.02554657870441604	0.12034344762573318	0.05118143664059919	-0.5521128597567415	-0.19100784739093715	0.06309605566657847	0.21817636601166188	-0.23350558021546666	0.19188592122272152	0.6450997351637056	1.0758986005140347	-0.5818031342639914	0.7249189966560655	0.3065697933307198	0.19126196002010862	0.6850214574829109	0.25957259304272484	0.3995636422373546	-0.44217811285877445	1.4023984104550378	-0.047940874953997896	-0.14703390434239105	-0.3307018324797723
DTXSID2047359	11.159287850458721	-4.544173573463151	-10.747808760691393	-2.1777309354696746	4.953100987523333	0.8266903237149852	2.1032405974741333	-6.477402963714763	-2.689919971215671	-1.3571609338945683	-0.3244985754463258	4.279379539923884	1.6363133456717596	2.480824800916232	-4.615808572434476	0.42672596584513267	1.3120139169385365	-1.8083814344575453	-3.2406650990371304	-4.215565647557352	3.198278865991881	-1.7657206892335018	0.044061321243487335	0.10711268813349334	-0.040547224927968126	-0.34350855467954716	0.24924108249947566	0.3207903315176992	-1.3859049460371695	1.2247502062034583	-2.9641864946236756	-1.0666084289989861	0.39702592095823785	2.508279081292974	-0.9935544396232057	1.275822696399656	-0.6149280652778057	0.8442280454176713	-2.028191891977703	-0.5120690681215502	-1.991917126914283	0.2868816452374754	-1.424798957566436	0.8610904601890296	-0.5142798954989837	-0.7546715301796098	-1.1499196538938674	-0.9199010727519216	-1.4503576029739946	0.3745489447662968	-1.2636200073778965	-0.0030727632120050503	-2.1694138327903865	-1.8362642950165102	-0.2552172596499656	0.8288979884163545	1.6038853796154513	-2.316842694940133	0.16200182176764372	1.6549562546508	0.5762540589511176	0.10322858611763704	0.35157548605705313	-1.448805516322937	-0.5601735307840188	-0.3979360156448158	-0.046235337878324394	2.873242706646977	-0.7179883836845666	0.4244096546342439	-0.12050369189256523	-1.267499801509902	1.1073995335017521	-1.1892207393971401	1.5937257481061324	1.1487543683534278	1.2429186132386583	0.1424637975782975	0.018679198061938514	-0.7644703994265325	0.32621754047567475	-1.441626747801642	-1.5933298963611826	-0.14557194614415944	-1.9890155844554664	-0.5163671118751014	-0.7737635172583577	1.5549850980364428	0.48700478823346954	0.4776644419266102	-1.349635946445578	1.8711494083722913	-0.5943053608292318	0.5089038754743433	1.5027859559645607	0.9317655571190292	-1.3358073670686272	-0.5361771133364996	-0.08757259104180247	-2.1159862231369604
DTXSID2047565	7.075046216772964	9.1857596965995	3.626790992055107	-10.995486100743426	-3.2435166810259655	6.115486144044663	3.340619745328665	-13.783912888180904	15.613089425749276	5.014530104198015	9.730627541864656	-9.119706181371594	-3.1195732396459936	5.761196600125006	-2.3356594438406275	-1.310386929461789	0.2964422662968622	-0.427380173276004	1.548966883145715	-0.656230824980835	1.379220387772552	1.2868320125014634	-0.7814715289357745	1.1733120849598933	3.0987228492051004	-1.145747483710357	-2.449660703561695	-0.4807701782220157	-0.5176265860455173	-1.5000465873780957	-0.18687003427663218	-2.2715948627629294	0.4672500531193694	0.2489199797185512	0.08393273924319612	0.3144407669154438	1.385918862769244	1.3179428891892426	1.1758026961848076	0.3357696104945512	-0.3203214362646862	-0.5656748885579105	1.8419183297730781	0.07258762567308001	-0.2901167676974279	0.3825137816226125	1.1399092858506086	1.7962334309237395	-0.8182336172193612	-0.7582394282174364	0.276519614133026	-0.019990704170550537	-0.27155043833644504	0.17485491099269904	0.05135374216127366	1.522813421949192	0.3690750338198898	0.7208892090418816	-0.3858161028478988	-0.8149856243837318	-0.2519918785301858	-1.393667624330746	-0.792150562288225	0.4505964413650499	0.9033908786136907	0.20558353958504955	-0.2729772346344859	0.3783887249162465	-1.1360446155579906	-0.2949749644015855	0.727466243405707	-0.26775371767376727	-0.25453215486356867	0.5299514682653245	-0.09406572913543063	-0.47960786909583325	-0.08223598338890782	-0.08618270369773451	-0.06822604013039674	0.48524664775291515	0.029454109723995214	0.5657002808141314	0.20923233909063935	-0.6153663823437869	-0.36520727835441014	0.2394216667114482	-1.7170135609781925	0.10985728072083299	-1.3856534716962052	0.8456277546278284	-0.4006375206973	0.957286809101032	0.6574796409055984	-0.8646298397660259	0.20420606545468703	-0.18530148130925306	0.28005040621167926	0.9099378956135358	0.5740190858872692	0.35785606859954006
DTXSID2048167	-3.6314948157040865	14.142222787362417	-5.4249871655533495	8.525400224112449	0.20217785620874276	3.93662653187424	-8.413716374092012	7.554919337593262	3.2458038144351704	-2.5459670267240995	-2.015237601485055	-0.2504842168551243	-0.40412417285700447	-4.967796692935291	2.0632692106179586	0.02112082766589537	-1.1035811284948314	-2.041464788401204	0.3327404823153642	-4.057886531775604	-0.1497799471159594	-0.20022232232939724	-1.2814085088212477	3.0999274003645225	-0.1683189048778479	-0.41980075493517305	-1.077593158263624	-1.1896319208570116	-2.55488287513839	2.7496883603071716	-0.6006026387075285	-0.6486285920910619	-1.5843081200946774	1.0829825321387974	2.5809397291794123	-0.9844724325302472	1.890141943578946	1.5633727216950324	0.19481461254468152	0.3025868591996746	-0.11848937256623181	-0.17862513682686687	-0.3233235919431057	-2.8762186131501104	-0.5360217965126379	-2.1928026711392947	0.703043406845311	0.46776125054747303	0.6913609035349603	-0.967842942360426	0.43652974677086437	-0.7512437855006586	-0.3860597662961593	-0.5776134973410131	0.05906643928483401	0.8535889386561791	1.5985692832479428	-1.1759270737026424	0.5458628677312952	-0.769316833729308	-0.6279676595167841	0.04979119537339545	0.1289549707793338	0.13314106663839786	0.004506200392560119	-0.36064701284147604	1.2576431690109466	0.04433183566648372	-2.6798734019056916	-0.15973032518687832	1.0515686242399847	0.08979778842946425	0.8419986569741086	0.4085325438820312	-0.19580964641458468	0.12250014969537684	-0.5987425078269992	-1.1902032692262454	-0.6229601102875454	-1.8984036858973439	0.5309055841657964	0.8289197708653517	2.0743044240982975	-0.5168262562544588	0.3746152420480372	-0.6478780184046652	0.01655843212248278	-0.632313702304487	-0.049244835603103984	0.43707611011358855	-0.42758406987626735	0.25608663966800377	0.16813035199938525	0.1861944931207235	0.28320361068884137	-0.13525300437180024	-0.7617454571619287	1.6404485534207018	-0.8910577288760125	1.2994518840117362
DTXSID3020043	-2.0137824267343465	12.378366324209555	-8.022907732454367	8.312813685171697	11.813956814990359	3.715408611737203	4.636510670655207	5.383023632656457	5.912389615938409	-3.8024404399902894	-5.9873065081893495	-5.350121796757066	-1.7971876240983815	0.26579058483538426	-0.2201875570470735	0.9514424648642973	2.3171406738006963	0.8623628699382742	1.9014165540054564	-1.1408325968003363	1.5403942684378364	-1.9662863933411454	0.4811241101464008	-2.363019434543885	-1.6405371822903074	1.1426560353787698	-3.442417848715307	1.2991689190218185	-1.6199208747911942	-0.7331227277175927	-0.07559253361278792	-1.0816283232419026	-0.11537434608794267	-0.1337770820706563	0.24715206307207846	1.1368699480725097	2.0442437887468197	-2.051930890694607	-1.4671208426779372	1.7756999869454215	0.4274938928729974	1.123951053905983	0.6497097415513468	0.34247748547318146	3.2482607375683257	0.28373669518716377	1.012052399798183	-1.931601143873351	1.186018315325899	0.4519074750975252	-1.9736223354317346	0.5522903715963746	-1.2498663310799025	-0.3854310322382832	0.2766514490636615	-0.24793998385422597	0.7360857678307055	-1.1158447082384462	0.2596805179819065	0.2751452810259345	0.4056433353021826	0.9857879896621546	-0.2623417178945637	1.3859714275838488	-0.1852670197226965	-0.49778169139769407	-0.15859644864677402	0.4149129510814924	0.6981036513335157	-1.1553749845585168	0.03838497928349558	-0.25254543877447594	-0.5387071580584135	-0.07674375965361444	-0.3329992174255625	-0.48744869226147497	-0.13235519829327302	-0.5103664183097935	1.2190175048496528	-0.5082079774868511	0.6839974990434758	0.05806148575681244	-1.2040753299187072	-0.2861961684563001	0.49091451943922076	0.5139763915991743	0.0946425571737294	-0.3767929213279585	-0.09962044138950739	0.42276672225424194	0.8491513191313946	0.079239986364084	0.4810354670425518	1.048971358971533	0.5353621473580848	-1.2902203249702635	0.6244239076734692	-1.185045860560863	0.5815920090266867	-0.5475119359400422
DTXSID3020093	-10.706909309438359	-9.338351080831849	-10.132372089416798	-3.1921092216755946	0.1821289698362574	0.6540750167364981	3.4215154314976504	6.765491346295942	2.6310211302935915	8.014969947431597	2.419465539713323	1.4265186338893039	-7.9064330886366605	-3.4022461767180374	-0.7297714699743199	-5.035282432675327	-1.1631652126092773	0.7837183856144118	-2.230467236377219	-2.609673319022384	1.6009470352647481	1.0824823783967683	0.1622277439120558	-1.5223547234896784	-3.728626637831201	-0.6894774489394422	-0.16134248893803566	-1.1524220826880154	0.39162279881872103	1.2094915645712248	-0.08156662070897842	-1.017746520227481	1.0172071561757208	0.07163754844617619	-1.8305434591866463	-0.695229601274683	0.09256002442349553	0.3127165175513476	-1.4776867760994805	1.6102648250278189	1.143632647991946	-0.020934375674100614	-1.0330164626131506	0.41917775581401173	-0.4085633058500151	-0.9583442516756737	0.28828770659872943	-0.5858036178441866	-1.055265480883492	1.111692051465017	0.8398612945718604	-1.240685000068264	0.5811193930355043	0.6410148426122918	-0.5460602007291221	0.505253165555329	-0.47265900990077714	0.0757263129098132	0.6919870429242351	0.8681647176966761	0.17496052835283776	-0.41969693586408485	0.13015526965049254	-0.5759639362124269	0.6907802138148612	0.08183273192633411	-0.309212822967182	0.020460174371490704	-0.47356689984118594	0.8539206696075881	0.012964868537865205	0.29436411207486185	0.32517691816627237	0.3056618082452714	-0.6610076949726635	-0.3284300627047784	-0.43924451567446743	-0.2126881996947582	1.0136552793697455	0.013330641483980898	-0.7451664839681494	0.37417916480688573	0.46050287053825895	1.4703085576829467	-0.11203007149147964	-0.8099776107186741	-0.19190868527999946	0.21151450896406343	-0.08473016900036927	0.8812788788085187	-0.6224999571897026	0.2932721541089786	0.2994857943032665	-0.09061446737205062	0.6695126741341146	0.9930335336523699	0.7576139761220766	0.2000029438712309	-0.07914281684593122	-0.45018997667144806
DTXSID3020047	-17.260172863539214	0.8613122664960898	-3.9191774329342155	-5.703638004719895	5.957706069510474	5.849717992176651	-1.5236488774259254	7.81300927989791	1.9159520792787896	-3.801537530960599	0.588616808238116	2.2837834010246447	-0.8097493539580557	3.5839489249767174	5.335304632818777	0.7874274383441809	2.33457758333158	-3.0424245711610887	-0.18239467408449048	-0.8907169733712096	0.27443700799579857	-1.9889221659584828	-3.1572369093814974	1.642446702508662	0.5359123384006481	-1.6935459718377204	-2.2926145532900124	1.284596147207763	-0.46074606286004915	-0.732396163520883	-1.0159580598143316	0.734528068092022	0.5099223719880288	-1.5479975057825952	0.7410403457282421	0.3166477236633725	-1.525180841964168	-0.8567952629874845	0.04887752384320988	-0.6313227591772081	0.6362830515318416	-0.05367702954944442	-0.2605048542233821	0.18297208988934519	-1.451686437235875	1.4749677502287744	-0.061278623600402746	-1.109724178135775	-0.5101213647425883	-0.6084255916423202	-0.40997083884877866	-1.6216436083867454	-0.23135126301390377	-1.2085521143945368	0.6406620770237059	-1.130047421652568	0.4054069094389132	-0.12038250093350375	0.913914372362414	0.29626953750265805	0.997551521807849	-0.6078144411816656	-0.7268126459664683	-1.0556518123572816	-0.3221472887556086	1.3306233345801863	0.0038092247954190166	-1.2212732497069656	-0.08723711881880411	1.2373073649741926	-0.4063965907243453	0.41365679563384705	1.5515143676107233	0.8703530265004396	-0.43512666192767774	0.16436499826183446	-0.7601626608555881	-0.5120728084832473	0.15864579537962054	-0.5129620154003973	-0.6186981639155555	0.0894216592976804	0.683523078645184	1.3504332512119286	-0.8727786381766217	-0.21985752524140695	0.35818297445983904	-0.09574458928664914	0.49143483650237757	0.892639555369325	0.580111823796896	-0.7054978636589107	1.1883961440566506	-0.05865783646899389	-0.10854588009299809	-1.1799819243139948	-0.2102533137040704	-0.6131678214607167	0.31455455057911336	0.5760940152810501
DTXSID3020207	3.0596697886519157	9.596202060150944	-6.391733451093991	-0.9607060848497613	-15.449081958756711	7.717006207766486	-12.501105092546073	3.3135630845650277	-5.371101750854153	1.812012838182057	-2.3826623329011065	-1.7170027634265144	-0.657181054189041	0.826949778523124	-0.151676134702699	2.5914714951731983	0.4737791400174167	-0.39409802271856886	-0.17704307884469112	-0.23599484069882076	-1.2175335705291703	0.548425991122036	0.6687444565597329	0.8434489344371208	-0.026618498723053115	-0.7916491635072199	0.9212167812860985	1.3136560907711208	0.9545554895565503	-0.6902472907934074	0.5963556819517453	-0.009815830514796798	1.0350375037351696	0.19969761281310544	0.09451413965341794	-1.5039447318326629	-1.0384383091016693	-1.0244279053767222	-1.1926617118287135	-0.07530640252437176	-0.4990664445198825	0.5962621475213327	1.0727625906240548	1.044995166712138	0.3687957361726791	-0.9626418372000568	0.6514915157136406	0.5532378039100179	0.10714118278518299	1.0474031595155295	-1.4086421529420923	1.6423711287889526	-0.938050526087691	-0.4550794286847528	0.9204542967956877	-0.32000138934928885	-0.003806418630029715	0.21208745935199014	0.5984570588619066	-0.8059407941428974	0.35884832012953993	-0.5133153137093442	-0.06770285135569316	1.1181973963686844	-0.8010292100392158	-0.5049140209904378	0.4063145471273072	-0.9716479648240407	-1.0294216791793658	2.0261667412542037	0.08880049754581192	-0.4395267053832227	1.3553441462849145	-0.3806288076655198	1.0687715258631354	-0.5457326365803346	0.5143455535859525	-1.1788336939319466	0.40653927248955596	-0.17100520575010505	-0.778978532543245	0.6951850127660885	-0.7627392987677054	-0.428556478635942	-1.0134944669522339	1.1608098163766227	-0.6245256290872445	0.014284162360037817	-0.5197937850956027	-1.0209126984533154	0.7273803572814476	0.2038366997112868	0.21532737003744234	0.5163557549585231	-0.46025256567993866	-0.6028218621480199	0.5060134649743453	0.2614693242057924	0.42317682832185083	-0.026593663874948527
DTXSID3020332	-5.698371709308156	14.307261706834453	0.26367282450169505	6.906203319889251	-7.336757693748764	-2.0726374923966144	10.59289922162988	-11.118258720722404	4.592755353073974	-2.3341361951976873	-3.26779775638112	-3.7383416105922387	3.5208233216599263	-8.262678358085477	0.8613605793564533	2.068618914110014	-0.7304924951742314	-0.3863228609026001	-1.5998162664975177	-1.039292296908759	-1.3421179070281706	0.8924454411267392	1.0604202702158434	0.685899851748378	-0.8606819287649821	-2.355123002704491	0.33422209673035713	-0.38158335584500047	1.2353055333106389	-1.0323840887303621	1.4151292238987243	0.6274755809090323	1.1360695722395915	0.8020984258459861	0.8258074643764732	-1.1437431576890007	1.2267559835564703	-1.1080440953416275	0.8383854527774702	0.39572861327361725	-0.2705181005064344	1.9704808919485206	-0.03656169058485539	0.9020295844174646	-0.2605463011525099	2.0657548411530087	-0.05445474270067234	-0.1544569924463793	-1.072305019731151	-0.9680256938152295	0.7063389517012209	-1.5886535356684321	-0.252899163839636	0.458810473734664	-0.19148536786101114	-0.11456703861573656	0.621167721227699	-0.6981559328484155	0.2641110061758819	-0.7077696289573201	0.48493989717971203	-1.0799614922280132	-0.8339250212916933	0.2791469337685361	-0.5326330406468833	1.359579524640744	0.8729513002170811	-0.4732195278157314	0.9643856218262833	0.2669703878234125	-0.6316496600209909	0.906324715625364	0.7066682772408547	-0.697839314065168	0.47580366598960644	0.7432829091822348	0.05987161469296763	0.926135994169325	-0.30525507000455704	0.46364532064353475	-0.9541853107710956	0.8513491939085365	-0.5984855586024939	-0.32423780567093113	-0.11797882669430632	-0.8253831183338773	0.982225562857119	0.2740961510516172	1.68514606206436	-0.49420567808923277	-0.5216781742299755	-0.43589256671695675	0.16148625054105875	-0.03302505218035537	0.787241376458767	-0.4003383806149815	0.8174879527470736	-1.6801189044033404	0.455625096184689	-1.238852332964129
DTXSID3020336	3.9663522722737463	0.8923947757337453	-4.281583218913174	4.837474171906696	9.49633875048869	-8.29602984293729	-5.712977623713245	-7.700630185340103	-4.268870136059343	4.723842531586926	4.417269896107147	4.544315436002931	-0.8634197522000528	3.038211829411673	-2.118672084170477	0.0984949913625425	-1.58142754472845	-1.6262549996970388	-1.6122711797711808	1.2836842451194546	-0.7185033641894777	0.611480756015354	-0.17989808996364576	0.5891050264533031	-1.9872784977738698	3.9313268461878383	-1.754939105740481	-0.9134357642720672	1.6861903539973102	-0.23691917836318352	0.10569040280406129	0.28821098122793226	1.0111862537119682	-1.2613249446076231	-0.8458866347744999	0.2679380634883875	1.512821195976904	-1.3745215352000708	-2.269056372068868	-1.4030316862602208	-1.3839771742670504	0.7978257779995773	-0.7815053198341306	2.138315033575624	-0.37552315934349867	0.7030080481350571	-0.9809566812553449	-1.2345172288754143	-1.6552172557285607	0.7194433423801154	1.0370298958441122	-0.9040488559610287	-2.6907756530910785	-0.3507761228556525	-0.06342008580036067	-1.2437667188785984	-0.18962601736922868	-1.5251803126119912	0.0053674905749328304	1.8955056789860798	-0.20732905529572954	2.4059612636761356	0.40599735479317794	-0.028570313533901128	1.6567178592083978	-1.578535905802303	-1.797653197254409	-0.11207778363726831	-0.9326486250904137	-0.7471750474565103	-0.47208557259863354	1.0871239947990763	-0.03572474918805105	2.589696712104665	1.536000568177866	-1.1028296682377985	-0.8755657579768056	-0.10868521604672637	-0.6570564451449221	2.4836849734237108	-1.4889317331155092	-0.8676705381412386	1.1001034100719795	-0.6087196210369719	-0.3525312797901386	-0.05935842591812073	-0.7385029861475871	1.1962124817655422	-1.0771077339330792	1.984847171903441	-0.20644449654869199	1.283928975192419	0.4622432625002374	-0.8477210827767616	0.5062755023006641	-0.9875443574001572	0.438940346441853	0.11020261233463124	0.33981881591521945	0.9452602709198977
DTXSID3020415	-15.409857720953099	0.6485989431180138	1.3481236816246556	-16.880520737100426	3.6102318490201064	2.312381535412866	-3.6042946989572657	-2.063291604607924	1.2799479308530755	-1.8176213256532343	0.3747188008940097	5.170027371775743	-0.06288969935153348	3.6046422144656	2.1313575078837443	1.240997159699514	0.7918430463731283	0.7527231864809926	0.16703614205525316	-1.2767916281618032	-1.9898263292581482	-0.896332517203898	-1.5864378048337757	-1.4373804453010108	-0.7452482543357196	-1.621652586287699	0.8449223374774347	2.777422072031371	3.6386835936687265	0.14095419576099097	-1.2339585861225761	1.779175688759827	-0.8559787038770005	-0.3515466126684943	-0.797133030985845	0.28859632192516155	0.3713403433599938	-0.2988166539225177	-0.3890359349246598	0.29234113633924097	-0.06348302298959645	0.018986806148087676	2.422836358748878	0.5707590110146972	-1.049395496846575	-0.011134292057190635	-0.26359504559734576	-0.22317056225661028	1.7914902171699172	0.375370522097	0.7658704330993159	0.07855174805029864	-0.29937335736929643	-0.9475255328624993	-0.9234986816683254	0.012440232711252747	0.983264482416736	-1.4879257492013092	0.5780789320819207	1.1817639414418732	0.24461010089211255	-0.15151673779910912	-0.9908708531599382	1.0658565169364376	0.06338925559059753	0.28974773393523684	-1.2515006304796708	0.41536310209258087	0.6899360556548118	-1.6499978273449536	-0.40444367585810176	0.01580672590583639	0.42372278092285975	-0.20222976201021045	-0.6565021796667999	-0.11405660720229846	1.5826375459454822	1.0938908356080852	1.2604640981673993	-0.877739386277461	-0.16053238846841578	0.9650792209687873	0.1742098056339618	0.20992056228507613	0.6132109562673638	1.3124276814914737	0.09854828421202923	0.42501903825482945	0.7236435726400701	-0.12368832988084968	0.4559978344257983	0.860702135507366	0.9238928821432374	-0.11911490861072913	-0.3057179377572037	-0.6796420431205427	-1.696629351426385	-0.12333923123480796	0.573645289778646	-1.099591494959463
DTXSID3020673	24.244508771208785	2.6807200913952474	3.3196513916504147	0.15900308662764148	-10.124349272784919	4.372162295397716	0.12731003996774792	4.09705292236292	2.56265945310896	-2.5536441386471185	1.3892052687376457	4.496948676110385	-0.403332626447885	0.03941354215912084	3.465623414845826	-1.170114212661455	-0.605042262344946	2.132767467434134	4.054303378596746	3.244097235589087	-0.5284635528394263	0.24700800776209747	0.6277994075880708	-0.8200758505234932	-1.496469487822364	-0.7053138526997142	0.2512920580393985	0.30030619199907294	-0.5683187815341134	0.13767393547049633	0.5993557945174413	0.15199495169850677	-0.9856984896295989	1.0676575265713855	-0.6963372657272757	-0.20140987774069394	0.9883384637768243	0.12015782050848225	-0.8297700403033986	-1.3662786692297075	1.5322799015037027	0.5945320313943231	-0.3304285729362475	0.5368208825780378	-0.7505779710347694	0.5601351078360354	-1.7879404926685885	-0.3547117693566968	-0.7520606758135873	1.187326398409044	0.7879720550490985	0.193213139988676	-0.2560923594751736	-0.7449670239667016	1.186613148064537	-0.4001653462353064	1.8760358415068634	-0.33722514269484605	-0.18546288402150288	-0.021624538735702428	-0.025577624650011774	-0.26559278540779746	0.5652222113083809	-0.225653760227601	0.20007542042914703	-0.2524535177623248	-0.08593923031340721	-0.12082521386398667	-0.18824821714042203	0.5578179401928667	0.9350731588576213	1.2931727795646437	0.2099986478811342	-0.8399602313512813	0.2494620888232715	-0.48973246187394676	0.21181281860191892	0.9012648041695407	0.23287319683329422	-0.3238187087447806	-0.582606856953046	-0.5275030159147971	0.9438275876986139	0.16011863944114732	-0.3639206318959182	0.07132111336197361	0.5865001865759973	-1.4315350648781209	0.6008496016629792	-0.08925287952152508	0.7237250242346517	-0.12317877393642003	-0.8814749676071724	-0.7234956203039724	0.3810697659934483	0.14974174626206677	0.5080238213408461	0.21180869354740178	0.008016882024264711	0.6394852050441242
DTXSID3020625	14.085960372456995	-2.6267144259707327	15.41228151353679	7.090568126041481	5.090452411473761	17.12230627796012	2.91491246314662	2.5894308602331115	-3.31528977119397	-3.0254298384792753	1.498051485218306	2.0976326215733705	-3.5079681131159637	0.695589518295751	-1.3362756602827204	-2.22652508153979	1.1033315371823038	2.4225124420194497	-1.8918889628684594	-0.6037401304850789	0.16968075002871022	1.4196049248644882	0.9197133758923808	1.4530968449398647	1.365183142145729	-0.49672787213951713	0.6294265617667105	1.1265865926386534	0.5709547351430385	1.2220269552829868	0.27970974389404596	-0.6127083734144182	-0.5319049228290768	-0.32833564175251395	-0.7763836472926181	-1.038252336286408	1.8814313574348664	0.8820230982402576	0.37181296313193346	-0.45498271433003534	0.6247265770601184	0.28985701642857703	1.0048586496361125	-0.13012779942507013	-0.09377209895264338	-0.08389698358791091	0.16770012931378223	1.0262387874453935	0.7578507111665658	-0.5687251573809297	-1.440758333466952	-0.17556765716084088	-1.2707791523316032	-0.2574201975730498	-0.7179171502257733	0.7506739522642999	0.6569779965106389	0.2588902585676413	-0.1032280682935188	-1.1822195589912547	-0.2909697048673539	0.27745203270254315	-1.3703864915713329	-1.1633419652800951	-0.5593089297660652	-0.2990676454977658	-0.01733692051476498	-0.6147174712917562	0.3121072247609831	-0.28122212858842693	0.5086431368465366	0.4821933096280641	0.5490253174265919	-0.27782593545442413	0.2254908114745984	-0.12107543763726474	0.17897654082202652	0.39870693319339084	0.22836801809059865	-0.22610290165120253	0.30353817916737624	-0.0811255903360267	-0.2772790519778729	-0.15340885423431008	-0.675728921685954	0.295616365964969	-0.5995521129457728	0.0640125743825305	-0.012632316148175744	0.04619688646659501	0.001280094476925989	0.4197731030001495	-0.25795613077030494	-0.20452845073973822	0.9822731983933779	-0.5713230058184142	-0.72048768886145	0.41098326889557296	0.7263892337174467	0.9119082787312504
DTXSID3020621	18.21880952041395	-10.4001569636519	-6.580053526363924	-1.8415958455779478	-1.3935221328657326	-2.220497269423012	-0.8217939894062465	1.7026626560990321	1.096304791072841	0.049546258445396396	3.714932006604703	6.012023815752476	3.482464585606089	-3.388706883328923	-1.9320581789399536	0.8469020242113519	1.2497593217855798	-1.0402042955799193	0.48871119177225536	-0.17488525916909897	1.229006097661483	0.9905624143422939	-0.5139089853929578	-0.9334232241056001	-0.27550810249965013	0.827931404618729	0.0701890418617985	-0.16606935790455837	-1.4616400226870623	-0.8805524970499918	-0.9120455266533655	-1.061098966971171	-2.0386933403572223	1.2119094601470548	0.9883223785174183	-0.06394166650788644	-0.7829074829364377	-1.9664358507645103	0.1955900358313024	-1.9484665145634037	-0.9514807973294461	0.5732467210729287	1.1878830420841044	-0.18069610129830918	-0.6271209411544213	-1.1239035144970018	1.1177978472231704	0.2324938211520863	0.4849405735237032	-0.4902263179851715	-0.04274055962155586	1.3272020008656915	-0.8595343575213641	1.29430919400969	1.3690331353136846	-0.2350129485759127	0.7714966586842369	0.9774999202132473	-0.12241236485921672	-0.6310038377768552	1.3438936635332044	-2.249133450040495	-0.7592773524020467	-0.8245645028279902	0.29503569251733824	-0.2840831042409421	-0.05479589178966076	-0.42964389955575016	0.7878391092705486	-0.14951848164162115	-0.055945200968675536	0.6411647826396463	-0.14611794254370014	0.9684919680309446	-0.6664653322954939	0.7173801372735203	0.3578921374132579	-0.36724907253568356	0.7276125341636772	0.8745349937033337	-0.33222968402523523	-1.1230644346088947	-0.27897511356398225	0.6590298277231553	-0.8499703218733964	-0.17441200489351613	0.07559071970909088	0.5433555011599023	-0.17766079539716836	-0.14394950808762444	-0.6861629719630423	-0.003153218470485629	-0.40824826869842296	1.1023775078517737	-0.6486197641550147	-0.4955107054989194	0.1382763409333927	-0.5219984232563892	-0.48972741127527636	0.19250856743351238
DTXSID3020887	-8.031602352935376	-19.063799859806572	-9.16587884583635	-5.16450638975768	-2.2703970963563975	2.4530177412607896	-0.709112530608282	-0.056865499080669776	2.743612345583454	-7.720085914628337	0.5933510033110182	-3.73738080936766	-0.8964757679909929	-0.5609278967526989	-0.8491243133375063	-1.3038475137415826	-2.944103707796523	-0.22158108737984597	0.6042956533104085	1.6431057685917252	-0.6742389692826579	-1.284446842716402	-2.970057025322193	-0.49442845300421684	0.13070718217235253	0.2961357321362372	1.2059521539512548	-0.7592894063065216	0.966255234826755	0.4727117555045811	0.923105979389222	0.08529237556121598	-0.7147915620982493	-1.5468373494125474	-0.4295178265121143	-0.6425519891926257	-0.38301956487211614	-1.1588805060215677	-0.5202209641064883	-1.1160030104942287	-0.23029472939175813	1.87947480857984	-0.7954684429512117	0.5292915703791695	0.6577419292015054	1.600427105253109	-1.0234354507014618	0.6172962401181257	0.2578304697844959	0.12290016639596009	-0.8826269389979925	-0.9914755246817634	0.3965766272994239	0.054401767399055355	1.725126395143031	-0.7664751114242588	0.8457654860068855	1.3736202786327458	0.5585781518727478	0.2140235540049865	-0.4888682156374722	1.1770106921857866	0.878794576042137	0.5196802321541996	0.471142306038509	0.6415920543367604	-0.617483679418204	-0.6072959700140046	1.1874981335834132	-0.04055146805676682	0.8063991215002883	-1.4574087092768397	0.06165483215782115	0.226799974224674	-0.284719992230279	1.0847253434572082	0.40503550285188245	0.1714038603322187	-0.29474794361538176	-0.27240196040961395	-0.6228508287298583	1.104036271446827	0.46839218091290663	-1.2901132510558044	0.07352628171752412	-0.4114311366317081	0.7297917604780277	-0.26756357723343493	0.8516264034623009	0.6100430921219986	0.7514243493107241	-0.6478353211078249	-0.5408530256031556	-0.6822377422656951	0.9134069994045324	0.07596118667344794	0.2203056805426054	-0.5718938476820782	0.08468907400321309	0.5568525459843505
DTXSID3020679	5.322490564678569	-1.8867496593918376	10.461959179535498	-14.262530716721875	10.43651582208826	16.25278514225845	-1.4704309297795115	-8.725858642836165	2.4026827455832884	-0.3410375167253732	-4.932294132678463	2.6407886079101877	-0.18201785614130817	-0.6995389005811602	0.017595181878832723	-1.16676402303485	1.024157480226297	-2.9030042313329516	2.91620816662585	1.6587646192657726	0.7936643215736533	0.7938750110079372	1.9935944317428822	4.103634156741332	-3.6499649954963767	-1.2702833449145678	2.0818079162095495	-0.5077773103908939	0.8850278305482221	0.16934266825531238	-0.046357456496992654	-1.3456383367119833	0.9496942477620329	-0.696448675652625	2.660722455768894	2.0074378164648805	-1.8306260381232293	0.05265664901690243	0.8242065784821607	0.29947368216396053	-0.9505989685094407	0.13356641738374753	-0.9007310014539593	1.4612734047250637	0.7465455816453828	-0.03193917837371312	-1.7886502763252345	0.27352054255021246	0.3201753690812779	0.8149615464300524	-1.808944221511652	0.005453017827742526	0.39395655192751905	0.7788555277528167	-0.43353610218553257	-0.3152675137277093	-1.3441128295428197	1.2494570914362775	0.26904801143027524	-0.1949870118783042	0.03703665018486092	-1.0639209369700133	0.15734131945608168	-0.4015956678548785	0.8434734842279988	-0.7325225896497773	0.23862801147716195	-0.8373972799395131	-0.5020314159492434	1.213597546292583	-0.4043870930678826	0.9122923504733271	0.11237864704237817	-0.8253516264898606	0.40634183052998174	-0.30439101669801744	0.4889327190421976	0.21141989968999553	-0.4138069109899322	-0.3084492909718822	-0.36092707996381757	0.22644189799820277	1.5794995760465902	-1.804511311770161	1.2968479935743353	0.1126503802013313	0.681331282970534	0.2855432022724294	0.023810872883728643	-0.02028276979624238	0.5337104357702985	0.5441868302405464	0.41074627809245823	-0.14010204846075155	-0.2983069776554729	-0.7227212185909024	-0.43054950666703257	-0.4245652281717742	-0.462872567132993	-0.9292971999381114
DTXSID3020916	-4.727861033939745	-15.3179765213902	-9.597758465626988	-3.0828243049334088	-1.9378674966135698	3.850011892758464	5.692955955512344	8.015980890442975	3.891681777400602	3.189675257704879	-1.8451744143919067	-3.8400650663585587	-3.559976657960462	-3.8900928196572515	-1.5030459879807938	-3.531779365083964	-2.2796767114705596	-0.6618482648264585	-0.3833061399902002	-4.033524077686012	0.8488269971680064	1.446979904543758	-1.32667555532757	-3.1895159064875975	-1.8384960820183984	-0.10144446869933374	3.051138713444719	-0.39835294315088	0.5607934124184305	0.10771770701465432	0.6523464856816691	-1.8266567814506192	0.6373850255507957	0.31766165310630845	-0.5737558190325949	-1.907463918217511	0.3272005755415092	0.3105946071076376	1.117339942185703	-0.2392722819137373	-2.2614990521726153	-0.8322015186674693	-0.8849151078174176	0.034556808085409604	0.0550862990430398	-0.6278388686807714	0.4179347091993783	0.08610712693498708	-1.5974611210835932	2.513302326966648	0.422516226377061	0.6335989761724913	-0.6461401305773087	1.7090350809241281	-0.9119111466233252	-0.9670580458576128	1.5419196295568802	1.3717755928071167	0.3377101366215972	-1.1928415322681312	0.3260131266234859	1.233419303282539	0.9386094205854344	0.6515664052711261	-0.13679963808391635	-0.5738776714267149	-0.0952112252204547	0.27774197077992807	0.3963855735740974	-0.09765500740197366	-0.475247018720005	0.14516937825882334	-0.4973664261836167	-1.005683802079964	-0.6815053707056737	0.02434634426754182	-0.43820767505362396	-0.06594354703883534	0.9522784716889142	0.18734887899945574	-0.1606654623400346	0.14260222857178742	0.9066908438987223	-0.6852068870839634	0.22332668287696938	-0.3933151290718862	-0.3287700616182175	0.6553063502601468	0.8126366065460695	-1.7838773729762383	-1.0930958834789946	-1.1712587529513014	1.0517996564928789	0.417183597126724	-0.4384712993548156	0.9256400274652109	-0.12119101318711553	-0.07458776761934582	-0.2507620194324957	0.8659436603753332
DTXSID3020910	-0.2475608012008559	18.31362268324419	3.9741897214472552	-2.8937767030938044	-0.8460867891880121	-7.307441290676236	-3.357512325039786	-1.4728789155947675	-5.073077603327138	-5.277538975724481	6.336346361161687	-5.093952399301306	1.114079378121867	-1.3210733879432408	0.049880531137098595	-3.541865080004691	-1.7383838145073431	-0.5019076510328387	-0.37536003927108086	-2.271878579665233	0.9006738332213765	3.221221437887685	-2.5992307018544394	2.090655987697785	-0.4540101414965921	1.356453100780795	3.34118775454044	-0.8634765098653313	0.1480802354075983	0.4773282043515398	-1.035402160701788	-0.29583237568250526	-1.19048718402649	-1.4588762459870266	0.4708430606485194	-0.2659922083702155	0.5282465930207195	-0.3631243402533823	-2.562760833160305	-0.011398407124838798	-1.8236013735163839	1.4408605778187593	0.4487653921423519	-0.7494599377254032	0.34015766463209957	-0.7592458514820605	-2.855688722588883	-0.8122550364799604	-1.336803018999905	-0.7044132143764035	-1.1150770846613944	-0.12696692395676587	-1.4673146045886254	1.0101774785710405	0.3061183450195844	-1.6478248842485514	1.0281031680288815	-0.020465741315050554	0.8532135778285367	0.726623878571394	0.7037884202789628	-0.874958209740103	1.4967632834094902	0.6664200775349609	0.11687878350357582	0.5665858788407332	-0.8711031986862022	-0.20366682421751284	1.5185792143495362	-1.1827651288874534	-0.8275417630086076	0.2991898116974884	1.2409687017725362	1.5480851594643137	1.205084439856544	0.10890930904335552	0.29897632949774366	0.795739905500637	1.0419970388830646	-0.352504718709737	0.43165882016904067	1.0037624340931672	-0.9738994487864614	-0.15266111610341618	0.191911850060624	-1.2352565685867467	0.025850084013753293	0.40877075448746314	1.2473929891509088	0.985034423009909	0.529458066726595	0.8290231349776414	1.622532627094962	-0.43690106682015495	-0.7513718405112164	0.19823288033995443	0.12988121187803015	-1.251506607854597	-1.0457412669587312	-0.06232192517587017
DTXSID3020889	-12.080866627562543	-16.61364125478294	-1.3444044096841576	0.3009053365111019	0.2680790345445664	2.3916099605793706	-8.439973048165633	-1.4179549623929688	4.0691245074851645	0.17399117936622258	3.801454004369387	-3.006451614619338	-2.419079028110137	-1.8647729360867824	2.972512169539897	2.0202997917102796	-3.823339987051301	-0.3430776596751211	-1.962565200684236	2.0461613806285457	0.05193338613520819	-3.3066156186588747	0.2068661296845194	-0.965540894029378	-0.3353619579892579	1.5185007235403933	-1.1679054131552915	-1.6013656416395108	-1.3506381043529183	1.0429091146039955	-1.0273053189839843	0.45534715991240743	-0.8727376325453126	-1.4123605315155707	-0.10432999857881146	0.6513868038854788	-1.1315758604556574	0.0216496687730381	0.14940281904659347	0.14542994763946487	0.835779836519463	1.2173383138086709	0.21335205631276974	0.20308881093771433	-0.9892193174440405	1.2705755046447231	-1.169296411608197	0.4524377665455696	-0.3369903074326392	0.23952164266956466	0.2258532801011349	-1.9249963788087023	-0.9486557126985331	0.11825537036302548	-0.006571572486127756	0.666268389693803	0.4007724327660701	-0.8433882814086591	-0.3325248946694841	-0.3065429286193968	-0.3149532636338441	0.7445924119316621	0.2575534143740929	-0.24537737197440113	1.5110185210249374	-1.1244386678682186	-0.2858229912265768	-1.6413201259672014	1.1106654644635139	-0.554792857548219	0.5052420611235213	-0.4137353761174803	0.4287795179539966	0.03658528174721968	1.1077832743479965	-0.9059598492899341	0.8624016738708519	-0.3800660258783583	0.45044863101017113	0.21152916580795433	-0.3872694784788485	0.40544755523918447	-0.523118893169106	0.010484268567299584	-0.665045275068141	0.2712051952406704	-0.23168791045250098	0.4970634663912556	0.8233884101260343	0.7179293651630839	-0.485147052877078	-0.16988018047943448	0.36189957381254556	-0.7649836413458022	0.4235321822533262	0.47214270480762854	0.5723496973237584	-0.22574262830989622	1.3230615337336256	0.7573141048367018
DTXSID3020964	-5.894050391116551	3.4694780868701818	-9.577698529442754	-1.1428984663153703	-14.252224346711966	6.546303948453218	-13.09895194045269	-1.630448820011483	-3.591640872444608	-1.7443763651921764	-1.279567889801143	0.0574387677883685	-1.8028366015505803	-2.7143092246299902	-2.194095238421487	2.7961307634715205	4.197070665614104	2.460173755425847	-0.7406435367292823	1.1643244452758927	0.0687187272704189	-2.03432812625928	1.38181031993885	-1.353318673405648	2.3872254697516224	2.225742684157534	-0.699033251051848	-0.7988537232624017	1.7393484539556652	0.49346928808963686	-1.0825855573035312	-0.8702223189009024	-0.6210184710951324	-1.3742891083569113	0.44423799337707603	-1.239610889574996	-0.07219163494336783	2.046135954202979	2.0564024708659643	0.8574323201603025	-0.8820714954115683	0.20481840033508036	0.06329816991698092	1.4201559367697663	-0.4734562243932122	0.8718471297084355	0.7598043691809396	-0.3548837719584664	-0.2002418232929212	0.12263538034989745	-0.6901371020260036	0.46498205658415587	-1.0899903884290638	0.4936376111643058	0.5141705942520494	1.0859577293684028	0.8683977961183698	-1.587827825844383	-0.012337620526901922	1.164124023575782	0.6762369231859912	-0.8775491570082725	0.17159544943079028	-1.5421110884414209	0.8320792580724083	-0.6372796588145653	-0.25627971161091495	0.06208648281706786	0.7572567297373268	-0.9954136134077934	1.1705397329222211	-0.036042130490786875	0.9561732745320537	-0.8036632876335394	-1.0996236502004615	0.38686523770074843	-1.2358142523757911	-0.08867506694054697	1.0808738106244977	-1.0099487088641397	-0.06395438625236778	-0.5199506791904286	-0.5667446581738	0.23325767026411562	0.5802296428869181	-0.42552257466962645	0.1733254969775435	-0.14264924615445604	0.5104872575778512	0.30735368888133685	0.4879537342227473	-0.395811985712919	-0.1264998078734153	-0.39162367319090696	-0.7927939457826534	0.666416632668573	-0.034879403576581425	0.1821293973693437	0.24422317534378596	-0.6642504946745043
DTXSID3020966	-4.961272960324813	10.05214980186388	-8.503228453667987	4.077455899321788	-15.238642604409309	5.77136504799503	-8.555613549744097	-1.82177913177981	-2.901008126179639	0.21783713787914155	-3.2500089235928606	-1.9755496958864076	0.3741814457089738	-3.770153399847004	-1.3383322649045954	3.667737900985111	1.3015624917886055	1.4524225843270782	-2.506449593731171	-1.5841646745625786	0.5006422860138117	-0.305869093905777	0.4944272376214288	0.28101261853320897	0.35348191092949294	-1.2748738978773593	-0.1929656546034747	0.7090762414320496	1.3690312095933361	0.45597593861730723	0.44159902372133736	-1.4772462396810009	-0.02951712249675253	0.4302974935472621	0.6790098740247853	-0.3825229512869552	-0.4654682200722397	0.5896682070171311	-0.26174777068086885	0.20949679759310919	-0.10479257464949954	0.9603270808669686	-0.029239162822695	-1.2373040233440873	-1.306459631123071	-1.5176237957346141	-0.5749697944375982	-1.023108860879425	1.2125041532579732	-0.9220198121023265	0.34182540769572556	-0.1821055920222402	-0.5639099228658915	-0.8069783330702531	0.4133806590921019	-1.7489670820536931	-0.6216839638809213	0.5468710042974229	1.0254426600263291	-0.38340747197051295	-0.42229149411798983	0.41430688159061607	-0.9052945947981454	0.21862781905917877	-0.8423530146770238	1.427574768851198	0.1874896899639933	0.6619839065268177	-1.218735009645464	1.2842852954162518	0.04628390382009848	0.8086908480894872	0.5366631681122087	0.7263279255436706	-0.08827079980928801	0.44774332459483374	-0.3248759922975849	0.9750843316526757	0.06329682878275295	0.18244498858831307	0.22768960131034244	-0.8291657689984026	0.42733301772784543	0.028225709165390325	-1.347876839508316	0.7515554212884674	0.8302821070418925	1.099521760706741	0.09059314606966871	-1.2288921999925364	-0.7773888202783985	-0.959902676130306	0.0903559237991807	0.3347397069853655	-0.15105305829474674	-0.18555450187757583	-0.679520649445551	-0.4344595360017399	0.12595396736608466	-0.0129804852884395
DTXSID3021196	-1.0693540651871245	0.5627415021039766	-8.612992389723672	-6.581584899559964	10.514174912829322	1.1994691687192771	9.736301256625685	11.979619565910706	0.6549679650985243	6.005044291314707	-3.2016243155272814	-4.636375632329019	5.838629212191373	-1.6031720999188301	2.6437592974071507	-0.0651919962005868	3.428785946178138	2.6309772759014223	-3.042785235908763	4.558325435664688	-2.2021104386928108	2.2615419925617806	-0.20674575050511587	1.2521320064873018	2.469855197763954	1.0605842322474102	0.46242803469056837	-1.3642348000439195	1.0388525999754488	-0.5032990955046117	-2.447903100415889	-0.4752397021648865	-1.231791943828724	-2.5741568182552195	1.5673894215726532	-0.09839610201801599	0.7579265373633103	0.9115592269415114	-0.26353402291250155	0.21581608604597086	1.0412541179095922	-1.1779890076906698	-1.3719620249987905	0.9075561843504195	-0.5268778161563532	-1.4356429159866817	-1.18468764465323	0.08693810630438405	-0.10803574170641832	0.017903009266226445	0.9639741971368481	0.37124653161029264	0.1168357716509812	-0.03613928252907198	-2.0274076272672947	0.35662201590529147	-0.3471466412125652	-0.06647302111702819	-0.07327236225435044	-0.24101887371712974	0.02139590830676863	-0.18920056266648147	0.2701160520761283	-0.2686296463400592	0.07724434528419942	0.775721013729121	0.010597762609223441	-0.27959602749980933	-0.0950229492818326	-0.4562105763635503	-0.1964489057491485	-0.1849154127779277	-0.8436903923774711	-0.8662576595149547	-1.0843991496739622	-0.228475066260509	0.47419751166509894	-0.31401407885817684	1.026943584783503	1.7426420148922748	1.0104694157027798	1.1205378118749865	-0.33164210973835556	-0.2720802402437713	-1.136817277227481	-0.5817915816619805	-0.05622636565586062	-0.35691982187994364	-0.6865328628902359	-0.22191934526441429	-0.9490614312124034	-0.14431197236768398	0.8784186415988067	0.24296159982789048	1.237614994069042	-0.03373289729847597	-1.1280033673379082	-0.7626431957680707	-0.5457182314289198	-0.23122560564792458
DTXSID3021356	15.826556748875852	-4.761217201619227	17.76166872794136	4.358967719009801	-1.4797128970102296	-4.7608581204350475	-0.05366949772473123	1.77036298029994	1.2960974476040459	2.4108768943410785	0.6710338427018645	0.6895961968243612	1.9717010281811262	-3.314231246719282	2.003721449902694	-0.008397160155277188	3.1836696533094906	2.229376974096332	-0.8076715900210379	0.20629756386575263	-0.740273314511419	-3.1143239082539163	-3.883145261667482	0.8188160840916195	-1.1214630173262072	1.069045062516645	-0.8820964115966465	1.1979001931176299	2.247341108419448	-2.264475652180961	1.5679177013336156	-0.7422783070849592	-1.2636644236097663	0.3739342592411614	-0.23231603909143259	-1.2711035840998846	0.8782363316740001	-0.1747645243655516	-1.7164773437010108	2.2019185807478396	-1.8005450810960208	-1.2940355007510838	0.01623623011687112	-0.4283339596865031	0.7724459243409674	-0.15420085121643484	-0.7335066233816571	1.7941228345168005	0.4112104651214653	0.380093828720943	-0.7001097506207052	1.1687826070661353	0.19011584886340616	0.9729037970480977	0.7221648327499735	1.166445814335934	-0.5761759446508552	-0.10120197125548729	-1.96174509185203	0.29050715011312933	-0.25435201603312324	-0.49662123879411296	1.8836601151601682	-1.0713188907330227	-0.21777740479247407	-0.8360540969667523	0.19065564309486693	0.9689605596223194	-1.8809285004259337	0.07565933671443101	0.6561393879238578	-0.7360793378338013	0.08880618821240595	-0.01448112164781309	-0.4559389224136372	-0.7531887573542313	0.3797445660063755	-0.32317650800370096	-0.08058711678697311	1.1768570004237116	-0.4669074999121261	-1.4442089595933774	0.7337199817047934	0.035026149555262946	0.62694564037037	-1.1646306519725729	-0.21075316270904196	0.450540986227665	0.5580659656542836	0.9739141145769429	-0.7067532270283045	-0.257765657254542	1.0469084898026428	-0.2760434598257284	0.409565617694905	0.13166058034629013	-0.7978115957489321	0.36060068252223876	1.3288986174092945	-0.21748121973997156
DTXSID3021277	-15.464729678369636	6.173596988619446	-0.7206444933382931	10.47732786107806	-0.12946409249787236	-2.3369586814513035	-0.2289529969625715	-7.4260265233484875	4.917601784231984	-1.9091661040161536	2.241456543043605	1.7143820699390258	1.7720593945812704	-7.420149134663976	0.940127845302505	-1.776604038972213	1.0514497075867417	0.5017248463571355	-0.060394952209964194	1.3173512720577518	1.1563370406643276	-1.1338069811737905	2.1639266404822943	-0.7689009406056638	0.7017951021562837	-1.0183991662594596	2.2594506980282008	-1.5675956348198923	-1.5928305001320904	0.07234971655742747	-0.4512424060704449	-0.6249311641987265	-0.5122719544999557	2.9538641074071625	0.5846275709522369	-0.3876998132314975	-1.0248453913467626	-1.026163015116047	1.9221680908523517	-2.6822382373475047	0.6459048597618594	2.026021998854051	0.41439022434273054	0.45908180238716717	0.963318724312502	0.6561743788996752	0.8455937333401996	1.0002485251768891	-0.13920951506329793	0.4251311858414453	0.6550114322519467	-1.496498364573922	0.6637281036968843	0.3995291197134499	-0.5694151194602471	-0.7628841622727054	-1.0163537034435186	-0.3884672334241625	0.1079479598157888	2.0977005575646768	0.5260086900961578	0.3361092993294368	1.0591434419634445	-0.6648218952915854	-0.023123136023523512	0.2466111031240053	1.7351902059229976	-0.3751618533624513	-1.0697888244846767	-0.15441473808047138	-1.3059293916570898	0.5440126784214245	0.8508601510181159	1.619799992635446	-0.1949747435326916	0.0604870896308887	-0.9658834005969736	0.7985111669860145	0.2465547061687085	-1.8189833854408688	0.8669093386326726	-0.006180933293683704	0.17592832559304064	0.06985605376785785	0.9621054713429297	0.15229473105943145	-0.3515888824614634	0.14375370698501103	-0.591577302047911	1.2576274064227697	-0.6641311970699006	-0.48242429136660137	-0.1590717538717335	0.4647827484643983	-0.9253928813231942	0.5280405571778812	-1.7361055778101777	0.24875747060190317	0.4226994850017008	0.6290970278104608
DTXSID3021358	11.977866648398617	5.640419807586033	-11.524250654007513	1.690012695619463	3.5294866861468326	-5.302825677192152	-5.897607490993185	2.903472192262587	-0.268106733712282	-6.0004391777171	-0.2574846422953526	-1.4779117575429548	1.6275836428515797	3.65370880916509	-2.2925143028386725	-1.4215721387779523	-3.7733680321534093	5.399732916295395	-0.4088097976755898	0.8489641014954106	2.3748122875745152	2.0448039184810485	0.7565973544965087	1.6711797584772903	-2.7140622048996987	-1.4785390214802756	-1.736993110965514	-0.365452104355758	0.774284373407225	3.4121282788070024	-0.00023714491772520231	0.9677035372833579	1.614380436197089	-0.08184215181823885	1.2754286398260057	-0.0976805692045831	-2.1826763004316634	-1.0076404392598162	0.7824081987183791	2.403144394458716	-0.04944169674990044	-0.1187897624112263	0.8021031697968262	1.0795181190782361	1.0634829924639477	1.3278436418705697	0.4871355896373855	-0.1974671417542386	0.13952866700414243	-0.08143111423642747	-0.12873174747451757	-0.4200718278040854	1.3215002555539463	1.1124789469244127	0.7955260749576212	-0.46472559520390916	-0.06953225512342996	0.2204817789701068	-1.054327153895094	-1.45997067371645	-0.7824252729807993	-1.5224945619363786	0.8944667560995407	-1.5098392770111004	-0.5432348601993404	1.3831581705556149	-0.5213765358024117	-1.0383477610589504	0.5739750039001644	-0.24367602520542433	-0.668162162690804	-0.4074941919113245	-1.7205381593988829	-0.37127693385212873	-0.6260753020862516	-0.13165629375533364	2.303922905681056	0.012989951439226924	-0.2771391774647109	0.0021614683884482273	0.8622152883552787	0.25936000348465094	0.21246083800560472	-1.569894291473635	0.4878333034017863	-0.7592533011243054	-0.8787834031797374	0.09315373184460934	0.8157059369898743	0.908302180724854	0.5181290581907098	0.02409734393014449	1.2611195439589344	-0.7634091333481458	-0.9240821203996743	1.1867872176201124	-0.5945721925472602	-0.6808811513595877	0.08223612035465377	1.8053379237917628
DTXSID3021518	-12.166732995458222	12.303248701923367	-3.9018973166167985	7.418136462755271	-4.411557855149299	0.3802785186391491	5.00734619088922	-8.658740651144397	5.739922937527796	-4.127885355042384	0.031993979567503016	0.13056886241265567	3.7671220933494336	-8.61081575525659	-2.0573764554432215	-0.33182446851930564	-0.6479905551549621	1.3890183538851442	-2.278271835884956	-0.009131475047395471	0.9415191809867858	-0.9439583198456666	2.1309131426899754	0.33488031446439454	-1.17944237840574	-2.1969778706815513	-0.8354952005713883	-0.6133517645983726	-0.3651096787998182	-1.2412276070512747	1.2189085649503903	-1.2581132254016423	-0.32512161279412016	1.6844613966776056	0.4771359456543562	-0.5883110767774223	0.5650150980588798	-0.13029455733995304	1.091572246766047	-1.4986406950036548	0.5160721283920346	1.9960916262120514	-1.2720023152529591	0.2993014514666322	-0.5780030146996319	0.6957804242383344	0.14964869191274235	0.6399320108393941	-0.22928506909673696	1.4854545428127257	1.7146860081164834	-1.0756720317970332	-1.3383533263583565	-0.2808589674140988	-1.3794457955644919	-1.0395112412629983	-0.32852729032625627	0.5865614312199424	0.6751864923688978	0.22240691061510706	-0.056053873442440935	-0.19897383647883587	0.20248398464354028	0.0834778481150844	0.44431608031624326	0.2740669280696485	0.17872672643717918	-0.39203376585850863	0.18326610838684035	-0.31214304188639164	0.010215976469249256	0.14219676784826837	0.8944924520043941	-1.0107334640884977	-0.4450487957503305	0.35741416357425354	-0.7317760188418049	0.902691929006419	0.07516671117555723	-0.3666135954449678	0.10019939166975257	-0.2626283281664089	-0.5970345842458292	0.2803550944571848	0.9330661103857255	0.6719552915869175	-0.11870442495371289	-0.5133294021586876	0.02163705634874534	-0.04492068052019369	-0.004812050568028544	-0.012141180047641704	-0.6361841405394498	-0.546181640690998	-1.0601326608946096	0.001576894505363144	0.10742663350366081	1.3421506078151486	-0.08147039248178772	-0.38017419162681326
DTXSID3021643	-14.255493428742984	-3.3317842817420695	9.067571312453563	6.816843784289491	-2.0205506107299533	-4.908334099473769	-8.636753421085341	-0.47611596457693695	6.205429327253099	-1.2490363215223061	-3.3648562244445177	3.515259408433192	-1.6521745853777072	2.4639621195400974	3.9474712125388596	1.9992305042325003	-1.4070037714521404	-4.028104766437049	-2.1452116793305285	1.6998236275161882	3.485621715023215	2.081615034582157	0.14177321409565596	-1.5569725301584658	4.572311109660733	0.7852711821572523	-0.6447766519581899	-0.8457788944234527	0.40029662978512925	0.9063228269144128	-0.33185847247177364	-1.4956681545761619	-1.5626988125501269	-0.4540019340371356	0.8049878382631445	0.21317190779306464	-0.027592586125181253	0.8803075091703743	0.6551369229988095	1.4361200216707108	0.10602160745076257	0.6593370643221866	-0.8040816316611406	1.8977542223810304	1.4690015006028188	-0.22624474386912918	-1.3607032634731377	-2.0488932351761386	0.5854854726810581	-1.1522928043348208	1.0194788383904707	-0.4150005317481004	-1.0437744786783676	-0.2461265734656298	-0.8553201608617593	-0.30217596568430494	0.7046293473963852	-0.05242309679841553	-0.6448888720931346	-1.513393088799947	-2.0752342975029423	0.04682904209385581	-0.41863461429426146	-1.2810783411495472	-0.6175713315181124	-0.2620218493755358	-0.6575289293604355	0.8392394616801495	0.1998106138650985	-0.8003786861257214	0.814849720773519	1.837086702797825	-0.1302384894779468	-0.6534010484999321	-0.4921554557021189	-1.09991030744039	0.6396535767090118	0.897737349857359	0.6124404984629882	-0.1413044309347908	-0.23295276190741865	0.3571428865361267	0.900090102983189	1.0452704936611634	0.5152588945062344	-0.12669497781455114	1.405749716417678	-0.3592536571772811	-0.37067964940260334	-0.10852579428905254	-1.033378445994134	-1.1143998837998623	-0.8768396698788868	-0.16657728112698253	0.38692580118901965	-0.10700528071160763	-0.5070158734762131	0.004208210579826316	0.20591863214731226	-0.6360073374640137
DTXSID3021774	-6.136339035144331	-20.447866350646315	-0.2763428620010423	-7.54587411394359	0.5453359560013462	7.548579787220856	-1.0274323888208134	-2.626755074960286	3.8729649772538854	-9.314096465419622	-1.7560428243141584	-3.029911238713736	3.166355847067913	0.8357843846694035	-0.30547728182681655	2.0342225767646394	-2.434826681857232	-2.299133059393552	1.0564853596643797	-0.6859254377919687	-5.457455744614279	-2.0793812555706355	1.1098591546710994	-0.42617998916393657	0.45248112290129977	-0.12137549640795113	1.9032908437109568	-2.758719897316297	1.8211352469401412	-0.07911139116468548	0.20700714728639102	0.3369863621287095	1.5094260211872608	0.16283535267855956	0.2123470392398272	-0.5847931792202363	0.16682483322411687	-0.180549557451212	-1.4580845017810167	-1.1813262990424915	0.7185968012766608	-0.32655713874011866	-0.3017043978748204	0.8926886978825774	0.9534499011567003	0.5151954408062239	-0.5149238350606969	-2.2254636743029748	-0.5898593339245679	1.1450291640393142	-1.0802752781103004	2.4157202806232574	-0.5572252293447372	0.9071405482049715	-0.505953867382192	0.7287185006795643	-1.225718562580106	-0.13464776867477787	0.34747446333771836	0.051393707194987134	-0.8814656316565352	0.14108748348942984	0.2579844998290461	0.7289320641397317	-0.7087065984666209	0.05403728850602775	0.3330050246531959	1.4598559731510241	0.12149352581081933	-0.9129170776932009	0.17773874845586005	0.2032516774505861	-0.46119193093798744	-0.258527847817214	-1.2314550286342316	1.0446581899498752	0.03791722639590932	0.23626147236376488	0.2609847556495675	0.17216156980153527	1.7197062096624665	0.44438271948924446	0.5799861194620806	0.35331611352136755	-0.049554666079550135	-0.39105654771203385	-0.774014381964136	-0.24038493147664441	-0.9894462210116953	0.036961443412366714	1.1470797024751558	1.439362830799808	0.05452055772463019	1.2408753604101128	-0.23190279098898475	1.3138966452543293	-0.6458268329686584	0.1356772118648647	-0.4339918894831339	0.49056343540574104
DTXSID3021986	6.150566454935598	6.955930131313837	11.803005868781057	-11.337931926000145	0.20131495812308664	-15.492195768979236	-2.612034540320276	-0.5260277469308821	-2.728785988309618	-3.763610721932976	-0.6664168153973076	-4.350761913245216	-2.0751046216634847	-1.6913509341206652	0.6346420848543596	-1.1749925800799337	-0.2657186395103628	3.1014076124278276	-0.6442045559326888	-2.5399948789919207	1.5432790093190227	-1.0916162251747699	-3.6160876562750586	0.2801536565129249	1.6113222105895288	-0.6010765324082945	0.13529600316113705	-0.7682012684099152	0.8107041063482187	0.06755065764274247	-0.7477658544388539	-0.9305262968592193	1.3967990845407297	1.7852932383977103	0.39605281307264745	0.941255235310723	-2.047614737894945	-1.8822162441807908	0.5768133787573623	-0.9488126931064734	1.3429761141972585	0.4519265416108459	0.9719557396739051	-0.4324649129356697	0.8731900584984398	-1.4534921496132989	-1.2641256771704117	0.8378226182357804	1.7425846924171606	0.4946553316039843	0.4867115449690937	0.2522098398911391	-1.0709032274190207	-0.6811903127181763	0.37060577836641767	0.8314575318927212	0.18850504948452868	1.602550795807972	0.5362374628310348	1.3015663713209733	-0.16104489664076788	-0.38351423909269805	-0.642443424235313	-0.7819247725768943	1.0096838784955549	-1.9378694629663769	0.520381016355176	0.9472870108341422	0.9384133050941462	1.2335378048673364	-0.5182020640625393	1.2387335539996975	0.8637318755411867	0.773603386285324	-0.8020196458883324	0.28094246144041696	-0.03126948033858308	-1.4692110770632214	-0.0655419405720356	-0.1550334862236177	0.011545341993113313	0.4556987806437733	-0.20053718368916756	0.1395195709172599	0.9125168618532806	-0.7145894616192037	0.9560210597205252	-0.8092511834078983	-0.7800844797703153	-0.11465429106532651	-1.3440713062989378	0.33086351198504643	0.785072606630018	0.7757054147565363	-0.9174128886419889	0.5865810288340467	0.8701875588956223	-0.023184494472955224	-0.060649975332595855	0.27173561471131535
DTXSID3021932	-19.084597351922312	3.603542656551082	3.1761351420199846	-1.696770498423173	-4.9826253880783415	-0.6517221107448953	9.068358018359287	2.6082430969995407	-0.8332080800537272	-1.9367425286244502	1.692426693254365	4.846519817771218	-0.7921524976911111	2.8732756386315823	0.5671875351381241	2.7083713492076136	-0.6330361328940642	2.151114429824171	0.48928179764891516	-0.6724670419479736	-2.3310214907975726	2.6431117253137852	1.1283072403955594	0.7227713980383267	-2.2349529351428536	-0.6969814357845148	0.657904464265841	0.13004895024657834	-0.8344501601217369	-0.6691763509436116	-1.084296997103207	-0.4488739351860986	0.4230174210224269	-0.6022031283738171	-0.6976883335571149	0.4599316399078186	-0.2804676558974312	-0.4473320200238132	1.9561775246341337	1.4025834058427518	-2.0825646293336177	0.8860999934876409	-0.8923490791468731	-0.6380628120739019	2.6047731278505637	-0.8365815215470631	-1.0127263061012715	0.32653267029586547	0.022885460296783358	1.6334940628628907	0.10900828172796957	-0.13521541403707754	-0.7387984247615065	-1.6691934457978146	-0.7117624885322988	0.8929981592530422	0.5304252402618812	1.3105196261468421	-1.3028250964832875	0.9358634351203993	-0.6276480630787955	-0.17717772372482116	-0.37354492504574693	0.5932888917758686	-0.4386776815948507	0.5447734956864374	-0.3669589548683487	0.6030718492661169	1.0320976187204147	0.4384171295013037	0.4732216320505655	-0.8004737460055348	0.5107470137234909	-0.8112039978606296	-0.2712260525307174	-0.34869238239741224	0.8681369009865603	-0.36135802265368366	-0.8958738890715485	0.8896452946754758	-0.8236851287128315	-0.768189578895708	1.0171608287615876	-0.5966569637462091	-0.9697066043208902	0.012744073317960078	-0.046733378545392536	-0.18494012363739964	-0.1716145622296593	-0.9495395219225379	-0.13267106320166552	-0.3949326096690576	1.3070046900468393	-0.6488399800359109	0.5675390351311755	0.5711639748561227	0.42430093978384625	0.2908532672947273	0.30957268683213085	-0.508772862218719
DTXSID3021936	-15.529731270138189	-1.3971498595374305	-2.6326964800614374	-2.6490443909219064	0.7059414339624638	3.2217533223335435	-2.7871797299888708	10.978936865845705	6.5935623642183225	1.971780902486082	0.8385223548735911	4.4518689794328035	-3.433849132186174	-1.9714231198760608	2.758649172003313	0.9359381437238109	2.284187065953421	-2.4255022524347334	-1.871481308844031	-4.61322201421476	-0.9858519788566034	-0.015673271168176687	-2.5684082834302395	3.9331611747227138	0.3260075240410085	-0.5140292850805624	-1.368520126844606	-1.8842189224007753	0.6851499263465708	1.037839198189699	-2.5233598869880858	0.37991139738227386	1.8358786003490795	2.829571652709471	-1.1124999324633804	-1.7534832275655936	0.058913070834905615	-0.7796628901871999	0.1578387804862651	0.4351056210083956	-1.8487116170557112	0.4656976591977603	2.777255310014959	2.043477823156402	-1.086869047636373	0.33232378287499204	0.061688020945915537	0.24535331511366407	-0.3121007032487943	0.010224251638053728	0.9515663109862424	-1.2953534215840645	-0.00669399852927948	-0.9509444490658039	-1.1062466343417146	0.8393100191678853	-0.791363921866805	-0.4938637602235417	-0.9272579057917779	-1.1230734835983036	-0.7649436850527731	0.8241835933224899	1.0466459303862288	-0.7477112992708735	-0.46875713106717964	-0.1550723496893464	-0.1091800915121469	0.519011730981221	0.6818631082048606	0.1483756312259735	-2.146996980053811	0.36574768514853123	1.1466855576475	0.21231361720410658	0.22755999200753196	-0.6776930398856498	0.40382526073865194	0.12334286665856217	-1.6536009663535722	-0.8578050569764447	-0.02123806042222808	-1.0167664349249148	-1.6424031685667932	-0.6983749943757205	2.3701823884505147	-0.6454405909318428	0.26025848355607634	1.0535758501265353	1.3147497081134234	0.17474891725623323	-0.614131285658391	1.273806518801568	1.269813024850744	0.2802522514790665	0.6525641037408153	1.0414232518338757	0.45417329009190677	0.8237406698599449	-0.47322294118266917	0.7822453264789873
DTXSID3021984	-8.443731150474044	-6.977064619947018	17.30896900469955	-4.26210959833647	-5.650169139743953	-7.572323548377435	-4.620825698966564	7.725202718511916	7.489562519339264	0.11624461160987742	-6.418179256560406	-0.9626323018434341	1.0641188293044936	2.550637726698637	-0.7094102558425703	-1.8898301440374403	-0.5353060107882076	-0.6630799861601544	-1.391523842833132	-3.6729926220704083	1.352572860845303	1.5264856511945541	4.478020190402148	1.9489031387781968	-0.4860099533220434	0.6698417850224302	-1.5143503582152735	0.44836729860719937	1.1888989646210997	-0.9698864019395292	-2.044577097162776	-0.4405272464875731	-0.6879969867316275	-0.3507913499407599	-0.49089399983912	-2.1908070240029827	-0.6892840994734594	0.6799887828009548	-0.6756121251484406	0.25904100178210265	-0.041135536740483855	1.0335962612686629	0.1654191469581442	-0.4972646709147621	-0.6242984356206674	-0.30012345892546965	-0.32337617396426405	0.7370386052562734	-0.3414580566890763	0.8888280095626881	0.6148060743085658	-0.10801230079678163	-0.4703948105758423	0.08940547959643559	-0.2811048828894111	-0.675693855475878	-0.45222423763177827	0.03732248801239815	-0.6191717471478657	-0.3486477542345343	0.3196358308477365	-0.16152587032991722	0.3881984788307913	-0.40089736908640017	-0.5663158400563815	0.8771971918329078	0.02642806997838671	1.0421141436401455	0.3819064164637765	0.2847431870627797	0.3602756346132721	0.05316765514818635	0.13554574089144905	-0.43680645923545475	0.4075727184494522	-0.2330363979150518	-0.31320908865178754	0.0022487872346698273	-1.0047432768541629	1.0430568514082479	-0.42757837992404246	-0.050959077553959814	-0.10623253040631711	0.7735770922714656	-1.0401815691438665	0.8179846849468857	-0.2670772251638341	-0.15862175616255514	1.326261642442504	-0.32401203970581266	1.2215165209586463	-0.4755597623600184	0.7644101118892075	-1.010873932637831	-1.0440382973904212	-0.059307709377728994	0.46890728653987374	0.06110511800862443	0.16959988474763127	0.5005274564883937
DTXSID3022370	8.880056063600396	-4.7739654534682465	17.02780459905073	8.904678519016747	5.500353975862805	16.77690713535099	2.4225398798048032	0.8715126711896631	-3.952960548645738	-2.504906413670343	0.6784328006465044	0.6282126607661965	-3.0525033786804157	0.20355960278002094	-2.1319901906344754	-1.839274444808782	1.846539038121115	3.1841067730528403	-1.872890985288858	-1.428219781208726	-0.9857919567101342	2.696532767064582	0.23934708998003767	0.2620788528759728	3.222120590109576	-0.7715339796521752	-1.45520888874019	-0.13489411549701277	0.7817896531006329	-0.17674232711352048	-0.53041310516178	0.8280979172711949	0.9912493529932288	1.4737952933426732	-0.18432479093829693	-0.581807230465634	0.17398104507866965	-0.39355638031387824	-0.26943314104391547	1.15276504024833	0.6611331096824966	0.35149405623001106	0.7520805617256875	-0.9914869630977609	0.3795894000148621	-0.9103742759761007	-0.13308100322576813	0.20642386894650244	-0.005776126037441306	-0.14399192571297154	-1.2328338795321145	0.21512689825242798	-0.6251263115985659	-0.41490378302319664	-0.2079424810697085	-0.3069768130206205	0.9574633180081049	-0.9111294439107622	0.1915902880365278	-0.46428211690725724	0.07403935855607725	-0.07830236830799654	-1.0735579324609383	-0.4396227217532309	0.5980966026097202	-0.754632006301979	-0.39216807130546527	-0.09804045216974963	-0.5921476420616116	-0.5625302942205875	0.21990413277151494	0.0721899807359901	0.12285520640282495	-0.24880810678316842	1.7244560001881772	-0.5315383603574182	-1.0787142862830903	0.16084313668823566	0.022406210429371017	-1.1376772948639118	-0.5180515388583231	0.160527137483273	-1.2131770237065402	0.3860613250314955	-0.47166246073834645	1.0918172972444584	0.3696473436791946	0.44859565131431833	-0.310941400100118	-0.8174212413456012	-0.9065641944708386	-0.3669105970571803	-0.2841381456688963	-0.3174868388686595	-0.641437798924655	0.6340324019179326	-0.02051689712121457	-0.2967154638522044	-0.009201060169183366	0.6650419418908318
DTXSID3022162	-4.4044600283843955	-6.3857119265910285	-11.15733626469624	-9.020935078904364	-0.36286026739823773	3.05892659677256	1.3667797697010586	-4.931432783669554	-2.1598818442956405	8.544819774209964	-4.366934327489099	4.655084256653002	0.07885821809487344	-4.635571169605414	1.350511705350278	-0.30101404822838734	0.2574584063119454	2.001112409740481	-0.7623010429405874	-2.765152304156511	-1.9135700437272258	2.5429299136547034	-1.9674872075692682	0.4745726365894873	2.2446264549474257	-0.5836327661880533	-0.7724444696479125	-1.008021417725546	-2.529331481782492	1.9011181469306049	-1.0487615134026131	2.4747197186050767	0.7318637754081093	0.6540090147166004	-0.5678500808265037	-2.4501528231859315	-2.5008056816286865	0.39889206860480714	-1.0390848917378899	3.441628623605661	-0.23513158319775315	0.584466347507062	2.1313530694028118	-2.0575229800275223	0.6221999426365236	-0.23116743717235239	-1.4508981561507737	0.6417648277606605	0.739057175441212	0.08347785472877434	-0.0002861393821476479	-0.06309537710992463	-1.0756045427264158	0.19755461825816875	0.7267888922391827	-1.214714522639843	3.5625558085689555	0.9528261031780004	1.2644850675246908	-0.5043501107735417	-0.7139021362468871	-0.313180111530402	1.159347674401707	2.9843535705806428	2.1181360515935768	1.2382812847686147	0.10623527141295254	0.9082140829445725	-0.7978526010567096	0.6446928230619416	0.4152121648886013	-0.20372400192108583	-0.7349504568191694	-0.755092266906829	0.1906952389609454	-2.4057295203386984	1.5569079612529426	-0.4839812394216553	-0.47855953193191364	-0.9550375914863475	0.16566686373738645	-0.4199067754957401	1.2971730228257767	-0.0525282909786248	-0.4034690191642722	1.2099120844737807	-0.7431763343952563	-1.5004485778029641	-0.401155860604037	-0.5066886880259107	-0.7321438333471586	0.07774933813275571	-1.15533930624127	0.4960715182696412	-0.05216311002022594	1.0017910943922692	0.5845441370914014	0.5728542529921155	0.120937470788342	-0.6677828569586972
DTXSID3022405	4.1114080157904365	-8.847451613527367	-7.97024180328472	12.40622658626507	-1.0657838677019702	-6.653650745131233	1.5581514279719002	-5.431409786470334	-4.331488059104462	2.1202173188297553	-1.7214044085652425	0.9258251811603817	-1.5394698942295968	0.2912917059420714	-0.187847229492868	-0.7554831180821618	-0.5992235813418959	0.49588963769177796	0.38838536582526034	-0.41481917456654255	0.47310746186209085	1.277830799797739	1.2971519816646393	1.7748772047701729	-0.6611178040410175	-0.2112102171925702	-1.5220097662885772	-0.5930479459146466	2.6832362871952458	2.7441073259653064	-1.531803727950685	-0.1557910350881972	0.5150707707284068	-1.171750033483662	-0.7750617339188169	0.850390482409918	0.07203194314617153	-0.08094896301702377	0.978753809539439	-1.656600339652274	-0.1156019772466458	1.3235727872988843	0.3449331597335227	-2.4571900771326094	-2.210761052429598	-0.64007664649917	-0.3001222666426756	1.3104356618869093	1.1587891940740986	-0.536724123048204	1.1783738672111086	0.41056515472483746	1.4628819239954245	-0.38222525287736375	-0.4417437888534411	-0.9068417966201563	0.11673391530145356	-2.0423965160438327	0.9491065042745079	-0.3472453086673942	0.29277685685942384	-0.902820703971692	0.24406767888343042	-0.607987233301904	-0.985168160648954	0.3735164402053777	1.4259918204552502	-1.9412178318647708	0.40702523926067163	-0.98881569543724	0.4610699827243812	0.6681350216751335	0.6974517261962978	-0.39162806567159664	0.18927960620841203	0.6333811308232846	-0.059395316422788905	0.04593560765945087	-0.3148205098904861	-1.64807125704079	-0.30626092329440613	-0.18906274088112812	-1.7466458838801537	-0.4434894298616413	0.8148262277626965	-0.23606327156165924	-0.69459681774385	1.2812236632270118	-0.7988450776249922	-0.061664822384362515	0.030478852184686888	-0.4694306469410949	0.6875453928648603	-0.03536909444527628	-0.5726742236088536	0.5834272767078451	1.3801283352124736	-2.5101355025491365	0.4841717528829367	1.3567648443141598
DTXSID3022455	-2.2048442283159373	4.947538634084244	-4.542380122890895	15.094783651928786	6.518134555887455	-9.950380642163667	-4.261619559841707	-6.622327412989779	0.537347511983632	-2.5241758896891464	1.1905583847856525	-0.15042586259022725	-4.853662760986815	-1.691358827464767	-3.0962514552091873	-0.7186417459580099	2.0020632761470343	-0.281632415524045	3.1308530560802	1.8745466276231657	-3.6887128531307143	-0.5926761796026261	3.052209185128801	0.6034553508247588	-0.9475953284481136	-0.9444565830770345	-0.17935563904427348	0.33213645486596327	0.690785852146015	1.1264790035789476	-1.9061485958024136	1.925034311089322	-0.11237789665962128	-1.0503017654691118	-0.3125057555857582	-0.18417105866270206	-1.5764423876237288	-0.013457610372848396	1.7262255888313773	1.4930947522497522	-0.2040259894362341	-1.2033359028417525	-0.8925339221926762	0.7761713279531959	-1.7459330725913769	-1.7149988805603607	0.28480118605216415	0.024419118910655457	-1.460811680329639	-0.1061925845203839	0.08902239287933464	0.0065684325860196425	0.6715014201196139	-1.5127346179231493	-0.49262707517107884	-0.6314446380739002	-0.3769942131695625	-0.08393269672819259	0.09315995640250643	-0.9599814545420422	-0.8963117794454143	1.1964783277113284	-0.9183411092014756	0.11009822100258865	0.3028470374191662	0.5927013918423027	-0.3126199951628473	-0.4325723650169381	1.040794770957044	0.3889068395621619	-0.511956936409853	-0.7180895553394366	-0.717021032258601	0.43265372222239734	0.14741874492078774	0.8632275803943996	0.40154835650836396	0.2839049732795153	0.6116105683725107	0.5775274729920015	-0.010255333035672708	-0.10913728595815822	-0.31517666139961	-0.9060146029468179	0.31300637336273535	-0.4744684554298089	-0.5761429004513284	-0.35231161832464764	0.2116605358620783	1.0050908992857839	-1.0251648661272597	0.21371881323042677	-0.8367421201804516	-0.1408942781068493	-0.3568156414619808	0.1975782701732316	0.07761732683958861	0.1255293081762906	-0.11546789574321006	-0.2766050987884872
DTXSID3023845	-4.571873393401743	-20.202686815883926	-3.8016053087653976	-6.702786736295579	-1.1271428238493384	4.719562343905574	-1.1265528757927088	-1.15156259358606	2.352736460664593	-10.107126312329074	-2.900924652807578	-3.425810273790507	1.6880996506769466	-0.623876445401256	-1.088914825875129	0.22659027520427616	-2.3986501052304225	-3.9867648390387966	1.987343632635504	-0.3640161835551693	-3.6530429450235484	-1.5128720518106342	-1.376619904460647	0.21631335192089068	-0.12356040246201645	1.2677839185736925	0.9940274278238236	-1.940553175107723	-0.018066076401808275	-0.8315861199406672	0.6219857840347615	-1.5884354651561081	0.5105884109161123	-0.30283353308332267	-0.8180715415294263	-1.4220661378824193	-0.3593567795245938	-0.4717755987545475	0.5138069902525987	-0.611212192743258	0.056096967515105026	0.8915052617054542	-0.8589747331971348	0.3454779768591911	2.05611299425225	1.0104941068537867	0.3564487562505014	0.02432477866221279	-0.28956751247725226	0.12718678123424476	-0.23349789995768186	-2.3358254234783438	1.273184832248519	-0.3268043133791183	1.6847127508521822	-0.018452417057211984	0.6970950302217765	0.048124642810394996	0.6542737864682798	0.07536072886913057	-0.12896338064658014	-0.023390013229706397	0.5925430058381738	1.1129637105465817	0.6359849325850464	0.8348808675722469	0.32053627138025453	0.22448878150845034	0.5172162666525094	-0.8735311729740202	0.4171820285786983	-1.5238260229956868	-0.35514615948825295	-0.0800215961994695	0.32511649887832283	0.5922147742760697	0.7776300397751478	0.0727698945642927	1.0247935991577428	0.011349139294925963	-0.7443167816675691	0.23815879233680293	1.444945928581348	0.6012538187326965	-0.2824027224581509	0.09791420875386395	-0.997526280517403	-0.28215420596487845	0.29163510570245926	-0.10937293482390167	-0.9991963371362907	-2.1450571559113984	-0.8134113681445148	-0.32666089057750075	0.678263978059312	0.10603555244135833	0.11692649076390554	1.399146205293517	-0.12325619647324773	0.8226141599882519
DTXSID3023556	1.314618448488207	-9.688217776817327	15.779277739820436	3.9759017995537924	4.743028792746537	2.843152971518591	-7.664448855681876	-2.5210281546663857	-0.9985289058118729	6.788218903778352	2.7612123111421303	-3.7570147925466015	6.718109164755547	-2.9166863539095598	2.767182983443208	5.572334547062265	0.879527150558388	1.6689295970551268	-0.7374201835670681	-0.977468141734119	-0.358780444018245	-0.6006368678233218	-0.6775945850712408	-1.7483899319257619	-5.014151670078028	-0.3152157792668582	-2.56675200790875	0.6929134966426749	0.4746149771065084	-0.8583670683149428	0.6336232951834866	-0.3135531938584252	-2.1880238784469173	0.8063163036932965	0.30747882298732093	1.185166519890997	1.7600310658330398	1.6141235646825778	1.9917993761289716	3.632500601093043	-1.2962495323991607	0.9995799285235668	0.11285217440159899	0.4184371359560757	-0.20435783285926135	-0.6072090343214773	2.372495616515876	-0.5972343758642181	-0.30960441784696335	0.41363397058476387	-0.008102916810340133	-0.19380386541125144	-0.5150096241081987	-1.3872567882052715	1.301686960720632	1.342287446007734	0.6992599304310856	-0.5253973035638628	1.1686095924646271	1.2430884073125852	0.3871968587350383	0.43700692698585514	-0.02978553758958577	-0.8580117095687037	-1.2392720301549078	2.3553117956116756	0.5143316103241289	0.446313776300528	0.16895518771199095	0.7024411676642669	1.1485504153018018	-0.6980974572225148	-0.18555548816081752	1.120512546932552	-0.07774112503848504	-0.3429314683277161	0.7210687813821702	0.05472592468595219	-0.09753871304097678	-0.012654580732102131	0.9763572478701225	0.1343330874230963	-0.21310485040030389	-0.04834602300283841	-0.3373400557862231	-1.3411579711114774	0.47186700284729305	-0.5358042864972803	-0.7171409041052951	0.8916892411781995	0.7084810102057514	-0.06085576509361903	-1.1904919487638892	-0.9865413048267359	0.2600613725361036	1.1288374370189773	-0.7153702268412204	-1.0883753271505834	-0.4332116110823117	0.3256680084232905
DTXSID3023899	10.0533229491131	13.069168121945108	-4.375602597688837	-2.45995875635486	-14.519764758306525	7.9171504842118425	-10.30238552375371	1.7721951962368319	1.9204972713166784	4.495670531951514	-1.3917941002648353	-2.5700202767585494	-1.4973245439942264	2.626444352547172	1.5168842595797138	1.2310932787021385	1.7351631219854036	-1.385347642442731	0.7536372097125899	-0.13365870423928394	-3.1656423219207337	0.5001109073681987	0.8166605182863529	1.7151372357092725	0.8877281501834845	-1.7393804753161504	0.9034603596824916	-0.622276606790315	-0.6917472364029085	-0.9009040943331144	1.2880639584660443	1.8746456929524449	-0.39474546705419483	0.45384002965221426	-1.8416494330999442	0.8296834542990299	-0.528158982381214	-1.714937283375651	-1.387524931737087	-0.99153834401379	0.3349129155636806	0.0035709571728946856	-1.2904807913226204	-0.47067602124921404	0.5527346759601426	-1.8661614283513734	-0.70133932427061	0.7817753818528198	0.11914530088079207	1.257409772387768	-0.41387131915805175	-1.7057988816648342	0.4786889470793854	0.94011688230502	-1.1334693779358644	0.16113353276266887	-1.1231349811009825	-1.4568549166357916	0.45814964798933333	-0.2609338857047019	-0.16668521134415765	0.09309198257358693	-0.4286230106400996	0.5305638404990305	-1.2975792311567322	-1.2619613407762207	0.11334906612966829	0.5751105859341534	-1.1136613212940616	0.0057788987545458175	-0.6471266565762878	0.376263799520951	-0.6740086762452673	1.1764302224002048	-0.6558297999639509	0.2631957389760747	-0.08364996029480155	0.9337844683974946	0.6263519871399956	-0.28287405096588214	1.1186476484358583	1.2343031584671658	1.4419052194235213	0.13448788849056034	0.2411586499240107	-0.4734773900079396	0.11880114464244836	0.3336533878820688	0.8952647483512965	-1.576499220048327	-0.40839809047607784	-0.06781694768664935	0.24767313594759066	-0.18353924746937772	-0.48548645955035646	0.2706044206104068	-0.48884759571111364	-0.5147984207335561	-0.13513775699065886	-0.226812592505881
DTXSID3024154	11.16955825463669	6.687817583185283	-8.204034854027451	6.672879225084137	12.826682011204074	1.6804981661127738	-1.0469482356891986	2.4513700774085345	4.915737137314108	1.6667641635509471	-4.174713177890689	-0.8682455242263426	-1.8391748622767725	3.8881469061413254	-2.351871621017861	4.58852683848581	-3.784244916556614	3.3326058126011597	1.0936580112422476	-3.2276017814952924	1.3895781010025798	-1.3848356125708707	1.1910428562170947	1.3014537558482129	-0.5109003403001364	1.4557847063775933	2.6583814917522046	-0.6165744280319959	-0.2616331157560224	2.000851349972847	1.4961125782625664	-0.9493401037452264	0.37198018222212303	-0.38081075409632537	0.4288455260020862	-1.2795513906002334	0.25368173868780763	-0.2963457891462397	-0.9057207614316531	-0.38129438990175935	-0.7208111924895175	-0.23498471526554826	0.2460538135902496	-0.34247790708741527	0.9393606410675286	-0.2083756376424502	0.008787538408620635	0.1870655439860894	-0.2748429655007083	-0.14408747990651324	0.9728666318650392	-0.5183002059509524	-0.6837074275594214	-0.9915184209132243	-0.8620770479936628	1.962508184097961	0.6776097375077842	-2.000918216155478	0.08955537308061076	-0.877423829470565	0.4646023380138136	-0.6402652024771363	0.3757511607053103	0.5182120743294287	-0.030236560947285294	0.8598785945416233	-0.040071853210575985	-1.097069572926486	0.11655036645850651	0.5122764997102079	0.47725038598451663	0.022327799630356502	-0.004750791078673808	0.9406744757785306	0.04885476902526533	-0.4205271366484612	-0.5944209736486366	-0.41803891212530236	0.9951281457189918	0.7365991233854948	0.7650453511808163	0.17984589315414837	0.0767728759899405	0.5690553033966245	-0.8896805938123419	-0.44243031733594723	1.3016109170385108	-0.4040204957376426	0.16510754276707332	1.0884121270452656	0.3422915061814328	-0.5969312103479555	-1.1670008893829114	0.28547613041801106	-1.0378809726498415	0.263453203572755	0.31143377483818024	-0.9387446660167212	-0.08251946486783528	0.2547840272333397
DTXSID3024104	0.41069079225267385	-20.845654435628724	-3.8046610719812124	-7.227436523610681	-3.9354397713194644	7.058006056932689	0.11481937872954381	-1.6180191373441224	2.1981185782028607	-10.600538494257266	-2.3375174022970038	-2.552327592694569	2.2108119200009817	-1.5463652284896694	-1.7131708574023699	-0.6478945397982792	-1.2239623226757737	-4.05049623137182	4.2642113593563495	-0.490643735344028	-5.270809424694306	-0.7821849722998717	0.8419112951886213	0.42088165497735025	1.6945143750625695	2.012374311807789	1.4334567084333172	-1.109885402895463	1.0180841256327349	0.7259911445536413	-0.5540650467425647	-1.2950067228447555	1.1614848672753202	-0.7263392189503309	0.42554225289267533	-0.7407081322557116	1.4536503020594265	-0.30699511100090165	-1.6939578441604843	-1.2974712605329723	-0.24220404632813256	-0.24927545986195904	0.24943390829175513	0.14205870741102825	0.16462362255034568	0.08762332399034951	-0.3513881714829536	-1.020053389084669	0.38327984475160565	0.6832862303695522	0.7125368553077935	1.38069828772211	-0.3501851412172323	0.44186682023346274	0.893567416665233	-0.9509004462253741	-0.05663657255809504	1.415990055496775	0.5356798389010305	0.17703695980126652	1.2963890760869354	0.15714597454854667	0.8011561363719674	-0.8577047345287472	1.6784983962626763	-0.4743894895872093	0.2562823993665134	0.045635941739632736	-0.24438116001265484	0.31737793947145115	-0.01719663636980442	0.10698948750377922	-0.18121380759528272	-0.86276243867732	-0.27697519126793735	-1.7906056225914062	0.3363540991849018	0.3495913075217471	-1.093233416102648	-0.24569553132815916	0.31939034957205076	0.7897891224541144	0.8641851934386965	-0.9116631030759665	-0.4263975810716597	-0.5935116623641368	0.6401116317302962	-0.08293811968635953	-1.23381681070104	0.024263666632814405	1.6508656830135022	0.5376036221761563	0.387156308912722	0.42442232979614786	-0.1618391144212195	0.6976173383790074	-0.028732844518799424	-0.740000996102665	-0.5153942543331076	1.335629408126993
DTXSID3024102	12.027711678235173	-0.37545865155619146	-3.6640949043115656	-10.424310605400045	6.779939667213778	-10.534816556351366	-1.9934880405835835	0.9215649985171339	-8.344220570223262	-0.7260276720766508	3.1885987474647015	-0.545457495208874	0.7780046244543545	-2.4611322018952047	3.9451817348604763	-0.8610991922997883	0.663656083375045	-0.8772560497662881	-3.93626250301077	2.86921101164219	1.1897765777796057	0.6750267653278222	0.323166065881841	0.958033890047077	-0.2875884144040559	1.5747924858772961	-1.298286478741895	-0.9381001439970414	-1.1821138160141391	-2.051402608340717	0.48498456800331396	0.3350869853535359	0.640737910194472	1.2903369136216467	-1.296847476405084	0.7148945502172643	0.8899577326934635	-0.3644322423903021	0.2651646684387542	0.8411556210413078	-0.8989832340885447	-0.43829547120569357	0.02461399345473223	0.7057324395065038	0.6895801344735549	0.5791850963052809	-0.18540839806159595	1.3807622107138127	0.3111592200448374	1.4800912903992274	2.3839847339852627	-1.2551625354715723	1.1533754860229535	0.6382265319097836	-1.3240692968117682	0.4234147237125899	-0.3699431718578263	-0.7260100728304473	-0.08483359403786753	-1.807223577066313	-0.6724466706149994	-0.7774355472164328	-1.283121416167273	0.6806907397721499	-0.5813854709302367	-0.5179452807371216	-0.5758966916400995	2.489180383586194	-0.29186326147501646	0.8529270155866697	0.1962825475755951	0.6417499274107353	0.24499872968461317	-0.2977373817156134	-0.2694022148382579	0.3338537113833154	1.1312945673848973	1.531837381290368	-0.6401746983861043	-0.34351280313017507	-0.22120514135781488	-1.5364513633796928	0.7365320110983239	-0.43275610553599436	0.5274877295373485	-0.3850276946401928	1.0323547193019005	0.18441856627812536	-0.7370835009848375	-0.39194789492748006	-0.004101000996620257	0.9464852768129524	-0.5602150249484702	-0.14253688570698672	0.3358036960579024	-0.38118177180472945	0.7687247261870078	-0.5297562486158457	0.5781878242418022	0.7184328268695857
DTXSID3024316	1.5701992494018593	7.420679908411119	-5.349260273254908	1.6469874974315084	13.228074307662292	-1.7763273553317869	1.0304466787526079	9.626889295896174	-0.8266272484981214	3.381186099851194	3.0371658188756445	-4.828308934888789	5.542666922129822	1.9797932880511342	1.0694122175720626	0.7411113785144264	-1.4646863877655514	2.4642924826937014	0.09022702689435408	1.773033272694193	-1.8265384046396886	-0.7873498327406095	1.347582460952948	4.224924282701516	2.453962171675911	1.1596849287526103	-1.7849660279746928	-0.017052519516686133	-0.41440945311453753	0.49189705597522704	1.7573088117928641	0.6404537901413192	-0.027884764651474044	1.3245888319465364	-2.2711427826812365	-0.7741933098170182	-0.8501119816531139	-0.3897031526566141	0.6173784011705475	-0.6083501612399168	-0.3211962840638293	-0.7452199110896948	0.14632262439472118	0.07076599726294773	1.4238511193339565	-1.3979107738989216	-0.3764897718852043	0.33578867645115257	1.4286833274391886	1.7429327945926265	-1.1833790673917595	1.9448302014933652	-1.4851027770409322	2.2715568145057445	1.0279023113322003	-1.089363679269082	1.7795443910987103	1.7681590633115407	0.25557972055094524	0.9827222813944548	0.2740307388530622	0.7666456600307978	0.41679111492639936	1.0266979918626984	0.35706850555191527	-0.4409410052933307	-0.004785816167151477	-1.795422373219711	-1.0776450868751766	0.6806291928565135	-1.3626115865937127	0.4843587715101307	1.913012500095335	-1.3216956774951294	-0.10334412450624222	-0.02158759503793127	-0.5519210702872592	0.651875580769927	1.099845952434445	-0.8956415483968924	-1.5840568684614127	-0.7951105914396301	1.3373629462881402	0.017394989148427836	-0.15413805809883288	1.38056165169844	0.7394020730063467	-0.8498123897257439	-0.19945023842499235	-1.3626424531263375	0.7770719301731311	-1.3331384926538072	-0.9616620551356649	0.1190481023327499	0.7238115071344504	0.28278464660313496	1.2221674463786139	0.4648805745596198	-0.7843073294457736	0.5313126171521381
DTXSID3024289	-1.0223996020692483	-21.30308921503291	-2.6452363591408536	-6.65980403361983	-3.2579492347658094	4.744812812572612	-1.2467270509859532	-3.6877221639923246	0.9090925690645959	-9.560566957061798	-1.2740014536266524	-2.6737752186362354	3.2682730159023743	-1.408391792297716	-2.502971310279305	0.1241052466808889	-1.7942757491680394	-2.5465255139689704	3.5325513639976136	-1.9029919917217994	-5.37909987695219	-0.8042104427825194	0.2659201268633144	-0.5496966737484773	0.07124362377040731	0.9232727479680414	0.5449733077283633	0.1541724738927347	-0.04352498177861761	0.14123627265466807	-0.24674910188225777	-0.9748512946352491	0.7586277209155822	-0.3424878020696112	0.5336704711252119	-0.555623095765389	-0.2654902465892949	-0.6182581299649406	-0.10639450150155332	0.520209441150656	-0.32185619399688464	-0.16991726081749253	1.140179579526592	-0.6773472962529958	1.9038631123306144	0.5505814780050065	-0.0968964712928994	-0.723918549483559	-0.3067644259720674	-0.27989205887767393	0.9900624874981925	0.6464983193180249	1.451536686360423	-1.3007777404002714	-0.49861732256280544	-0.454055776028238	0.27079763488736003	0.4081716217903033	-0.38109859775343785	0.4228916538770412	1.023364823811017	-0.12428079714174727	0.125154558133346	0.008060254095241052	0.5419569691454786	-0.630046065132317	1.2651648442625505	-0.1709285576946474	-0.19697492265636038	-0.5595067172400883	0.7958771891252538	-0.19363709177975705	-0.07085448443795131	-0.809786951868146	-0.31490874279965436	-0.8870595479743664	0.6121964623273549	1.026882000819405	1.0440923280998107	-0.44750811582093575	-0.30835454408361535	1.344818517686473	-0.10616925639019878	0.5660386160438851	0.7988916444527059	-0.8307260593624324	-0.25387340552452226	1.8652133783421112	-0.4450461364812839	0.47850929437122713	-0.5485490242989652	0.0903898259230718	0.4005888310595339	1.805985552978678	1.0065872833806173	0.9186594009429838	-0.4474640052267878	0.8262500061579043	1.2417502248024572	1.1848072074749036
DTXSID3024368	-10.916839854650267	4.290085718017245	9.893760110454533	-6.455602348575282	-6.895952615091575	-7.716842042362106	12.039534083795651	3.3899270698261383	-5.741606083609033	-1.653894462852829	0.6650923505637105	1.3029442444058053	-5.728395564789883	2.6513671270081547	-4.860378942729308	6.768112531516042	-1.5612214686448538	1.9823696107905595	2.84908035144519	0.40656135696594053	-2.206476897127077	3.699188823185527	-1.3171044589223468	-0.059405957064722376	-2.9740302422764557	1.4306885082016048	0.5888095097509892	-0.8688549137762483	-0.6407048079291726	-1.853941786631153	-1.81861189643545	-1.168621131304264	-0.9788638474590133	0.3524795769284649	0.9737028622048252	-0.21873305109464405	-0.0312996169409096	-0.747321185382396	-0.28108925155471054	-0.2837701035619317	1.7759272816352891	0.09415320815155707	0.17346499458727052	-1.2590749007297146	-1.2994809046781608	0.3210021728251221	0.953296477129757	-0.17770223498243123	-0.8348378787261295	-0.1359269473911303	-0.30905057067104574	-0.4242927107184774	-0.2531608785075223	1.755228186689404	0.16816237798541972	-0.4664264360183775	-0.3402838585274142	-1.1528638078698212	1.4633017129918926	-0.1595868694589935	-0.1696145356198873	-0.6759079060673606	0.05062040241074725	0.08861264979455509	0.4208146936198097	-0.21672803372615979	0.4725660531444862	-0.4545625789692206	-0.6726950754833342	0.3760689354280573	-0.26649704514441613	0.2227164323180812	-0.33801240080924516	0.40626683246731093	-0.9780464529537136	0.31723285529355455	-0.6125221207685212	0.31355734269817576	0.5418798714171301	-0.37807459707945446	0.6922119010305785	-0.3244733859083658	-0.2095249058710559	-0.9706537483590189	-0.2784530486208119	0.12585945822437034	-0.2088797047505099	0.9740611081476793	-1.3323534537448525	0.9900326544273026	1.310417713832007	-0.6561980496989865	-0.3795715280900582	-0.3728297027183372	-0.20777189366014198	0.1741209099103911	-0.6326991200309491	-0.6155824061196138	-0.13016729655959142	1.4562280596040371
DTXSID3024657	-18.689685284551175	2.2030276341052892	1.5156822772799408	-10.612425726545851	1.4540027894151923	-0.6218960908900398	3.861082765450491	-0.7805911478938755	0.7557195343978056	-1.2759246828859536	1.2842993362103983	4.777036000736802	-1.246586986446835	4.650791958396315	0.9425584155964326	2.2204827182662163	2.1272195113857117	2.2872298347310913	0.5918377739987426	-1.9166350831070478	-2.871125220558387	-0.10517662808335318	-0.7922835240496081	-1.6700581517655533	-0.6458676869840779	-1.4211328672203116	0.4237146558163331	3.080890717856205	-0.6914901275678595	0.8924458771991493	-1.618038122089259	0.9849401861085517	0.04610035567649496	0.6096549672243552	0.5435402509588435	0.4255393713150161	0.03631741576965222	0.771151637881846	1.3257885320667149	0.922637246951661	0.7148217738496003	0.17397722296673057	1.4891491258866418	0.07195113259329876	0.311543950299879	-0.9794464277204181	-0.5640945964475221	-0.9242670821729522	1.3397989578972298	0.11047904405461477	0.6619041017239821	0.4200860928528846	1.2927971711671686	0.21744340886207564	-0.7756494615941372	-0.13057351352050015	1.1720188467704902	0.07162523867312112	-0.4036364473468452	-0.7861769639794755	-0.5432414696024835	0.15655993008503344	0.023753386118166755	0.1622397927546066	0.5857421324778284	0.8288492523547769	-0.4792956911201405	-0.06212533944487993	0.38877003876226196	-0.6552336861265685	0.3414562821075062	0.7411784655396185	0.4724027668509796	0.8200712048774409	-0.49141964468517874	0.6685084660278569	1.1567238482770925	1.146955224934012	-0.3858927277841188	-0.06990624488157991	-0.3018716704982311	0.5923540437175677	0.6190061537422393	0.34976687049360644	0.08304835624529278	0.4827966553646844	-0.3477043945635264	-0.5087112334001277	-0.1744591156168077	-0.09809851951867732	-0.2936973601553559	-0.4441912295727903	0.13346485970174424	0.41502370649654513	-0.027457291678529762	-0.4077287036382585	-0.8221601268360181	-0.1163893689066538	1.4283771874865128	0.32681726785911913
DTXSID3024944	-6.483736808455103	2.8320864097041545	-1.2026290746097275	-14.168929988281409	5.605934805515196	8.156598427237896	-4.995838150683609	4.747705671025765	5.410992406159898	5.5048947541671875	-0.8210713596648261	3.993942888474913	1.22027448337628	-2.9618435161675425	1.9170365148150674	0.18641187390675865	1.8769577680337952	-2.9532051219449884	1.450879343969315	-4.735441062276235	-0.5826995956110564	0.9570456433838912	-2.135031265661725	3.6731474294407525	-0.879651891321583	-1.1343135332694083	-0.77111949840334	-0.7583303120001822	2.877410611234561	3.975806698231124	-4.8550247228468475	0.5217335220269336	2.0730406015951925	1.3666506869708046	0.6817254656732403	-1.6640378997301288	1.2350942215084375	-1.052183636602802	-1.6322250184941622	-0.1966555995638839	1.0619804836172038	-0.45163221624340644	3.8755722123535703	0.6897266288266215	-1.7721990948276987	0.0384200802460521	0.06719012930539477	2.915976246685517	1.0355982542559459	0.8215467865152599	1.5741036827610542	-0.29562108394743286	1.2053136054868911	-1.4618051926228308	-0.859778832468765	-1.3405142297739356	-2.032657268584979	-1.029569666481347	0.45478351678415513	0.0675437320888209	0.6606534647482012	-1.4141204944822185	0.9933186764501827	1.2938283023220878	-1.3013444293294165	-0.08935623624309302	-0.5283891834012094	1.3894404893474472	1.0885783669502966	-1.363875061525055	-1.4587334551853859	-1.0385261083059365	-0.3749902876686746	0.4661187103352907	1.481901909402862	0.5235142337588845	-0.0016007870857496218	-0.7334786262013657	1.1361640976233087	-0.3452012772548777	-1.5415394863469705	-0.7126008116333098	0.4238941346614677	1.1791028181377963	-0.28745752674106717	-1.0502084731422683	0.23658524586729743	1.403733641106285	1.1636174639511476	-0.6579190956445654	0.698562501971656	-1.7190264138359344	-0.9663636557135349	1.9546073031857847	0.7108438501222097	0.32109615026693306	0.1707032405317873	-1.4922079531222419	-0.02266121064354259	0.23406455918381538
DTXSID3024994	-4.697496612879195	14.278278845115642	-8.50494149084095	1.6147043276477626	7.939862340047961	7.9279317169599715	-1.0377171591757584	4.453207321422784	2.5547883071133217	-1.2462152488529654	-7.261413173811347	0.6050015762499662	2.6679372945476514	-0.6739080657585469	-1.6349849184893284	-0.4834870176912796	1.301424734883307	0.08322766016641331	2.3678958533426617	-1.902822986427527	0.3428065124568501	-2.718192829817024	0.3689080583176016	0.38121988183403216	-0.7762843521384807	1.1653966409926004	-2.0893338079386887	-0.22352964441392834	-2.0893342686672582	2.0894676053902703	-1.2225622155479274	-1.745289872872933	-1.640242583608409	-1.6796264259396994	-0.1054873188607998	-0.17537229036519356	0.41604192112956634	-1.0512411740445393	-0.7371625092065129	0.36761292612955404	1.376662405066831	-1.7024860650760871	-0.9976228512638211	0.8565535115511038	-0.14266035446054004	-1.615342025197297	0.6730956696427483	1.0624899690385599	0.20890236158840986	1.3570841273215979	-0.6151303622208686	1.8702112498780732	0.7025554728287843	-0.906668446030045	1.007679665915401	-0.6986066504813595	1.0026869738310138	0.5431932051219244	-0.5846277798956163	-2.614164704781953	-0.8969981477573692	-0.21378735861672477	0.7754776078279759	-0.2767519482481428	1.2868642352558384	-0.6489284555744691	-0.6877543654409647	0.31201794119353926	-1.2154805583733275	-1.1242641398448814	0.01603480652931583	-0.4173653769098084	-0.4999124059906547	1.161818274576899	0.11773818172594192	0.1299993468295685	0.6556791418771112	-0.858916215849959	-0.8379630528108097	-1.197063252681636	-0.43115793930428997	-0.43051240047257405	0.03387504047022564	0.6357300690382937	0.021530690443013402	-0.16452638249431173	-0.6574773699496214	-0.18028533553882817	-0.7992684233355916	-0.20112812200096677	-0.7288331206323305	0.26982395995640623	0.6907672030416238	-1.1159670049630792	0.8358172819480887	-0.9695228295992586	1.1461554888886445	-0.04607265904176582	0.47856563684201436	-0.30715522840103443
DTXSID3025178	2.3962184002552975	-12.996051887898176	-14.607949759626887	-3.6707875935360565	6.5022243553725225	-0.24246936404367883	1.7234618676197213	7.683881419965758	3.7132231068964296	-2.20002449998375	-2.838856280000403	-3.8244248232498466	-0.7052115067983722	-3.3560784094248186	-1.997128023025944	2.7167248866113374	2.66788088829599	1.2914127646287101	-0.5293383627131883	0.5157616307791945	3.227843422139279	4.165921605671537	-2.7418125627940517	-0.26802315908551294	-0.41769584957041184	-1.4452182931013113	2.31194474180976	-2.0095030746058695	0.17925424751249133	-0.7456872397442842	-1.4365696505504046	1.951443284998563	-1.4848219078698586	-0.401567254974838	-0.07486185393765786	2.035399351687187	0.4247406415625109	0.4012984936688798	1.604770946107898	-1.2190744936934357	-1.253324416165435	-2.305562192297323	2.027258660920719	0.9258748561805793	-1.906830154159902	0.19185533121796725	0.892938735888954	0.016266778642597693	-0.03687081907380434	0.9010266798911318	-1.1222867138023467	-0.8229438012510638	-1.4366048368265503	1.7883359937639063	-1.4472719999712147	-1.0878289186161938	0.4996240622491741	1.3126799956666528	-0.7192049812483515	0.706963490624848	0.10183487000807886	-0.0360971929229799	-0.7102862582382109	1.3460067310863364	-0.5641199028119214	0.7250618357746365	1.5109814425946544	1.3456838162065394	-0.7295806368559276	-0.38240395985385905	0.15075213796997586	0.12267530736058026	-0.0780888330487191	-0.19416706941240233	1.058725622181541	-0.4710059913565416	0.3634424175774247	1.1411268970895105	0.10738637429473813	0.45310007821117126	-1.0881704375423282	0.08958650113469831	0.7165041346487212	0.522390112871912	-0.063040412626873	-0.6632457202628673	-0.4937839844013751	0.2781147383145124	-0.8171875177412047	-0.8148644069933152	1.3876486651020314	0.161483502485159	-0.5180315440099217	0.35969168333130785	0.1488240905975411	1.4436691032245548	-0.4076531366565395	0.9387778112646483	1.190162510860929	0.5285960587969425
DTXSID3025091	1.931209604662393	-13.064904235745972	-10.147166062810133	-0.8424395422323271	-4.8872555582347905	-1.6956827992393289	9.765002407218173	6.64040914091475	0.33503762550431726	7.365215277969695	-0.3279364776077399	-3.0657570328196515	-4.921893324139875	-4.788469432871511	-2.359459520661031	-4.090276904879181	0.6759225799707184	-0.29308228641174416	1.5093960806934759	-2.627855894206199	1.4986638917437394	4.6365930278491145	2.685769530821458	-2.3128297174734094	-1.0631824397347278	0.5451751874947567	0.8244953897779896	-0.46392992217248447	0.6582042674718199	2.506416880060543	0.5069889295397528	-2.8776273504790044	-1.6609858815081777	0.6114704335504857	-2.156004864534793	-1.08133678465298	-2.2007109840867436	1.7750460230337535	-0.31974894671790155	-0.35386723922006835	-0.16944077157281046	1.3908540183470706	0.26342978239848736	0.8328908171487162	-1.4358677800962498	-1.565752586405889	0.9995001446984992	0.31540968541083486	1.078649300193802	-0.19450052550239164	-0.23276967888007385	-0.568442902089377	-0.697069775627674	-0.13210800197464664	-0.32474525601427184	-1.2888071997596693	0.47265774723494325	-0.565444995196088	0.0505045079335291	-1.3891679161443493	-0.8869094242190232	1.322045036024058	-0.019839869894592993	0.3207838823704644	-1.3576163969893873	0.04373694511606682	0.6668381669308541	-0.549447859822785	0.3971004188914024	0.34384297333873165	0.8059840676046144	0.054603487030998474	-0.5544876883149693	0.5193526666701797	-0.7188537345280114	-0.7695099537826688	1.1590173663421892	-0.020878272699677708	0.057369619295606154	-0.5143315365751299	-0.010174789673098804	1.314128323920315	0.5016181400505176	-0.482078352901851	0.2745842155519331	0.7385276182069712	0.20439196213802266	-0.7213323047936813	-0.17609431163824038	0.2749352537369812	0.6159509449440645	0.05128663268369006	0.6418419799065098	-0.12862068713424182	-0.7304338606449559	0.09538167659887781	-0.2400401042665059	1.4795084290353653	0.9155291655242243	-0.1917856857695345
DTXSID3025049	-16.060681353890338	5.1447850608405155	5.135401441148039	-2.9374457502020572	-6.049297235514878	-3.295474846708235	12.185388322197095	2.919311396924387	-4.099916469548132	-0.7821088975597456	2.601455143038325	3.6877342104359188	-3.8719569550795576	2.4575593695107516	-3.4886259616182773	5.532996124526628	-1.5930187907053583	0.7176886366906549	2.127325135685756	0.4556268538982573	-1.3818286989064625	3.0765475063701277	0.03314406810893245	-0.035517935815510125	-1.2424345191391821	1.0343246007609395	-0.003131094711404581	-0.9271117705092439	-1.3067944101213356	-2.223020662569402	0.6577449309229867	-1.2621909020380746	-0.8156906919182452	-0.4673534298434645	0.6839658219078966	-0.42048754588542464	-0.3285999430673533	-1.2500443819757305	1.4859978908220222	0.4938340705750188	1.076583235024276	0.01935462969648777	0.5822164648249861	-1.2406448923178517	-0.35867174179352285	0.36746700836513585	-0.05920682212395671	-1.7903711133009534	-0.5375139750172152	-0.44888696847601306	-0.6481859445801215	-0.3046671883950126	0.6692100073546967	0.04640008412370036	0.6213520289357476	0.34332608339190085	0.5286702522782591	0.35248877504120457	0.7862841765673204	-1.6510073514385564	-1.1861988423390462	-0.4582864046991417	0.4428590695055379	0.2908459225900935	-1.3534925716779167	-1.156114326686643	0.27419855319350916	-0.5766431775660276	0.32145822690176745	0.21500928786976664	0.6824535065197075	-0.11430944166824152	0.34474812089496343	0.3102795798703514	-0.3803312431662985	0.4299428038379913	0.1218080079017002	-1.2846243608212384	-0.18215855783950324	-0.43505322614209385	0.7005004721701753	-1.0412232275662305	1.03198752170423	0.971574260481477	0.15640812273230534	0.34487978238414546	0.09505266192365687	0.3107766709321995	-0.48494875070454735	1.088281579420336	-0.12491131124996861	0.24037707886897888	-1.0602697455005465	0.6987038159532655	-0.3513867443290769	0.42503448498639607	-0.18784298587023474	-0.6154895162267224	0.22022628723455356	-0.3756001855351693
DTXSID3025122	-5.090840947564657	10.216615246499016	1.1322536535295635	14.119650913336503	6.050333131059327	-10.062613741078893	-2.6113535201789406	-3.39309599047164	3.2537275186996473	-4.116095831871398	0.7623296929718861	-0.4340168981748347	-5.329663335851661	-3.936089491673853	-2.4993000110381214	-2.478617872750233	2.582629986640067	-3.311468235983668	3.6985029794854984	1.433149163125093	-3.5676687235777793	2.072386982380645	1.4480745713026137	0.8943165254503977	-0.15038809471999087	0.12284443153494265	2.4953158729493565	1.356090450966493	0.37317969159402126	0.967322662038459	-0.7724607268441359	1.5046746322814046	-0.6682700517556197	-1.216362963757477	2.259692399012647	0.4126145896803464	-1.226967846980854	-0.4068040847842102	0.7523593023229399	1.3866888409089684	-0.6360516742184452	-0.8323285906759125	-0.14222231695956786	0.7363856670621657	0.19745210933831064	0.20494614717852203	0.08337876880934793	-0.8882485908491736	0.6423144344152145	-0.49864976579665193	1.180916467549201	-0.739365038873888	-1.2901834808561763	-0.4900466107119936	-0.43480316382805323	0.47445790440174856	0.5910033366766058	0.06670515208443947	-0.859082070657297	-1.3986282803160681	-0.41176235982425935	1.33822155649175	-0.24273306384635537	0.46280645881942983	0.5557452640369378	0.7356849215756854	-1.4005952223888198	-0.0418407695328726	-0.00832321991166065	0.42650878872460185	0.730627858053464	-0.27576333335611614	-0.18901274591088987	-0.08616433733601073	-1.0260643751292917	-0.025459795982927323	-0.7696271910702197	-0.19705328152665727	0.6175077165841439	-0.026485125469513166	-0.7791472361141818	-0.7701397028846623	-0.4671992317393726	0.2580792073205655	0.3952673875052498	0.5022338530630877	0.06336974267079666	-1.4675538579399716	0.07394937312873882	0.6451942851075338	-1.2370552844559581	0.7776321304909312	0.18319968181376983	-0.5468850921957833	-0.06780580209273755	0.5214009818666139	0.165399442304976	-0.2768828789969388	-0.09802851381809191	0.006888125879273269
DTXSID3025469	-19.257161709367622	-1.433049036040629	6.508732001998089	6.2755399572440265	-1.6971248402480592	0.01920872924191108	0.8114904560499	-0.8978129219680544	-1.015793617838734	2.022298332998236	1.6543214478047572	2.5488383122496554	1.3827968082563693	1.2804466509171835	4.022690408121102	-0.08472514233807688	-1.3198017203802066	0.4947989618890543	0.4169600803061749	1.7228133733225257	1.3437538520237817	-0.6494335691280876	0.890504940127691	-0.10967317802769885	2.1445826641721175	1.7381123503060323	3.442448588393022	-1.015733466003691	-1.3395375660572597	0.33181712639155675	1.214939189403411	0.42023365650816247	1.602059486701219	0.8513331465820984	-0.4686448330269814	0.8003722820281751	0.416871350582777	-0.19465398786574564	-0.22179364631322734	-0.4032249598422069	-0.747090127809793	-0.33896935220537955	0.12551579363957996	-1.0782521697004277	-0.14011718578902196	0.14042922231120547	0.3955399389849057	0.5501879792010308	0.038256161354574394	-0.703720082673331	-1.1916021284794682	-0.024686145367312833	1.1169617978474753	1.020954314337541	0.29925742950272016	0.13317614878776332	-0.05863406937640685	-1.3824432818637091	-0.3326644693524657	0.5231632420974465	0.6827965298153515	-0.6713547996240364	0.3924571275419921	0.7503866987412593	1.6588599116214757	0.20654756095528026	1.2162840783739721	1.105405149560324	0.042556512151810645	0.08901550058205396	1.5055333166624734	-0.463852959145412	0.6526058207337355	-0.32313925136860344	-0.049986890954580844	-0.0250591459220569	0.7270225540751598	-0.46489080125230103	1.0871360534893215	-0.4195532269747134	0.023104636322525806	-0.18071348999366302	-0.08464307986355638	0.4593784173181382	0.9155051111336447	0.4770825397343512	0.042915592191586215	1.172249177892903	-0.9667619681344627	0.8380279692245665	-0.21348292721689735	0.4579131740031949	-0.3380823953731804	-0.49453648312729603	0.8981147866054968	0.762292854823753	-0.8402171253252743	-0.3217196310235976	1.5252655987595891	0.12730463024041253
DTXSID3026065	21.841625912103204	0.8852409161059757	0.9994577780281555	-1.6416894932020576	-9.42236810225031	3.382444255269159	-5.594626431023821	6.0928186856758035	-0.3594094852116935	-1.8199910102186603	1.856289531778941	4.036010319738297	0.1908038660356206	-1.4432204045731094	1.6021823124707206	-1.1179952458482072	-0.8136099162099356	1.9643099020521138	3.1573995114234745	3.7528584291611633	-0.5244154232018614	-0.11096871624257787	-0.34494209802860876	-0.37480447800188177	-1.9609972765311707	-2.2370446159117803	1.108655409624944	-0.37780132194603977	-0.45938730879374584	-1.1067284937879838	-0.010618790519100633	-1.5328795642818789	0.27904243158700653	1.2833494178211327	-0.4058011502127396	0.2686370992609368	1.5626356574037215	-0.0168639963245366	0.11614636973111771	-0.9296375710578222	0.8941671616537864	1.2524119531712203	-1.0994479135173827	0.6424873470745768	-0.08316206930201162	0.6113847807813241	-1.396257373179375	0.11734422869851889	-0.1477552626887755	0.4538061644521872	0.3099294124143373	1.1689219804227018	-0.06267457686643585	0.06939742163935801	-0.7040501693442349	1.3188322669668175	-0.21750454943486436	0.9569800184341563	-1.6198865975878423	0.33259542336655	-1.417260125210865	-0.5420967831564523	0.6891960945561825	0.2254583872643751	-0.5556823507103282	-0.7357675939462893	0.291576178679815	-0.20777668392559587	-0.167130535932477	0.5030157683455437	0.3161965431139794	-1.14777713577631	0.49348605086178005	0.1876977179545614	0.740944877962441	-1.0344378285164433	-0.6056056863866753	0.15064436377912435	0.6349874473434511	1.226786117279174	-0.43210217937752365	0.2826521077263611	0.28842122774455825	0.9096278125515423	-0.7762022529125314	1.2605435937983889	-0.1785098143488675	0.2069976921605925	0.6209776303287851	0.6467680347720994	1.7384258201261855	0.15368674729676146	-0.2128366159443027	-1.5059354607535755	1.6336522402966753	0.4510002266847646	0.0866905425603115	0.21245723437176814	0.1798382622717633	0.8670293662279112
DTXSID3026223	-2.5797019902214045	12.012832865750479	6.093106974461813	7.50202120791856	2.7001112496089235	-13.870667519145222	1.7076390515375115	0.9255780983766878	-2.8325971548998363	-1.5916537784296687	1.5074340938945294	1.44744341463644	-6.400350764914807	-0.9405433712555344	-1.6614022051210513	-0.026594902314894746	1.532675364928489	-2.8676486777764114	1.4438768948907468	-1.6901590152115573	-5.232570015172565	0.9640393655149663	-0.3106636118275647	-0.5571772953797415	-0.6469483316679219	0.5462150005631725	2.4601987709226822	-0.6537611815131213	0.976577715970397	0.6787645136740417	-0.23871332086510053	1.0193273426164202	0.9362182631717202	-0.059660946383366616	0.1974300452098495	0.5617317351998379	2.3783584895406484	1.1471619608177712	-0.7046107916690061	0.9221084322471574	0.9479609098162425	-1.2860596413887384	0.3101353085568438	-1.1331346034080299	-0.011298009010617893	2.5395941752561835	-1.6008566483261006	0.8997469270156255	0.17245958710626424	1.576784818784993	0.5792481262400728	-2.5438300131289546	-2.045547987040371	-1.0883982827767344	-0.04422194553016027	0.22246529026477854	-0.9046329547791893	-0.5530497561315267	0.2979718198136346	-1.5880956230261598	-0.3418677534855983	-1.784093515612187	-0.4950489460143523	-0.42505145430439417	-0.5255647124745317	-1.342844886981652	-0.5644876878296516	-0.5548285653812722	-0.09745034849905927	0.8963081849756124	-0.5009545857218369	0.2611985187513987	0.4854783785049058	2.2416621689268643	-0.7550118682119491	-0.052469719028638305	-0.287517078895433	0.6845766487426623	-0.7626406219384938	-0.3661334985985206	-0.05135267476559774	-0.8889143181282556	-1.1726132181818865	0.9392696282138476	0.9114592006427735	-1.7895938124939033	0.3122369072098485	0.5427548608790496	1.3864867682749258	0.6382265918341478	1.1444606699045436	-0.11967454229370224	-0.13999842044087676	0.19001458307743405	0.7227957717958444	-0.7436430609544373	0.31553194183879624	0.4013986359658266	0.773021052125803	0.8260923660875463
DTXSID3026566	-2.573489920532986	5.94136060614506	-4.884380464953766	14.840711461741465	5.965123176424541	-8.253233317299511	-3.841767173130251	-4.929765926871246	1.0218613396855343	-0.278490174934798	0.8413236436749072	0.044275602250068866	-4.275385008879457	-2.213934113065009	-3.6295364906097323	-1.2858900517587644	1.8188762539288779	-0.8442501962347639	2.870489228473408	3.9956749337149424	-2.1440597588073564	-0.3917086713438835	3.035013936343886	0.49346043265868705	-0.4675768479166413	-2.24980683506704	-1.4575266481324256	-0.07873615695896749	0.27923991839119683	-0.5874642072112006	-2.1169994603500766	2.324959345614042	0.4528325441364182	0.25238154614357333	-0.24542139102845714	-0.7246746945559199	-2.224377958537894	-0.2040681853476433	0.11210694009453433	-0.4393154611353925	0.1655453233691314	0.27042944261409496	0.6299548616522502	0.6485455033862767	-0.44345911310712555	0.02244628642948505	-0.26844754605716564	0.14936065758084913	0.45207046395383904	0.6381682234718549	-0.5580848350927272	-0.41362734336315177	0.015843585699814984	-0.949241064005543	-0.40575891597414043	-0.6170174198457905	0.2159558601587268	0.6233156821589209	-1.7137247249350391	-0.3048871885565163	0.21390509539085034	0.18592887258775903	-0.0034595010957000063	0.1853688923076052	-1.006763516681743	0.14117735394102765	-1.2148656886690572	-0.69792762595673	1.2618759309067578	0.6003025318226729	1.984952067999818	-1.637916546948018	-0.20241018556844315	0.5010323576441988	-0.7557695513967604	0.5574954781166955	0.5510823155911501	0.6782736105325784	0.07083139265876215	-0.5768466860524301	0.7904621396705747	0.15457559439962396	0.6179712724244846	0.40915304330721175	1.4008545908109538	-1.0344926667636583	-0.6717134892412107	0.20194293162635307	-0.7980033445453015	0.5961649170543916	-1.4047628550130886	0.36988138096759016	-0.9698911257853378	-0.2280908035003448	0.8127482791905932	-0.08716871212109344	-1.0150439800966016	-0.6394729877811431	-0.7954585433537152	0.7227811428641109
DTXSID3026564	11.171319633007945	4.898055336021418	15.801378452682506	0.2906913009422467	-3.253857093681437	-14.829410134820321	1.6431387359741265	1.9818226475335694	2.8923099188344983	-1.1467072183141547	-1.9559643228169075	-0.19435267474655268	-5.383692096454816	-1.853935020223997	-0.2060172213872936	0.31894231793887046	1.6605264556525392	1.63595970452469	-1.8541332582181231	-0.31665314510385967	-2.030297769449512	-2.8140388198863535	-4.433761571175259	0.18557283514677364	0.39721438484086286	1.037410361679286	1.0261110501350192	-0.7103713235322113	-0.0661079956768538	1.17267434494085	2.932793242173846	-0.6766385777545333	2.1942255857942503	-0.8488052519729782	1.9410004386996564	0.4820429838714693	-1.731092562051298	1.6076093551232975	-0.8576956745524623	0.04020908013708719	1.2625648256661797	-0.04026114169154915	-0.93240244429138	0.20362808069566926	0.06664000383211555	1.8730452347006816	-0.8644748780136348	0.6012174602563665	-0.7736760800817004	-0.9234211737024889	-0.09214421215230754	-0.5211507218817677	-2.638255747884454	-0.7313816798474838	-0.345364196362264	0.4536625399473434	-0.6571077093322777	-1.4732314318326005	0.24243171147416662	-0.9485197845325997	1.0067993824908452	-0.5395857037769051	0.8910366922181494	-1.2746565518301227	0.18684821127823384	-0.4500458215841876	1.2865724592128938	-0.5074862952699053	-0.2946598549264148	-0.3949206910762184	-0.4962534939503649	-0.07624757565915712	-0.26639669436831204	-1.47867854472065	-0.03723768839938988	-0.1016620055792746	-0.4417206889835943	1.0663468476436055	1.1605566125691318	0.4330404765993511	-0.44434499195834654	0.1637610385479987	0.8048337699188792	0.021611916365000056	0.8731933324902013	-0.8562754206709136	0.43122798716697214	0.46955613681414754	-1.1708576216738351	-0.7170473077286746	0.21394169601877452	0.17588825098657027	-1.238843040277871	-0.0005217874723537344	-0.09873093687051646	-0.2692172181790995	-0.4785203473390775	0.5858561138263263	-1.1093335668466033	0.123302132280999
DTXSID3026697	11.744502827183364	0.9296408140460569	18.173435127733875	2.5802213683023094	-2.336133227771378	-13.82668236762369	-2.7724550237996675	1.9027974311636338	6.760982102777566	-1.7839539655325662	-2.1964806006722077	1.3749866176079923	-3.7789085226313683	-2.728161773962295	0.8568672580016069	-0.2923973123984844	1.3248484076656508	2.0190713537103075	-2.635685936611545	0.1631770970622214	-2.2528988861359545	-1.7288162779629757	-4.147438447461876	0.08793211685501726	0.6028096348086988	0.07039422992377861	-0.05161436366718159	-0.3338510853482103	0.12946604904064687	1.1670258771421298	2.7957885941006824	-0.3267606783053861	1.0949332214824012	-1.3317119878352133	-0.37047937569149453	0.7157894646222104	-0.9590581500346703	2.101372259772376	0.3124227199061497	-0.8818855287450882	0.28283500360401165	-1.2688824625834154	-0.4918555899934597	-0.20683960468380982	0.3033614975157959	1.0702378883799626	-0.30544524337550755	1.1339704490588858	-0.7567702274895183	-0.47770828222472894	-1.1091066175788669	0.6224018287937527	-1.2745909183032855	0.28399075767801407	0.6194005030914973	-0.43493697138499127	-0.07699463306041845	0.10655616053523198	0.29253612173467364	-0.7356119621372287	0.9049953428435995	0.7599700329191907	1.1128294458987058	-0.22525608061488145	-0.39884778482994093	0.8333959962904586	0.98390975161956	0.3635363246473845	-0.5451064643157104	-0.5656708534312884	-1.7135481297750328	-0.27108987372066623	-0.6571883279198139	0.033739688745498854	-0.42196342291980216	-0.4805367347515243	-0.08803813127613715	-1.2572442255217138	0.4413838636332735	0.28834215337366814	-1.4962572155355989	-0.10937217461481533	0.2452026645192873	-0.5354626339075041	-0.10835761512473288	-0.8288601411997351	-0.5845872121208823	-0.19543869091096272	-0.3691938766020957	0.34183011447882033	-0.4381876189769219	0.10974307926000897	0.2632050180523935	0.23300649737017332	-0.2507832580469998	-0.9147522535180482	-0.0043637090359300275	0.2679045900456311	0.03863782793279134	-0.10367515122696198
DTXSID3026645	-10.586732794991123	-18.57044623306929	-0.477995596234828	-2.418952292622213	-0.8434123484722371	2.171072886854353	-8.119180510693457	-0.9649134784009011	2.6551383525722305	0.7631341162454011	3.4616604779884748	-4.808818717683565	-2.4165348820887886	-2.8248717499612024	2.779520324006355	2.2431276271443887	-4.383381184483617	0.2664176073438292	-1.1153528062619984	2.4336491902933055	-1.4446252688526746	-1.8156593803214485	0.8731744539232831	-1.3439672904536453	-0.6006977000413934	1.0729973077663455	-0.35094811259626063	1.3368583769594495	-0.12782145900577221	1.033728677523118	-1.7568157765900616	1.1174799729030296	-0.1743481818612381	-0.8091582177023399	0.8171136510754659	0.6096853997497551	0.19400951165819164	-0.728549526005346	-0.4963460431790825	0.9526160298892762	1.001532511642048	-0.5253946524435197	0.07920228832497665	-0.5179367472564214	-1.7593011789158721	-0.03456419497804455	-1.2212051403251005	0.4013215256917591	0.6509582041805838	0.5533711919185618	0.6351203680895009	-2.0442170378553515	-0.45561583318997606	0.38015503698518643	0.2601942097372045	1.095597262962949	1.4346688189864683	0.9043596260023821	-0.6768983663844051	-1.0496082554939572	-0.16390436856657692	0.261213783322826	-0.02593700619980427	-0.09032347852955848	-0.9366851029552005	-0.380886421543072	0.6409299226116502	0.17312889132876977	-1.4503824267684162	-1.051876369136598	-0.5465111462496048	0.7135224122812888	0.4108256734478249	0.2096507708334813	-0.3471737749057959	0.1251725747850465	-0.3544092971477101	0.636417081439826	0.0673559692069014	0.15228640072956837	0.04460931969141098	0.5295458042429579	-0.7937478941898344	0.17476971400301708	-0.6998986555952911	0.4920478706902605	0.46896086837954326	0.18680320207879808	0.04413017211108007	0.20925978000572434	-0.19709688562357422	-0.36911035658428204	0.8044055400483717	0.15164047814239548	0.2168228826934298	-0.4465711514143168	0.3691856662190844	0.46972179312158746	0.6466002315300312	-0.6504128057136034
DTXSID3026691	-1.8444685927292386	14.206714321021252	2.4177675347585046	11.436095143810277	5.909187031845722	-10.236979970490644	-0.2515607880793261	-1.9517148401403244	-0.6194199774875808	-1.9784193900650955	0.9530772032693938	-1.701268701821046	-5.98506936003407	-2.65552405281488	0.39474152541424784	-0.3214205794842326	3.2211461863929367	-2.812794929714406	4.69074229721925	0.6872377717221737	-4.3151943772540164	1.8955944675221543	1.6231969073566987	1.1617699820152434	0.9590009747930853	0.7558152827321682	1.3059654723828795	-0.20791302096594264	-0.7084190432567572	2.04629302538304	0.5241385813455237	2.0019491079364258	-0.7079346532872327	-2.2632755669431783	-0.3927909329994516	1.130164853810927	0.5517917898876019	1.235566017732132	-0.767144155888432	1.9580942327560726	0.421193253929765	-1.7105704191640472	0.6260293541280953	0.0124999755953407	-1.0871796679654064	1.344509245845202	-0.2226078298767374	-1.0497429114435317	0.08025788248259301	1.3690978718351747	1.047791247969518	0.8931926292116357	-1.401764672314681	-0.04936140949235011	0.2899598014518849	0.753873038760136	0.36155696899003575	0.41383094800372094	-0.8458557686155764	0.09868399741207122	0.8748788754399225	-0.5406093998631617	-1.9650371025258493	-1.0170660571896217	1.8186096713075852	1.3908617641455512	-1.0130117050030067	-0.040703896482177225	-0.3201492495011173	-0.6703884120297939	0.5351363748652619	0.21767974589554265	0.7718719085589709	0.7359164356597379	-0.1791034010659307	-0.0336223703849327	0.6412168783908013	-0.1448354279103832	0.44713812684521054	-0.38906606573082003	-0.6088640542223225	0.1609380255876459	-1.4876243748435876	-0.837822594131958	0.15275833983793502	-0.5548273613367567	1.4762770106042227	-0.7538480568156233	1.2435830932063696	-0.10165817401164282	0.030771995488744933	0.4963789021179906	0.08564562286687216	0.04710247918660029	0.5600689550692983	0.5233765258033446	-0.08077865537097778	0.3492999422625046	-0.5896705983561239	-0.002900870394113594
DTXSID3027320	-5.088133188070804	8.643683609757922	-8.486184778838233	1.287345039334189	-14.398429061635479	6.630566666324005	-11.198789936972258	-0.3004006361876509	-4.808974625600989	0.6670737529635046	-2.707985677903141	0.9013446082663618	-0.9317365411404176	-1.3899964361079684	-2.0746994357542503	1.2619672740594894	2.480393689557901	1.4082925770807515	0.2655871675324662	-0.444875552344333	-0.7005954028306839	-3.028863756133657	1.547302368526645	-2.0087859064129283	2.2786806099028905	0.9398788370492883	-0.08328284291791627	-1.151706992724751	0.582203220385227	-2.04786217254217	0.3858497250061068	-1.5305686048101697	0.2386986202390325	-1.9874871395509135	2.1454452361459007	-0.6890843941677127	-0.31832031859552623	1.1705527909845346	0.6771796757375022	0.9482874571109281	0.04229391134694503	-1.0381932098554538	2.725403000461554	1.5938123031233395	-0.8438619922569209	-0.16942479811698535	0.23277952194233417	-0.33961180271807917	0.2922945427370422	0.21851029653031512	0.7216141508631898	1.0771929556155722	0.31083339455847825	0.053845199752797425	0.5513769213204986	-0.6507710338520909	1.5229743605584556	0.6543567615535497	-0.3129653682435642	-0.5981544255387907	0.27742885644449	-0.6772606063467096	-0.35191444342098993	0.44569405515272253	0.0020646581939961846	1.599067723559841	-0.6257255567959948	0.19634953975180316	0.3409079056599064	-0.054737769325172075	-0.08400453977778495	1.005632860130969	0.9008680455497897	0.5669211638156832	0.37660148755671424	0.3373430609245804	-0.7007976804768532	0.9496572150035152	0.019158654999213483	-0.995083070534951	-0.31999885084432567	-0.6024332703841936	-0.7869272844999827	-0.3706826933347802	0.4937478100669402	-0.7988101655490805	-0.44607639089377643	-0.08769530817967541	-0.46684888074885345	-0.9235060119510474	-0.7108067766077703	-0.5783041396071641	0.6475072099836902	-0.5494925094799545	-0.0635215642246934	-0.9973781523612986	-0.9950763056108656	-0.44112627703125873	-0.3767385485649091	-1.0609440022638308
DTXSID3027403	-2.8818160842899783	0.11175302402322904	15.412427346220152	-14.80961668454852	2.8710790132289015	-8.227374941675055	-2.8830856316324907	0.7986999810708605	1.5869997583301232	4.394625953157151	-1.8531765713845314	-0.5142951541363623	2.7297319172193326	-1.4972807398028596	-3.8867974198039246	-1.9438553255246735	0.3048243099082074	1.7802353295142106	3.4246828879425966	-1.2777722269953866	2.5876657970917423	-3.16069355400732	1.4468975941785653	-1.2268941908115296	0.13410612460939908	-1.199675732348693	0.2401061467980306	0.337297469017832	1.6426928173936566	0.5463333038412167	-2.898062793314425	2.8110198630489966	-0.10718628943671249	-0.12626711918666578	2.6473334677369897	-1.630255187850126	-0.45272126498543513	-0.7422059797194789	-0.24009014051022826	-0.4962461862509426	-0.19320850496493744	1.5571599000361134	0.07001143162365311	-1.2219068334588374	2.154066919212088	-1.0400914383463085	-0.5416397066603926	0.21996173497727586	-0.4954821977921907	1.1742606877073827	0.44545372302008884	0.29120785745577643	1.1027275945728339	0.017182421269104537	1.4622855199184546	1.664527084070847	-0.9770404089219399	0.05334602166080657	-0.779139570186391	-0.06542863578049336	2.696531065279477	0.04168781952740529	-1.1973734824905549	0.8473097406325694	0.1265611845057917	0.14507853367469317	-1.5597326080689178	0.02304966485847116	-0.4035157093794207	0.25725228165911723	-0.6465360056130245	-1.6808544481152607	-0.014512129387650383	1.2511434430010213	0.7440495245818642	0.21618149709499293	0.8356338176620949	0.6007909809379501	-0.8913381996566557	0.4161623262415697	0.29909690387137	0.10039588585595803	0.574668223886469	-0.08594082602913458	0.2808913694311305	-1.7936030485415548	0.3477782377425051	0.09789783523814644	-1.0877811163105617	-0.05242338832665335	0.2884416068773357	0.19698499620403948	0.6191111542491298	0.5625667629671692	-1.799262545946735	-1.2147609292985875	1.3209245272321481	0.5244026828028436	0.6020680174967005	-0.6485038335268155
DTXSID3029653	-20.24144096747115	0.5779777403257768	-2.1270545352588344	-4.597921033150798	-1.2781870188734366	5.2197117108336055	4.35590802204948	7.771594275881562	2.748524255157788	-1.8398523913323337	4.135414923932297	4.198236614696132	-0.7676172324504081	0.8750632649641412	2.602403784762193	-0.573178387513379	2.3288680641769886	0.657223973483168	-1.0652318416266402	-1.3164932094883002	-0.17473513665831242	-2.001145170690947	-0.2957759700088024	-0.6951007969868636	-0.5923335544175086	-0.16685417444066267	-0.4658192630374854	-0.7100945706747532	-1.4095149840884136	-1.0285139091269258	-0.2688688585883743	0.7160113327938928	1.4517504607276124	-2.055639539005906	-1.2225989909802013	-0.5712058080763923	-0.7049045880614688	-1.4722882877883439	0.9687118049004834	-0.4349600592703035	-0.24491669223257928	-1.1218864517820093	0.5214762473615215	0.07007804352691215	0.25600647946971367	-0.28619223395299226	-0.7482743248356816	0.2022205756650254	-0.8580077519344855	-0.8252020480086999	-1.6787713165106655	0.26190914503528656	0.2101422186702978	-1.0223485295889796	-0.04299372915330516	0.017826028752725404	-0.21762005976811138	-0.3930116614651138	-2.3340627169615917	0.0777473209802955	0.9679200312301877	0.14245033532858126	-0.8565675914273525	0.08817180710141681	-0.4511063725182417	-0.26140167444259166	0.21106214954173472	-1.2620526038327298	0.7459428965154343	-0.7241681485625437	-1.5149842056540666	-0.2806477863562439	0.7538319597433807	-0.32066242842964543	1.1893221864936678	-0.8572147226892973	0.3312296929816034	0.43012714884324393	-0.10398143688288118	-0.4597657757258139	-0.5411405483240266	-0.23697494200152844	0.8777315568958631	0.17490618394249255	-0.5685268041441001	-0.6741012629412205	0.6093016029503884	-0.3265313310553279	0.9231789903578418	1.2034968192977253	-0.2678195073800093	-0.44554646964961914	-0.21804342398366722	0.24223884593628767	1.1456925714027086	0.5589369008854749	0.07496260441282838	-0.1118931579227059	-0.5174573812054347	-1.1422544112197128
DTXSID3032416	2.1964603096927497	-2.0263287627836077	-7.875446110728525	-4.182677595846454	10.522967901111144	2.6489973490944223	7.330966687607683	12.852652467985209	-0.2618682546201962	4.933321508964104	-1.5382162259988976	-6.182352707896455	6.4662705487689	0.6418371428990429	3.1576325656314115	0.6015458556604284	2.9332082777331743	1.8387242080187975	-2.7091972643184805	5.656922217244665	-1.1700731061628837	3.2138525545451655	-1.176610350358065	0.7246155308591303	2.605075851679318	0.6734495052433044	2.177203299349757	1.5871077519157684	-0.8265553509794559	0.6346708342054552	-1.0357471732221148	-1.01966727635837	-0.17900047584240109	-1.7868903702254524	0.34812183784222833	0.3680533421795827	0.1600566096501455	2.4870276286706723	1.5631698307616138	-1.5215037307641885	0.8934257761992259	-0.7189081234084633	-0.1591621236353277	1.0746844762119179	0.21350900714239085	-0.35664704406772957	-0.991337570826747	0.7008713472954512	0.338970292472525	1.1333541086360384	0.9688996619430534	0.97755128256667	-1.4014586407604408	-1.190902337731473	-2.5284977274093596	0.26921253189559735	-0.31552650927440595	-1.1471710731798248	1.1538707287225973	1.0913271584061477	0.08622911364385762	-0.31092931818675956	-0.08308520341840228	0.8944580369203434	-0.6475351935584196	0.11247935514726515	-1.2273082435761502	-0.692810834732606	-1.2381205458767228	-1.2654885862372391	-0.3494611131404658	-1.0016328382780406	-0.13990537544460588	-0.6765380312209226	-1.0505256302678432	-2.8330876229106534e-06	0.6589173270110442	0.1979465572177792	0.21901102316525745	0.3054767649553989	0.8383377289728097	-0.028830428387249505	0.07350302032020609	-1.074063072024339	-0.9299525708198099	0.20941086520658284	-0.22627335114197603	-0.010450718093054761	-1.0568836732939642	-0.3007890423377967	-2.041700923264573	-1.007672637617203	0.044730051993272534	0.8147903297977136	0.9599237284197872	0.4609361549523971	-1.0286243924589316	-1.789469549183253	-0.6776604059738619	-0.6925427548730942
DTXSID3031862	5.0293761778801995	12.24191504173822	0.5285491980476197	-7.350500725021957	-3.9924712377126563	6.466965263640123	4.665353335492318	-14.253159674567563	14.877063689657597	5.430730593765487	8.080978422248872	-9.97656173208891	-0.007514653983701372	6.188098407908306	-1.3888307678071097	-1.5228115826854747	-0.6327226972050042	-0.2465555223108271	0.3788582312842702	-0.8932948056263128	0.5919241469118398	1.5044596871222757	-1.2691665136530785	0.7162051877324761	2.9681976839419524	-1.6932286284008888	-1.3931415309149604	-0.37152528234598026	0.5949661062928396	-0.7030576887383945	-0.6528387604960586	-1.5335179437875521	-0.22277838701247998	0.48356005282723924	-0.29191167267305146	1.0409016890822071	2.2577355360830524	0.039211720087090236	-0.13113479814912196	-0.653151772208005	0.12497533794678824	-0.9875239239403814	0.41563841218034747	0.6046353222888925	0.6138945352950909	0.8217703313910786	-0.2838870579115728	0.34500861195051663	-1.4391417782223912	-0.05641393033794535	0.4734517658912874	-0.6233944817698858	0.5926351631401614	-0.4520218879868504	0.15112536717533762	0.7003484563868569	0.5471221190314217	-0.12629036481178033	0.5270535068899976	-1.0115427442659217	0.036743776701114964	0.08191059871005864	0.6247526379637128	-1.1160144387027726	0.7505785982383861	0.2793307970193412	-0.11863206759738545	-0.9248422360876372	-0.9414349508156964	-0.30326637364200554	0.7833076423265259	0.3078068932715217	0.7794473654328148	0.48423334978377724	-0.9337491908239755	-0.7094779556308335	-0.04364020019819263	-0.6518241022387626	-0.5276003249005734	0.5750663467925774	1.1367018672939542	0.2691211330037119	0.4788460736776378	-0.713385756880107	-0.24889164592515944	-0.5229095299308634	-0.25281005062660095	-0.6900026720316065	0.1893629013444005	0.1351344134839433	-0.021577493728948644	0.15265873523049592	0.14841963878242848	-0.1760975706843482	0.31119649947133127	0.742677590567145	0.06887627936642965	-0.15580209203874773	-0.11554010045063878	-0.07614159396059607
DTXSID3031860	8.75752999763272	10.669693990330305	2.8997594883890607	-8.444263566156177	-6.155975634004451	6.3058218032583735	5.127004487939349	-12.775374973591099	16.735133367199616	4.556558336556424	7.825004460041848	-9.574837519134727	-1.9924939795881957	4.576237542188484	-1.075691930294172	-0.7191733799413939	0.5021898090200726	-0.7155672128871992	0.9781664262592521	0.7771253094710143	-0.12801755012388424	1.2157327974859835	-1.3184655053659673	0.627562143690601	2.5919071932759374	-1.8494305658239971	-2.544701758149608	0.36056913492966347	0.1497801228156543	-1.3421731895928266	-0.44502734343562894	-2.510200456991412	1.4392132541025469	0.585453492964247	-0.3575061954714506	-0.010971280108804694	0.6332302324462703	0.39578102580247737	0.1865777110514737	0.009594154928879113	-0.6661463563994134	-0.2813081014020762	1.3726266488182197	0.6529280302142161	-0.6759368034463727	0.7266920300504317	0.7335689246031275	0.318106798577647	-1.1179964949575083	-0.2298213192893282	0.6773284879818244	-0.7340092668016885	0.7297658760499528	-0.7639322611911298	-0.9934239353347132	0.32912903587015185	1.2026232805613861	0.2166276183001419	0.011643828430362518	-0.20510776088477636	-1.0646618826656535	-1.2848705419847999	0.0752333959890861	0.30884582245032743	-0.16099379683118356	0.15131472052392037	-0.989187280020026	0.23842341354838129	-0.8589900068615871	0.07914644145591052	0.3688418742427197	-0.5976012162659954	0.35338995133679224	-0.42151774330902264	0.4943742664202927	0.28703823177615795	-0.5802460176504588	0.22392596054004874	-0.20281426244110012	0.25638812091958596	0.4384682502607991	0.2216137020437206	0.5967697393324484	-0.49573083291135195	0.09457523325366833	-0.09678253498691684	0.21554347398995757	-0.6201780359067839	-0.5633435774372995	0.005971352487493118	-0.12097544463265959	-0.30986907209128395	0.45227785226976247	-0.19844300722704097	0.26495072034893524	0.17415670158766516	-0.11866297182725499	0.5916094475294664	0.19404078824600016	-0.4937203402725237
DTXSID3032337	10.246044207469351	8.731755571449424	-5.0214677952887605	-0.98227235297043	-13.385819241639698	7.567866288846879	-11.24743637422291	6.789001792506184	-2.0835236636979553	4.351462150833653	-2.504012242116357	-0.7075960570937699	1.137066735244825	0.16439576874804285	1.281585244159071	2.6539410037220845	1.4724665381956163	-1.4449187574489832	1.720477948368457	2.049050687976796	-1.5274063226647305	0.15284145596008053	-0.1886587172382974	1.7211702982404937	-1.3603174710489276	-0.2798850306161093	1.4898263232696203	1.160053623693091	0.21897929724911022	-0.5053825938604897	0.9817329734341342	1.6852771526196868	-0.7721988385016858	-0.0881503444357077	-1.5894422415696514	-1.2758224069070854	0.6627677036423055	-1.3672563266830564	-1.1393631128214408	-1.565045104073433	-0.45215941705950863	-0.8546428316523819	-0.03122325167971842	-0.28925994405052435	-0.34656581117965135	-0.4976926040097828	-0.5481623223853841	-0.21699142366504612	-0.881275928865061	0.7500686955153133	0.21421195630719167	0.28111674380024837	-1.3964516881649398	0.6733352745157727	0.6623671858518143	-0.1737126950832347	-1.4545245823305666	0.5376765789159924	0.22629044937293813	-1.1123911547925482	-0.7155149080121838	0.13971265365858448	-0.8122050938809121	0.5392325656421056	0.42020290949276806	-2.0029936640041193	0.09144823664055192	-1.3715385053659923	-0.1583847532848116	-0.28188356209846616	1.9809727902444707	0.13551918164955426	-2.027936547103824	-1.045771866915012	0.12152897532121057	-0.6462557522101724	-0.22659557475769	-0.10971378799200074	0.6355171213261203	0.587799781547108	-1.1017362925860088	-0.3370692604177268	-1.25267856447921	0.006933643286356674	-0.3368525649701057	-0.23644966590911803	-1.1594996602034322	0.21144412013289193	1.1630661239964202	-0.8498449934385138	-0.6232620853042609	-1.0978699766544195	-0.05511177324455719	-0.25380650815770556	1.0442289194340921	0.6973538578438759	0.21070869206952403	-1.2893161187843303	-0.10616605368038451	-0.6356178494938367
DTXSID3032464	9.12691156600933	3.007106770837632	1.4684276586816096	-18.932129895345458	5.449592370726016	-6.259434881182979	-6.946424543028117	-6.7191432248819405	-5.931224105472785	-2.1292530682779347	0.7906518157500229	1.5330765399921726	-2.61420192242907	-1.0906312398404647	2.5582430985195987	-1.7585394695156362	-0.3688184588540721	-0.49196867770760505	-2.1829471134580287	-1.146333143511453	1.6582662472597904	1.0877590289757453	0.01933647090982816	-0.5834283667943311	-0.4597048759161794	-0.6414996572516493	-0.3251246424625976	-1.1261867724481196	-0.43619652233598477	-2.189933825897543	0.38866569237203313	-0.22355772002881596	1.257752898097283	1.0932996630363763	-0.25215257786411455	2.581306197011228	-0.08004926473227618	-1.1504499573668834	-0.9414473069160607	0.9112088427364143	-0.7831461062553594	0.983058802021852	-1.3357151321013698	-0.42738424370484	0.05967541350241938	-0.21849498394999728	3.239554264366431	-0.16404246908192652	1.5546581087885065	0.5343012436332966	1.8349906450027658	-0.3871419896572689	-0.045468578714864163	-0.28065806403480376	-1.0833980752127361	-0.4410459070755317	1.2182943846266006	0.11498446516873215	0.09381925132256616	-0.11786486863850594	-0.5667200996725554	1.1876754917349954	0.026056658723122933	0.9393748809515906	-0.8970232176434908	-1.098831858645441	-2.6873432419418375	1.8715689280523031	1.1109566274518685	0.06733704078590416	0.5464318590149151	0.06603106746258326	0.6026585565791803	-0.2674530905655143	0.41673393741338527	0.5387337749746357	0.5033118089072172	-0.09277926123595195	0.6254001355635994	0.4823624149670781	0.548396922770527	-0.2839530015122576	0.6309008921509119	-0.2941604080445446	-0.9450784116198474	-0.17957338425032204	-0.6321145365890364	0.24932836573839234	0.6235697882262898	-0.638941677269277	-0.291687753251352	-0.4962515104560798	0.1600771657128453	0.7725016112183409	-0.09090775523670563	0.2051259634999728	-0.9566793265496099	0.01809692690879062	0.22592381739114814	0.2121918083107909
DTXSID3032549	6.451819146965725	-2.7884844334125716	-5.642720426648505	2.682932523366204	5.502980197992192	-1.8619891689658767	-0.8501399777858684	-9.777102738413909	-2.7568320110555815	7.021429589504528	-3.52765728495843	4.805344358355741	4.588933637753266	-0.12491622286313397	0.6810296752345576	0.36961084443617503	-4.045854475183697	1.2758991932748538	0.2365687617919234	-3.4529436351105156	-1.1129793046762309	0.3520561526783168	-2.9841743871479087	1.1873336223480822	2.1369393975649027	0.5441363732342643	-0.4070950575076608	-1.3791628833781793	0.17657927575164858	-2.433602400715343	0.7311790830922865	-0.7647430659984149	1.8634365643300095	-0.2132703321638627	0.9194462503664799	0.6381393236552093	-0.7630359655016526	-0.07102335950781417	0.15932128389181854	-1.6226641592029123	-0.1582099595219151	2.4546964809078413	-0.9738971361750571	-2.2902695281958083	-1.1025348830744437	2.558193076371203	-3.1077720704807357	-0.44805446722572545	-0.15512777397078922	-0.044148741915243	1.0847083819120007	1.9933889049751046	1.4198681158351623	0.9186644486140675	0.8590427648498756	-0.6053077009316586	1.5465116581261782	-1.7114088787759556	-0.8507287921378024	-0.14433472221610918	0.9065230725565934	0.6980156003112359	0.3492299926230234	0.6008842069927394	-1.0470129338414076	-1.4413687655386993	-0.3675714985606488	0.780355070418332	1.6228995212476716	0.05188721671642943	2.21722020585595	-0.9076897570811417	1.2157080854542743	2.9023958033088375	-2.0684370810945993	-0.011145831165169847	-0.4486700707081677	-1.2167202162101591	-0.1305004732374609	-0.8184482735841851	0.4818731624985775	0.29508380625813796	1.0117461496968057	-0.2829240639547927	-1.4355459468881988	-1.3343905635008875	0.17858536094746902	-1.818454767660644	1.2424557454381535	0.5211745729994478	1.3930772196195846	0.9244920116066011	-0.657535247773677	-0.09369370171479915	-1.3207224267239908	1.7232732699026103	-0.6506766898920044	-0.640005427838152	-0.7714177815976195	0.9397206060666091
DTXSID3032591	0.0861950764419627	12.718565022727962	-4.423569560175616	0.42663414623201357	15.255143555463338	7.1743453343887635	-4.946243922042269	0.6089593272885081	1.170527928367719	-1.127041684756586	-6.484957394243597	-1.3356138166546465	1.8054273283032223	0.30682015492064685	-3.0204308363807355	1.8650323989870623	-0.34508539461475995	1.4115548881015958	2.8883725133897884	-1.4362641403632135	0.8375420667651033	-1.7113384280921953	0.6673104069004767	2.5495353759901977	-1.388704571358772	2.1809330933057396	0.025675702346004158	3.056203181303062	-2.1019000379001818	1.7775775320127654	1.271874781358644	-2.8525004233479745	0.8859603067148017	-0.005154933072981879	-1.8394097747729243	-0.06345501650985666	-0.6368861485393992	-1.345230556057846	-1.4475438625295283	-0.6985057080687475	0.20495318818675873	-0.7159891285082046	-1.353420952833616	3.602454714014711	-1.0924071828099764	0.03569347648093186	0.9927521196857811	2.292665966107482	-0.4944340749658468	-1.2919595549479954	0.16728327011195085	0.8252384171768316	0.36910166040357323	0.32643975291225236	-1.4110426362468733	-1.1856872323877834	0.30581328735208907	0.2628759859123279	0.3698312142404866	-0.13917816777482175	0.12770584307124694	-0.6647830723424488	0.04280581379556539	-0.31619218755972733	-0.7405200097497899	-0.3077254791796609	-1.24397878099834	-0.1694333217432118	0.4815580780744881	-1.2105308718519214	0.11150981200778365	1.6539410945063937	-0.39713510883373015	0.2656878195305254	-0.755613722367253	-0.6218176904515805	0.8820738461428281	0.5791886775319708	-0.015776914392603595	-1.173853515456445	0.9191486071123539	-0.7879848709646052	0.08868503073260717	0.5500164764398944	0.32980136903833773	1.289170099328936	0.4108853786129086	0.5128651332150683	-0.5783617544870848	-0.3120726834777562	0.18615633865774125	-0.15812317003765403	0.4690883263716399	-0.877995639622835	0.8001150474403673	0.30926433218300853	0.7273907495196076	0.07665971785895193	0.5289644008628217	-0.02792543830712193
DTXSID3032620	15.237161648707936	7.746370419786896	-8.501862614898709	-2.076720480276903	4.331463746336938	3.4460038280402987	1.9123431379872198	-7.066175285017371	13.661294164458184	3.081996476979744	-0.5230914526596564	-1.911642695046611	-0.6610947883182019	4.717050861352847	-0.07130756869668077	3.3890252858336827	-2.103112917750987	3.3471281567651268	0.48474628693971805	-1.8252491219584064	0.1403448360139182	-0.015851476086018283	1.2113619933096358	-1.516622781839207	0.08753509086938817	0.5890184511892655	1.6629490012118928	-2.4668183959148595	-1.9873963304050928	-1.8788518153401608	0.009837157103130455	2.1043966294652776	-1.6449539919645042	-1.7071946924831876	0.36789693197880663	0.5200807140447452	1.1107330578612427	-0.4533494565013814	-0.773949546394568	0.4266043767451227	-0.9394824882092663	-0.9957228117637974	-2.937457897476347	-0.11627258065707148	-0.6112283309560224	0.8725077424322417	0.4085850975750424	-0.4277163041925864	-1.712963328648775	0.06709593686719466	0.240143702982007	-0.13191760216667875	-0.9931475549327403	-0.11437996496918278	-0.41786376157865207	0.9266423299934616	0.4103296302959978	0.044752647969849776	0.7701228734421987	0.03355341652848752	0.3283611478938212	0.003940395340455438	1.007347303685833	-0.2649881505890078	-0.11179273645782585	-0.8624000303559013	-0.2510415697347052	0.0753984515229145	1.1324502229696047	-0.46350954517791615	0.5506131611878975	-0.12666455405270696	0.19011264362962596	-0.4912738449927392	-0.09557760886079167	0.6786676294740557	-0.3380483218435859	0.19782700642943538	-0.29677896326117564	-1.0957081887652198	-2.307555083603427	-0.6977144427862108	1.1105705269305293	0.3158979368431383	1.302090815263468	1.130975475230568	-0.7276545267562348	1.1226783395552724	0.3694567556736142	-0.7258536024161568	-1.8145567485311003	0.06482328280044701	0.1613824048267799	0.501774827674897	-0.55991380420236	0.3495281045205362	0.43191828409139404	-0.5569350919651033	-0.30179427661985997	0.4468953556340257
DTXSID3032628	16.1331855731166	-4.587445994048258	-6.642998036694086	6.369303513416352	4.257831845734355	-5.942832453934077	-1.3235597978046567	5.434012668958861	1.056791448364193	0.9806859498857872	3.2443311211719825	2.1999434723421536	3.0166929665455413	-1.4977174382582836	0.08403992692152777	1.829897769418428	-2.5340871196866512	2.068242512722247	-0.8956536628665006	1.0613397852468043	-0.8093624191543604	0.15576847255940302	1.32555417871367	0.5720025431916748	0.5731035855570705	-1.651809932523216	-1.307996021516646	3.054398454894683	2.443761116489107	0.2005101581695853	1.2473327198795863	-2.5357623422168487	0.5148545164342185	1.4209143316284552	-0.7443478574813872	-0.04432436684170441	-0.8487512674837537	-1.9526675573265362	1.1347859883911764	0.6743872315664946	-1.7990498856773796	-3.185457361421671	0.5733781687090169	-0.6606537716757488	0.16332092575218055	-0.2805000377207199	-0.3066592073526778	1.7009557674036484	0.5048250457353733	1.2389713152186843	0.1425955197253166	-0.24337938794605835	-1.2722998227345914	0.5732317557487587	2.0143036365388816	-0.5395977079198557	-0.23046983926275352	-0.2408989321200208	0.6906107494219105	-0.42516634729836145	-1.0457635728367929	-0.3527076419079339	-1.7377370816373392	-0.29377558080041993	0.3829768297300199	-0.1924248837583492	0.6625109803735075	-0.014513829796360293	1.4930967853423804	0.5241393485322119	0.27282005042930646	1.3877801280467463	-0.8178923695520072	1.5919476179221845	0.3047685343752431	-1.1728904665101214	0.7123972625783754	1.3724662770398215	-0.28177499820826923	-1.030425874803201	-0.6726041732871854	-0.06439071578730307	-0.1612497287884143	0.6617119895300768	-0.11625749055351114	-0.8274558020769002	0.24149409575518685	0.2979001519251245	0.06317976407759425	0.021432007509675197	-0.11229539104943616	1.340627147347789	-0.0022893475925862337	0.34102377707882997	-0.154912411855545	-0.5165390108406164	0.3806081378081812	0.36724311109652735	0.43854596907218296	-0.9188145632819076
DTXSID3034165	11.151887400228771	12.595694322798785	-8.848210269462834	4.632439457708415	-2.8737370395016244	7.639560830780027	-6.962932214218149	1.2863389476552345	3.318073773695765	3.4291689649991577	-2.436358301363735	-4.324537457065915	-1.3446937275309205	4.585319852502247	0.6014107387216863	3.464552977168159	-0.34178151428078796	-0.1868264258435679	2.3003795125080897	-3.1153969560409207	-0.6959719978168678	-1.5451650021150236	-0.5526754254933965	3.119259388193294	-1.217756809421409	-0.15210261588020796	2.1488633290832375	-1.4752369919647275	-1.1880952510943976	0.82678174652933	0.718039275838277	2.0965080715862383	-1.3785051037812008	-0.7422121325312713	-0.8144470945143563	0.3993613857366746	-0.33877609808458853	-1.5831080542986258	-0.2872402276124868	-1.0383039622044472	1.2857962267601029	-1.0995730426114225	-1.7784533556171134	-0.5865372401982563	2.081785109079413	-1.1111834608315627	-0.28545233820464816	-0.1827927645682187	0.2571872822776335	0.08627991786319293	0.3759196237199112	-0.12895279089356207	-0.7704246932797735	-0.7722427287097369	-0.4913101497651255	1.582135222773488	-1.045141236042569	-1.9122046846849874	-0.5736432524728848	0.6769382038844592	0.04139035125172687	1.078953991392062	0.5604276213080641	-1.1087901404908838	1.695732441049166	-0.6143064371419598	0.029407173595919885	1.123550254485435	-0.03423138836589952	-0.40400709934842416	-0.6571794573281904	0.757171866490877	0.20924545081783213	-1.9536684030855076	0.6274059122061497	0.017576977875560597	0.6976299320085936	0.4921933050925043	0.4563569426181138	-1.9066109817514025	0.05268673713062895	0.6298428088828782	0.016366616861288905	1.2601788310902995	-0.12223748156219244	-0.4515360983015124	0.739370727192855	-0.12425389228982862	0.7520437688134023	0.9456142302310039	0.2021246759490781	-0.34294002495531034	-1.8496488434134022	0.13964426049948395	-1.3229230418438829	-0.32320353243664124	0.3410837938751969	-0.8658170164888226	-2.354919992388403	-0.6765774881463822
DTXSID3034531	13.321836628350617	7.68154297296617	-6.098282985067854	1.11696624915692	11.023045007692716	-5.734594807106332	3.7321510513875786	8.882144823016958	1.3798455613884846	-4.3271221743432315	-3.105657149181915	-3.14813603554283	-2.4990054354079145	1.4202996569118502	1.3674965883124557	2.309095757222364	-0.5583799366108103	2.657920852818517	0.5050118066401789	1.7888458982300486	-0.4959406122878504	0.9366720631290316	3.400839400555209	-0.34008774770427114	0.7107751444869861	-1.0082317868492534	-1.8617884023449374	-0.5752155549660318	-2.2683564209447358	2.0882575640507417	0.7012953524144552	1.209071555567602	1.0558976060254492	1.0076183179271385	2.0469639744989974	0.8045640958677474	1.6556152881707087	-0.11822766939975006	0.11702291980875688	0.20682323029347588	-3.5914959757837317	-0.31002318332875733	2.8021495986687706	-1.9785732593322702	-0.8529743024062832	0.9808625736959617	-0.11707570045842593	-1.5102719291582316	-0.005353496191326009	-1.1031259827655435	0.5658579627347113	-0.25745469426143175	-2.8466438170192676	0.21749449079426103	0.01282389442402839	-0.42498794370228093	-1.2055269198383836	0.4633985663475182	1.611989747031205	0.19928005621005349	0.03172815447301432	0.5257093963744397	-0.3344233899583175	0.1037518099628009	0.24062862817146616	0.33099984344851535	0.38273587149379606	-1.730703355893695	0.9412659901751652	0.9368714098127814	0.599871136764043	0.8078521750600961	-1.045310460685003	-0.9956347297745458	0.42268120977472523	0.29070420540691605	-0.43410193075965187	0.32954651136204816	1.5306982585504971	-0.07910816548561551	1.5558564890099325	0.6234425467449767	-0.6989491666032813	-0.18348180217691165	0.9846472633424049	-0.403472237271772	-1.3254486057586992	1.5587003032589635	-0.22100187414478284	-0.8131002962458896	0.417282649573744	-0.87381784546403	0.7127023318422986	-0.41035413899225953	0.09585375940258806	0.5130359982371729	0.5132856114668749	0.8527543169656187	0.8566615788320786	-0.9445632557449882
DTXSID3034612	14.600366964894743	-0.975149596666081	-7.859143647544031	0.6400555647337359	-1.2151262379432102	-9.567914121038715	2.8850954672735263	-6.638803764951381	6.1165576823600665	3.2978722091994546	6.496391698798014	2.0169657112562698	0.6040543173925806	3.2603391663521575	-0.12930355697284462	-0.50296710512868	2.806921434835777	-2.8934505422572134	-3.8554829573395994	-1.609911325971735	0.5588197543444857	-0.1552388142659494	0.46500230034976825	-1.5530567128206374	-0.6471967700959818	2.61110430130337	-0.30263164054829844	0.8688947262199646	0.30531876511322403	-0.7377794531875737	0.16000101148200074	1.1586348293147901	2.9590330477257223	-2.04067877019818	2.7707091023757187	-0.8813790738872014	-0.10277845557176578	-1.9486569257672643	0.22885770039801195	0.3901140870906515	1.9092404485574415	0.7139442121710806	-0.5921835762302691	0.7754652989459748	1.0679484258842562	0.8743770732140921	-0.015013446449690424	-0.9017151972351396	1.0788405513978094	0.5380458918029974	-1.1766215470183754	-0.17102193950712857	-1.355887827687475	0.10203272804786791	-0.5700251363563265	0.4607791138904711	1.5148155175342528	0.3080717170144628	1.721557687537817	-0.16565229791068847	0.36856710019001965	0.18914750682465817	-2.0392729932845413	0.43438277960112165	-0.24754911762089313	0.39454260103245337	0.10421974554530247	-0.25045313745254744	-0.7212048906003062	0.27186665861494597	1.883971278244518	0.6455528832739628	-0.23802998228816585	0.3739904262685079	0.5436279284058321	0.24714676321000298	0.040115118707677415	0.8194069625836503	-0.06860772459908465	0.3212749555110762	-1.2319992342112505	0.7065952498764261	-0.06203989063810463	0.006359932988521912	1.1302407593175974	0.2317026149102807	-0.5851611496428303	-0.1668024644619522	-0.6903709301505061	1.3516654939173423	-0.4998184477563296	1.0584866476450219	0.10813696802387024	-0.6719192459928441	1.0133333006151002	1.5414914196090947	-0.12475850662844629	0.25863133142468286	-1.6305320743281027	0.7088613183196248
DTXSID3035341	-0.15092433747351586	12.58013479862614	-4.54191981407282	1.0910235149733163	13.726879209396731	6.780334341727114	-6.607102419215477	0.1265489416028957	2.214330837755553	-2.6529476504881755	-6.140711123289849	-1.8954488524608637	1.0169097643640987	0.20363982326359334	-3.334725764537784	2.949000711606584	0.72698343916256	1.0163804512664711	2.9114092390752537	-2.4921005360727175	2.2498799044523636	-2.9649993056372113	-0.7297906162998878	2.112673523705529	-1.065498156075646	2.698424039684866	1.8557791695119752	2.6247481146020557	-1.1235021526272966	2.7916369671053576	0.5471777358598303	-0.9151716691167325	0.7064852101734855	-0.3043130275767718	0.25240076169769443	0.4558281332665504	0.6829398247269208	-1.7702859752310838	-1.5706197023240338	0.2064110373763936	-0.5413586777651407	0.2730696376467232	-1.2981041602795822	3.6890938502193427	-1.3326204802255264	0.6932693013507658	-0.05651605108405293	2.7490544996287105	-0.01343175051101135	-2.2044687623145296	-0.9667658257047645	2.139762046509687	0.2746719428328697	-0.45639063692403326	-1.103829331501043	-1.3918264083324998	-1.1538362765955847	-1.586786546621479	0.7742159765978492	-0.9033971184309121	-1.3084370848999929	0.33985565573774684	0.5584207282360372	-0.643924476816425	-1.1514262973207205	0.49473022372410264	-0.044623347488403596	-0.45018142894612667	0.5489842739852667	-0.4607548578869591	-0.11423429216236182	1.3561872719671026	0.09407823637709535	0.08428374511471695	-0.4876204949017381	0.048226987899351904	0.5964147139038055	0.13342033949565665	-0.646275725253865	0.028692657683361916	-0.7394606241827695	1.1769520085779377	0.04137787206306446	-0.08675355499203821	-0.017334377866323185	0.8260518694993271	-0.6523937953761512	0.4591308734737458	-0.592112569479148	-0.8002684981407359	0.6296323141146819	-0.7000977878405574	-0.2929099701116863	0.48124823951292045	1.1992956284683556	0.9198837364983727	-0.5211860521014298	-0.4007505734416589	0.036272405348201565	-1.1385382816911043
DTXSID3036288	0.1421884307339952	-6.234128819379529	21.14489792166679	-3.80280154805594	-7.3556085633976735	-10.213833429208176	-3.517537561596763	4.885315687496065	8.076249945656407	-0.83119174929176	-5.943373027947396	-1.7213407397889098	1.3412355516330874	1.1026516378349533	-2.8172141438954843	-1.4900687108029538	1.823647252196682	0.9602934057350286	-0.11715038016643188	-0.2103134368729652	1.5707118977071568	0.0025819316261374817	0.7322840957287085	1.4963100400475575	-1.0512253075237914	1.6762740795557909	-1.7268691226506019	0.3094474453698457	-0.4051928816331896	-0.08077546133009098	-0.5667271671420487	0.11013607242236786	-0.483791977836744	0.5934463799409633	-0.0006923124738995953	-0.6472987220127179	-0.5451865730033636	0.43239555524421247	-0.2504535769467455	-0.0650232545760663	0.87356714494893	-0.7496450742134794	0.4682742839666056	-1.8034416612012283	-0.8620036345754241	1.4693716790333613	0.005003964028864619	0.17090747381272783	0.02291456224488754	0.30043388208674665	0.03252831620553089	0.8218636917432242	0.7512926965958138	-0.45127769215914404	-1.2124401061575127	-0.016434608134960227	-0.32713591809548836	-0.5607349001852199	0.9236213095290011	-0.3423344487878412	0.3726208586280412	-0.5650683683374946	-0.19034808069629247	-0.18399153229319545	-0.14169288323449766	-0.28069652423684305	-1.1710971698229233	0.3324021518450506	-0.7107800996021256	0.8363109580287128	-0.05213592075767401	0.8927179489668344	-0.6818599213902701	0.3146669139625211	0.14965423721119878	0.287602769632156	0.440773433312064	-0.10882411947070716	0.3149784451558837	0.5472383900708236	-0.02244186813196779	0.9103682504077653	0.3710328001704196	-0.5076923754872948	-0.09371090017442668	0.29367175086870606	-0.7069986894726692	0.6235080755041755	0.4083912109314707	0.9617615008614614	0.037524812920499896	-0.018899460702909453	-0.9076373513118172	0.5022851657160654	0.18938930847836394	1.6689089721175696	0.3539874492283585	0.1588684803166569	0.23863642548110853	-1.2354599665972237
DTXSID3036496	9.302640644761716	-6.922279090794332	18.046305880830868	7.198341187049413	3.6251295307787013	17.08044866808371	2.122031352158867	1.2218151113384697	-3.8367255211042632	-2.008410993936703	0.5229411337429437	0.808372680593856	-3.4327215346792412	0.7302531767323855	-1.3172655696112514	-1.8441072913248735	-0.7652242055280708	3.2663042349732008	-2.0063195945686765	-1.6047727951513777	-2.0015314922894003	2.302207777315407	0.8723756621733973	0.786780506429581	3.2006076715324236	-0.061686757808801555	-0.45457166740495997	-1.2965132384355509	-0.5965610477198147	-0.7960743593489092	0.6944339732499862	1.2121690791570339	0.07724775015503726	1.032907445150985	0.28279924341245855	0.16748381383527597	0.5484436582825686	-0.6424046721421012	-0.377540821005538	0.1631396872088035	0.7496970443841264	0.27126339646213543	0.5614103338546311	-0.03230882407051777	-0.5133146414204616	-0.09690163279137358	0.25487451912667086	0.38448806489868254	-0.06230444912734827	-0.12811535493768006	-0.19111872848116293	-1.0311545511020745	-0.7992923042612696	0.021676872732879233	-0.07789497471175263	0.6953376071901416	-1.5543741920047036	-1.1429951832695415	0.5772872901762023	-0.4597996085337251	-0.34519612652108583	0.08038814013514192	0.21691372475822648	0.16775585550768016	-0.14067873648075216	0.4644026294637568	-0.20218629981457703	0.28776943907877994	-0.6189291463400499	0.36022875107069413	-0.6865011687520192	0.5238047388100358	0.7744325830556887	-0.14230636502113583	-0.7390111772569709	0.4544153145379472	0.5270667134376942	0.34022164769425817	0.05209645655671063	0.09498573757336014	-0.1472639950698481	0.13156696412008714	-2.177010119193362	-0.05164678009917248	-0.7205193904402334	0.03853834237888593	0.3308114907657104	-0.08980829062228579	1.388487748314061	0.8178889166365356	0.22445044835058467	1.0776742678492535	-0.25118178439607247	-0.2099540642429479	0.18372290325209667	0.07456407783158665	0.40910153780956265	-0.6771474047527395	-0.59237732105929	-0.3928877946282295
DTXSID3037094	11.302801918904644	-16.007144078509604	-0.6033166224674085	1.2114438949746937	-8.47831990942705	-7.148715757088139	4.191904795430572	-3.097203611364766	-2.382908265752669	1.410447878401002	0.8250782592323956	0.4171058071955583	2.5031572373243094	-2.0316616975420922	3.584787941885768	1.026298341195073	3.570656586805397	1.2900529395079983	4.881675647247259	-2.7713554227938655	-1.66143569013912	-0.4985990564701704	-0.2997230434472384	0.921953592569343	-0.5299237692424994	-0.19964892568524634	-3.7384567261090496	2.4601135576354882	-0.6761488208514326	0.7420557679203081	0.3533696167381934	-0.9032195024220375	-2.208755755299138	-0.12323197817489141	0.08017031192823142	0.6841330290304317	0.8308920377000425	-0.8749679155565728	1.1102813463083896	0.7409518269387928	-0.023037067272483985	-1.5785657013130545	-2.1587071735338093	0.6208157994558103	0.9400105264058046	0.44110128321934944	-0.4300347244535716	-1.505921214115602	-0.35030802647134557	-0.19556335685920712	-0.6783879633375547	0.6858955681749314	-0.49674837092992025	-0.0024835804942096957	-0.9248027348492665	-0.5876110726340529	1.522458536752874	-1.7094479992530593	-1.7133953582655805	-0.970049519771835	1.4907263784676505	-1.8631083327073505	-0.8827594147658238	1.1243022677081642	-0.9497185590692869	-0.2569022824958274	-0.24002807758446654	0.1981737259045707	0.6304060094546691	-1.3718684440628397	1.6208458689541518	-1.112086268370691	0.3085702500848737	-0.0927762139186806	-0.4389576180508332	-0.8916387391657203	0.6002557767149413	-0.6995639812725427	0.17191251760862097	0.12291712799262665	1.5496877404652445	-0.8778675381802581	-0.4042845982612668	-0.25560075009866473	0.38585011713531153	-0.47704670168749175	-0.17387639026499785	0.49242984686757785	1.4938839443404004	-0.7245437687128604	0.8174993927243124	-0.13802048682054244	-0.8496794338010877	-0.1406826763659538	-0.09597877007705818	-0.6508860353956143	0.6427711544093813	0.27851618521872085	-0.5742960862941416	0.1252214453319013
DTXSID3037208	9.496648833382082	-1.384552021990342	-10.517621904505909	-5.916855262210316	-8.754614832948342	3.122439696516922	-9.290506977194106	-2.0355947153287905	-4.201358649420019	3.9608737569575974	-3.01745340944376	5.538735089186148	0.27984900613124736	-0.19956029553393861	-3.7159839056602886	-0.620903640419804	0.5062010225467968	-1.9256104503043014	0.110084533790718	1.5400625410610507	-1.0642989623384471	-0.03837477987450125	-0.4732106449298969	-2.810841477436239	0.7864784278101992	-1.1609223301887819	0.2825615800118283	0.23332640854027017	-1.5204404243195906	-2.0019859184016093	-0.7381752678758599	0.0805277934281883	-0.6104924160416849	1.2996510182965388	-0.2723641214767915	0.4486230392792487	2.237477779000624	-0.07644444873837798	0.7659675635010407	2.1358520213283176	0.22671479116664006	0.43998308422723525	-0.3399460806950528	-0.49237156250137776	-1.0095690442764065	-0.3408111216720781	1.7645440877099712	1.4768581942132772	0.3297835199550971	0.5676672471680626	0.7575385947196276	0.26426875966325264	-2.1756987455023378	-0.2022203642485049	0.4338346073597373	-0.9583276047798727	-0.339517750489866	0.11523915397378326	-0.03842414006843866	-0.06479435935234941	-0.8161035038644675	-0.8436361573361237	-0.23693485737850714	-1.0513897298647854	0.7376572930157597	-1.309702276205018	-0.870640036404349	-2.3065400825757143	1.738287699243798	-0.4629828252278228	-0.5406985985261166	-0.8511165736576767	1.054171522687754	0.17686676715227748	-0.3317618941738939	2.3139460838169237	-0.8873926948764721	-0.8705808795448748	1.1644072054308952	-1.0883662990149583	0.9245336499005248	-1.3721737634056925	-0.9372105926223621	-0.28205405489188823	-1.1945903815376728	0.47414410280339253	-0.49696546076986575	0.15952936377608562	-0.3792970873808282	0.4543466273267989	-0.6069047995981692	-0.1403198771490857	-0.38093384506437433	-0.1110577475706033	0.3641110708721523	-0.06908896160016863	0.3615948005116703	0.8895096224873799	-0.5826305299234367	-0.3879605540216251
DTXSID3037541	9.821694304605005	4.690076132157747	8.528145858044642	-13.145028921329953	10.245435556461654	14.125265974615786	-0.2444679997875036	-10.800737594188535	1.524307103009153	-0.4897635577563335	-3.4730094879690396	3.0300060730528684	-1.9327258307303126	-0.03499018484708004	-0.9922417189928769	-1.1144610436825728	0.32031543397043094	-2.4020267252020906	0.7859399588973606	3.239853916783769	2.957911129145041	0.13496628511146358	1.41970945166964	3.5467169846270026	-1.999246095857405	-0.4066790073527452	3.1994401793452307	0.13064248050973543	0.7333048424202302	0.19206534889714386	0.1691367963666117	-2.1129262409156095	0.7294511875485876	-1.5570046245616211	0.8165775872383442	1.4724187661097248	-0.8452354829449191	2.2583170318055554	1.4061976902513718	-0.03908230509834778	-0.6278817960726178	0.00939672049892515	-1.157324392367148	0.4749275279681504	-0.2579278030905663	-0.23924181880778134	-1.6471694308691693	-0.47526014724802307	-0.7944905817660407	0.7645671851863801	-1.9499726901952525	-0.761344992959808	-0.5076095981338026	1.7684030730434404	-0.4488140502192201	-0.49158403508904347	-0.8086616667067468	0.4450428783510373	1.0265177181640173	0.9301104677257931	-0.7344762825765379	-0.24308121406905353	-0.1564246403289785	-0.5786084794696789	1.1986845152212464	-0.5608544829296986	-0.6430046024377492	-0.3321381401340746	-0.24109636572493784	0.7601234242766709	0.5789457687284836	1.3358693289388475	0.47908507507071774	0.3996845630183871	-0.8827067564716659	0.7196969948920531	-0.6484867183850453	-0.6741424687675355	-0.9209710270419385	-0.3745993985382603	0.21541532967302945	0.6628085053119195	1.1267004994304586	-0.7829183121523561	-0.5879069290565708	-0.6418766657304781	-0.014276631712182998	0.5367726252163363	-0.43828815724523307	0.9182107237627096	-0.062049035278463914	0.38629349920281675	-0.5913588652018745	-1.2137063574250044	0.7837533583124887	0.11546109743065924	-0.2671614283100134	-0.1238549563171411	0.36601427453700813	1.4617346435611314
DTXSID3041376	1.818446749333613	-5.855863191557102	19.199406864166896	-1.477858312748637	-5.570570855840659	-10.415830732882444	-3.561864706541032	3.8908543895679255	1.7468253009651267	1.9117921002231688	-3.107086967417091	-2.2827025227786897	3.6486675227732235	0.788483604181757	-2.5750164864665925	-0.75098766620539	1.2632184009638374	2.1035566714360834	-0.5032097539298932	0.029838033903035705	0.6662695099446764	-2.7217770592278887	0.2823084028934002	0.10288649530283214	-2.046686710189654	0.9622311497903207	-1.6680240928847687	1.0373116525635533	-0.9499236227039229	-0.9102612957252606	1.1765570439826258	1.0145610140646402	-0.329767671397735	0.052085806137511924	-1.0768220114214015	-0.6455862293493269	-1.0436154262615411	0.2585958672530814	-0.7785939671153332	1.7410195202150751	0.39818625067729124	-2.6521906397439023	-1.9715746873984603	-0.5431935873376262	-0.10512136585226689	2.004268030206058	-0.6768210694120667	0.04781575140087278	0.42457876250013954	2.310290703756883	0.33372472713103046	-1.3952943356619845	2.3001194917367784	-1.3130004515088824	-1.8260738781271306	0.9967785272738432	0.1255311977588287	-0.05478028779913932	0.33892021173340725	-0.09872793900730033	1.2188848871576432	1.4694116497036285	-1.2070649134137557	0.09560557159815763	-0.04266436605922424	-0.5649299752579973	0.045200947961754896	-0.996525893269733	-0.5589208825830051	1.0997935281895206	-0.16477039118759057	-0.35001529675609483	0.2489604065805604	0.501127188116059	-0.4009111237231592	-0.692552123482308	0.38092889419950243	-0.5738108907293903	-0.14515284196570172	0.6199546675465315	-1.0188547298874726	-0.6563546185738041	-0.8664708818552426	-0.9568178042205633	0.5647159232605989	-2.1186960813446074	1.9005132785895609	-0.22731071206587394	-0.24688241907628236	-1.6410732701378947	-0.784549615999222	-1.7863438123406377	0.5457632845515307	-0.731311179620543	0.10741299887913085	-0.8848554154521553	-0.740233731874888	-0.6273690553567348	0.05096927344331315	-0.5955276173188688
DTXSID3041247	6.508405675631215	-12.155018811561582	-5.077543427213327	7.358727533067586	4.265638031699657	-2.5720048631438472	-10.577193170682024	-2.113059289224257	-1.5520252398552277	-5.766287540459801	0.8937840434017713	1.58184115698375	0.23528277530538472	0.2859119811783801	-3.2967730430526485	4.357702641804035	-1.8300407459467167	0.4139120336678182	1.7203646852040941	2.5994978583314943	1.8294550983352726	1.1289216418265244	-0.4990867178606872	0.1982441372588118	0.45503599939142064	-3.0184847627748423	-3.3806449248282684	-2.5739161193096574	0.8424566180251636	-0.49952167414821663	-3.3338505726118433	1.0823024465040636	3.690336745642716	-0.324741504722259	-2.600587918119806	1.28834813965116	1.4039409048861242	1.0294802834687848	2.5052721818284533	-0.43875872963778456	-1.3147800687875184	-0.99073504516759	-1.513101155555697	-0.23089574471700378	-1.1964458057315572	-1.1061163172008577	-0.2766819749617873	0.5742801012195975	-0.1909791403553033	-2.1647834663294074	-0.01590571299372068	1.2944769922446722	0.8323665752176166	0.7759195098598419	-0.36041359389408284	0.23906203243835397	1.1555087364119099	-1.0925847893660778	1.0891781187638585	0.3232915645475688	-0.3260780723136736	0.34471391905160764	1.5319206087803434	-0.7008608455744563	0.18812498847300416	0.5238907070368001	1.300843172072991	-1.4880848591013867	-1.181026667127557	0.7339884197628996	-0.5816813623127481	-0.18931810511327743	0.29451607807651825	0.23264090798991985	-0.7838498234047389	0.48114495216928727	-0.040756006611522524	1.7359433267749114	-1.0763446916380157	0.30427204991341916	0.46348342614233273	-0.38673418860622094	-1.1321482054062733	0.42984737734388706	0.8268068007741775	-0.3581390298410532	0.8493554319701581	-1.551103760426957	0.7134982730340753	0.10940301063894295	1.3553281682442435	-0.797689540162365	-0.36075527742522734	0.7005447276859414	-0.19711571777003106	-0.4713025486453049	0.9708158257786869	-0.5683263155469798	0.6327126405235309	-1.0800983415345282
DTXSID3040776	7.715546945429669	-3.2398013510692842	-3.8970993935208442	6.369890303648637	-9.620218313867635	-0.20923965827716762	13.734216146046549	-8.377770762578573	-5.443773452334552	2.5397229317943837	-8.268026140067848	-1.6900010319147556	1.6086886508291953	0.3485401227086827	6.608820136408154	-1.8552178182620491	-0.22046532787313539	-1.7764624929778825	4.241680605953939	-4.6291542453868795	-1.265979704174211	0.4062190578686207	-1.8140896393749086	-0.3427559610877002	1.4706765040917	2.8911139473133782	-0.6133099841486735	1.4076818268801676	2.001649936470992	-0.8572928115973741	0.01792990329006578	1.1737194931403203	1.741244922844552	-1.369449812418659	-0.9499177128285657	0.6638063365857693	-2.060335878433289	1.7694564559809414	1.1933390924154406	-1.832041597021434	0.9681217181594183	0.21314225719366175	0.772655835671605	0.7943938903006528	-0.9335987738561546	-0.8880241981257042	0.6679379053042673	-0.277267134737009	-1.9121688071818685	-0.6277357987609596	0.2838023166000855	-0.27923610890026046	0.12920925793042892	0.7534650789050384	-0.23129585369208328	1.0595461844631076	-0.38877865584151255	0.8742569525472854	0.33173864098405614	-0.8614497824197915	-0.04470131495208522	0.11594310760910144	0.05446783165952904	0.6139357212755332	-0.9145517689679512	-1.236567285648051	0.21815845185912702	0.1580780628308062	0.580110029249952	0.4389287590358401	-1.0303719731758023	-0.09703402606191823	0.09560666390329821	-1.4681497752600254	0.8770645695207059	0.7549621213304819	-0.43209761577180233	-0.04105486802955852	-0.658422673523876	-0.2163138770510317	0.3106481401001072	-0.3306433426245259	-0.4525102186190193	-0.4057182265400861	-0.8011236843593365	-1.2921094662416737	-0.7016205946361426	0.7440575905079024	0.33064559840740704	0.9858965867231256	0.7337207749339502	0.0791328055574822	0.4321063907527747	0.3405532283893661	1.4574842972548039	-1.442296008425511	-1.0083679735166282	0.382793782552889	0.08133536546203174	-0.20348037875998645
DTXSID3041409	-5.353147771154001	-0.12434140569729718	-12.53224177494415	-1.6542489495399095	10.814267852262304	-0.23693022339023354	-5.643317359150053	-2.479684655426386	-1.610824518808053	-1.7766083031981728	-5.70377111125221	4.4466358755004	0.8963511375774516	1.9019633985909845	-1.5236508316253556	2.1107596341583683	-0.023913216685910055	1.5749624510990214	0.6419358309414761	1.7631812268932259	0.7541381469341789	-0.32513566008548683	-2.0245117350512656	-2.0986168500680575	1.1614049922250085	0.1842233298465481	-0.29237107949444874	-0.822196057185211	0.5321285173742915	-2.8202646490672922	-1.3614311963446362	2.0345861384056687	-2.6574165830426777	0.6888329137896878	0.07113706947237815	0.5230117426202398	1.610186648009951	1.6169010531141577	0.9621545961316091	0.4592358268858783	0.7717374190527092	-1.624715749982311	-2.328662559059305	1.840694466624548	-1.2263441061973372	1.5245290537563068	-0.3795519270149256	-0.2980691307556672	-0.35635750489472257	1.3077367409126788	0.10069570130154831	-1.0781188320655999	1.9782571562826035	-1.0455923354653187	0.8775162273247228	0.11820095758035273	-1.4514968236601158	2.1379025923381914	0.40568163484820263	-0.234337225420735	-0.05706250668734496	-0.6502693852999335	-0.9996491971901621	1.6441198125011307	0.6877967632084745	0.3884790548819536	2.4803482555738077	-0.23373064910863614	0.015160996190921296	-0.6707197567003701	1.0243270118549828	0.022202426312216295	-1.0100716824909228	-1.3952936330982486	1.5780366162862676	-0.5486791845606946	-0.06574623864046604	1.8332683094271975	2.1622128921487658	-0.22090287694527136	-0.4460588270723742	-0.10666771839541608	-0.8615295013578971	0.036863506312868916	-1.0313586343643364	-1.61822288220502	-0.4035645877437036	-0.45324768604688714	-1.3652602229276096	-0.4113009789236063	-0.6305726481940873	2.104995544010513	0.16947499767023516	-1.155241019754403	0.8277795481478047	0.7433521850908339	0.7463064416451954	0.7813991282915717	-0.27493063142880103	-0.28996618234881705
DTXSID3041530	9.712850236250892	8.256086711540593	7.61850627971879	1.9113541700536765	-8.72945454623972	-6.8269906725018465	-7.467971581332252	5.135083664498214	-0.8331034179355771	1.3609168815146084	3.4460780765153993	0.36284110352440074	4.790545651115458	0.24893495581902375	-1.3734662624149534	-5.056308512434466	-3.074676722971083	-1.5124884938352303	-0.7770575429735349	0.43271082261389376	-2.8160806488308214	-1.558436021919627	-4.394913876255509	0.4704786183727061	-0.7345704844969161	-0.9548393835931817	2.1830598562315853	-0.4853119658831285	-0.04377729144167778	-0.924497270540847	-0.3780046753955471	-1.439129113285357	1.219057499723549	1.5432394837937438	0.6453128623478462	1.4448961524517596	-0.010375846684788522	0.42567531621689364	-1.8510072524322752	1.273009173221984	1.2272290361624383	-0.5294505356192426	0.9786981551569689	0.34922863171374474	-0.6293748973175836	-3.4796786627317537	-0.02128600179022659	1.0413303762431034	-0.6118028408354355	0.251100824560709	-0.16702697463319607	-0.10852301025671675	0.11728750335275369	0.9557894879573409	0.3325698641039595	-0.48751259764842236	-0.24999247306826913	-0.05114345848874233	-0.4556930209874773	-1.2676262873059536	0.7142560808211247	0.24032387482434586	-0.2084370231395833	-0.1301575292348891	-0.5158824741613013	-1.0947420025197214	-0.6245149803190558	0.5634977041220328	1.4138931235175876	-0.2560872587687736	-0.1071024094924813	-0.9693179039994695	-1.0288006290728156	-1.6707803309946034	0.6346211336696491	0.0657338530891576	-1.5011027913815664	0.31603482069758226	0.04792748209579944	-0.1630393230632626	0.4199241719085943	0.1853825849111144	-1.0725206485855407	1.4235155801898607	0.7617947492263746	-0.049504119823515595	1.3181269532650317	0.4298571147749856	-0.12116936396683697	0.30704033504948897	1.087835134275232	0.14344143918789312	0.3108106237570108	0.6273200537650215	-0.18204366259260701	1.3876390254775568	-0.23932327193814706	0.7961799572780137	0.281947965558858	0.4644007418053593
DTXSID3042394	-9.029261210752292	13.055538673666685	-5.423099517411889	-1.8002874028374583	-10.725260868992134	3.977000184789541	-8.734556227276482	-1.5951133408510005	-4.548211644560846	-4.7714446976842515	3.3161348387333147	0.0932495987054435	3.5078705289649017	-0.637268273114158	-1.1966129914574009	-2.497468464588437	0.8371320808861474	0.34634838246671656	-0.7533732282845302	-1.494190123558492	0.62059023312158	0.11503511282934314	1.22519877927527	-2.119138135540371	0.18565460419568167	1.2475251197436947	0.9438550350664888	-1.245736126397525	1.297496764594733	-0.15250849083179616	-1.1154375415836146	-1.3554978474933685	-0.2943272691146299	-2.6795159805655593	1.3964430419500529	-1.1521812167516428	0.10630716416832334	1.4548315002759946	-0.4215841740623918	1.0065934960582459	-0.7445328263542352	-2.1459327989113244	0.27083865274151747	0.7126015187628912	-0.37421114463355404	0.9724397918660859	-0.9722232772400285	0.9932275222331717	-0.20443184867360645	1.0008749705948243	-1.4411959281197197	0.8705573623961981	1.790823291763526	0.052035408912605045	0.5006315582800094	-0.705812159961297	0.08190851207144224	-0.000930539174400893	0.5985125225939597	0.24277256147628354	0.3331142651364128	-0.8961341455067953	0.12878308696583585	-0.17095545989706856	-0.3284165078109371	-0.3741923349129527	-1.0446195105091667	1.4324524391760924	1.1582827140993708	-0.1783387513048116	-0.45058642439487023	0.8174744281630546	-0.3726801555129553	-0.510003593341714	1.9859548247928709	0.42461393658444546	0.05740730335204567	-0.13912664373152941	-0.2884611862191652	-1.0277301996714345	-0.04333567984927883	-0.5137751354124623	0.9807061921827822	1.920767984565044	-0.8132466372907498	-0.9623615262911102	-1.4931370886858735	1.3218547700898973	0.7570134809341349	0.002662601125653228	-0.30909771897001165	-1.0998455999460734	0.6405884465519734	-0.9368196407750882	0.030794724389210874	-0.7655214592220398	0.036080349821508165	-0.7041021038253101	-0.2571901471305407	0.0031740312258113166
DTXSID3042423	21.04154722566247	8.89685021667775	9.3366312527465	1.7672434745684102	-4.6472533969506875	3.6227840126288333	9.980220462701443	3.539909519124846	3.390179054191896	-2.77863946822118	3.1091785739801754	-0.385423553064331	-4.7082818930433445	-1.512629254053474	3.097118609165122	0.5034793248580389	-0.5136682668364726	-1.8670059437747297	-0.7579320460704521	4.839264184874442	0.49452820647456225	-4.190797246383093	0.6655714196044313	0.2888552552692702	-0.3762906753489485	2.696365550400998	1.3341168687966651	1.5883614741936924	1.3682274109942973	1.6491170111972475	-0.4271209852214029	1.5219136845353436	-0.8305570874182863	0.8308192323561763	-0.16739814350712537	-1.9938554072391048	0.17297774744319966	1.1666633653965923	-0.9095234103096435	0.810853212815695	-0.1570809453805189	-0.8433517199571482	-0.4747207200794925	-0.20821403394527174	-0.4462906249996953	-0.6769143096613484	-0.7174479720956524	-0.5028306371523634	-0.0801838491902409	-1.0799261705685161	0.1810410716271436	-0.8839110986009909	0.2046974309661067	-1.7732924430347072	0.783928237880764	0.47876302194362064	0.3738591107958143	-0.4234467925407954	-0.1307108787889435	0.7007554254132492	1.1870305996448254	-1.3456218302009377	0.33360147464384676	-0.08222521120532089	-0.43531824141348185	0.10441681288685994	-0.2714950397100147	0.7411416569553314	0.6281203862689835	0.02229070936274621	-0.6632188517396883	0.8183943159933336	-0.2940322744193367	0.2237706161366824	0.5569209967834023	0.6838542433774121	-0.5353792530118959	1.4852525225191147	-0.5470386449649272	-0.05413264421409016	0.6551583503883058	-0.6607523481362494	-0.3612755737369836	-0.1312199481198715	-0.618845336607704	0.12608483250705077	-0.5750271240147448	-0.5064985424842793	-0.4425267504506495	-0.8280561301063462	0.2781485581365139	-0.6681817908972894	-0.09404130069534689	0.46995635429470156	-0.99132743626829	0.9646377585005665	0.2628304353831788	-0.11502981716586858	-0.14124213615181808	-0.9700384567610577
DTXSID3044203	14.88202911523236	-0.5907844676895507	-7.444390421756989	4.398383101162022	8.213441169027035	-2.381333677872206	1.8858393366534107	6.586825337718031	-0.19427036924636448	0.22589717498713402	-0.9381103164997352	1.203230084845047	0.2915360953362584	1.7754500906836692	-0.482891874521094	2.1811422422053273	-5.456668631235953	-1.1416600400830534	-0.00025609877592184074	-1.8796129703322793	1.2081107597690819	0.009352715848444156	1.3906039880529402	-2.655218558425857	1.157993401059031	-1.038037724508371	-0.6209630093983782	-0.9397797513797327	1.15536332437584	0.4472352032569892	3.5181612099909327	-1.9143225938862782	0.522397720111991	-1.7892233688907937	1.7784123989520966	0.7192325411566767	0.049607675395540396	-1.2917028709519351	-0.37474321894539864	-1.7152335354351926	1.2165765970842388	-2.704103871327919	1.459592362991802	0.30966392160401013	2.2415484209827117	0.21912928409547153	0.8477760075857517	-0.3157239519950754	2.078167595998154	1.4495938472108356	1.237591137223341	-1.2235604105399367	-2.0636706169006658	-3.18291000979037	-1.401636322973238	2.0065661634782854	-0.8274717739957602	-0.2504159582192757	-0.9409351869165553	3.062284225295092	-2.4299330479994	0.7358148624481146	1.3286182387841368	1.4436123321813874	-0.8879815755583922	1.3775642585211818	2.438052727226662	-1.0488777628709613	1.1267933330642583	0.0590159271873566	-0.37299568371164693	0.9928616653380196	0.8480825432965188	-1.0284920752194553	-0.02562158014975355	1.1830194346682754	-1.1395424982832094	0.44163908455569856	0.27819611508599146	-0.3631585310217147	-0.1563115407027862	-0.35836472404879416	-1.0470289545571376	0.32453288421810195	-0.7393967210878308	0.27483976696002993	-0.10449746530526648	-0.3053301094613616	1.8905026956166666	-0.918854683044191	0.8950268423445932	2.167691773831617	-0.0640867798545866	-0.30881508552871567	-1.3692307324107602	-1.1381042452288408	0.029295105926923307	0.9112341034811084	-0.08195388619792643	-0.7399275537848831
DTXSID3047348	15.89231889472831	-4.442656155327327	-8.942402254915596	-3.711201309297942	-0.8121275675403128	2.088742926377792	0.46167605783453186	-1.0318296415659576	5.960884084963352	3.9011613036710138	3.8082897835152587	4.412868665652437	3.512107329515737	1.3436214066737857	-1.703650741255732	0.6918626319146843	-0.7650871856166904	-2.4657367549426112	-0.11644358691627046	-2.5166791084721023	1.6102162040803132	-0.8758229846061013	-0.10209582188598426	-3.128363043811551	1.8549504764665277	-0.8106129403978548	1.9800091713512518	-3.214867414282014	-2.798102622671596	-1.9864054809562428	-1.1750203279855622	1.7842552182884988	-2.4131392276977537	-0.5039179287718826	0.8014593411022102	-0.8252836500060856	-1.6685226591290294	-0.2186985177100179	0.7443813251390657	-0.6743398203968781	-0.34697741533165016	0.037633395972922826	-2.374674110297491	-0.6468170513911355	-0.37282969322512277	0.4480687834089385	2.2944203149329336	0.4170759462542149	3.039489359322595	-1.1454237815628978	0.8387913032416922	0.3112211713523801	0.5833164691006898	1.5619354964800736	-0.8236225397240013	1.2900226343455925	1.5328343665212578	-0.026529260492150517	1.345570622092852	-0.36522271388510136	0.29386086634038133	-1.6860310618540277	-1.384175627751595	-0.12737624283261462	-1.9287344017983459	0.21900263050664792	0.1621264328572437	-0.2591522337040017	-0.9240519062486411	0.16406549714640725	-0.8179169227052209	1.2945813086244906	-0.24886980043507184	1.1313670161950777	-0.9446138690244179	-0.49068199902980575	-0.42059003765652136	0.9556627618437643	-0.245028966554456	1.0422447082703863	-0.7572594014445186	-0.5750573620924534	-0.5193392324215333	0.35027436619939034	0.093432234888983	1.5543891203413287	1.8661851210769482	0.8323950719285256	1.1375859873333098	-0.20741214282353174	-0.1652736409250892	1.2426738530006807	0.8980990069041084	0.6337007554318148	0.09600241317634561	0.27018440577251635	1.1775157664799938	0.3472534613124739	-0.5951273238852693	-0.6790318644549647
DTXSID3047342	12.82843068796253	-17.093765439571524	1.086441626156278	-5.705897260093838	-4.1111369058798966	-4.133993840381631	-2.2757036734605105	-1.4136321543516037	1.2344027093773724	-1.338903340753761	2.5304051839397914	5.248138092299275	1.7337943891070888	-2.314711765528597	-2.1849514154113514	-0.809571031292829	0.4727406098002568	-0.22671003270569628	2.8619191085623354	-1.2220239188147044	-0.6998932800639168	1.2256472954310604	0.3992021785039381	-0.5231571038244055	-0.5776686592490097	-0.3380473842104235	-3.351838907370408	-0.775096970960942	-1.9972588876526145	-0.9155612645257434	0.0911041969472934	-2.6912995443884995	0.41666689848938554	-0.4757022077063666	1.4575193883427613	1.3122643064740869	1.03387469542718	-0.8429770115312226	-1.3473358320049806	-0.33833799208026033	-1.5721387747841065	0.6107201483913604	0.24275712886625736	-1.0811167870585605	-0.904112825023317	-0.5704005072903966	-0.45806228183352915	-0.647464813433646	0.17280306417577712	-1.231780327756509	-0.8817425028671362	0.7590052870719287	0.17506352351543594	-0.14610495501712326	-1.5069613512853626	-2.1383547731259935	1.3769466235510754	0.6213881722195175	-0.9374845457363004	0.5175645725212022	-0.5632440958569614	-0.12261511536338747	-1.3459283382462615	0.24358050097603262	0.34492679467151616	-1.7767539405465365	1.7213847913774307	-2.2000077428430136	0.242362650371273	-1.5053726066309043	-0.5541186005288019	1.1434688787279357	-1.191561591777567	0.1663748714425225	1.7623620532378217	-0.11535248048077532	-0.8088664503920288	-0.2698002319046685	0.01777994745127592	-0.08389125969952003	-0.4462092508464777	-1.4323431140647447	0.12966085630584756	0.8135689960920289	0.9817962040842567	-0.5914504135470544	1.1187757197452026	0.9042783847460263	0.48700851240382376	0.04801688366555799	-0.5714103376034252	0.4585474918419072	-1.319579865706712	0.3208585167418967	-1.0847423585352127	2.057538721255707	-0.4592493671698095	-0.790070661950171	-0.4353474806910756	0.9854714824472868
DTXSID3047265	21.264736305400078	5.485345024401237	-5.310330200391158	4.903078494200808	-2.612766472152929	-1.9109065261479166	4.437398281497893	0.31273335070601893	5.823712549029552	-3.246609821552272	1.5248396198593366	0.10371568450329408	1.952091832515051	2.4783178361150675	1.3040223111818379	1.5235312711985232	-0.9416761240259169	3.538874666968618	0.12771831760705596	-0.8576533633895529	0.6731849919970553	-0.10093376230842638	0.21313695879738376	-0.23142814420221378	-2.193652113427039	-1.158101100275963	2.6638536682015914	0.884023132294527	-0.23326475111720227	2.3661454252803695	-0.07874563161865665	-0.2323002899089533	0.6907378655743545	0.6715185581911262	0.3627198026024561	-1.9012882309311705	-0.8153830566017498	-0.6422876500777642	0.14995599339512827	0.9866732272053352	-0.0008510619421623728	1.0065199611674558	1.3287536520079586	0.8242907626820813	-0.17945974375519624	-0.07322677039988913	0.4930045096017214	-1.1037359252020116	-0.15209158297106093	-1.4713667889704005	-0.4745511784142075	-0.6262913121927278	-1.1527391580772521	-0.2653866932454728	1.0802092021903609	0.5474643597759254	-0.7479868448963997	-0.5200834815737052	-1.1490911349164852	0.8656785716202514	1.5667962608286166	2.361043147000413	0.45976251463970436	-0.15317650558846185	-0.5098226766771341	-0.21676893163312327	0.1436131858326321	-0.7378999930993453	2.028503725906238	0.31628894833539206	0.6527010427955494	1.8124897810334493	1.293855047340635	1.9436416228791504	-0.46720464485122537	0.1764071171896567	-1.0060844950639136	0.660845805078515	-0.9296455389299808	-0.55937391838445	-1.0775940279624443	-0.09242078558782868	0.3368304262329829	0.4615907896642449	-0.644635364409457	-0.1354249256296569	1.20945100831942	0.36269257988268694	-0.022737375583309336	-0.6372079543502375	0.3754097093442757	0.2178060574580525	0.005882021029505962	-0.24625047882406867	-0.07104407718132165	0.869172689995368	-0.5476411737684783	-1.1050710474162475	0.764673744311121	-0.36761039294868164
DTXSID3047344	12.620665049627835	10.494682464202844	-4.829413460019479	3.8758459067391624	0.7524635465607147	0.17912800310612406	-2.7834922251788266	10.349093697224568	2.3619858302657186	-2.337777912077031	1.974722031852148	-1.33492654676641	3.7336425678124803	-0.38753997211670643	3.5456292363222714	-3.065904378337171	-4.684352390792576	0.7705033189173959	0.48956112826334064	0.34536152829249733	-2.298394142373934	2.4541733731698874	-1.5897448945052344	3.7893755964858418	-4.822017321522613	-1.0489929050660818	0.7676759736890936	-2.1783410918410704	-0.6323912681854389	4.189419700140128	-0.6069663824609074	1.440724170187544	-1.6666566201984003	-0.6980123589523809	0.4091522097485597	-2.924001870043773	-0.7047308819911985	-1.317620959366557	2.2087765191712014	1.5275347316663284	-2.4771986784291835	0.3168251930475704	0.04790693766781722	-0.4492630311138398	-0.29125534106440976	2.229080148216825	2.528173017288562	0.12126773400366882	0.16500722357246161	-2.002759833072716	-0.43245273254942257	0.6784510387318969	0.37259807902155684	1.9653067237830615	0.8811909950465471	1.7720868549046251	-0.6043934803563001	-1.0902669154042228	0.9734661458860407	0.4186231615078463	-0.01807270384218299	0.18848111893688474	0.10212131545246478	1.2390271641787918	-0.5202607177573189	0.1754198428554504	1.7416167225050971	0.07430141919788147	-1.2977504990057311	-0.799101117488353	0.7800700875023996	0.4650160968253282	-0.2008259370902673	-0.4487411792776063	0.23964740177793156	-0.49355706886174244	-0.7082281712299032	0.25024775643743924	0.771179278102954	0.11531986022632525	1.8677046842927725	-1.243183535787821	-0.11156706579981329	0.7662669575411374	-2.4246607752686913	0.4387185374064286	-1.4062707374733405	-2.448997020030279	1.1794402327325835	-1.3618503302600014	-0.024380539797485907	0.7901326129804436	1.2033930288569856	0.46922490635236785	1.1538815981869877	0.05023761633918689	-1.7474466609307813	0.3469901206081968	-0.43557013712127884	0.9532466109482434
DTXSID3047429	16.647692991137166	1.60896205951155	15.75576130607374	5.7965625678321615	2.0100754460746146	15.680405291662577	4.17798401657399	1.620995504411966	-0.4421138414984517	-2.4383502610011307	1.4580872910381215	2.9073136057026914	-4.126552394376259	-0.8322825088184328	-1.3033416131408946	-2.1343229879780927	-0.6419411308505139	0.9483612098803019	-2.1652211627280558	1.0827926612416003	1.7911187704584015	0.22095485138897408	-0.16555212733972466	1.8958507580927613	-0.14603158650690945	0.9160528162551305	1.9929042630579654	1.277261697549852	0.8384746965406581	0.0012216556627386705	0.6551198513835951	2.0865360400123576	-1.3892406757761742	-0.8833793523039345	-0.11098648950879829	-1.0697567324303712	2.4133378874121396	1.20411249242209	-0.21378152941454953	2.033859006066222	1.438426803665853	0.1882865416055132	-0.09212292325129758	0.5338446243725328	0.7272606930140095	-0.07177714252096894	-0.4679622745987437	1.2932985914138124	1.2632984310735487	0.39603018307601107	0.3019933345416884	-0.07006601792300375	-0.24540463143801977	-0.8593780740210484	-0.13435315529429237	-0.15808876611008302	1.605541140594478	-0.8315808440041834	-0.19498532744200683	-0.05217834617996826	-0.6829187913643806	0.21972123634007668	-0.18095158404885467	-0.34763678724569225	-0.3388513584389934	-0.14305956438976097	0.33412039294907636	-0.10769530173934841	-0.3429378395835687	-0.03453859048115241	0.6624897131382752	-0.060886734572087195	0.8044758087333711	0.7074048491388216	-0.267034534182754	0.016283688729783564	0.3404491293752481	0.9550798709886318	-0.47811565244527315	-1.1816540202664094	-0.10978255369114459	0.015095283182928602	-0.3011934646411283	-0.17903407794127327	-0.09063436733337207	0.9581328641790288	-0.5062299922392064	0.6163423232281747	0.3251980079243091	0.8921305502200212	-0.5490197759861074	-0.4170147897519118	-0.8451897316601078	0.7869079874637736	-0.19260300229289087	-0.5017979289091961	-0.37272224712045227	-0.192168227019603	0.4195522497407227	0.34995586773608195
DTXSID4020292	-19.15592284731461	2.6495864693738618	-0.6625690140983748	-0.41239717226593814	4.194305530881666	1.7809935519751083	-1.6685883190539557	-4.537169452849929	2.8202002265454422	-1.7560312045790702	-0.2704438872155001	6.512594347557746	0.48111941096365884	3.2861138137128236	4.471164520803889	0.5642499441864216	0.9274674157368249	-0.26502670917347476	1.5557489968698972	0.1730262662056803	-0.16911579532078794	-1.2715872402763064	-2.3359933187481605	-1.9915903924146483	0.3876893704172785	0.751749413813887	0.40881600273095026	0.666721897654433	-0.44368831710797835	0.6578132408508439	1.0705683061507345	0.9612686645352723	-1.226454982732217	0.9605329845923254	0.20440395510960713	1.0287700264921156	0.5357239612347275	1.867475680867941	2.1823261636914175	0.35085066905998863	2.3010243323379043	0.5191421473641591	0.6676402720427844	-0.5640306189614709	0.42665785636147646	0.7869564002401069	0.5198438390841106	-0.04084731722621042	0.8449510853705446	0.6259292556782757	0.9352204914330898	-1.0217308695652587	0.1560717140868072	-0.1967622666049769	-1.1980381684464572	-0.6963293773758962	-1.0669864957620385	-0.37512052540931895	0.6284702095855401	-1.424505199051591	0.15658746847603072	-0.3116006370539729	-0.8661042097636557	-1.1065058462469608	1.2988054146108072	0.522415654628545	0.27011899858193555	-0.12539602062545174	-0.29404838915092685	-0.01645737047360685	1.4359698061303554	0.5141734127482861	0.8585122044357587	0.6232604356051458	-0.6419328171246459	-1.2400291025402055	1.7015102947812093	1.075297749446235	1.1076218434693323	1.1345844536495697	-0.0641561952799765	-0.45180420930033566	-1.4700761966181766	-0.45327281187307156	0.08733033251591765	-0.03845572142801006	-1.2130050726786379	-0.7387408676084679	0.37249699870919384	-0.10418038523706355	0.2919488247489685	0.07282247101129884	-0.05377498609319171	0.9639777015707464	0.0234962483698618	-0.5016985711507218	0.806570142858172	0.2596205241612671	1.5373522057754307	0.7426770653190098
DTXSID4020379	6.174062270148614	-5.160181292561118	18.627537828071375	8.561212313094387	5.026635423642809	17.596756105526225	2.71637431536467	-0.6522957228080284	-4.891493107596802	-2.2457042185716283	-0.16792387220145039	-0.3642152593708264	-1.5074256887710034	0.5199102251439035	-1.7865433131629211	-2.0283307628024803	2.155268465135813	3.0289085762740906	-2.252466760952141	-1.0137347610636924	-1.47894485367222	1.7414649512381297	0.6486213921057086	-0.04296175099101334	1.250005128914617	-0.39668883476241706	-0.8509094506039422	-0.6303129199161266	-0.8987277386059979	-0.12955161649695215	1.041267968648406	0.9725704051568885	0.12348495687349403	1.3635046833188034	-0.4587552361664751	0.5743022912320116	-0.04018928136027326	-1.1560002881417644	0.2312376913087646	-0.1723799362469824	0.46148625364343915	0.6312056043990488	1.2659931256461896	0.5548829363872239	0.7283069167758605	-0.1248784065264422	0.8777870200877523	0.7244779109445602	-0.26120968840311537	-1.050138714858472	-0.32060044073904953	-0.015667483231776018	-0.6674567503275168	-0.4673500680003059	0.6079824044326385	-0.27520133897121213	0.444215333886753	-0.46826517175871185	0.4923302340817139	-0.6571048720640933	1.1773540966957305	-0.6142198966531266	-1.1616806487610374	-0.23930459666394943	-0.9288645607075078	-0.10141754740696002	0.37544472161251347	-0.26263564005763296	0.12129379078232493	-0.1991089537514418	0.08241697202519462	0.09694659406803634	-0.3451036716179954	-0.0418838196905058	0.1397798253149056	-0.2265201100702591	-0.24073486720189524	-0.03545875262452389	-0.03548114305245726	0.060968137843731986	-0.2311824638840303	0.28077558744732917	0.6774701624218956	1.088426932438027	0.09335144794849165	-0.31114839696518387	-0.47610693014489447	-0.24746659392196582	-0.2413469282204049	-0.3177710239580983	0.09913379587601746	0.3903268934833535	0.11381717462104102	-0.05368264846807789	0.9948951335649223	-0.35956496908666125	0.11032847884840125	0.09296773536386477	-0.07138895367877288	-0.1775995312450757
DTXSID4020458	5.509057186513821	5.93534596891854	-2.014866481905444	-18.40188564572371	10.001428835986236	-6.874984901720618	-0.25047065785513895	-5.726557229369659	-4.588844155566857	2.291264755018905	-1.014301554605575	2.5773803566314966	-1.1153960636796503	-1.337334365366874	1.5512336207090924	-2.3968475318544566	-0.7406180503629326	0.9619631690462286	-1.7819010116225895	1.0496024870826228	-1.5964226888760153	0.5673508746679908	2.751323056958724	-2.391875759179422	0.3238227212647296	2.2092206314020704	-0.048494125460895744	-3.609770655839436	-1.5682226034986422	-1.6483320098453218	1.8067336707680637	-1.5208393822831634	1.1667081872221732	1.0340987687594005	-2.117721525748557	0.8122846836994415	0.270001430275095	-1.309378347014532	-0.36522949512712444	-0.5250088685635967	-0.5291324449707051	0.27796535778096404	-0.2941280620925031	-0.37874838275322276	-0.05836447235112041	-1.4654523802939379	0.4172001507879245	-0.7823641060473036	-1.2234759342168273	-2.1050408460522165	1.1541660317523255	-0.276990657267984	0.6965008403551495	0.11869073791253527	1.0827245824602123	0.22917190527151235	1.0091145656553206	1.470273706461636	-1.4254415742892204	0.35427285644579637	0.5224560153018596	1.7531142990957203	0.25820357231003493	0.9424076809053142	0.4002683848264327	0.4673178575328001	0.4529761898977705	0.08764921596613304	-0.5880475950063946	0.7515997540261684	-0.9547495430188344	-0.1179710556397293	-0.38476851751959096	1.4823746270423432	0.08540175050337387	1.0205429853878147	-0.9942757433394646	-0.5864307680500945	-0.6522290454906482	-0.059122112613066664	-0.6815860468357328	0.30941461925969627	0.8223404188379305	1.772830143862119	-0.5965433138528667	-0.09752515760550055	-0.27991893221318537	1.4830758703632898	0.4087760844091667	0.14825285092295357	0.8068194053250132	0.3186984758650158	-0.599705879250805	0.780263262524461	-0.5520748033261594	0.8105965692719108	-0.27260009984182215	-0.21290378661267556	0.6472300735558335	-0.1445628108034148
DTXSID4020664	-19.913776138267753	6.211669664183039	0.34142600793053396	-4.743130831390424	-2.635222573906377	1.2796516732107073	6.4905566952809925	-2.908596745571491	-0.3981832573213046	-1.4411476071691793	1.525016466276359	6.204555769026378	1.1844581557830494	0.6870679295545442	-0.12330504152691009	0.8805137939219657	-0.7825836406467878	2.7790980259994784	0.014275825908309416	0.7452848951036306	-1.438637077620781	1.265169077700971	0.8278992671595347	-0.29332844690262244	-0.11636806322348188	-1.1092103314741297	0.2897552140877186	0.26831372641565854	-1.4341430052168775	0.8554724125150774	-0.11768336354094293	-0.045761251317678206	0.18134726063553247	-0.6759589224686384	-0.8534994789857959	0.8797295615776926	-0.004804443877473748	1.1935820016811838	0.15501695774775892	2.008696864743223	-0.09470196245542827	0.2807944430596967	1.5444241739903601	0.3348489036293746	1.4331689219866528	-0.24416341665468588	0.10802670880330718	-0.08288143745938285	1.3270941686834687	-0.14879304501630314	0.4836136060787144	0.4306730624063587	-0.19874232316362206	0.8987667201390093	-0.12517223874201835	0.41524330870607523	-0.5356504899352639	-1.2052296767552808	-0.6679087389504536	0.28194257589239513	-0.6320937689231554	-0.526705220101361	0.5648200041233593	0.5138668573068375	0.09761205783787742	-0.6278911663691533	1.1226404529302343	0.46164449622949527	-1.5324916016080485	-0.15256470318385715	-0.8285681692839741	-0.8233048439642457	-0.8734709924480498	0.09755843143945418	0.33963016625150594	-0.934432951643053	0.8143357479326142	0.14436466877776824	-0.9442851966926029	0.8069526027700261	-0.17729306801067812	-1.1786215658073984	0.27295249767238705	-0.3746163415951124	0.07292901727237394	0.7867061164669626	0.3819643343094574	-0.2013357020806789	-0.38392962501009986	-0.022262160120402743	-0.5738523585701871	0.3991833170999985	-0.4103355107314888	1.2477132930218076	-0.26590780285657006	-0.4020944506023133	0.37043057667254237	-0.41738828635070835	0.355737488896502	-0.07553735912204089
DTXSID4020402	-10.153375604445568	-9.676852506575425	-9.884634831668219	-1.18191956424644	-0.05842237026790229	3.0118172862587933	1.0597701195570475	9.67911826415886	3.4752697478623	6.272144653126438	2.26955139031306	-3.6501020785697365	-8.386413581940698	-4.668672423925551	1.6221200990890008	-4.392148761239378	-2.5527864361404307	2.6872217504370783	0.33701849368518855	-2.316558372735449	1.5939355680287146	1.0969206873234219	-1.4260451951062154	-1.1336747239537979	-2.9253404615420733	-0.8558666723678419	-0.1739718666415792	-0.8599576521307791	0.17373301511691172	-0.8327241059187085	-1.3530023039307206	-1.5627201912845647	1.5480779131007913	1.1604488424636024	-1.3862403429522463	-0.016671830537064315	1.9012387026168347	-0.31784492068152304	0.26386567938231414	0.2001831727969433	-0.5858728140180637	-0.06287039207876512	-1.566287087084829	0.8925744971895357	1.1582386573188639	-0.7310130083862658	0.26079404671776446	-1.394697473331464	-0.5105079870943854	0.4375581964410331	-0.3798758991938638	1.2005205957743341	-0.28401081099149167	-0.6865139106750316	0.3596192125907875	-2.4715379094629153	-0.8882636264036935	-0.34263711731859364	-0.09919946219077017	-0.17656387909329965	1.5454082630359207	0.4707873188187982	-0.7275347090148369	-0.9694595652582929	-0.16108066445850786	0.236706106104541	-0.5968390557999135	0.6678493247074034	-0.16336980137554927	-0.19523691852022326	-0.7776854289677987	-0.0551018291769033	1.0504136102931185	1.0259172818020956	-0.3599254960339443	0.21131879609630802	0.4322550867374261	-0.1632655400341345	0.8274540253550527	-0.45776694878955737	0.6757593057432467	0.016166739325400494	-0.23892527417088077	-0.24785159272685323	-1.0876216690529559	1.7403536920558391	-1.4718552307282904	-0.4617934237473409	-0.46694305904741973	0.589445069722485	0.5039320061792141	-0.4578479670861124	0.11388833910968216	-0.5740987318773595	-0.03120475961395975	-0.595111400749976	0.7234798816670356	0.27646497793301106	-0.26556688194968264	-0.5544587388043172
DTXSID4020616	-4.021625987462426	-11.846801903154102	14.626440966053982	1.8334287326510164	6.538176772285224	9.26268682066269	-5.389798178135621	-3.2104488470481467	-5.187584966043646	1.3473597034849911	2.637587048298917	-6.6360378795934984	6.468494702284228	1.7556749767594946	0.34385660397103895	1.290336185996731	1.5470190367307457	0.7077904391139714	-0.7209457523756323	0.8771643228393006	-1.373241172755488	1.1904343779361786	0.7277406249336595	0.6421575051416676	-3.752382935686411	0.9044175199349311	-0.0007015920679104342	2.5955763695723015	0.022150945721896652	-1.0011980151661326	0.6364822988323595	0.48095155008173734	0.7461827419344108	3.119409856397602	1.4495212942971598	0.021571308452431902	-1.25649658483446	-0.3890120373666374	1.2798983018740175	1.4792223214298745	-1.0018836254388719	-0.6917274721998256	0.1234416689500102	-0.45015877720946307	-1.232452528255897	0.998714285055105	-0.06665307063469388	-2.162309632119452	1.0561235639027344	-0.9426832129413091	-0.5015338894623868	0.5564405621901288	-0.9095593217479789	-2.434601581310646	-0.4861919177324087	0.8391100470246032	-0.2889899153207769	-0.589570523848738	0.03692566133073288	0.8385571978289352	-1.2388819534919149	0.756449683642114	0.2534337918072739	0.1779770374094262	-0.20453527429157994	0.9878314850054025	1.2362098770743741	0.5078597225925983	0.008803267048436515	1.3379148679870916	-0.04528574777965861	-0.7300301425207882	-0.17521865940354248	0.07140554941751756	-0.6517746246349345	0.9909643330377016	-0.8198873758510525	-0.06193322387367036	0.5965466193234352	-1.6931414307009227	0.08716645120854717	0.5120619649324922	0.12861679410062765	-0.6733465807530115	0.15125432480115492	-1.9787174042969937	-0.7487127237586111	-0.35163893787776807	-0.23506926079266516	0.10983820449080253	-0.3428178600052094	-0.41488906442171664	0.30145262702874526	-0.22645034102382475	-0.49726701987401545	-0.1917924786661842	-0.33407467760376414	1.0883262862505356	0.6811384453009738	-0.3120702901953574
DTXSID4020666	-16.901741332927102	-2.768842443058009	-0.44408768553632116	3.413594091597088	-2.127125712873728	1.1510908314653359	8.08286638221261	-5.449254225483767	-3.44136742307455	-1.9037802727789408	-0.8382061475981823	1.3977518888457976	0.9002259432505009	6.602109074974744	0.7602897970200628	-0.7572748662608063	2.140735489917451	0.739913460085336	-0.46713628424524506	1.6748579273031179	-1.2230643102778158	-2.12999798781794	-1.0058041450563173	1.4731043184208275	-2.4552860133115453	-2.5167656778589107	1.902672420399811	-2.1936063791055203	-2.447144819149736	-0.514145925090709	0.5174421169407634	-2.1983377799439734	-1.908648307688834	1.1607269741950923	0.26974473948266425	-2.0129123508463174	-0.416926187585933	2.1278021092281683	-0.7286868284990619	-2.525590935827287	-1.4490257200483003	-2.9542227956355465	2.232424618827393	0.013613764193997607	-0.840329317268875	1.0385906100329931	1.3167935370665909	-1.5923936121545734	-0.6076012611619048	-0.15460964498334892	1.7000539762218114	1.9172398626677774	-1.711151109473561	-0.17573064577722972	-0.7364632157243967	0.3302600383951478	1.2025652836574883	1.617948937482958	-1.671760816927132	1.9603984836132806	0.8316345880962808	-1.2755801267543803	0.09982546626462256	0.3970735161773198	0.0352508395793966	0.20983602307886773	-0.21411620767304185	-0.08301472003169932	-0.2412790818207207	-0.23119890444337432	-0.8577281831312896	0.22749075232846866	-1.127643782413167	-0.24145126606441056	-1.1548857009195705	-0.2027917802216836	1.890122471500349	-0.9539780110049192	-0.22344490696902103	-0.4853134179914792	0.13831622731542875	1.1614268402871724	-0.0630395026984264	0.00026007418252007805	0.5467382901412509	0.6406564531477503	-0.1722496692462511	-1.2094727750053238	0.6838651337568915	-1.078174771428665	-1.3623772927437567	-0.9679103683054779	0.6869011480420162	0.812003190550818	1.848308321658564	-0.47061716000154963	0.09207556299219179	-0.6445706517346116	0.31706926835602833	-0.3189587021753498
DTXSID4020791	7.766267779237511	13.583252612653183	2.7940839455188575	-2.3718854931830435	9.006706974336506	-12.941742954229777	-2.372443630272005	0.30902703625428823	-6.065297467951122	-5.011664317219553	0.8334385755419894	-3.5335350871082083	-6.133182580861891	-1.1531972504141286	1.608770581095647	-0.5283743385210709	-1.57498155715892	0.621598496263694	0.6330812394340758	-2.9496447131087056	-1.6616101783766963	0.1950760212806465	1.0605727138754515	-0.3093516279364154	1.0505525965917597	-0.23490568980308477	0.9751814476510696	-0.4180548452545878	-0.6131506934287887	0.04713682754847691	2.45286253913169	1.2486530311235986	0.8931941701023072	-1.3924895542430198	-0.3322875431454167	1.2422962701686573	0.515159430741223	1.2657245303060511	0.7425185851576723	1.8061916130979323	0.3536083410830308	-0.7279068100878693	1.1635606517986887	0.4573693631074821	-1.6130599475018914	1.174122924195821	-1.9471822158437648	-1.4071679838375302	-1.0734708017894299	0.006988074626341701	0.04320519548430487	0.6916282717774961	-1.1858406272615327	-1.0738024018542802	0.9817006724805974	-1.5802220410558887	0.05810048064907848	1.342499942576425	0.2104718728699655	0.21785663996494595	0.8706087783716034	-0.5336137589408483	-0.16257439011425376	-0.4633887180791335	0.3317146863847692	0.05465789514622493	0.0907428489002874	0.5679029436081269	-0.5455174119410164	0.3903119991282645	-0.7441636907847995	0.23198832374871572	-0.08668272960099459	-0.19905081248453396	-0.19416475511432515	-0.4172460637455384	-0.6382793317008687	0.08484763578535638	0.5559802924482049	0.23142183881323655	-0.8283471658441169	0.2917174215658341	-1.7508568546668604	-0.5495250199524142	1.4165880843289358	-0.3713104802895276	-0.009207298834791634	-1.085953103942966	0.7326870784293025	-0.8885220651778284	0.13446551879965288	-1.5369008157562352	-0.602981622244176	-0.1269749720020736	0.8965181929593494	0.9570842087889362	-0.30296433322218785	1.448987388488297	1.3819359917136183	0.7959546840279343
DTXSID4020959	-3.685487441725879	5.211598986233604	-9.362927705854494	0.5705609666025467	-13.792828462851038	8.28728496063233	-12.510606619825342	5.451618939237924	-3.118819517371946	1.4293810574365682	-1.7468105117441586	-1.1650230089783828	-4.446010205121418	-2.14606852186556	-1.0642267365966627	2.5131968329513112	1.2212606033895224	0.2548982351160803	-0.5962443654907579	-0.18292538483529291	0.6937157874329891	0.17941745744111942	0.03110426708730874	0.6799238153836406	0.8127136714805974	-1.3384568672085413	-0.6863935393952166	0.8286030965987273	0.9855516707970879	1.0388086462348072	0.6306795474509012	-1.3922153433020628	-0.5604436856778213	0.5702297804208698	1.012128038992067	0.7121559474924872	-0.5911080439800266	1.3728689256161077	0.6765473281208287	-0.3728361431995805	-0.4955724396854772	1.4144954328780242	-1.2569041669628827	1.09896862171327	1.478371676300988	-0.21258551805519116	-0.06457285089197777	-0.7995593114609991	-0.7507033928997455	0.6696339715323595	1.3275398256924948	-0.4438386858778749	-0.09228970510762406	-0.24519356899481684	0.46039385165074176	-0.35060060057533915	1.1766504511219542	0.861117454768742	0.07313068967835004	1.0548962805867985	-0.30822086993307946	0.23653089799632393	-0.014819208412317854	0.8947570512324934	0.3785740871455032	0.4334918303462544	1.2838843765968808	-0.3234063867909857	-1.6970957859161122	-0.0833223307840304	0.06816830962737407	1.1183135599811143	-0.5584926692067235	0.8464532097997256	0.32639731416569684	-0.24270789078861435	-0.38601168142357495	0.6967422112976527	-1.0195651177764664	-0.1409016238397946	-1.2482264700341204	-0.8746883179339955	0.1312913273672345	0.5812574520026428	-1.1945213284579483	0.6972845426629246	-0.4597998748510513	-0.34865954892589746	-0.5084144396600688	0.49651514667131097	0.20863900197614849	-0.27840058620196045	-0.552592349631145	1.9777642061555984	-0.8573012870572897	0.7135211767776877	-0.061901239392855606	0.4974312602548445	-0.830138525860454	-0.9027460457828079
DTXSID4020828	-10.015148392456396	-8.313926272142155	-8.858944006071994	5.431014255502098	-8.099715471062183	-3.113202600685328	8.154178020798694	-6.219085021512392	-3.202169998421515	4.6091366104290135	-0.3990020958026076	-0.7429790954572798	-3.277162688366306	1.2259138655949418	-0.13328579238215513	-4.49409096284066	1.5317417191242364	2.4328843389453443	0.71078360560248	3.2479648748580887	1.376343092481657	0.04454137823091969	2.407299881969081	2.177154428654281	-3.48669214547407	1.025100002024314	-0.8174535878571475	-1.2303819151951096	0.1382676670165406	0.7678667886673747	1.83640873870504	-0.11238631663165807	-0.5973532173493882	-0.6942688833505439	-1.8522506704302897	1.1683444829735992	-0.23195454826734935	0.988868431165878	-0.6510547894344019	0.09631422907200582	1.197544223475761	1.9139557586229423	0.8303932902392569	0.38510459397358177	-0.3070312274274361	-1.210113569383711	1.651622161811023	0.9565134839249796	1.5664892623217381	-1.3797910307888621	1.9881916499306276	-0.42825190946512665	-0.15326908324464328	0.405653829168006	-0.5493379862300667	0.8733619079879311	-0.054558679370918337	-0.47863839573066824	1.4351458904741117	-0.5430768159270076	-0.7084727693250645	2.2140502285233037	0.09992424687570635	-0.5263932965475344	-0.4689775555866724	-0.2989057357113731	0.055038000471416916	0.6374459510626209	1.33611573374501	0.7489016142912059	1.432352098859511	1.1685165614123887	-0.4581634200876377	0.2821056018505049	0.09186236954211538	0.07049229930900561	-0.7102296076592657	-0.5661714038698896	-0.015013717041444224	-0.5287544949806532	-0.9199624781028771	0.3315374320021402	-1.2284272295754466	0.06675908639445313	0.4198196570428489	-0.1454320938795743	0.5416431163112072	0.30689698259128084	-0.3486774718316681	0.045008032122601384	-1.591672406713778	0.16058183932505563	1.2015254531918809	0.6581770584392783	-0.07228687172990743	-0.6126705813382666	0.388709375531845	-0.4625034916863385	-0.9186666226862695	1.36496377060539
DTXSID4021006	-13.039628275696357	12.17548038194413	-6.598073558332919	4.571579105258384	2.368964830187744	3.8837916050983425	3.5779744867215606	7.8180954683913075	5.18326161942341	-2.8487453277187194	-0.09203680266712773	0.8467347501870232	0.654037606830855	-5.00291766912431	2.5334239892792603	-0.9698343017470484	0.6975736540297816	-1.3054777353984814	1.472886959523067	-2.110525816793892	0.700754145959686	0.6420723976101042	-1.5021891006508405	2.996072173924744	-1.7595398848140875	-0.4571341370400402	-2.4627297769992795	-1.9184119590308109	-0.17055687797723537	0.39607654289275024	0.13596888851087446	0.5268901691209205	0.6793262312063852	0.7348408202209276	0.8971420447527029	0.7717196167870249	1.1991410286473898	1.165184901517227	-1.1686404774113752	0.9971153030458486	0.5696768161249843	0.07410571782927879	-1.0425986909451246	-1.6276111942130371	-0.050804164338205116	-0.14897555740006926	1.029317784942699	0.2927150676215649	0.5822540181707544	-0.1472343556917018	0.2364227172425549	-0.23154426330468963	0.09755080099906015	0.34073661364783886	1.8313810540632027	-0.0350368672160061	1.527267385727985	1.3297524122916864	-0.30905336676944545	-0.13334612923887457	-2.010770126526778	1.0602069851691955	-0.8925399075324156	1.1919402917791033	-0.5771016375559572	-0.23233978198422955	-0.026116382235757664	-0.6429718778241388	0.6010292151066764	-1.2167082047989601	0.36852922192688226	0.3175634168261455	-0.577381937960428	0.13328483927220677	0.64765461961685	0.521322706606339	0.030335210797838838	-0.783654983277749	-0.17624512324230684	-0.2259762617929212	-1.102072947454088	1.0702477603695597	-1.2307380470168519	-0.6094268267270411	0.16229426462878183	0.10512631493637621	0.9688245403246316	0.5285644302658546	-1.6112259302434526	-1.3326388996899476	-0.2111303508496893	1.645617757545749	0.6452899880689906	-0.3542186624573002	-0.8338079594753809	-1.0562312830771994	-0.21265196970481187	-0.04154925459112819	0.8286831152082559	-1.4644793033883632
DTXSID4021135	5.294014332922971	-18.78460877521601	-10.453271198473992	-2.151735843854454	-3.907178081407987	-2.3199839406406344	1.7311737912212084	1.4410268038380982	-0.6482311886881792	-5.5536011251866135	-1.3951586053969252	0.55633988778013	-0.8804361229426751	0.8535338221695363	-0.5395145438479632	-0.26255718686713564	2.410270356423339	-0.6915476953568103	1.6173910911366058	-0.8224775811392033	1.372932639512566	1.5840708409662951	-1.1403424491421394	-0.1548664877031814	-0.5215104150193224	-0.7954461752264547	-1.2186715152166872	-0.7732208545563538	1.0872862955655485	0.4596595637120767	0.6937682169365511	-0.3172347622836616	-2.5657105951577304	-0.14731680949387305	2.2017786307435006	1.4365263198079543	2.285658465943433	-0.34394429284421507	0.5166048409386942	1.174675111190062	-2.7272198618150245	-0.05090118439597347	-0.2986216064472796	1.374217261655197	-0.5388656980651828	-0.670164603605097	-0.0817666821329938	0.24988245576349	1.2604847328463604	0.658629831282633	1.3851471499791592	-0.007870292427781303	0.3243748382900186	1.1581917952766305	-1.468668655415993	-1.3372110951966931	-0.6794743643032264	1.8534782748228997	-0.058910074936262345	-0.06315016964969657	1.755704424308886	0.45878133446169594	0.931621602056655	-1.0160577373160367	0.7907655408592329	-0.9592946490339992	1.2187025144462735	-1.974246635553483	0.3390883918948635	0.5596424469010797	-0.7721740283361188	0.18690224085935983	0.24105066647899315	0.6343717051964364	0.3235019538771128	-0.7904470190003706	0.0938353625305861	-0.8556200276309107	0.17889156927875888	-0.6862759894420207	-0.06039339774068621	-0.1098505854472194	0.3364207456331177	1.2848166108049732	-1.1875544781912004	0.698336088854054	1.104128889757735	0.12857891810691818	0.6875047670855536	-1.2989289585268065	-0.7649729936631712	-1.0180228507893725	-0.05088661429164865	-1.0403788599983228	0.8037158851545121	0.8238230572995897	-1.4365865384299819	-0.18962574910755148	-0.33753629150134534	-0.35041327403213546
DTXSID4021218	6.482070244788232	-5.515081942791795	-5.6348221959095675	5.52552133086016	-10.93579317378973	-0.7666364379929702	12.576219846413402	-10.010256637751034	-5.678577749532249	1.442096555269622	-7.929601040092241	-2.0182551748064057	0.9337762142639803	0.3570278076313841	6.675629623457608	-1.8490801279050617	0.5348581644499121	0.1436578891126497	5.013648203564906	-3.373309454464466	-0.6670278007377396	2.0949833415795522	-1.766633330411549	2.0061733323040967	0.17315133330596427	2.7377570077844027	-0.48677153754084884	1.771027164612053	2.0701315365611146	-0.022954777375290454	-0.30485678918617176	2.1983227930161435	0.7406646127000018	-1.9900902340759403	-2.1170083836435447	0.5633422863147943	-2.006706439388738	0.4827501971837818	0.6879316135620309	-1.3160364944169265	0.624197147164425	-0.7508609111441668	-0.3300070147555255	1.7926542573686	0.7817885054209998	-0.9047851356510429	0.7191578257640231	0.12539241036125684	-0.8170713415610762	-0.36957285464959216	1.2610244991476185	-0.8111153293930617	-1.1699151786874502	0.3341617882043511	-0.40760041554603305	1.1262993185558379	0.10761157336343706	0.5742714449789739	0.6010358216149737	0.564012784207866	-0.8725567068436527	0.39108580113900915	-0.9834138002548334	0.1886337320207866	0.03127189173628423	-0.683217282645731	-0.9094570079105188	0.006877240845411005	-0.5587163637299981	-0.02498097950681569	-1.6764461377722233	-0.017138054324455237	-1.7321144139265894	0.4588855116719203	1.626934315901924	0.41815804578065047	-1.167920228321127	0.8078357167422324	0.24389012595144277	-0.5138335088210289	1.2396733076286508	0.1321968450271863	-0.3930987963655967	-1.321231941124834	-0.534393059779991	0.042496573397597555	0.9916838897108778	0.22598460001895715	0.20997898683739816	0.046444467565506777	0.18249014759643192	-0.20893713548421192	-0.3335558245640783	-0.4117102105878492	0.08151329992370705	0.11583107623441186	-0.35301144362470255	0.7445055972389925	0.8829439461687115	-0.03080814856633398
DTXSID4021185	9.298611208279217	0.4134493013629899	16.010018848758808	11.528545193364458	6.288575359064059	16.797109070263716	2.198515060088133	0.5556986943993221	-2.536051157142066	-2.4617604827045785	-0.1290168419499788	1.5731417331171755	-3.8168521574551524	1.1067799033850094	-1.5816533676073583	-1.3723638346494509	-0.45549375029601236	1.070149170062788	-1.2554624064738125	0.4691525642744469	0.7154992363906594	2.5511170178299385	-1.5402777252950235	1.2221692216988198	3.403331905002924	-0.02164687243882476	-0.18327709810320475	0.9783653708038299	-0.6586404423610472	0.6916073982282985	-0.864886818308717	0.6064967039935193	-0.1994809958673597	-1.1074517527991008	-1.3232376731216688	-0.45026424335044496	0.9391892415545232	-0.40826724910390105	-0.35494339488330917	0.6806600080171336	1.198494704864677	0.9591673662307797	0.34838168769642586	-0.7910396355710754	0.2374149810027028	0.6210553327360596	-0.2989414171273747	1.232018494153777	0.282145471428448	0.24881933753107804	-0.6161231592453196	-0.6254277136105815	-0.694397587012082	0.7599151911016311	-0.180514713436157	-0.41552753474424475	1.0898546404006284	-0.45510710188561604	0.37930423256787416	-0.36545588649318894	-0.07653366158355344	1.4757908320926623	-1.7886408355588246	-0.9207375315417898	-0.6840555219829126	-0.643140312368454	0.1512443918222302	0.2516463735028827	0.6757490300151836	-0.27190830883505773	0.40331312617411275	-0.5947531415506597	-0.1636023317971867	0.156888351115857	0.7616606505673748	0.5280564799923692	-0.3079627511442489	0.03485639422431425	0.2684206235289046	0.06678427586438805	0.4828214722346893	0.7290479569484635	-0.43689947681891056	0.03090487703211572	-0.22403989644986483	-1.168004088145287	-0.8380325995339192	-0.05654876298013201	-0.23247851610060147	0.3345424799923066	0.2615850528285744	-0.05448702658634954	-1.0663804122119167	-0.4355951971898782	0.18009698353746134	0.03155354959901752	-0.03512076871036948	0.11448565436748304	0.2730270562497822	0.054230529799198325
DTXSID4021393	-12.835601474197606	5.3598956488655976	8.487582509913885	-6.736560092915434	-6.945448766096306	-4.343153970911235	12.481042122280694	2.9959808516981044	-4.925003456949315	-0.9431102227153267	1.3468780111841885	1.934026548618136	-6.444309966041761	1.0238679831566633	-5.024190331805501	7.429874248163655	-0.5995681766810301	1.1064166920609948	2.223316132113462	0.014070675320793596	-2.3073739285854917	2.8801434213692545	-0.3304391507500162	-0.870222661589651	-2.3901866342711946	-0.7110351887410362	-0.2139091170369119	1.2832342056295616	-1.079203415328414	-0.5664201782051532	-2.514035711277362	-0.8035594283074168	1.4359878294174433	-0.16073512030260045	0.18432099425101126	-0.6745599399290925	-1.3714852560784165	-0.6786224086705956	0.6694272900601278	1.1163877945642318	0.21538943194730256	0.48696573899785045	0.5808767348517492	0.9600849665265047	-0.46382228697078853	-0.6036316101330611	-0.19558526308859184	0.1868465347258805	-0.31936993265172997	0.34446508798389025	1.1054573270877461	-1.0701038350340344	0.08639545803272165	1.5888493215200192	-0.06537026112814102	1.2157524669591842	0.3705459919373307	-0.5961302574110295	0.6458065751487733	-0.9007424663385413	0.3774263682091161	0.5495420960609432	0.378444087404847	0.34247156527817507	-0.49186904090119377	-0.5577348115827441	-0.36418654757444946	0.3296266807844645	-0.1816953436304346	-0.5928986957357888	0.02537649379951955	-0.320269630288733	-0.2978636472536552	-0.08055601348119681	-1.22986917669937	-0.29773433546617073	-1.0098766841586382	0.043423954564165895	0.14191733316991753	-0.805277519789131	-0.37104939298235823	-1.5920711642611058	0.27338925362264044	-0.8393848861241922	-0.6640599089435029	0.28741272071493357	-0.2794065629875527	0.5128944161449559	-0.18273277184239742	0.35317149875978515	-0.08000674768921757	0.25632134762845055	0.17689449149621994	-0.5498082636007271	0.20952498649636753	0.2686986951624183	0.5942112257436175	0.01823915207391614	-0.48925106006791397	0.04645678630193143
DTXSID4021395	9.998533924379911	12.002130440117911	-4.135910164260522	-2.665608897049608	-15.31037240268796	9.138764481849286	-10.89229927319083	1.5120519088488709	2.1710069622608823	4.173709001433398	-0.5731996292876659	-2.47680952042045	-1.8833468319181985	2.4421701542873624	1.7146748233855087	2.9871433516245407	2.352880829801755	-0.3242485610400992	1.6579039182851663	0.34237416367355633	-2.8687972487041757	0.6091831995221132	1.7782430099066258	1.4700088756108998	0.7921505027643547	-2.015729287833732	1.9225216753680483	-1.8646334823395285	-0.2747789930314258	-0.6460133236690768	1.397225179162756	1.7799458322445987	-0.7052978036994731	0.8211743187244309	-2.047695461893644	0.1005780809770018	0.39237840367002974	-0.8381231665461364	-2.2424370114163192	-0.477524836464206	0.6063192213948881	0.6288360289976661	-0.5744276496794446	-0.7122558971909332	0.3188897227868672	-1.7859543501922905	-0.1941495467346898	-1.0411611478420952	1.1865782049118452	0.41077729447602424	0.14453824412020985	-1.0448197775602401	1.4548809890130592	0.42723750737675925	-0.5875796826892734	-0.5062183718722026	-1.1052434683144163	0.6556337907964342	-0.20824887230731906	-0.2941390067173368	0.19150536139901814	-0.3598379027108558	0.22126039215519497	-0.22511413392380442	-1.0869834641116973	-1.109264849466511	0.1368918090615346	0.396664974655139	-0.467269413653205	0.6179054548876951	-0.2603745649167112	0.08141410933218345	-0.9905654683598023	0.3102212892727774	0.4485729598741841	-0.4134130573904687	1.1419289783753954	-0.29726818713962305	0.024160743503185696	-0.8903596526899598	1.2015043129711342	0.1821442242148202	-0.2095415443410472	-0.6345947342432465	0.1811912796796297	0.24215414790540424	-0.11030874176349466	0.7926476788302574	1.0664395658395733	0.1714091570245346	-0.2406819171905926	0.14950510410267945	-0.4718076866478824	-1.547550562951388	-0.44048205546269953	-0.39232278228413076	0.21620380207724954	0.566725086023665	0.6210146618756832	-0.482479364049738
DTXSID4021268	-3.781396346005925	1.98371002197964	-8.05082450102199	-4.784394361830319	10.127188066289474	0.39101681448482317	10.599864474588443	13.471837259470199	2.388013603895721	3.3794453639716506	-2.7426191607128123	-4.792273218098119	4.53646581362694	0.8121982869497523	1.1225617798873688	-1.7547780978551077	3.343093666684926	1.970599442095981	-2.512987278503921	4.179993268931687	-3.333919996396311	1.1569611609715273	0.5400348408144666	-1.5766345736504581	1.9694295852445367	0.6132134161790712	-0.19847599756770207	-1.923978890873416	-0.4746463892547746	-0.42712915898391135	-3.0127428301627965	-1.113501926197476	0.6691719389166834	-0.32943189573921666	1.833672372587891	0.21300348803295052	0.45246177317270125	0.5372227226800013	-0.9034591421233789	-0.8730380714528471	0.5181946268549439	1.8709679329462774	-0.6182664514763385	-1.0213076110607817	0.6312379966529575	-1.025587653528228	-0.4046496495091795	-0.09245968685895023	-0.165866236205275	-1.3711442657277328	-1.4793190916538461	2.042456242296269	-0.45339284062888835	-0.6804345137001908	-1.0077919094765764	1.1544089376322064	-0.06537811024287464	0.1569817695244025	0.10804486312186432	0.2573346790283265	-0.394019705843114	-0.16154720814552298	-0.08656785570902695	-0.05988848783424591	-0.20640611587850716	0.18579136338625485	-0.4281066582147516	-1.7779073888061294	0.3043616246021082	1.760246640139979	-0.42988476990225966	-0.4725327898375143	0.39174458883479146	1.0012223565090081	-0.843763504475722	1.2339432438102618	-0.9048436262927161	0.37804717134610144	0.2506167592247913	-0.3958481600133578	-0.48388916527946035	-0.29835309697058016	-0.3742252587350898	0.8550202887026376	-0.2209414646455104	0.22496627784582673	-0.6551328471781543	0.014071573291618839	0.6172937864412195	1.1887472632871379	-0.6023629808971867	0.06082684625155425	-1.212498866600983	-0.31845105745504126	0.07258864919364649	0.04371921007262331	-0.5509470619553656	-0.1397111745981789	0.4589494050118942	1.364665563577094
DTXSID4021426	-16.745741081669408	5.529046743089682	-8.84049345520749	2.025324187478504	2.7531312544830047	5.624069501385325	3.5489597151511187	7.56704234542457	6.429149929832615	-2.6049412022014566	1.868366475209466	1.8886897314212494	-2.926134450538651	-3.2595088051848737	2.014488846973891	-2.0674516803028213	2.7487753632783543	0.5514038182285158	-0.7638143906559218	-1.8482060312654593	1.712920013963347	-0.2035149562811559	-1.8239922224640241	-1.0741432511453386	-3.6268894732519605	0.9921939939500726	-2.2405717233522897	-1.2597593155550997	-0.22715870345282016	-1.0330893856692398	0.0004379409906016339	0.7773972433222901	1.3357428408059526	0.8969019793970889	-0.878913929965415	1.6311552647626906	1.0898868911742243	0.836759181335776	0.5931785649427483	-0.6846444984352131	-0.004893931322658068	1.1468754703847042	-2.0471684614937447	-1.2831315555888017	0.8159448443118648	0.13343990915830323	0.4887442022770733	-0.14822476705814847	0.5324840847612877	0.22902731474114862	0.17786686274441496	1.1330637494261386	1.304019696510232	1.249427534296783	0.4063719886706398	0.32592998450727084	0.053632706426345975	-0.43459192208049124	0.20427315939359691	0.21974791124326035	-1.0754590233758834	0.4445979491892414	1.0090528039173663	1.1450874096164962	-0.9335990251444204	-0.8280443982911091	-2.001245485893414	-0.9393189979891621	0.18793875739998536	-0.20392228887751082	0.16578721338358515	-0.5756909503486143	-0.12646590888911174	-1.5506300656710212	-0.7582993964974318	0.5085501696726428	-0.6522004477002165	0.4339157714478786	0.03619555002977864	-0.5930914355097425	0.24475393351837263	0.3260546774380957	-1.0005136177330614	-0.3689156866137779	0.18696503096071376	0.13096839442898364	0.1425275498760954	-0.1489335353927097	-1.4326886148817937	-0.17761996138389646	0.9931202915660783	0.40156790373091217	0.4737078963033585	1.0223262116489105	0.5578978890770404	-1.4595060844860366	0.8161976559300128	-0.732330844038861	0.12234913856195369	-0.9962225999609413
DTXSID4021553	-11.29410288351167	-4.247751997961308	12.981849168985274	4.9091122571025405	-1.7280452109954814	-7.747531982988306	-8.284553664306873	-0.012357064542488803	7.056312101471571	0.9152203013760932	-3.9973105724867946	3.574377154868738	-1.7082285741540013	2.202980644451639	3.2719720784320057	1.2167923017655198	-0.9539153920376714	-3.6388350593568175	-1.6056038615855175	-0.07537720822003081	1.6794738969621499	1.1680333719902751	0.747846720504639	-1.5707380717515336	1.4198462941695267	-0.2140516081049165	0.46146873495615814	-1.7857266235348512	0.595371513392756	0.6267743733055131	-1.2328733320655265	-1.2370643472723204	-2.511854821473217	-0.4279966935108511	0.34997191071889217	1.0117792908034868	1.9193101920754985	-0.2420023165961475	-0.006396465151375251	0.4535285875951528	0.3183212442976218	1.0940168241568817	-1.121666925123469	-0.5860913714955347	2.228038193653745	-0.1153237483429597	-0.3361235777111008	-0.9692802213448645	-0.7311057559980452	-1.7508817986961982	-0.0310741060548413	1.3375908128638012	-1.010512011988303	0.464125913252594	-0.24334854788145546	-0.5543218885765661	0.16021361087767574	0.7309801313114305	-0.4454467496775309	-0.8783978734227365	-0.753733292325401	-0.5898329060965247	-0.35971646280139213	1.1568290865491058	-0.6737253248267311	-0.7775551440396582	-1.5661159619055303	-1.9822797439263935	2.3038340102321664	0.19185187553396413	0.9063058316667445	-0.3517242766546367	-0.8645457005722457	-0.4149544431603051	0.4469340234995646	-0.4726555862788357	0.541412255232662	1.1334823488968013	0.44585367905430134	0.13038813715309003	0.7866318394660161	0.8232515861856884	0.07851425349057092	0.29878199424852386	0.1400703622793448	0.4605178572126317	-0.036370107886223614	-0.78433984075667	0.5323547309748122	-1.1582518215650124	0.7322609157901006	-0.4332668691754363	0.6207971186784567	0.8950111276806956	-0.26203165801572575	-0.9388959145609207	0.948148225030603	0.6111498768022207	0.048075914774857904	0.3375566939040096
DTXSID4021717	-11.059973277638758	-8.409222106431477	-8.644562274467825	1.0052282371998422	-5.156354971932822	-0.18236418536528592	2.7051578257819613	-10.058967092279774	-3.5482404427028316	6.310837765768541	-4.682902665533016	2.5698612070393576	-1.5492705560316953	0.38268830650347313	2.4588267914735695	-3.5407118120137158	-2.6887506558012735	2.33034557465469	0.4656891802612649	0.6940928098524829	-0.5346789021834991	0.21109848190080194	-0.7283864156422849	0.19554012313340477	-0.2989040918283115	0.413517111945793	-0.7491150941349398	1.184758307041747	-1.5335494851977398	-1.129879602543494	2.077284488606348	0.2514235331832024	-0.9589388540776242	-1.0580572230259355	1.4100162675446435	-1.0488516773770646	1.7473063359161827	0.7960418093210216	-0.5138458266475453	1.0748043346012328	1.4699594443380921	1.5673552525604162	2.793452920771685	0.28011688717911976	-1.1410389150213953	0.883040095128243	-0.630386870924478	-0.43149732527991	-0.2172224755367367	-0.7280479385813503	0.9692398174866202	1.5317208261102362	-0.1993412263105492	0.8829141333311799	1.0704592463975409	-0.9538753516101403	-0.9966308583474913	-0.40411344257593573	0.742260274122628	-0.4639612916234137	0.5345025537263421	0.3207322049293441	0.2723969482304861	0.6942347903219643	1.1438662360677865	0.30685148901947995	-0.09258403219172955	-0.9102343771489412	-0.18825624197895882	0.10960702109113282	-0.5567885376251395	-0.6280905707692254	-0.17972554155285625	0.2483537755372359	0.12962362238457562	-2.679091751900077	-0.7460426602199416	0.001344583092678117	-0.040923001485965345	-0.025290940722408468	0.5657523425864367	-0.5607511518380628	1.1102966320662484	0.4998617643898135	0.05079614842092512	-0.3963382147390922	-0.9750046559847179	-1.8168715346299829	1.2846196348047907	0.2786546788010984	0.0209479102711083	-0.8481268183913405	0.4327439287212325	-0.260321032202334	-1.3756838457611518	0.2051195893602058	-0.3888825366167759	0.31872330136303856	-0.8310016328095268	0.6514749908847959
DTXSID4021921	-19.549172849046357	5.001554087419559	4.684673014209128	-2.4243827943876983	-3.8182229558811427	-1.6283792289264158	10.37481819975637	2.192991640618189	0.14253748442135164	-1.9453647293411915	2.2331032823596564	5.345355019390465	-1.183492271879805	1.9619567416641581	-0.8509521170144	3.2455365695069998	-0.3586396621199908	1.091650381909859	0.23748330311260904	-0.21003580495620755	-2.152001618545813	1.5651057203221064	-0.6364260686573892	0.31270255499057686	-0.7089944142277607	-0.3288172102320446	0.7162716535040455	0.579640973966082	-1.0991041604069796	-1.0900641384793612	-1.0174523408347653	0.13419866375685569	-0.01337309904088379	0.4158237767270122	0.026195714307905425	0.2563131919873943	0.023657970357028536	-0.4498641674026707	0.7061823734565474	0.9294468567594438	-0.06960049565322605	0.35524488201965004	1.177402840044059	0.5282025113092474	1.5023481878862825	-0.6693603131743963	-0.8737359565092649	0.40631491547158677	0.14438528888414556	0.7540762425664458	-0.5073047246830157	-0.41050007435425634	0.6471434905043028	-0.07364265056197762	0.09481344859139358	0.8797996216052276	-0.266917477061355	-0.05197854449809547	0.6545052998491382	-0.8056711906854204	0.3304875272170798	-1.0675526561912947	0.31335778816772986	-0.568832512753822	-0.041486129746260925	0.035555514523113216	0.6277598038871791	-0.2510341514417858	0.028260988010431077	0.7318649970026834	-0.6494323255077277	-0.08335439923735981	0.10882116798585297	-0.8233349566927983	-0.8343057141292191	-0.36048203654232475	-0.30825073910337586	-1.2603016608264537	0.1328106325376024	-0.21091609076810333	0.8655378067004189	-0.3070572343818894	-0.2964042900307614	-0.5314533890489157	0.19819873098989393	-0.2395607657272817	-0.44457413815993485	0.5925826287988247	0.33687271031016575	0.3873725528245846	-0.5579934940026929	-0.0314352004821293	-0.07122067837197632	0.3001863089747124	0.5510294099232813	0.5158853223438613	0.43948145784540005	-0.7637517582994665	-0.42764206300754365	-0.40205144758759487
DTXSID4021975	-3.323167259965791	-21.109928607295743	-8.268571918567755	-7.424773246647714	-0.4813025197844131	-0.28509554332987364	-0.8952599098865768	1.330884977124839	2.818669806817472	-5.647608060826883	1.3061483503974076	-5.128432359933047	-2.1208284038228293	-2.8847191338726046	-2.94164259386525	1.4849357701190762	-0.8332347718078865	-1.011300243887521	-0.055177721338202014	-0.019133830992195507	0.2588806256720906	0.5339964982858184	-1.6683065530373815	0.26662084088249643	1.8803309009782638	-0.22718042206856645	2.128375354967292	-0.661861717480431	0.6742726047815376	0.576225975088432	2.4030867295658833	1.9504677798318333	-1.6016797615332807	-0.6787145755037303	-0.19871065634234034	0.5653458820766744	-0.15081094195885564	-1.4184648190554476	0.3188469387481523	0.31811071994466644	0.09329310412420017	0.1780591061368803	0.9764197378445756	-0.6390445998297103	-0.9737961702302823	0.23880245307867673	-1.208590329528589	0.45166759642153864	0.11476523534871531	0.17388159365687436	-0.2650018185607301	-0.12115140705357345	2.224575720773791	0.3570728785083067	-1.4951328915823445	0.4635161881625607	-0.8392507000297499	-1.3069290996146776	-1.041821393628949	0.785394168538993	-0.21286528289264076	0.8792516948833317	-0.6493641878719247	0.3255649916640089	-0.9740410713109635	0.3191231519223187	-0.86455412647464	-0.9595831923229443	-0.06914365653016828	-0.9934906170586422	-1.5697764815183008	1.2154419957260028	0.18023749361950592	0.3875330089652215	0.26227569039698595	-0.4295704334482621	-0.881496877696024	0.8036053460591079	-0.8946718715178059	1.001009194592804	-0.5968309019221345	-0.5849754185857147	0.5486989637605147	1.4711968716958195	0.5597230629180208	-0.18429788441961226	-0.4296074679192187	0.038545598818721154	-0.8784100156214266	1.1798308581176131	0.3020837719521297	-0.3820096071951369	1.1085392477395795	-0.2624989468281685	-0.48732276170207617	-0.3972036658916791	0.7420320034841272	-0.5760682164289658	0.5786111722018077	0.3843686415899008
DTXSID4022109	-5.885670797439871	-0.5600484692274798	9.829030175580051	13.959649877874579	7.385460803519155	-6.642897604999196	-6.747156926068831	-4.364805889828038	1.2957879899263922	0.8358174624156416	-4.676515795500386	-3.387229384226685	-2.067411420714473	1.6097772280844493	-0.0968680796433883	-1.0242045440890466	2.975241142560697	-3.0842910794609373	-1.0826234733688282	2.526316179627259	0.24246338168886397	2.967761032140097	-3.0448522447793493	-2.933890488290328	-1.1704363386166485	-1.23115714805379	0.5153957867710421	1.6488696401481728	-0.4605543576893738	-1.2268618106773286	-0.5283986166921397	-0.6186559542781557	0.8541861960200757	-1.6359559499869156	0.09244402229935829	-2.962237226605856	-0.5898841301195027	-3.2166135369229796	-0.25701110349813044	-0.8889962018406627	-1.4786811913927786	-1.0943355417101361	0.8997524999187112	-0.6071112492005779	0.38972288718984793	0.9355286433241852	-0.874909287463584	-1.5430807694215696	0.6778445857555341	-1.3925602841708904	0.10705318427590989	0.6691126235815036	1.7063239740898934	0.5638473012076717	0.5047885378104053	-0.8312046904822784	-0.011524213988009943	-0.7223949063283658	0.7047066784988357	1.6280417880543125	-0.7694332511083564	-0.9236795656901812	2.702945257099524	-0.4091843276820926	-1.4367272656791725	-0.5905521028133776	-1.3532950633883143	0.0011077227817415133	-0.4576976166968408	-0.5441908307151537	0.35149588253005304	0.577156824688023	-0.15587906708507626	-0.19789995037169175	0.32538069881203135	-0.773712931956627	1.3142591601475038	-0.0783214626610759	-0.1466333530683181	0.5356611904991272	-1.0412894013388727	-0.39332108959139506	-0.5922735518811303	0.36637860272414496	0.9408299998418944	-0.8063614128469725	1.0470954444597935	-0.4519863653779211	-0.38426639875864105	-1.5885434091767903	-0.6143327704045128	-0.3732936621581562	1.0901343454725456	-0.22279534440606627	-0.9444227498238013	-1.2786587145239623	-0.9744289006277282	-1.0498888874153387	1.6337072173100342	-0.9503081137641788
DTXSID4021848	-12.591060499084508	-17.602745534677307	-1.271921370728525	-4.150308452603106	0.5567283004074246	1.9973894251509552	-4.43685175028202	2.6274798126687955	2.7344681756614317	-0.8056763743347164	1.530138207934696	-2.5507726801455495	-1.3706356209607768	-0.18648358789011554	0.5444433876587964	0.8048234155099103	-3.206550156606928	-1.0477606586159012	-0.9778273586545692	0.04138540881487513	-2.545026803340952	-3.7168938452344635	0.25210936134574136	0.7376978655023082	1.6630752788415157	0.031162002360986187	2.1836312010500722	0.6530173305500494	0.3329013133814037	-0.1897830031710356	0.2550482716793145	1.3144944263332914	-0.146096694480214	1.4444516526469917	-0.9139136431998607	1.4540204780016064	-2.5412623912066317	-0.6412843108853792	-0.07645174627700711	1.876231704527654	0.2480694212323997	-0.3537964316812659	0.6824909338699183	0.7467708435946028	-1.4661115819753423	-0.16100483219242248	-0.6083977869281872	-0.7619648773114879	0.40706350672977115	-1.0366308946344542	0.020432764747830363	-0.4624104746253023	-0.6324031610763244	0.44379746715750124	-1.1579517249435918	1.6575841260223392	-0.30849291179762556	-0.30983363287330323	1.0937385307086942	0.1194045857873358	0.42610710197487817	0.10923945595662805	0.39109862875692813	-0.602244541420667	-0.35437374346371586	0.2113032904384792	0.44992871698420944	0.5966532601876766	-0.8345607904792687	0.37666857342128346	0.1749147018140194	1.42360031816388	-0.43372035384600227	0.32404674111210935	0.7995874232253523	0.03331553652134953	-0.3125251125639461	-1.5470994215836589	1.0114480623552187	0.24455712956132622	1.0094210075784953	-0.05657331068735483	0.5543926540084663	0.3016416703304557	1.207353730060651	0.08041633764708886	-0.11730933436184758	0.06572226095018409	-0.8179925658128528	-0.2970105213899324	0.3864647859240231	0.9016321421416542	-0.2135907330515226	0.3722756722894413	-0.8754635074580208	-0.2918188606389226	0.3124790860204846	0.49872013591525743	-0.344387994594415	-0.8274127355175902
DTXSID4022153	-0.35332307602286556	-6.205585158561364	20.503494946895426	-5.615774069128092	-5.306735249600129	-9.219156835992646	-4.9495962566652665	5.967092820903037	4.331043388140098	1.4698951765128805	-2.2259546732305084	-2.1762960613755338	2.8643332806168034	-0.5951663427645624	-4.558535255992272	-1.5434421162129208	1.7851725847363005	2.4055016348240956	2.0145774352356867	-1.2659483287162028	1.5710803409732175	-0.9837804677584706	0.6861710077137788	-0.09685746725259556	0.15848575505375323	-2.0515101260732744	-1.9958732365413263	0.8319016430824672	0.738525700528081	-0.7318916999388477	-0.16870642689859977	1.5639899523544547	-0.6130832083929568	-0.2332894439695457	-0.04913690600473856	-1.5193011508383842	-1.2571105494848558	0.7138279325281582	-1.4149580505429662	-0.0587358942269282	0.6395863608319894	-0.04120837866921695	-0.23916333031209733	-0.6753393772143159	0.11261016986342742	-0.8781253457583559	-0.017683158368666366	-0.7801861833698941	-1.2127377021143246	1.7190706694950784	-0.10331386906473931	0.8438855393813012	-0.4691116269325151	0.23545275065379326	1.800312419196269	1.390366288737922	0.19731857261547925	-0.09013218879726267	0.15231617489234076	-0.2966618609325763	1.716164839064251	0.852271444033277	-0.9859913757455949	-0.20182221465423167	0.7356783584939252	-0.5709189961616497	-0.4776731550044031	0.6314333478295524	0.4808231457466539	0.024386235005526027	0.2581665025876331	-0.6609460980522438	0.085894395756914	1.0880898088008981	1.2849108595236005	-0.5599014529049826	-0.7750193910551841	-1.128571665102796	-1.4470854881421698	-0.006657105210153021	1.0380158146456608	-0.7171295978904312	0.004808492889556958	0.2361196587202897	-1.3024796204736866	-0.6621774859724944	1.368241881540965	-0.3179725482500878	-0.6465585375090492	0.36852720592874055	-0.5227079390200333	-0.4440660777231406	0.2931464134852928	0.8317955777847443	-1.1622145959048868	0.555607499295481	-1.0172718555809306	-1.0595797326945688	-0.5099734158409299	-0.6189062307829168
DTXSID4022288	-5.237321418773615	-14.440464193247433	-3.624789079171296	-2.3594873860140213	-4.928145867728954	-4.336642754293085	2.0443063080038417	6.1440071534469	2.1006065843239696	8.286636352096258	3.1224518727118773	-0.01599340404663127	-7.747527832197649	0.3089179889976	-2.42614977071089	-4.562507189650027	-1.1458949373033254	-1.8126499036699872	-1.1416773117576513	-4.145897854949831	2.168948356321989	0.6463614879264802	1.06922272554293	-0.25292754810617124	-1.8730518632207742	0.08372438327022944	-0.49899470255347256	-0.515538745006266	-0.4435522162345443	1.8849949896382436	2.5611512439878252	-2.2244450059297027	0.3594573593445441	1.5642566966740445	0.22266181082390477	-2.433240899008326	1.4422179643992155	0.019950046627542278	-1.518756800279415	-0.4985739312592755	-1.0911577069520777	-0.34476636342932787	-1.1820519070899316	0.6170951824400426	-0.712837886641148	-0.8976922285657173	-0.5522770328283672	0.47231186309585443	0.8564953427149016	1.5920977902339586	0.04081933376429025	-0.427476795558298	0.29786360141528756	0.34609809371490285	-2.086293876009732	0.7466529134594477	-1.021606429590897	-1.2088398087992638	0.7920008139088344	1.2305968219602805	0.1662601771513585	1.0963681240505931	0.10007126307643868	0.16512545722577457	-0.6450892585892115	-1.9969263875432843	-0.8721541127238002	0.10032066236791984	-1.1679130258286605	-0.5866631969620274	-0.8549188814588373	0.3718604052708283	0.5605019983261029	-1.1548645264919637	-0.5656211845041162	-0.0475337453257176	1.273694568904912	0.8108739397890321	1.3693360381428958	-0.3775963097886363	-0.8371360181712595	-0.4704566219595055	-0.2624386390510712	1.7046288122987094	-0.53308530713571	-2.6284958919556543	0.22038762803063341	-0.22509830132223668	-1.0254827279576684	1.3187928055939613	-0.8608089047255615	0.2084756908231827	-0.19965992671772648	0.21622872015890265	0.42537005936220335	-0.5965899561673984	-0.8619412698820039	0.5851808271026941	1.443266787212056	-0.08492421236842106
DTXSID4022525	1.1274252648389442	-1.9348104035696374	3.8990632575688284	13.049613529399458	-3.925210785975069	-13.941899620209266	0.22989485170242652	-6.303719398087283	-4.139580431659573	3.770701296892791	-2.33318508023395	1.7059315173000538	-1.371011852517849	0.26386165297444314	1.8294048498880515	-0.2652153382144868	-1.3601249485710283	0.7134050066930542	1.460202260579946	0.7700830019115192	-3.2377552528489044	0.6753574155965196	-0.5264480458056857	0.7503423235015078	0.32023794599157884	-2.150805403783474	-1.14970710430819	-0.9715740690939406	3.3423090407632436	-1.1869234156534425	0.2679566103588632	0.614144742215394	0.9944095794008068	-2.4660012488271112	1.9639637043162028	-0.7490907798390494	0.5299411991215918	-0.5003821890367457	-1.3209742818142227	-0.4247647510323808	-0.8590369238189932	-0.4327479591448832	-1.5042552115398662	1.8694975428399228	0.32422536007414876	0.996723337486446	1.0885996485042524	0.4374837390076693	1.6413643929952213	0.5044393626414222	-2.2479099854601667	0.016553240844423396	0.9285421033263224	-0.9370849773332832	-1.5241812098104408	0.8175192511312104	1.3003126728024998	0.10383540627365553	-0.6327588389685292	0.6159808621595559	0.5375707784805179	-0.9551084042080316	0.1350602956302124	0.8821581131359139	0.32570159885764205	0.49056424548315924	-1.817130106291121	-1.6360524209551017	-0.7229912522287206	-1.494870441813903	0.5302657776439932	1.3616238625183013	-0.5066674053577409	-0.16879394589886285	-0.1202752409535647	-0.9143417708083699	0.11304025009094364	-0.8740249351467015	-0.18678891762315947	-0.271191368484885	1.4079613017270247	-0.8434364529589349	-0.10549466583564723	1.272858601617362	0.07741047934059114	-0.51805655102392	-0.028430709004374045	-0.4793562466773217	0.3451977918451713	0.07609173836404058	-0.24185445987901708	-1.0121327241688136	-0.22092022622891672	1.091650984637609	0.021696993563979743	0.30778007280226016	0.3415656489849122	-0.8462900190256242	-0.8476754153682043	-0.27831438727198415
DTXSID4022529	-7.843332534509328	0.6091539698728081	-6.689285924166971	14.400452337761593	-2.208457820762156	-5.341476858116792	3.3235199607999446	-9.615859726482022	-3.266695941438086	1.1803336788117986	-2.4377137851964905	-0.1763586318653099	-1.954903404595001	-0.7642560101716037	0.07343664905747914	-2.829434846316733	0.5531563389767179	0.8062307643407775	3.391771280318932	0.753164181735877	-0.8942568105864571	-0.30358479172005015	3.082824606983664	2.9873105132663076	-0.8445901222469157	-1.3455745107256107	0.0414154034109439	-1.9006032446952181	2.8702266406117354	-1.591531696697571	-0.7033125886494237	2.1413751067484874	0.1672832306765639	-0.1654990339633503	-0.2133752799382251	-1.8005089554927909	-0.35339325677675754	-0.23885796515045377	-1.4341577023066194	-0.6258658383888268	0.7587981970313623	1.1986771183862717	0.35025422919020305	-1.2899780780901113	-0.9869383987185592	-0.7291012653737242	-0.07900749449207418	-0.7626370015715351	0.20898175922465012	0.2530962876925649	-0.697040163164219	-0.2718913979811434	0.01749607960338579	-1.076912699483364	-0.16812511105954012	1.3937697294479787	1.6907132417599373	0.9175618587202876	0.00014744327019758764	-0.6578482145681085	0.30061521175658207	0.10796691575204183	1.9030259472002218	0.47823376010042484	-0.9927963458278228	1.5222827796990084	-0.1430968449165142	-0.944510572904027	0.26049776751966586	-0.5569180366298835	0.0173361127871423	1.8620699352435317	-0.6963615534981279	-1.2154311868758143	-1.2124074831414642	-0.7993416277670572	0.8059674361199928	-1.3479386172210457	1.0513686219146483	0.87780053550053	0.4376873774563914	-1.1157319460865736	0.897682574850018	0.5618472393293958	0.871356283588997	-0.19961044985568221	0.7143117673003779	-0.4353700116176167	-1.1942792796746156	0.5224879009388635	1.0985611754960105	-0.1417068906580149	0.04853302059400987	0.07748732841296144	0.5631026461983698	-0.3581468685441659	0.4038048083885248	-0.6190257432535886	-1.1126355500053073	-0.36503580500221305
DTXSID4022367	4.493645962116955	-10.196492777709807	12.614066999538437	8.962853514001061	1.4091855395223396	16.25198357189842	4.0039330976420064	-2.491089068538422	-6.704680718957981	-2.2914707258454365	-1.606498916378757	0.5618212740061085	-1.3140766197075908	0.6520049402283418	-0.7690585233887148	-3.442033537906539	-1.9858227750225963	1.673722777637178	0.15821807770930027	-3.23382313034627	-1.5516326226456	2.0889752176288563	1.2033727488452817	-1.389358022799575	2.231426150306259	0.3672256635795855	-2.361349413255335	-1.6793311556427615	-0.3867100719375947	0.1711883779027323	0.027662383982706852	-0.02969138825989538	0.30000296300193285	1.8295531740829243	0.6647582917191835	1.7665916318830102	-0.7301279365494192	-3.0470059463176953	0.04406937085455932	-0.4851413693496723	-0.7238581450734278	-0.8382564843375181	0.007609769781885137	-0.8838502123557446	-0.22283983253837703	0.4232132488512929	1.1917806548829473	-0.20801339276802927	-0.8985559755943303	-0.2505465954268378	0.5354728133775559	-0.2056115158664092	-1.273668316827048	-1.3520312147280447	-0.3505321961043701	0.4754730673941813	-0.3979427523872683	-1.0241920842893242	-0.33076790171639797	-0.9433020615532317	0.9761170789781957	0.3252679889007874	-1.356732259780527	0.7409874606655146	-0.28007747020403945	0.5013400592784226	-0.33413928824250444	0.34052636187057356	0.8351610297495703	-1.4937208860349316	1.245936938232573	-0.015515248044424777	1.3681408350520914	-0.8716019826972943	-1.127677230579963	-1.2985958793404198	0.25699192448928176	-0.7141026927181428	-0.7322195363145761	0.4813557373950057	-1.066627446227517	0.17210498555741463	-0.9048107448852146	-2.0632817808503723	-1.3162940001525911	1.0467613867009542	0.5521398335255917	0.06290881973595153	-0.3734352530470799	-0.758824767483498	1.0942801873201917	-0.4506991774751317	0.6598375975978223	-0.5511924707369543	-0.5815697699467645	-0.08823350302197917	0.8715143183444107	0.1387076801965465	-1.2958527675744649	-0.5255402282679188
DTXSID4022369	19.048469579322386	-1.0657978788823663	15.819492185696062	2.0240912498919026	-3.592996634524993	10.550244520564426	6.506011104884227	-1.6761980197553734	3.117707138853997	-0.7247786972201262	1.9175652965609788	2.591942300424326	-2.092048236872301	-0.8183190695476497	0.4298251234947469	-5.507566356027606	-0.4797551560354071	0.7505240632489155	0.40053491069650804	1.1799811696527716	0.3456095469424045	-2.2219571998721923	-1.882216963102577	1.485413518258807	1.7338703227315926	0.470839063090336	-0.3643526837071014	0.8990423847422753	0.16983858100553043	-1.4502040671678942	0.10539493021839286	0.45270248129212887	-0.8115663892266861	-0.29649771423032206	0.6078526245907391	-0.23269007254217436	-0.5544400679438073	1.3051938807506824	-0.08916754511331725	0.176647071036593	-1.5594331124335334	0.6396522674400922	-0.8751079456392665	-0.33960415513590364	1.9190610639718058	0.08909952492974572	0.0935116367256585	-1.938600776326696	0.8483265025416707	0.018007311739498034	-0.06436833481192937	0.6702987505596748	0.05685098866211414	-0.2337141074074722	-0.4976205351564397	0.0008104909872116146	-0.021267431597948333	-0.5742496339631245	-0.18319408875745485	1.278162539332432	-1.012610446285948	0.8624872144329513	0.32699412668530364	0.6915072492704082	0.4146725781825642	1.2874108123900894	0.9350436109411858	0.3975854531962149	-0.29514235735968924	1.784800278021079	-0.8582141072065225	-0.9447070074371414	0.4931246600574722	0.46364680540201914	-0.6752231638109398	-0.4822415150914987	0.5233039093450799	1.397936759538949	1.2575044984348114	-0.521562700918372	-0.11900436771908206	-0.5078232653752108	-0.9704353015834701	0.3337133550964588	0.7960303541601246	0.018137777797924314	-0.4758773737270057	0.9106159524730039	-0.6117203681157388	-0.1312261052131012	-0.08648552704888453	-0.658257521163875	-0.5327044142379425	0.5915049875118892	1.2961068847584878	0.47268607284560415	-0.8706563343035663	0.7244531198113093	-0.7009760387351364	0.6773490941466592
DTXSID4022991	20.65469543707566	5.400716346265576	9.38273263424125	0.383554770155503	-7.26936738927851	6.90011614172131	11.659057977493172	2.7112783279414314	4.678324548485004	-0.8597758834355936	2.365439822488097	-0.43062284106288146	-1.37198488559762	-1.037622654069094	1.91401164881899	0.5893167249657429	-1.2198785413560296	-1.4839281864785145	-0.17935581741685017	4.929000875824434	1.4040725904832165	-2.8253905899204494	-0.7124475375204546	-0.2947344443412725	0.2857849018792427	3.6156189162171515	-0.04339922074366325	0.9881858952118365	0.44581774509676375	0.7208545178344807	-0.5254147471304833	0.8000838701504317	-0.4792967060321857	1.2323449714161274	-0.5623512909139913	-2.8440459582428748	-0.12133524304445048	1.7045494295737504	-0.46166174609232136	0.5886692174483815	0.06280529823197396	-1.217200334821578	-1.01698567552021	1.6214013502730704	0.6421925580019398	-2.192568198157209	-0.8643622603261268	0.5587267454233061	0.6218970569144036	-0.6048574898827284	-0.3005015358864493	-0.8895814709814172	1.9503017456936318	-1.249357899141117	0.6350760029915316	0.10541885000931267	-0.13871997186543078	0.12816299085082808	-0.3201014285779271	0.676891011285612	1.1284211099259185	-0.5129905902418606	0.6773890466510671	0.549106319472759	-0.4732182630336813	0.3884883746566569	0.310010512660524	-0.5733794690365689	0.8683115811123677	-0.4358141772818835	-0.4077077490593302	0.32094267797898174	-1.0779591226650727	-0.42795745779810174	0.5834863139992774	0.8851486828688145	0.30048370174053374	-0.1501675416022066	-0.9101446737045571	0.2502290166569801	-0.45789399548593723	0.06282900198588359	0.23847373046976097	-0.0031246567130097692	-0.0655118528357495	-0.31087321075152496	0.2642223354794575	-0.8115197700608315	1.0337877321996536	-0.31270207347739487	0.6272630019912178	0.617535693095586	0.8490000603412018	0.4419763902611279	0.8724321164155444	0.5405134458020449	-0.2036777649302396	0.7255290224075792	-0.820469418621128	0.24300369989305523
DTXSID4024018	-1.2603595114484984	3.10610863429886	-8.348683295557226	4.61984175890171	5.695360277334069	-3.834398382428455	-0.5231713303742993	-11.299831484149522	1.2322536264932915	7.49693662006678	-4.477083851758493	4.525843849716056	1.2448046710918401	-0.27155256124094174	-2.3960017291683684	-1.0993573268026229	-2.2052916635289384	1.2502481414625546	-4.234161942586988	0.2720644070484724	-3.052966448638702	-1.6708552870717615	-2.9473398808825304	1.0555440070834656	0.398535511945545	1.2556534284912317	2.4020194205452796	2.122148023111761	-0.23714677358554562	-3.265433832219575	0.4043404934039405	0.5454323338851402	-1.275022505677103	0.29886753979195113	0.9839589764819132	-2.888833642887108	-1.3226345155498882	-2.0403132885357835	0.33783414898029107	0.4309865532512537	-0.34652109270542547	1.3617617174903502	0.8574211637426592	-0.1382045587290303	3.086587397143141	-0.7593176452113901	-0.8762902662097102	-1.235734958019008	-1.6160034732922017	0.3295449407667958	0.2640563009681634	2.3112904551744418	0.40730761079080996	-1.7940793137254842	-0.6100826216921049	0.5319269208752475	-1.922987811960951	0.25242659280572116	1.8213095774691839	0.853247765396276	-0.3853129377750655	0.3126848517226694	-0.21167391924779633	-1.1251496418678573	1.150412790676203	-0.04180953027497808	1.4213367583195748	-0.8913897419652388	0.7311074512709451	0.40511318246513656	1.4978033816357792	-1.519192547632407	1.9877817894142207	0.28583609793023357	0.6184357932769328	-1.4739514161815443	-1.4322687774745513	0.03152026022274493	0.21264476377057567	-0.6382683420212483	0.11064848912203176	-0.26526506246603815	0.6454905301646406	-1.0210346860311519	-0.3522308930904976	-1.0856889510639396	-0.11043045106637998	-1.3056187526260232	2.2755409298786677	0.583559434892059	1.4442679820080775	0.245485932495926	-0.27993039664180874	0.012272735521650495	0.00578024953677852	-1.0902210592847952	0.9180567756503524	-0.20177098330525894	0.3995001808486797	0.2148649566326513
DTXSID4024145	5.704148377416233	6.270780743137329	-8.566604100961662	9.002218471435686	11.482457068330346	0.2833758363850187	3.1512961054364705	7.5462438498765945	2.096150438530749	-0.8617161731109734	-4.453855782091489	-4.702280886446442	1.14158277736928	2.458441957661318	-2.4934561244747946	4.162530776534622	-0.5746950970108001	-0.15119585444580252	0.9752984381517856	-0.7035392364188676	0.34162827149600755	-2.3872860502052373	2.3246423886251133	2.693671491412875	0.9298528438839949	-0.40846787051380445	0.9093911683243305	2.3965016016649003	-1.0244327483004116	1.6771844169593226	-0.20162442312645032	-0.7886665154005549	1.2650766690226372	-0.09391443306874338	-2.6425681899042384	1.3569103083266312	-0.4150261928968339	-0.3515983936383829	0.4935278981682939	1.6089147429909585	0.8064802403837671	0.31711582005314104	1.0854656979573534	-0.9779564156252392	0.354776230634933	-2.271405024981265	1.7850180878873037	-0.43290279214489474	1.1258292902239093	-0.4420168593592004	0.07561706526565884	-0.08620905505591213	-0.7619073910667495	1.7918638910190676	1.0925376249687733	0.3303139222843452	1.2446270231542496	-1.4634239897528158	0.08653470646457659	0.6575935129883812	1.1495929377683156	-1.1441160289102823	0.29054642266429154	2.1388681646574756	-1.0232659986593038	0.48190104253885674	-0.30536682567308365	-0.32828824400166357	-0.3560768365700629	0.6963413138408443	0.025861622947332092	-1.5927714778044595	-1.0514991314205424	0.19998110290337875	0.5796238738148469	-1.559427555212842	0.2913667602210861	0.43587427365640313	0.5130452757171073	1.0610205754827413	0.06456163460248747	-0.5486114096796223	0.45066426954468825	2.1535498027374715	-0.6907071301867009	-0.8204124625954319	1.0846741552394952	0.0333769507467656	-0.614081810983728	0.6624039336825507	2.1818231878918137	-0.29946542818282107	0.004722620556875994	0.2150067209773633	-1.1171346750935016	-0.24696318402461737	-0.06539324702519961	0.8114838400179443	-0.4680702307728457	0.33395191026604193
DTXSID4024062	-12.066655447992574	-13.261222878952061	-4.151111232858561	5.988785186697852	-6.538735862488614	0.26874374900595766	-1.148470734968209	-5.768495985005906	-2.6237835107517795	3.881143389789037	1.010601112534369	-1.6570962060012817	-2.272161744771007	-0.754522871508342	2.7751382772384217	-1.8123921452628797	-4.144479272177736	2.4406003636083162	0.35613969452442	2.4006475450268208	1.6167584662252017	-1.1667460995801533	1.3416557099169442	-0.04525214372000146	-0.09824740904225578	0.32326674857762494	-0.035968780720223754	1.9595490497135808	-1.1869542713648384	1.3666014242268751	-0.4817093652197233	-0.06293024177944022	0.5084812869796422	-0.46154883691617216	1.032146852577632	1.4673087145359642	2.091993434380527	-0.29956946715836585	0.9134897359668404	1.1778478434927542	-1.29325615278056	0.374797597563201	1.5481293720485498	-0.7902008949826824	0.12142809945881267	-0.4179920600787313	0.3188947766990306	0.5672801771094242	0.47745323806168183	-0.3179274209136304	0.17198109869566156	1.5855957825035714	0.039872332390431094	-1.1113495043617023	0.29727848110494925	0.3030943410833833	-1.3093057170798457	-0.19266875289932825	-0.463173237398944	0.22268900373906242	-0.22609118475051318	0.7582320371026993	-0.03847791937226952	0.7329039183018158	-1.3949235734103287	0.06955642717323732	-0.35934823096412294	0.5911664403206612	0.26773588157068423	-0.9266658361287917	0.5501062988835252	0.6317893965323653	-0.18049751904285202	-1.1211201519023688	0.8493701088930099	-0.13673360784289523	-1.198095772050065	0.2848546232789634	0.5416083328842011	0.07056933716386775	-0.668085888176075	-0.03918510673728584	0.1695766144853638	-0.1814234757872445	1.0572772643259505	0.3318142703317652	1.1270660635462841	0.19429600541935504	0.5363227999466955	0.1373055026591223	-0.08211911450265187	-0.00989511013060864	0.7070110717048923	0.5946526031142825	-0.666872395240449	-1.4256891696001903	-0.13094116982693726	-0.03794142607543747	0.6032578540251409	0.46123103953980893
DTXSID4024066	-1.7044103324950097	8.7126391022953	-7.647715650054963	-0.9802165555855878	-15.586346357506038	9.363425966680868	-14.187331383561599	0.7684273509897147	-2.914756419095266	-0.26016461806291613	-2.6874912619252593	-2.0553848508545274	-2.9046832128830604	-0.18666566703600446	-0.6923860907998556	3.942806976327393	4.085488792941567	0.4738052963820125	-1.2839664657328946	-0.4379329926481571	0.013916816831927453	0.353063637186381	1.4411776517705988	0.08763477398207842	1.308435915458259	0.45627060968669875	-0.02563469838707972	0.8352438229850565	2.151865990210979	-0.16477673832969783	-0.40189514162145923	-1.2637393383581683	-1.03018888138753	-1.603216007383781	1.2065074112164833	-1.3108926997912287	-0.8888231000198612	1.0023628909023818	0.06171511680923837	-0.7600134509957642	-0.19176738149242586	-0.7016356319674218	0.15356030676373003	0.47517560453502383	0.16293163793551713	-0.18215867863851637	0.7963533890170883	-0.7816077289033633	0.7581458894797836	-0.257541380795873	0.15015240477922417	0.8623752302839994	-0.45188739575142683	-0.4775714769251421	0.6110505059754032	0.5516749462192583	-0.435369609603906	-0.09810390806056216	-0.26768513326654775	0.7083222238367223	0.24248244698121107	-0.6851082909611791	1.0210374642013063	-1.0874665532690013	-0.7728003977051339	-0.3467725214891921	-0.011278487882834134	0.9446208876937752	-0.1828704893713575	-0.16472291301092915	-0.559019979454732	0.08244380728761426	-0.18452952740974024	-0.14119708555298535	-0.4433514032092443	0.33906813996242874	-0.4615216900934611	-0.23538937158914988	0.2165933323808948	0.40111817557859075	-0.30701280895879607	-0.3012112727084379	-0.6153349494049007	0.6908789208232439	0.19037391745869667	-0.42116594123152035	0.271071359562523	-1.4488183592809702	0.45599834949678464	0.4285460676275579	0.2623818112228304	0.030451639600887294	0.6504163731753676	-0.24409865493640145	-0.08087246358228906	0.01386244485184641	-0.06542650198144125	-0.3637207454219982	0.29620701943471706	-0.2800635172205023
DTXSID4024272	-0.7633916759951573	-1.6128616895823045	-6.859899417389494	-7.3300927587411975	8.950387709047808	-0.6158737188377996	8.5221867861229	14.363881719124047	0.29342767127152575	5.416408183882619	-1.808105226771949	-5.967130300627028	5.406538801811767	-1.7807614387344017	2.745201307698692	0.6547100866025775	3.560421840288771	1.4569269475011302	-2.6709069450168372	5.643315708429622	-3.5006545231722948	2.4320511793349024	1.1046604252100776	1.1791485606526222	2.326793856288073	-0.6980428773665939	-1.0012679082572653	-1.1049006496126643	1.0936421456734937	-0.2606069141452684	-1.890561268033537	-1.7997919021425743	-0.24792261333010435	-1.5338399094772377	0.7593176985513402	0.31246827854218023	-1.5137655006037056	1.4705823866370837	0.28705776481259365	-0.49909239643851194	0.2677921348253986	2.033335144364985	-0.46614740229660045	0.9662024292283029	-1.5561303686332544	-0.9048225216856934	-1.0980962053060905	0.4737031847085559	-0.44895551857615734	0.29699373350926256	1.2188684070364815	0.07812554007626639	-0.5829447724593769	-0.47001935762604796	-0.80311424616948	-1.050344227749906	-0.06636139757681929	-0.8934380541261081	-0.11508307133232176	0.5042733268091741	-0.3484588315726531	0.5306896966367096	-0.004326501463587345	-0.19059576777614384	-0.006766469121658034	0.20248019358156583	-1.3578274877927392	0.9005893853378248	0.42914267822045	-1.4743052630972353	-0.11807132695066601	-0.3452504507179486	0.671254854383089	0.44493526305891035	-0.46982527834826415	0.16478573567795865	1.0520696487387986	0.08676011289393734	0.5307825207457294	0.28652975036484146	0.9193724436456012	0.582160559094542	0.36110857956513454	-0.6305724706567462	0.27814871978026595	-0.30722679536096714	-0.5827080798976776	-0.3045022965825974	1.2378882074634456	0.17639183478632234	-0.05763042355479916	-0.00901000821626182	1.5041161851615237	-0.9438166855000816	-0.019707545501962083	-0.3597855609561922	-1.2066168275588023	-0.16222518275634473	-0.8565227645997276	-1.8144610824019893
DTXSID4024436	20.49756051396074	5.136742832070479	-2.7242820716877025	1.9431570699329062	-12.07874316994619	2.6239816052372413	-3.3329678991203155	4.394495642856144	-1.9873817770807567	-1.263442038982268	0.7635711989026199	2.579138579902307	1.2643821701667035	2.1767193666888462	4.595551524849074	-1.959184188425729	-2.023800824257441	0.8445703988290273	2.3026632910825895	3.380049291947837	-1.3678439397009863	0.07811575163032008	0.49421981970693907	-2.309418321615313	-2.551210790494185	-0.43744524885911834	0.14505435340056616	0.13320166445695658	0.2209608983190997	0.06920630622080269	-0.25034820140575315	0.12946741303306086	0.5062912711537784	0.29840050142324354	-1.672621845935063	1.6065388973700263	0.07735187657813586	-0.8136377886288186	0.6264476743453444	-0.17722894060795558	2.7339593966726183	0.07001130766674533	0.012518069217486558	0.350956894483859	0.5536414564546075	0.5497314583902894	-1.1342287392055725	0.6897379975394029	-1.013536486607932	-0.45145679638760655	-0.6413278798467695	0.1568975119103963	0.26012666825045644	0.21641117987837452	-1.248121163784883	-1.0304981571300609	0.2104520414975402	-0.23991909849657175	-1.2825845132560783	-0.021135972147564644	1.3628880448334122	0.12559310192471757	0.7011766235315898	-1.3221765792677524	0.07784417845992463	0.6663206726440177	0.09351663624248524	1.0470256482159153	-0.7886644724074054	0.5293045118897847	-0.10214452506789447	-0.5018043433906758	-0.02250667080782541	0.5001529643211022	1.0366669297214273	1.1148466034404128	-1.2405765381875813	-0.3422050644092239	0.6064422410926251	-0.6588405847151405	-0.6413955715738998	0.633988131855551	-0.9144387586509551	-0.6236743104412084	0.640260360495938	-0.6360515088916792	0.04244477175870561	-0.6840835692190927	0.2743286689299409	-0.3384934197542792	0.09620959331880978	-0.2873354629493274	1.0356114749774736	-0.6514735825732517	0.33319646185163243	-0.30408683709104367	-0.12815014351730553	0.0075620187851553125	0.7684296521478046	-0.4270324525888158
DTXSID4024276	7.842507881085954	-4.292370096699018	1.576132711857523	3.4778573543528193	1.9422061694768176	-12.768812164812969	-3.925085689728629	-3.215249579087085	-5.136763311051698	3.645135762398559	7.021960082401832	0.6283005577257604	3.1226080145143333	-0.07178470566756344	-0.7638382494377812	0.5509393399348111	1.3254205388496592	-1.6364282622267552	-5.361587295561923	0.20295244493880954	-1.050876017763859	-1.693856928548482	-1.8837231339806264	1.8239055720334827	-2.338729252083624	1.330183199003499	-0.9251569363971971	-0.29222645489321775	-0.04666519736627304	0.17276546877189194	-0.9434182435693652	-1.3810802058833724	-0.2671731140192999	1.4495228204837955	-0.7576761087213476	0.4767943976622232	1.081279252702947	-2.1209007393930963	-1.3734853182524969	0.5335198590255892	-0.2419586576342182	-0.9653057422647001	-0.8815356501288925	-0.300235965466964	1.460714434709736	-0.4339886419346347	1.308645415201969	-0.19074893578876753	-0.8880785334982182	-0.4742629471913131	-1.6821501321582926	0.19834802789870914	-0.39796296978217494	-0.811399108195028	-0.7768371819020853	-0.8114245022337007	-0.11074279940597091	0.023440560527648976	-0.196332648028453	-0.30398283584212527	-0.7874863389297544	0.6571823044532695	0.48569815644748376	1.6454929740044402	0.3893176781901725	0.11225049168303308	1.757221419103416	-1.069239945804983	0.7406284482666933	-0.5703174283213149	0.45324822165653256	-1.3711359475714024	0.7233717617157862	-0.21530967146771043	1.230277985597952	-0.9357825134374065	0.016810421295233233	-0.8658103489168795	0.3530452014631124	-0.5651588395507124	0.5869547414749121	-0.46036666003938387	0.27956558602089027	-1.391994337081162	0.8832422156680169	-0.5071236479661182	-0.5167974149875951	0.864335132458113	0.5698754158025103	0.9098753800045628	0.12305964094854703	0.44213712439715375	-0.8480277508389518	-0.43405584315522366	-0.1728064372842715	-0.28022073186385493	0.22896101184591072	0.8802638877239656	0.4414064636797029	0.19885687530269527
DTXSID4024721	-3.4382590972171556	-5.5590479133146875	11.076849545151276	7.965995621431015	9.247548740330437	14.823254429715657	-4.3657770928696635	-1.29413280804113	-5.844872402215861	0.09339687995806945	1.3376418438051416	-3.145116003694092	2.8318853710641188	1.2498984112788958	-2.0185290875810815	-1.4251735522782936	1.7788738946659284	-0.1843599500908293	-0.6558204519321584	0.31292859019503255	1.5127970028312392	0.9689496681628192	0.962470700282352	-1.2783158932865146	-0.45206188549652565	0.907700453014582	-0.08948743535972153	-1.7768679529820572	-1.259684392844908	1.430645066617981	1.8277155800113465	-0.7729085975778219	3.4078571352658766	0.306601656710788	2.0810912085698225	0.5325427504792193	-1.3639606052530353	-2.5594387963902703	-0.5785085802119113	-1.928668159877171	1.5869243693770123	-0.4592855492650808	-1.069761736501906	-0.5096406217627856	-1.8017136961555271	0.3923238744536459	0.31074056491207214	1.0661872827405352	-1.1179495292307182	-0.26981927322356564	-0.25082187883813	-0.2620242130084078	-1.42577309677577	0.5974651965206007	-0.4545293695476126	-0.0013036351920841104	1.0927113130276185	0.789609410813016	0.27657428641635956	-1.524704826505827	-0.6858367227599073	0.09723177407700052	0.11411128430400155	-1.4820519709362703	0.567199828170845	-0.4401868126410632	-1.0269976653499473	1.281194664137693	0.3710455394554916	-0.26028680502383433	0.8670390779725762	0.5287836466068929	-0.1974314368822767	-0.659701636553557	-0.8203501898065422	1.4411277509058014	1.3044705021925547	0.6599427246576899	-0.050235220308718694	-0.34955447798471273	-1.095315431713143	-0.4585228705908135	0.8111002334738446	-0.3012476949277616	1.0876525791168938	0.15365005197945858	0.487408287625198	-0.7547790697694698	0.5799378862885779	0.26602351126310986	0.6773462827102735	-1.259222066526595	1.293061711521676	0.49205963416044163	-0.3365844596048247	0.9044744001149456	-0.8854249026295778	1.6345143117692946	-0.48684596780044004	-1.2681804239811223
DTXSID4024985	-0.9111884396064931	12.446027130109758	-4.683345257606293	1.8859294449763577	15.781961872455842	8.568843972164132	-4.469437643578742	0.9212389570077761	3.5146355983648006	-1.6209561586369614	-5.834403424231187	-1.8010712293473197	0.6109400302008723	1.8932752172924818	-2.219817420987014	2.73958152952786	-0.2706188161336254	2.239654364173414	3.100839316247277	-1.686099681850662	1.6986733167148553	-1.8724339144981972	-0.423223208234938	2.645659320818333	-1.0613730515704332	2.672307781591904	-0.365784542351376	2.131844148309878	-2.2804021958230805	2.639711928763607	1.1997853803943928	-2.3781002983235138	1.0486319511091085	-1.0512208554477298	-0.23403704413137058	0.31472485663059263	0.22920317416555383	-1.3695940246671974	-2.402111193637482	-1.63488540770685	1.0110217970931847	0.4463660051382993	-1.2053743399354837	2.4808984116292883	-0.9191757256637559	0.12420201636340651	0.9005417704790175	0.5050555140662698	-0.48865296002149256	-0.08484771968238143	-0.7876926944539873	0.04608175403645671	0.39465975623204624	0.0565301283441094	-0.2779976624650206	-0.9834216588039383	-1.1409198844278157	0.3620171944950129	0.40723487228139343	-0.9199144707602035	-0.06530568783884132	-0.32447685241013224	0.16164428774312503	0.2116687662363227	-1.2628376947500584	0.562221336577138	-0.32914144120346234	0.15253639751081033	-0.39901048780154114	0.4002030020628039	0.13186822026112904	1.0176796534186676	0.549445232679186	0.1180837289702889	-0.39358164120636974	0.04665597149855018	0.37668029370923595	0.33664075557044354	-0.3295202861090039	-0.371558399875641	1.3208068363432388	0.08734359192760852	0.14733391464100834	-0.24579875016920147	0.9566795701511005	0.6347966003031399	-0.8021758266866086	0.4922813305052053	-0.09422370934368651	0.8719085860638564	0.5052310498874014	-0.6141764006686347	-0.8375761551644018	-0.8484953016578312	1.168020186340483	0.3530467796861835	0.6660576411905739	0.21753875267217287	-0.4871455709745193	0.036557145122458286
DTXSID4024729	1.521201255991233	-2.8494786695890495	-13.356533077095595	8.564111792867271	5.359329638175128	-2.53162418780796	4.209676598890116	3.187317319170503	-4.843095509704187	0.06085952723219973	-2.3297412563023223	-1.3977806049785952	-0.9292995327781427	5.154701945646812	-4.551034363455182	-0.7201650080729772	-0.5079406150485993	-0.06399155231814996	1.001194884034684	1.8161335263125835	2.223707931226543	-0.5592073187932056	0.4857493084973036	-2.6980164708148635	0.3016924659206885	-0.9337951489029686	0.8984342703698553	-0.4533581685711081	0.057133677064691545	-2.435332039946917	0.7431454521301701	0.7424616583543452	0.9818122878385221	1.6677558305666234	0.5187568589599902	-1.031083389800743	0.5196869890275554	2.123108032734935	3.0152428919384	1.9048482641141484	0.6478471903871997	-1.449193281114589	0.13045742347630437	-0.5125596718220677	0.31304551453531043	1.4647734969114343	0.07327908731533801	1.2779427849114178	-0.36449706330178505	0.11447606131091585	-0.568720476092205	-1.0480880076611185	1.2265905924481253	-2.2300600406847546	0.2137081571642794	-1.3983466025319238	-0.042246937735935755	-1.005617560794345	-0.2613225453027425	-0.4471404939241414	2.1800489681852433	0.32233310370903995	1.3283495296917076	0.39134057406725264	1.2160629968056895	-0.152097625886367	-1.242296984583687	1.0848364319034383	-0.7293175591923711	-0.5090698034271092	-0.5109995867907996	-1.394623553886614	0.6515683842597366	1.289191187813906	-0.15573719674725148	-0.5460773552666703	-1.4907844572158548	1.4167302743925096	-1.3377223940727112	-0.16339756243382889	0.7593367401221267	2.3456339526787833	-0.9096448316036103	0.20116948695104006	0.9935760388811772	0.5113430863955498	0.5445931844373495	1.4715119019092817	1.2918625453408814	1.0425607143574251	-0.26032386207215474	-0.8581595894029078	-0.7328584946860058	-0.574020023749644	-0.6127065350259367	-1.4354164023130411	-0.5718622186817524	-0.9887359633160666	-0.00010820868066022895	0.6630247370077416
DTXSID4025080	-9.72372337540505	-1.7503006966353747	7.5619849012694775	11.991614281138773	7.013806736227908	-2.485147469533093	-10.064775258633249	-3.382065380355902	-0.3395213867730264	2.808248182708845	2.6708400517631357	0.22855487482821996	-0.5925681777508517	-0.7663796749113612	3.4662211009632595	3.4776039905618497	0.26714210822080475	-1.7581285462200353	1.3127807452856584	2.626094461393511	1.140125878366128	1.0317703952680868	-0.4947233536985035	-3.663170712999237	3.2461209942752647	0.6987414258670043	0.12693271658465358	-1.6956544265191948	-1.03728826783697	1.890175394709854	1.0652028860074578	-1.3750054003745589	0.6655046985835139	0.2821588034761289	-0.1760826809061567	-1.6963425600268818	0.20089402704891832	1.0600583991005486	0.20694176982460977	-0.2140220415860648	1.2020738098360444	-0.2688696843226631	-1.1785926162400022	-0.05549214638591528	0.6158064423196538	-1.5779910693579788	-0.41129887822540995	1.8060850259713996	-1.4593699876899526	1.4546063347497395	0.4338164191460804	0.8474496040267613	0.5473212665777533	1.0683405718806651	-0.2393360821072976	-0.6422384512407383	0.21448161580483754	-0.06141514187424732	0.13146862756967406	-0.594444138398572	0.9875708619565214	0.059180787430276396	-0.6198081880334089	2.1478488245254086	1.6202102879557594	0.6352551033696322	0.25351592218839697	0.5144957503929558	-0.30137279628300057	0.8875433460878605	-1.7174267501504725	1.1244396817119844	0.5199598483996688	0.11484416837180945	1.6701887624458607	-0.5880060103712019	0.20214740494094496	-0.43355683854525434	-0.1171913106262247	0.48833220855229964	0.7984295094853047	-0.940982706040467	-0.18353489565802628	-0.37528529433021623	0.13580474098198464	0.47265980489093534	0.7993274864547376	1.178649970240086	0.6085909726744206	0.5418131361919357	0.2861419170893098	0.947785499961903	0.024311673927188325	0.9936087422829676	0.5123602357737196	0.7561214104356995	-0.49049761137042375	-0.8719870925636793	-0.5509419598838274	0.3275592277684794
DTXSID4025292	-14.632798700578562	1.7488471641641266	9.140538198026013	5.842431392455458	-6.148701772201422	-3.8898195797251143	6.692201861654277	-2.3976291324087278	-4.450883384964422	4.136074583900497	-1.3953304274791478	1.7091807035079207	2.738592814729186	-0.013891853419821399	2.343746846272164	1.1711176609051044	-3.3640430998626147	-0.7773466820964106	0.2890760050796558	1.1917585626550926	0.2656733758205954	1.4520156261302928	0.40006027465977984	1.3661949752351543	0.19452401032193195	-0.6509550474636929	0.6677316798861885	-0.4849457040386303	-2.2736912612397875	0.3068860088232738	2.584740800385224	0.0824432387767809	0.8462443006907031	0.32196293062629155	-0.5998957191637906	1.2591299802243687	-0.02841845706033491	1.5068031784240539	-1.6889649222039838	0.14963105965547385	-0.7584216482113081	-1.0678765319394785	0.8149789083727799	0.715707247704234	-1.4939217291893447	0.7040359624653096	1.1690148226857684	-0.18768216762833043	0.7777553759356196	-0.2878780681538702	-1.1821904701428307	-1.8661960330427978	0.8903551699350369	0.823304689634974	0.7570357121289552	0.49960773361990385	0.969576480935194	0.2692478569857992	0.3415932761388659	-0.1823426202860067	1.127926493283158	0.07894317795457319	0.3216604014434707	-0.6619444165248111	0.19464736602825675	0.74303576352986	0.47465614257725297	1.1685889560186926	0.21225388386000585	0.87288291123217	0.661575302883164	-0.6876357452819564	0.866547203228983	-0.6098874092766617	0.9561106454372179	-0.4009548194100852	1.6131165745951215	0.33589522556821466	-1.7122815530176894	0.05587647007123151	-1.5283581178629977	0.10303236090922223	-0.2864205082718138	-0.4850178216148005	0.8573150672233655	-0.17088856729506124	1.2963590987859699	1.2288019410624567	-0.33729929280641713	1.1171927240077297	-0.49395127121462185	0.3898316968154174	-0.8320315177267091	0.36982319506712963	0.6938989537424933	0.7516268067256671	-0.6463495366276156	-0.3014721728745011	0.7564455019778534	-0.5259275744784218
DTXSID4025612	-13.97808896758131	0.88017843024384	-4.518607192912405	-2.6489629808670507	3.7382625760016035	4.642325332037647	-3.5112783122718665	10.610083874519919	6.752796137884353	3.432870627286996	3.002255272026984	4.446321124024529	-0.4809540965670564	-4.123745764475563	3.8033043503284913	1.9164381214672686	3.3722356221131937	-3.1140281892584434	-0.7293545774123134	-3.735897125647381	-1.4537713606868885	-1.0046823394832276	-3.881966587274267	5.735477408201494	0.379127991177775	0.6881323547611162	0.8229882481756187	-1.7578502890066852	0.4852331360096714	1.5699411758679453	-1.989624421515757	1.4024777375074078	2.512240794851785	2.5303848667533604	0.3383754872316444	-0.4659908052721123	0.953039597698494	-0.3755634508098709	0.9363900504322307	-0.950832576097676	0.15917862860764345	0.7880821212023629	2.862096859951303	0.9021224873756484	-1.6476303152489797	0.11178906837960263	1.1878253556841907	0.7975231355214054	-0.9295324424704019	-1.6627691713470458	0.7534472827403715	-0.9316880018978243	-0.5969044442238128	-0.43305213546459354	-0.6652360730788343	-0.026977916121008638	-0.6711280952305866	-1.0730479997337905	0.5456733506272893	0.30133725666992883	-0.4942064490806649	0.3402523380473591	0.8978698434547747	-0.5259479980074211	-1.1036419148953993	0.8362629289975874	-0.6043716629073971	0.48349343882239765	0.5146940670710279	0.6833886321092055	0.6531270685794553	-0.5892344329568419	-0.808728503239105	0.40068267870406155	0.9484296235695328	0.18274948058860355	-0.3301378022097298	-0.923935052705499	0.12566197181978656	-1.1159863173715137	0.46879892139436136	-0.9548455672051219	-0.41436980008527585	-0.4332456072599293	0.9332730839522424	1.1290510231997986	-0.8172444846705571	-0.5100996217557349	0.5245752421749704	0.5945198739637996	-0.865405437689997	0.43943670522111083	-1.258877719401605	-0.9444221652807925	0.5701027965575385	0.2671595904885257	-0.7395680536684606	0.05588861337924362	-0.32852704777532643	1.3718566331733069
DTXSID4026183	-9.823691270155697	-8.694316573364643	15.945707924976853	-3.003052429772766	-3.6511093145939126	-7.655126081579322	-5.28030009067685	6.023123542950794	6.190835023747434	1.3195988953928852	-2.9783751043836775	-0.27678298303284304	3.5495019410995514	1.9408090932458593	-0.7741296151130523	-0.36048397741527	-0.2257069515949603	-1.1386741131601872	-0.4031784026255314	-1.116556266485671	0.8867469963072468	-0.862618040963731	4.462462823354686	0.545364245018196	0.831703954842343	-0.5743670928209106	0.5613735801638247	0.8260320329219674	0.9851847480431447	1.230548551186391	-0.5410056416883101	0.6376214063256244	-0.21286391980364427	0.7783100137451667	-0.7028823280642412	-0.25534607337228427	-0.7336931997375006	0.2837166025686665	-1.8276101807926224	0.13605848170552387	0.14338989030763927	-0.7173623884580018	-0.8726276158274859	0.8754475316939876	-1.004454808438049	-0.23787766880696987	-1.027754378316336	0.015240292051570807	0.7187565453239971	0.3532899247656599	0.008092417443762673	0.2579232674096354	0.21670241707559584	0.42081239154268607	-0.29357958089987995	1.6391796242437684	0.4102462759737195	0.9690992947644338	0.12228546885647254	-0.9191312348303307	-0.5966301513347525	0.7099558582337251	0.33579570044065127	0.28294724343497235	0.35797963123967913	-0.4181064003781115	0.28542416304223994	0.684959985396969	-0.23121873883503782	0.24715018403722763	0.1729138836696947	-0.33289243039301913	-0.2509260960564739	0.10061997861892771	0.595979516693576	0.7667476075105423	-0.8445088897034686	-1.4786453339588346	-0.1995651866397285	-0.7459723277903669	0.5803928940206813	-1.1993697979804527	0.3040489095411539	-0.15496988829634598	-0.29569352408814364	-0.441823892129625	0.424304621529264	1.0921702390566432	-0.5795298787533111	-0.2953788821942426	0.35429863371468584	-0.1257671041676007	0.7737541850650991	-0.015458389578134361	-0.8015265546659893	0.31240669991899606	0.00046650413057798806	-0.6549084725540245	-0.11079303973618582	0.38304491612346275
DTXSID4026214	7.032762430818486	-2.557675350947196	-14.46635102078965	-7.005510832178586	9.246678299881111	0.9129919187330147	-2.232620166854566	-4.807309799060556	3.1390236427798115	2.636131986885183	-6.358423270464332	4.89297482742373	-0.20978888898158454	-0.4693542525469135	-4.849310238358992	0.5756857504337282	-1.3419902262192813	1.8275727538515052	-1.4218847320974737	1.6618372678889677	0.9510996202074948	3.2407643139487186	-1.3965538717339612	-2.2301218988139597	0.06158884958587215	2.0606096001247547	0.0981003324766497	-0.8275780193408874	-0.11186526096757912	-2.683868667492755	1.2598089534065124	2.0574087402852808	-2.5158310784334175	1.0046992982329426	-0.28414205580698315	2.437682937920656	-0.7831110674033689	-0.3118608169874649	-0.6506993901669538	-0.9286228645585918	-2.469041839788323	-0.6963681540717446	-1.5594034620803545	-0.22335610188307833	-0.7365359201958455	1.1103219511259277	-1.8278627131494503	1.4331377970163648	-1.0503840385812548	0.07522989143416549	0.7775716876015014	-0.6545447274283532	-0.6389628696104583	-0.1580996615227976	-0.5327877034090649	1.2010099068907711	0.7819584826470622	0.46874700472305764	-1.0724174148008216	1.9479762545811892	0.18802270054349268	-0.39277869747433575	0.07813985250657099	0.5049078890301397	-1.3346205358775285	-0.03768566320299849	-1.1117067943236578	0.7161281715342829	-0.5645349293669174	-1.0407717309296485	-0.6080118369229401	-0.08970128203482751	-1.2216775328308755	-1.0421085080111663	1.3922544328464683	1.189365672111177	0.5181153410711031	0.37293481989699584	-0.9311498588985665	-0.5335625720105872	1.4450689479384702	-0.8452253310093201	-1.1800836380251312	0.20428568223231253	-1.0407104670731067	-0.17117799328416375	-0.09458130243065692	-0.2303536915652643	0.5594664980010159	-0.19645937913494685	-1.5193601328074164	-1.4008532446994257	0.5726541727099386	-0.52063462467887	0.47058702092936194	0.19160920688265454	-0.12320921291369019	0.36776818691671087	0.8098074378597144	-0.03728476149162815
DTXSID4025791	-7.2818095754278485	4.277323671483369	-9.395743785951375	0.7981267405326505	-12.956709434748308	6.847529042130889	-14.22040642073388	1.6807875060459083	-2.084094402105713	0.5078109636895588	-0.7074924467084303	-1.1180751456076732	-3.9276498987599915	-1.7385118741367216	-0.749351720709183	2.4995459531900077	1.302060631610837	1.5026769330896683	-2.558571270324719	-1.190402381478872	1.2280136161163133	0.11410692650236937	-0.3314920868423699	1.7052021904614478	0.7615431911526478	1.1073928192757108	-0.8736570412292429	0.49493243326481473	1.8754782781419244	-0.8465622372285829	-1.1690102263354691	-1.5495502214246875	-0.27461813706059174	-1.2806276389414966	2.8965094155651943	-1.306509994599176	-1.7440950513785043	-0.06296779846361818	-0.42613200964400044	0.09363987453713835	-0.836454085528772	-0.3523120664489288	-0.15686102424859888	0.3136422432243343	0.33062724271383825	1.5079449793906596	-0.003222333418019182	0.07701919795809138	-0.7582585625218274	-1.2563580627141753	1.6526088267069747	-1.2586277712497669	-0.29262778279365004	-1.287552057803765	1.6572552249773909	-0.37864431616143723	0.03768380673631368	-0.6851469912185109	-1.0611046164918896	0.8137856812599538	0.15547854888757712	-0.5239101514479452	0.5641629543871485	1.2618484902141907	0.6259034897319378	-0.13188151709774845	-0.256809226284661	-0.6201743409596563	-0.052251952740332196	0.34237907966390163	0.5325642888206392	-0.4534874297543476	-0.35302914971740984	0.7038086300500013	0.8555945999708392	-0.302574102549984	-0.38568004739703854	-0.5922548142209039	0.06205089782189426	-0.6098208508838253	-0.5744783352445432	0.35076854902217397	-0.06502396693883392	-1.0677698409804306	-0.03569374886635845	-0.7191352394668455	-0.45430865050850866	0.9810891854623067	-0.2675130808479649	0.6229256762387468	0.37503488220405434	-0.547319980331673	-0.3224755512044044	-0.2313264756565048	-0.1115413920857034	-0.5372296917381244	-0.45721059238146916	0.4705891613246486	-0.6155250888277835	-0.936344892967126
DTXSID4026262	10.657934462243785	9.27799541057248	-4.900884010307355	7.352936108977886	8.134612709046015	1.5140038157355273	7.111158065648358	3.703648349956986	0.4416039550368151	-1.8457858786532428	-4.947472076356824	-3.032798811079612	-2.4623817413786067	2.1699047674597045	-2.2888101044965343	3.123346691170961	-2.0202640613792777	-2.4961807860812413	-2.2900913236664406	-1.6888770721205795	0.2837863395699235	-4.407851312725318	2.661422694193108	0.5392737366477012	-0.7089916068926186	-0.583314316884926	1.8862784805352524	0.1953072388069301	2.374750544824087	1.4378102083453705	-0.10764226502858311	-3.9080277088661663	1.6431167694416065	-8.273744228590989e-05	-1.062062915766039	-0.09832588484583718	1.8631655142793464	2.8705697901889886	-3.2017803991549414	1.6205325376527704	2.1261867961326466	-1.3668369896172954	0.3451154530776579	-1.3497871475228282	-2.0577256375091526	0.0864467244404778	0.005078441801586467	-0.5073309762556218	0.09793578842583796	-1.9351210578722102	-0.6678406319268708	-1.520496972628895	-0.3971216904700115	2.335606238959383	0.7119659405819383	0.7504119999437289	0.3711196339543104	1.0712548464646736	0.21164054982716304	1.2386226694470845	-0.6533517521067954	-1.1896241228635103	-0.4339655320835058	-0.6481735564339655	-1.719088074574635	-1.1646586453913996	-0.2868024447258253	1.2267763990908747	1.4388507036924045	1.56298743729124	-1.6254741997845867	-0.6197945988214354	0.7541717196209012	-1.2838234382914515	0.5485898302135939	-1.471016854065133	1.279139136683278	0.018545207031156558	-0.34393381519069327	-0.4215883034609659	0.6404939739291584	-1.6834272359530342	0.3566775027199404	0.4643287071291329	-1.7552248047131584	0.2694458598675465	-0.15858483970525397	-0.28494769280655774	0.40709708383701104	-0.08340867224753298	-0.4850173173638617	-0.10314202270306504	-2.1718279218020804	-0.25627183407880433	0.7594277280799411	-0.7498721401078567	0.38501102378128815	-0.055814398497646515	0.17091530940435873	0.11830857301432272
DTXSID4026501	-6.841938891403137	-13.42395324218581	13.458866340514053	0.18454330336051253	5.652645696925193	10.743291081857043	-6.314253870951211	-3.7477288172958874	-1.9242883880573207	-1.692599890986162	1.3832873769037906	-7.686256481193254	3.4437375714446268	1.412038253234247	1.7958340440411362	1.5619745947431423	0.8767581964017438	-1.1645917472275702	-0.012206119776474043	-0.3639498935332603	-2.532590375430491	0.0676526408043262	1.248502282874736	-0.10667822841694852	-3.944648325326595	-0.12657764746651987	-0.5433092879825252	0.00659810473850756	0.4640721513238874	0.7561473839997108	-0.04869648875834825	2.015455192529588	-0.5027016494099162	3.7822084591563963	2.808303546733107	0.3954863673044145	-2.5584032247484263	0.34490307341338194	0.2755187437937745	-0.38935848812856055	1.9843326301006667	0.20762347790220353	0.8019082888509543	1.353633449163765	0.6428620289526943	-0.04123403003443334	-0.5099472878098387	-0.8492339626160529	-0.48931623511812866	-0.8780640205940844	0.8198499441569315	1.3678862361526816	-0.825375039670883	-1.2479240118857093	0.8184058375706196	-0.3994013772457622	0.292786817862058	-0.5708493946241322	0.5109058497027357	-0.8581012558662713	-0.4867701092811254	0.36709710548667746	1.2605952362633472	1.0548209202906855	-0.6508544090164586	-1.1805870223735644	-1.5125776135109783	0.7477938967210758	-0.4189720280879647	0.20721273553052674	0.09889576805105822	-0.6252707694232976	0.21760390227064774	1.5178796397770027	1.3410105550461058	0.8223277167161709	0.7928818409016043	1.06451768601225	-0.7648070205999393	-0.5302482749612907	-0.5624580653546101	0.7149580115187371	0.08350462627330085	-0.21564796125929447	1.0846955488776555	-0.1124227551275541	-0.15949673941614567	0.15419834807335622	-0.21731326059155562	0.9872720857249017	-0.8450110329645941	-0.7827728318230351	-0.40234025940408924	-1.200829858539409	-0.13431656506682593	-0.23050643016679812	0.9902926555924885	0.656265857178401	0.11922747109796378	0.5284577095878907
DTXSID4026842	-5.331635703191495	3.7307211925730455	12.540613977652272	8.713348339340609	2.896587833931549	-14.41076144874311	-7.685489061333686	-2.0542182333437355	5.681052381493936	-0.8312158381667274	-3.4464887611997024	0.17542207357895145	-3.09007838306508	-3.0335015549746647	-0.9049209085273044	-2.1078866917060717	2.666027610483897	-2.1044886887383325	-0.1528851963238365	0.8613247776298458	-3.082150838765475	2.2178691293465405	0.8059880406330063	-1.691813478734991	1.083982416820923	-0.8148856812131576	2.8024137370872424	1.1801633089026877	-0.36649023795021957	2.3110626964275265	-0.4312373686552201	2.287305945828786	-1.4537805822982435	-1.4566216715418419	0.07534875460526164	1.8551034273273577	0.4488388602939582	-0.15627442268984357	1.1890047934233283	-1.42406619136929	-0.5468192763739704	-0.4348738480567729	-0.5399115300334891	1.1263984547787418	1.9703471064512816	0.5079264634692133	0.6897843609979581	0.3645885595997436	-0.7815130467827098	-0.7756726425822361	2.228560220552389	0.3359069376705412	-0.36809810349787825	-0.444302634417586	0.514682208171882	-1.1264368269579943	0.07879687879118953	-0.3203401861955528	0.0928757078910171	0.32848095492282914	-1.7973474581997237	0.0649590080993442	0.6252853149700632	1.0337595206648118	-0.7334777292361754	-0.9165724229909292	-0.7900354316937303	-0.6830414442913696	-0.7475581861055218	-0.2692974898525741	-0.5446262306291166	-0.3510672231380898	0.6977208999736065	-0.020421658377123834	-1.0584324639765172	-0.017325798622606046	1.1511540428338012	-0.878692496234803	-1.1117400979001895	-0.2562551376374073	1.0926390248769176	-0.5717454569538563	0.2767609586036212	1.4175521123793657	-0.10219911379859484	0.5614963807547381	-0.8044211486793438	-0.11967639187259065	-0.39303272999895833	-0.3507328519404211	-0.008012811452712886	-0.4456870788367923	0.3262478708942053	1.8928152655953632	-0.3949987223558988	0.45308539085142385	0.17489650546304464	-0.04951877721546643	0.062229634326823664	0.817190802771457
DTXSID4027236	-1.0646174252197902	8.012175802318831	-7.44972643424604	0.20585248673969883	-16.311144014873634	9.121988666067534	-13.381053040426092	2.5548057278714156	-3.1894042094296005	1.06140345292429	-2.986506742137161	-1.5626571833273304	-2.8313735834917413	-0.5102566495040163	-0.9389523283262048	3.3291151215093446	2.982741327951655	-0.07739940795648897	-0.30231156036474366	1.0352610930054174	-0.7076052630194073	0.1747493086509624	0.9875113527908359	0.3777603600241456	1.4457859200430558	-0.2799370024166	0.2560768235695144	0.829317644012091	1.1998618853279965	0.46713832288468604	1.2002686252813515	-0.8850174654926485	0.5124406460140573	-1.1347626627746696	1.4574815065121278	-0.6660140308029707	-0.09381642222396486	0.946047231810111	-1.0554907652722283	0.9290209244670635	-0.6552174723571154	0.7092586189401369	0.39536988134736173	0.8523164394987444	0.8654191845286217	-0.21861075440829242	0.3647616247773063	-0.1666975022465453	-0.2843400395404279	1.0512373701141882	-0.23381239741037538	0.002631106974550665	0.05894660443642503	0.5537091633159701	0.0730994788155379	-0.4002191622269856	0.6963665239847193	0.09668978014926546	-0.3713976261172177	0.14812421992493316	1.0671070338400293	-0.14420643928157315	0.359059023500518	-0.9585519359503093	-0.7780407682712448	-0.18971901225344048	-1.0050538518405552	-0.17433183403196392	-1.0137641905386032	0.4719449475109361	1.0670883477347402	0.22367482596541935	-0.11708073090802866	0.917422556151877	-0.3189483202663415	0.49508797595034976	0.35547528126204164	-0.33774598644918624	-0.3003315367904789	0.07328211765654817	-1.1052292946669995	-0.2364224704353933	-0.6621739232645614	-0.6509183907612934	-0.1355152147030463	0.1906004550164836	-0.32894905078724074	0.11546599977076788	0.4710180090543195	0.2878438554542034	0.09981215575729221	0.79877788081093	0.2163276522840838	0.4577673529650744	-0.1785527930498671	-0.48386644053258987	-0.3153845917966518	-0.031039567883121115	-0.0903168112360756	1.1884968794633781
DTXSID4027076	10.297483290805165	7.48302587214461	15.135474147197272	-5.6483355185486	-7.291530031818223	-11.709909197725032	6.178855917449852	2.207120192109776	0.5482013847856733	-2.296481506491339	-3.0100507865165094	-2.0979579695699755	-0.8127023020331897	-0.4204559696203082	-0.49717097815912664	-0.24525067689621366	0.02226558868720536	0.8423254279726553	-0.49232223020186405	2.0362074853901286	0.4347091261062495	-1.705325425546227	-6.213322827810153	0.9311366798435669	-0.9139941565379811	2.1481818190264113	2.114258465368579	-0.3461983172943268	-0.8803791001715969	0.5782619741994295	0.04321149095634531	-1.3302427910281587	2.3969619477275135	1.331108140173455	-1.0320721821398655	0.4989823111704599	-0.9205988590183494	0.3612271120913465	0.9615487459825596	-0.00534960356103164	0.21913680096126062	2.268377954243174	-0.48533801081641187	-0.673028230877646	0.6502834959572428	1.543448821562903	0.461507043247239	-0.3700434582056657	0.38727982989006576	0.43270266909110444	0.19074056041544032	0.5504550195805296	-0.3467388110550227	0.029543106940120672	-0.3909496354856415	0.5508176265355701	-0.5820140727640051	-0.18775083041016208	-0.5150165790395084	-0.42405588911230396	0.5213422419489477	0.4622584580573337	0.59026575217368	-1.5278383031042422	0.9445695236730363	0.11943383625902965	1.339897291832176	-0.4008369980122489	-0.209233216162197	-1.2298351329708006	-1.0904811863543298	0.9585280268629126	0.5359304727761692	0.29944058434847504	-0.13178513754204305	1.081593826102703	0.9278478102944059	-0.31211157124809735	-0.32423848927827364	-0.2516099215231877	0.7657067750654837	-0.20112276822195843	-0.1658364211280364	0.5032049652101799	-1.874771836525151	0.11564470492252522	-0.1866675367823726	0.10040117073854771	0.7254550774553178	-0.12445164139693135	-0.9819450120411184	-0.3760910737726871	0.5854247555997536	-0.4586496959791066	-1.2056954574687366	0.44049192512087504	0.7364454609076211	-0.38403711314103295	-0.18131219618134464	0.13978470174469007
DTXSID4027153	-11.787676769513713	-8.580403141277598	-6.598874799233867	-13.18638590433386	4.613741052699176	3.1867195826183217	-5.394211326366018	-6.951207687613667	1.8536088412743454	-0.8486742847651141	0.4970451824715156	2.447418156068734	-0.18758635510974603	-0.1347227287630796	-3.024092205321191	-0.8049660145100146	-1.0345925918137147	1.5609430179082766	-0.8174553713728947	1.6207382135814221	-1.8426738271518444	-1.2225037124189881	-2.242612044055004	-0.11393005432384828	-0.039990012992070105	0.0441162003468221	1.3967262903120106	1.6290246269131168	-0.24894555572548116	-0.2483237686723825	-0.8976916247507156	2.8159184208941817	-0.22193046428848967	1.3655244140172456	-1.4613525612117595	-0.6384423209130023	0.17941092063162595	-0.1266506633904018	-0.20332417705238232	1.8766114171070971	0.1967394584281363	-1.8275391589732775	0.8628491651940189	-1.2456099256407596	0.8067641681074147	0.10965867408466701	-1.9641644210692755	-0.316030984444892	0.5043462055330781	-1.6228681612685034	1.342714742700063	-0.5739170438203876	-1.897144821887086	0.31771776182332245	0.041067204841493975	0.08734821627322706	-1.1077284793928828	-0.2602556270410439	1.331776513871728	2.0808725562331203	0.4455254499639393	0.8045144946163094	0.5208461895419515	1.4528949118743535	0.2186026470176888	1.4337338947569163	-1.3166937127886258	0.7588442428131447	0.28997014981679803	-0.9929358945991326	0.005988269912611078	1.82721404618785	-0.24787442014845232	-1.018285276984853	0.5724805389362388	0.6244124026878329	0.23501700380299476	0.07773695697150085	0.22983375672194475	0.2440759567295074	0.0019628598696812116	-0.49935954266251864	-0.474893748014017	-0.39088675936876033	0.6817943305938546	0.8325246157617996	-0.809605592556919	-1.0981949119005376	-0.8948796065382795	-0.37997665465865726	1.3094694390103176	-0.3149053419513808	-0.6130019345989275	-0.48968186472416514	0.08036160424288545	-0.3632767172257835	-0.8253081990887622	-0.4221829703259079	-1.064304206373401	-0.7375560767655717
DTXSID4027494	-10.228588958392086	-11.91223167750095	-9.253285164590004	-1.3923603240765299	-0.8008689383872134	3.90205889512904	2.757423696567567	10.056881657824125	2.614342833347134	5.6871822754996675	1.3059013412124931	-3.3148385495276647	-6.717269506131087	-5.270877928825959	1.4153252376419254	-4.080974067307798	-2.289424863196327	1.0996544958571808	-0.1229551063632395	-2.041357386151369	1.4412119158596612	-0.6437859017770009	-1.000674473828398	0.008407732505348823	-1.5964104933104881	-0.845889140127764	2.1363383661134043	-1.2879661642976632	0.5518701063480285	0.6086552033740003	0.4120977443853268	-0.4418315954699341	1.250830978589153	0.10555421820733445	-1.5951931811284479	0.12657859876830183	1.492299525920705	-1.2620333335065572	0.7619882035235142	-1.1640307616090293	-0.6245201782060646	-0.6176106329882644	-2.0770869512076793	0.7574655169497523	-1.367584436531767	-0.5614569014750218	0.5205130866278652	-0.9422370485149005	-0.8891432470203824	-0.6135062286963575	0.0646721861983172	0.6460544158810514	0.4760988967888879	-0.48639229481606133	0.5113201623623239	-1.335903896244254	-1.0596002627566474	1.1927580169028476	-0.4461179859882558	-0.7958502359007799	-0.5734374949029504	-0.4409757223322844	-0.95124837672266	-0.034941016741289896	-0.5602895087583204	0.060681073626136305	-1.0549880741859514	0.08702268751712715	-0.022014365668080814	1.629939612843798	0.686570332834515	-0.49930068147548035	0.04688414151395949	-0.07335227159855762	0.5003467039674347	0.4027601705441744	0.11068155732942163	-0.1506505251331547	0.3068023769522898	0.4819936016912911	0.6392985234959017	-0.6633218762348705	0.5586004370498694	-0.4979723568033862	-0.8521941273528577	0.9987593404957958	0.034329105590858895	1.26938410437905	0.2327242924069207	-0.772626941702555	0.275110627504399	-0.6888379419708972	0.4764778681446451	0.1823371973836794	-0.14944821473386882	0.07714784597531733	-0.7537760503987484	0.0979261235191975	-0.28043863424849846	-0.2903717240688785
DTXSID4027527	6.493413652600861	-3.8720838142850296	5.302360726060249	-21.597388367593943	5.43907190372555	2.17893102433106	-6.540181515753577	-8.92701658737716	1.2924225024326685	-0.3511534037393009	-2.9402478400754415	3.045922351094333	-0.8459258908105107	-3.2984264614391146	-0.42221925644560826	0.3876469336120802	0.49616611406107725	-0.3376270653660349	2.1457495356094425	1.7072337769929948	1.1232936774393303	0.9732342018831603	0.7834638010290933	1.4723252122272907	-0.5632743620604088	-2.688385493296004	1.0646117116710592	0.06567207728409213	0.8892467157571012	-1.7955982428881099	-0.6262463388670496	-0.11586354025716057	2.3388553832144656	0.8953303433806469	0.6795714994469123	1.9508352502859134	-2.2316420507881354	0.9415683891683095	-0.2076131548079897	3.9310520671328435	-1.8076077004735032	-0.9418094229830977	1.542500849057618	-1.4347319686270334	0.05549411195815007	-1.1501780639566688	0.7447650462475658	-0.009362855372321883	1.6344669853729838	-0.6077767434409289	-0.7654008249490086	0.08458233841711639	-1.0943036694299777	-0.7002503321625871	-0.3599405565368203	-1.0428027838249014	1.825554394721256	-0.5549942792569693	2.2327517760398337	0.6637250677316854	0.9487943743883602	-0.18554674389656667	0.38793542077275284	0.8290434517958202	-0.900497589455842	0.07317904615385157	-2.0708198357847007	0.6672817536493415	0.9891256642505705	-1.8474716013833603	-0.3052944482525319	-0.7392487761024752	-0.4822774380613982	-0.42658064770659737	-0.31574537070949044	0.38254049789775796	0.8627638574917217	-0.29188227021827	1.0246729484232473	-0.4875245614431202	0.13706979458103363	0.6830327776688456	-0.9005625987586038	-0.3456122040468711	-0.2388353004642436	-0.5210781700018354	-1.705928970017917	0.038022588258893715	0.9196744780570068	-0.8450326017175317	1.302790967261185	1.0943738768216527	-0.17709570442098607	1.1775393090055057	0.3201283820897705	-0.8483860133817726	-1.945299284737506	0.5746096361513663	-0.5664385104432151	-0.5989899239320668
DTXSID4027367	-6.511133895565191	-9.402716230180683	18.960691236808984	-2.934351491701484	-4.49726920043355	-6.8133641298400285	-7.352336509133401	3.688771029282344	7.930008940087508	-0.9583408919132695	-5.748808324896506	-1.1156741060503566	2.18554578527941	1.6933932810141714	1.2155013848973493	0.20997615562690697	-0.7282366629413078	-0.6691343370311618	-2.8929685058323207	-1.076834010280041	1.7109568729486733	1.087396989841742	4.688803305171804	0.8805112309169153	-0.7066041435060015	1.483104750542324	-1.8667924103672684	-1.0210559132852293	0.6648097857906257	0.4403888726146206	-0.9638992465577567	1.2384155269702635	-0.5424003382895994	1.0580607119383227	-1.4111377492968935	0.04381443189612418	0.7798115535393527	1.2953752649613555	0.016419600824759916	-0.08212990255833838	0.7510583933988633	-0.12128017747984757	1.4804494899841742	-0.6765195721109087	-0.8610940779026355	-0.11640352530264413	-1.2534444131309557	-0.3271708507327005	0.43729155924155755	0.41218499074076403	0.5429574092761924	-0.3295612390230257	-0.535704684794875	0.45568880766133313	-1.023364696751385	-0.9627816040713832	-0.35658213974453196	0.8074921170868301	0.12897497374406738	-0.21248334126838936	-0.08792752418203077	-1.0444076628388277	0.452927857486148	-0.16067500492517048	-0.6289142028198103	0.17303703144258947	-0.33315275575140785	0.5424029232801948	0.58556542783957	0.5842133321397472	-0.2475719672391715	-0.477591660064479	-0.10028432009213949	0.11924112078311601	-0.22128863041122918	-0.8668970276985318	-0.3267943932377191	-0.14327429184499132	1.247162181103477	0.7678210008995519	-0.9746081557127729	-0.06166409679336468	-0.05550747060574936	0.25579779559696897	0.1228137070072921	0.5804686908320207	-0.8744775660840078	0.26619086941526277	0.5635148743183281	0.9968251187213871	1.2572873307780552	0.22203589627417072	-0.5692559068251823	-0.32684594836364317	0.8363947996961666	-0.12769831177306434	0.05108493317034685	-0.906635433480258	-0.2723573150396719	0.35376791907574073
DTXSID4027525	-8.855757972722127	8.149336342205038	-0.18887099484183445	11.562899098755633	-5.0174410758034735	-1.835952904138798	-8.524824729336494	1.97364816072446	0.3893282390458543	0.9002899954016541	-0.5401608510534555	2.556812777245315	-0.187473352471482	-2.3410964986063503	-2.858009996873153	-2.4577015257263133	-0.20048493694787428	-2.8032814300655913	-0.788867132287668	-0.952694414618231	0.27926226777068347	-1.8080012539799735	0.18654887724744362	-0.6332306157383251	3.3735981557229304	-0.43537813910283607	0.11657044087477557	-0.8887633515295801	-1.7444591623449957	-1.109877109149665	0.12958308107911737	-1.1958766901433249	1.1160450390271996	0.8768672837593224	4.296034171147924	-0.42573632657085636	1.1645650830071963	0.7695294776180095	0.2619952477980166	-2.1263845903206375	0.5075371512364728	-1.0987237792434057	1.5010173191687686	-1.6879966161174933	0.26834522483160606	-3.3891273071818104	-0.6094283461332359	0.6796210469389716	-0.6635994219917396	-1.2541132512794895	1.8183069753192624	-2.062406284896004	-0.9122221869264684	1.2638106418604202	-1.1473381636600095	1.4462767001839598	0.9134955196186664	1.825869245402071	0.06597816752540002	-1.5426400124644148	-0.5598269337289432	0.001480920336855052	0.9501482691630303	1.1348508232847179	-1.1589122801355078	-0.6720440979187434	-1.4114369203789237	0.35604984027455633	-0.24860976987862704	1.1827049427462366	-0.7975082802740503	1.930200245018138	-0.4143942076736923	-1.7736677228379092	-0.11440187692810799	-0.12453224819897127	1.7192814327144708	0.6302645861001955	-0.26586599829951235	-0.5190024021781957	0.6939526170404611	-0.06249339967531051	0.7809570121173147	-0.41426264753106	-0.23024331971670864	-0.6390263265714501	0.3984108973794464	1.4420852819323347	0.34452981127909454	-1.0916763873731945	1.130973674881341	0.3776554593187621	-1.5499132627084808	-1.8268396683253136	0.5889093527858008	0.1369893180633096	-0.5102137444320035	0.8761921428996616	0.26497456184200546	-1.2933747168118022
DTXSID4027608	-0.6185465255333438	1.3769198567869956	-5.7977485123785	-7.611291276459168	11.494412200962246	0.9203076539496988	8.033109666912033	12.571403558889115	0.04230006594323406	5.591747094143718	-0.4400379737480462	-4.883397271767438	7.0239633937493355	0.5320417195220579	1.7549387941650116	0.6248335468907795	3.081436595930518	2.3635316239050366	-2.3809677857738776	5.362112012999184	-3.168805450411799	1.709535355366745	-0.14055979702867166	1.1002127516070974	4.019866957379792	0.08300919502315832	0.5382627637820067	-1.1810309324156834	1.9996368937164417	-1.3792718273021858	-2.030777331292516	-1.8563712507629513	-0.9870493675389185	-2.7795046845179354	0.28847895954597336	0.33442628074346925	0.04676335333975451	0.5687560035910244	0.6048241308998539	-0.31359355211304296	0.9169561558665817	0.793277124742607	-2.9864849938383973	-0.4077455551706548	-0.5653582192548537	-0.3077749001300382	-0.603888041440087	0.05658330275832575	1.0691166541507813	-0.6885698687996955	1.421707790523215	0.6946207106872594	-1.1616768053563613	-0.13701653473956302	0.38530133225561114	0.15452859096080596	0.03684787019021816	-0.6767611883052093	0.9844831153186068	0.356310176080918	-0.15083078679884293	-0.4399700917303072	-0.24023366086474965	-0.057125118257606994	-0.47489049520068327	0.6521751792967626	0.21051512887674179	-0.9270452508339616	-0.6347595729060717	-0.8556066156823391	-0.7644319756640868	0.3905811581125858	1.1173548975648626	0.4788493637657184	-1.5875066719405386	0.10630801007155617	0.23956949173896044	0.3369711371391023	0.0966228124997891	0.4911805584742188	-0.26874230507491514	-0.6971234431279507	0.2628493540851888	-0.29395859774088634	-0.565840176495091	-1.1347886429201268	-0.5291891665976171	-0.17799801536773896	0.015634914230288247	0.8726327451484276	-1.0871568267801999	-0.214077706858508	0.08734148422379875	0.7353853126594811	-0.5868453160245286	-0.1371632551460329	-0.2710799916998717	0.08053466695467781	0.16682010662954289	0.35496542427073074
DTXSID4027650	-12.600419658336651	1.4231956636443293	7.270314178180973	2.457074419517683	-0.050389635621441865	-1.7265267780132487	-2.5948030462314984	4.18074723946024	-2.8482448858124068	8.219810737092953	5.333892620808567	2.5033668360111343	5.111023792262018	-1.606921759969159	-4.431689464815287	-0.023204120056180923	1.4302747616413098	1.1054738840455283	4.699690606415468	-0.9783736983884631	2.141836448773901	-3.828275217442895	2.323787315986269	-1.8406740791618894	-0.13072102315992826	1.1650725766165189	1.7178908020374848	-3.7206989040565857	-0.9828133845340397	-0.750298948925944	-0.7319932018684603	2.465716865011543	0.7718568585226261	0.1105278011373184	-0.0934333667750548	-0.351124301018245	2.6106154446772214	0.20518692649646117	0.01913540830660283	-1.808879145463088	-0.6064051933589238	-1.3713036357258008	1.9376649019765455	0.8747177825615216	1.5793602213217612	-1.3885418298814876	0.02182689377149595	0.2280637515347291	-1.150136021643958	-1.404651626445519	-0.771486735345649	-3.1671995033049063	-0.47737777436641504	-0.03971547432410726	-1.4610611220951646	-0.3330851733096075	0.8538840723259544	-1.1959038395564527	-0.49294472530118233	0.568016482715827	-0.5386614716738463	-0.10490161913382783	-1.0022938454754258	-0.8674377093146005	0.1354903393931772	-0.1459120888933388	0.7269956286859351	-0.7695528069342092	-0.1357702540083134	0.042481545880121915	0.2455513984571493	0.9914221653100422	-0.3107304097651311	-1.3483722738732158	-0.8942823756263267	-0.6814953863286914	-0.7326563555243684	0.3227754526790964	-0.06636308763229287	0.9633132657440647	-0.14783856360687786	-0.2562622539534298	-0.49512071128051466	0.94373232662811	0.29230393915621816	0.22281777859491586	-0.4340056950868574	-0.03988603950203829	2.0199408483429635	-0.05446595934112599	-0.6228186095150285	-0.4203160592958581	0.19684891344176036	0.06307468377485728	-0.21728302722208734	0.7491473941421024	0.3202478740001019	0.4705994869622372	1.6486267130550458	-0.3150819638718139
DTXSID4027656	-5.67250371824613	6.740502420404628	7.790057017896373	1.8456181733164583	7.360277324847907	-10.91807283670332	-3.8029740887649237	4.850411059091952	-3.951817318934035	1.8431195308746446	1.6978783130344113	1.3767963412158026	-0.6020841279793289	1.9845323616772301	0.30257726477349445	-1.6216177267694232	-4.375831374204477	-2.192149427210538	0.7938732623228736	-1.308197527351897	-3.1591082694933394	2.756111859902334	-2.0691676861617734	-0.7080125967621628	2.4408582519775206	-0.8288076056736988	-0.6707554043789831	0.8105868083669169	0.6280117355785187	-1.0302984516023546	3.420952391230202	-1.111213408773685	0.5970464724275009	-0.9690587298908352	0.3788952916163472	-0.8922103460710135	-0.20497015582329603	2.109111697956868	0.22324211718156864	0.36078730563206307	0.2877919082321014	-0.5785991857286997	-2.537839712801686	1.272163009583744	-0.19806005821774783	-0.4029232437497348	2.6502099846956506	0.6497819344567637	-0.2888259278816168	0.31914590199978016	-2.3416651452171	-1.7207729584569376	-1.107598690194571	-1.8749599415746052	-0.08698012703161268	1.452556884013412	0.12967794968948881	0.10493232031318869	0.1121632182450685	0.9187026383821831	1.418447629350311	-0.8045632337261213	0.14866753741959288	0.5437380564404948	2.284096547977734	0.21654619849437334	1.6606899574737655	0.1869137354813917	0.9458443502356199	-1.357664444683416	0.8738681902252408	-1.302100326346731	0.614843272395557	1.0974278611846604	0.48146451933084256	-1.030118101852833	-0.5819190767355096	0.010766670514544564	-0.7841613140571569	0.5095616005652188	0.3849924831336052	-0.2225570005700477	-0.6049104615022257	-0.22277944827289217	0.4326944645590642	1.3375940095334993	-0.12350355072028525	0.04097757275422447	1.3322415986028922	-0.5854323227724642	0.9994966948536285	0.14036615623534013	-0.6119483937022876	0.18111081794707787	0.9873111788320639	-1.213511163715071	0.621918004382559	0.19338763949193494	-0.369558647401921	-0.037357123989913026
DTXSID4027991	-4.261265758052181	-6.9089393447037715	18.841317887414913	-4.534707173325624	-6.855764377892575	-9.827540352857074	-4.797582462936557	4.224928833360756	7.525785193884822	-2.371832991624724	-9.116892880165715	-1.3063988727202709	2.34164832568902	2.312875695467321	-0.22610354581144262	-0.8246389562042729	0.10479077295286647	-0.6030396673503156	-2.059599073485382	-1.59351867511266	0.5650593417543672	1.9350764779225216	3.120423784490674	1.2208712688379935	0.3699094409211582	1.559405263808996	-2.570395795636393	-0.4862477394235907	-0.23421446326560405	-0.5246705886240617	-0.3715262890582408	-0.21744125309863277	-0.6711426397057463	-0.36004214925288297	-1.6653200191897768	0.09420295654498687	-0.5623750533990489	0.3069231324416053	1.187908878610239	-0.7417206951273515	-0.2835041847479846	-0.15321069086520755	-0.11674007108488982	-0.7778027642383749	-0.3851402377540486	0.8075649952363699	-0.38881843254430853	0.5032556084277571	-0.27006551013652036	-0.8687050399770013	-1.1030405131122667	0.3458354638333017	0.2699683552797552	-1.016037526695734	-0.05861140366425705	-1.3550972244479524	0.19736386924813087	0.30388226780426286	-0.2540856817290741	0.847564169474919	-0.3276351676758606	-0.4697401577575346	-0.2590114281590145	0.24416108915749307	-0.06474543345696716	1.427662285348426	0.47017298414857606	1.1170859836326874	1.2640231805072948	-0.5973300632338223	-0.10146658414625584	2.1555979673296775	-0.6086234142151487	0.014764292042492777	-0.2550801976896484	0.7280844469420471	-0.15331717485662733	0.7829404743775064	-0.42780249815367766	0.7621080938054033	-0.8914784428774609	-0.6897866522471614	0.724667347055036	0.08569188960754487	0.3025993570347936	0.019276838242124596	-0.3348219446143765	-0.8451999603711594	0.48054017657350157	-0.9911634410500336	0.5238700720687061	0.45879500438224996	-0.5970270735842298	0.5031419762647928	0.8057993494229261	0.11579327173001454	-0.34807594456254326	0.9246753830416496	-0.3917558582073532	-0.23697286952080962
DTXSID4029145	-9.83507811109934	12.105941897891679	-1.5397621442685034	11.54072152643423	4.968005357584458	-7.330178666625667	0.3315691933729308	-3.5666905125522383	1.4666080367507262	-4.158806075951699	2.7239682027765393	-0.4638418476745448	-3.7195617703324544	-4.97350529123015	-2.626918325632987	-2.506808381641212	3.697690613634629	-1.6870178360356405	5.319222891929698	1.3216990421564083	-3.7015070347888765	0.9655601426393791	2.9610160799904466	0.07770659922599205	0.5144638502529573	2.222251637807477	1.6381120275498378	0.4298821761013138	0.47909876541567664	-0.039831142821104906	-0.11437154498868911	1.2390655770651027	-0.49661693234468895	0.9051216782262048	1.0096495753234702	0.1778635637857861	0.015639275026908015	0.5473139698603421	0.2922237928255735	1.3814021031351105	0.4760874174360919	-0.7336728308114425	-0.6045974252776505	0.4711887187861736	-0.9398929698875934	-0.10294522723205822	0.5286486358567277	-0.03370757987620602	-0.1903989886347634	-0.1843729636794686	0.33766075590061534	-0.40170183498744455	0.2323553221368514	-1.294118229234015	-1.5107184031355048	0.842681080483739	-1.7184335609687393	0.9167989999489299	-0.42793455104270883	-1.707771887124545	-0.7673677805719158	-0.3512821517668845	-0.477767385130023	-0.40146183480758885	-0.20054830022430878	-0.5830668201597362	0.09880113084039384	0.9085184802852352	-0.48307473674437845	1.4472273466841472	1.5090980989528546	-1.1851317553315603	0.6101081184272064	0.47261830454413095	-1.231121900900995	0.5008564164531022	0.2221558850919655	-1.0190793431233889	-0.005801436912040886	0.6478693859865788	0.2578093344482689	-0.6971393843048472	0.49809866209041037	0.217584764936464	-0.9975318185736249	-0.2079122786790381	-0.23631932450633536	-1.0173836241122216	1.055132329175212	-0.29141423145518586	-0.43986448205143003	-0.09558205528093146	-0.34625662196486556	0.2366723350681017	0.12666549843030583	-0.3381171880825291	-0.5240958574035834	-0.41034435914571016	-1.3114831033912497	-0.10832350487580723
DTXSID4027997	-6.525188639312692	11.27894030726922	-0.7782988213336912	-2.111701185357095	13.292629692657911	-2.586503566872423	-5.59354943219898	-0.600747102507551	1.7219872740512725	4.789248325341978	-0.06072658568576018	5.893859152045678	2.126253676030975	-0.23867559313383824	-1.119529094276094	-0.04354048649537067	-1.93527379217219	-1.06118176420736	1.3218385611753003	-0.8862184096221695	-3.1106749980327164	-0.6415526505575725	-1.748800209078075	1.7367974831864308	2.133323675433419	1.8895053758888545	-0.6777972416014502	0.4919874045966794	0.1499142251466599	1.6693801859454347	2.390111537031799	-0.7890536841487407	-1.0579686305946667	0.6651880402861258	-0.17083194555978645	-0.16452681742787204	1.1940398356271569	1.1970942540420235	2.46092733964854	-0.6876750506255022	2.4418068588040365	1.3406313172324043	0.7892177613587573	-0.22390491700398818	-0.9362755823745963	-1.6872940254749649	0.7832099205584332	0.1092841805465957	-1.9993288561831455	0.44904947553908686	-0.758875755390849	-0.8744920034599759	0.6817384724714086	-1.0987809248031442	0.4056906613204673	-0.3349372295369837	-1.1095401651935175	-0.97365907339127	-2.0066038175057246	1.4343623522667657	-0.46001998495686336	-0.27045822595069674	0.41541531714801677	-1.334027907475976	-0.7290507807125353	0.22596516920014847	-1.3280936661974747	-0.9463549160908131	0.5455312173423855	0.02745681050577496	0.6098044896665167	-0.6900390765244764	0.4438472077625828	0.12208219353534369	0.32575396547394897	-0.4204247255705018	1.2152238458898443	1.040769130157937	-0.5537340300713117	0.034740639496602534	-1.0618783634221232	-0.3509666590606347	0.2434739652872904	0.44608398511534764	-0.549794414158135	-0.5653268296761637	0.04496026250911571	-0.005881864021340887	-1.1626573122486126	0.019887216646398007	-0.8026400022440557	0.39702990115900005	-0.8463503956889679	0.9465469457997848	0.28407140537665987	-1.0977416097887556	-0.35257145949420665	0.037689100364846746	-0.48934035446564156	0.45242870527242157
DTXSID4029353	5.964043757561661	-9.363371547839462	15.464081320724354	8.483130914207656	7.414992043160847	15.354018438213437	-3.4098015349938597	-0.41650801496841816	-5.173535123187705	0.49715332542223434	1.5709988381735778	-1.7723170412205311	1.4539870634845875	-1.3519459134027545	-0.3925426653995637	0.48570250693879424	1.2120477506611846	1.9696652890822004	0.10550548521155143	-2.633504876675192	-1.0890163850599333	2.416241798475925	0.999075391903665	-0.7654520743191252	-0.6074631105177366	0.9424033892307914	-0.3544720647568668	-2.164088905106163	1.420847642643683	-0.8767674099082672	-0.1743035056787244	-0.4195780785203032	-0.050759380275857684	1.2555839070372634	-0.9112647115186546	1.0529872871148822	0.3641965635477183	-0.6579532707829424	-0.21401228066423306	0.225738855308103	0.04230432516876233	0.085686366591333	0.38502130715337407	0.9157585865202338	0.38171934887063974	-0.45512590966012795	0.6973349848450806	1.0416546247365048	-1.3860704607700436	-0.031554542874550326	-0.6810235883199285	0.35850532698150833	0.2707282532094377	-0.2338603151073014	-0.4925162852191823	0.8558843409736471	-0.33543140815867223	-0.5183377883766754	0.37088072523281385	-0.7999440706652411	0.22484030207492356	-0.00910023494727412	0.7906418584445088	-0.007264930190223005	0.891342777107282	-1.5028811927854304	-0.582318761943396	-0.1279480772261752	-0.6156984153114848	0.9532384915525703	-0.6176537942098247	0.6764673592103192	-1.1863923162198928	-0.10628284348651595	-0.10200648321094913	-0.2113794572159695	0.19076126483742772	-0.6654540273373639	0.33536753072612163	0.4463339168391237	-0.052587198650248065	0.8000569584780561	1.438998038553003	-0.3077606579475457	0.5059977084294385	-0.024683253801841488	0.22245063844830695	-0.7238854640152254	-0.9457610695707479	0.07867957890931962	-1.230695904598642	-1.1083642847365995	0.4191556175784231	0.539657657093132	-0.3468530689192281	-0.05762821976567061	0.8719441092130541	0.8005446169594339	-1.7063199797749085	0.32250535723563295
DTXSID4029692	-13.306086584468503	10.149913338043428	-4.882080863390426	-0.055370764293830046	-13.332798153604347	7.862320901870127	-5.742752937693518	0.6493505633316193	-1.834347865843673	-1.272437463849113	2.1345006328593534	2.239773512524308	1.4525760874430338	-2.333549642308707	-2.021566804442757	0.008855322586560986	3.17049234342325	0.8622217952480554	-1.2299695328219316	-0.8684689617696882	0.7013103275175006	-1.9636809760811957	1.4646507807326365	-1.3962732852053015	1.9417768845054884	1.5718279746069541	-0.0204712011705347	-0.2803862592016484	1.0204379164321395	-1.0947220637202817	1.8126355008655612	-1.6706038867652542	0.5453632218487395	-2.225816227812122	0.468310181299366	-0.6741059639343973	-0.2748816619292213	1.3440743543111033	2.3414403523982203	0.6603246110445226	-1.0866974646205998	-0.4255834753687172	0.9421594758853871	-0.29731363734008864	0.5607499648215785	0.579259014910558	0.35839514550866897	-0.3841113796539534	-0.303399884732184	0.6972385560020304	-0.0015653652795217068	0.6346172438366192	0.3419010775993162	-0.36677219828448193	-0.5748533530993247	0.3226339909123875	-1.510282961517357	0.8027623846978872	0.23364388947689077	0.2274253798317897	-0.3868744034790538	-0.022678902315391953	-0.049018394127094786	1.2881814435880583	0.32919486873527337	-0.7735146044687704	0.3401800246305001	1.1372710370321157	0.5640560724055307	-0.2087960146320421	0.6451889484090984	-0.2751762264090484	0.0865614034141975	1.0834224720432688	0.6318313495900372	0.9828902870120815	0.15372865292486637	-0.23740764185708726	0.040319158932955505	-0.22646100959735596	1.5668516909455283	-0.0026975812962201935	0.16272056091123985	0.22601912588854037	-0.07246762707138246	-0.14698526409408735	-0.282165339314367	-0.720129315969008	0.7930737106041692	-0.5260276065724688	-0.22131753476978364	0.6841592156253213	0.4671570563363724	0.44685378735647147	0.11228827894023846	0.9174573897898888	0.1644286578957569	0.5057077276116275	0.3021867478195082	0.21382404343653003
DTXSID4029698	0.4613092723448919	18.502620629039015	-1.9168065112278798	-1.6548904080515432	-11.444949157408779	1.4659800188137657	-2.180464387562979	-0.7486764325408974	-3.9836487895970016	-2.72433468454898	3.1340701304216765	-2.4794275931848855	4.606976001970059	0.2739178139079069	-1.1578804180586912	-4.237760941298258	-1.5050593031673258	-3.0369122193404294	0.3818077483337416	-1.5034165227122882	-0.02965951249418904	0.2775170778823665	-1.5668801531308885	-1.3915338700257875	-0.23016926001911184	1.8501903725906343	0.5052285667501041	-2.1742988282088977	0.5019601967602496	0.16980029363097168	-0.1183684533786805	-1.2281075073731893	-0.9899729821818326	-0.5271609306583122	-0.5047614939302073	1.0318456552982125	0.415073662827712	-1.1693809462791216	-0.2366940904796716	2.1658399714930265	-0.362600792176162	0.1732630792251422	1.3372697590148928	-0.2841501249197862	-1.5014285972669306	0.4759298830946456	-0.8853928572403506	-0.9485764619088436	-2.103225838826028	-0.5993954347867012	-3.4288422714866247	0.2339241414050257	-0.4690904398213437	0.28354828796588083	-0.8622834929139023	-0.15442366727393564	-0.7679067821051887	-0.04026734211388208	0.887227535399781	-0.6686595759634045	-0.31526829207105583	-0.4223840354421921	0.9850414075706992	-0.8287328849965606	-1.1582909413691078	0.5834156338953767	-0.32409015190797263	1.135642088060982	0.9780845953074404	-0.1676484657498947	-1.0861968424316664	1.5933760750518726	-0.302323232048168	0.6251853287124793	1.6129091297148543	0.4800313385559468	0.4180959219965049	0.32171996541320963	-0.5041382651688431	1.2177616622508376	0.24277115274269978	0.08461196629526066	-0.2230779063830304	0.9436088995854401	-0.77772857003486	-0.10647190100553099	-0.33818706653512465	-1.4500026425804575	0.9514393881229377	0.5561583325126144	-1.6543809103179028	-0.5317394283974314	-0.18725050068393845	0.03643922760823723	0.7840849180024018	-0.6063591332459916	-0.3367395581818907	-1.4735678584814051	-0.09206370970980066	0.7074023844835988
DTXSID4032459	0.7135834147918457	3.464061463952235	5.890726116782123	-18.104222266281326	8.236734500816564	-8.451521503363836	-4.207256948424182	0.9306180569171897	-9.707554879436016	-5.225431327782428	0.48960813278966975	-1.5166609934941064	-2.920225866716051	1.036445509039051	3.6082304295965897	-0.23857056742860322	-0.9913524708242879	1.7288647789043803	-0.3384840866023467	-1.90997854955397	2.078325638465532	-0.05307668126721726	1.3288795512600702	-0.5922644780297097	1.9960354794860151	-1.4451262630531045	-0.49770409209521665	0.9113331905509406	1.0711623027392836	-1.5714663003581393	0.594612837036956	0.9910984837271497	0.23331921919084586	-1.1635567166633185	0.2748163212819423	-1.884824544088883	0.7224529969568173	0.2941217141629022	0.18297282351586075	-0.6045249163706125	-0.5556922392743779	1.4326603607119501	-0.13591540083771383	-1.084026698742504	-0.8060993286208981	-0.41780189082181834	1.5895353270366062	0.7078793773745584	0.8411141172601405	0.3899833787467054	-0.21699443814313238	-0.5557931852592874	0.12153800955362103	-1.0042577850045677	-0.3853463466701526	0.6020475409156966	0.6067607290927924	-1.066694303608608	-0.16902907907526868	-0.7551115397964302	-0.08930769386956926	-2.028995892360422	-0.3412698952814348	0.992924065142041	-1.0378319080654612	-0.5425503692881349	-0.37216877335081233	1.520696021635921	0.03869121627984168	1.5982730884077363	-0.5277011066681312	0.42945758327813566	0.8749850239897535	0.9289028898728043	0.05885820864131421	-0.21835304354262522	-0.2477191959492312	-0.7248057943195647	0.9353225454234646	-0.5687908662739526	-0.8810450275013018	0.3313027690965288	0.5063031033781353	-1.7643128250974651	1.289385054802635	0.40148586728565044	0.8654145556548974	-2.0564230427066263	-0.5164591307904967	-0.194595360646977	-0.26485624676509467	0.7366969092666725	0.24469131293945695	-0.486745158952378	-0.12411919232937786	0.911211741860357	0.8178604626273391	-0.28666023282841413	0.9781214924000308	0.26532481078123943
DTXSID4032405	3.118990052776585	0.0291536317345478	-12.023427383803659	4.14030308930159	7.496248577605177	-7.4799530600766895	4.767582326189101	4.6285250691591	-1.0418558258872541	6.204109641203711	0.7006068650334955	1.0183287665938483	0.21558080474794802	1.6033183316563024	-4.112469274459677	-0.5589886538374607	0.5569619852607387	-1.5826160827474522	-2.768931013814704	0.3443445044255082	-0.5577650580982293	-1.3045360320724952	0.911350575063035	0.24513566718692398	-0.22001213562917493	0.5091423204931824	0.23470856242634786	0.9060742790854516	1.6338505786448707	0.08097508769691811	1.2050772530999934	-1.4411541747251144	-1.402169038959153	3.0007172086048017	-0.3977649366281864	2.0016181073210975	0.17809253014651288	1.1888099535506709	0.7386554345102523	0.15081822911300918	-0.9724511960293464	0.36975641782290625	0.3443457686270028	0.8819494495751792	0.6399744467636069	0.23803333836214968	-0.14893787465643973	-0.3812866437558099	0.8746082421391459	1.322266439072398	0.9506604205231626	0.31563850419315775	-1.0253551024087453	1.3390233046485114	0.21630550491427233	-0.5300844968508426	0.34188964355063844	0.025889150666507085	-0.39651022708808675	-1.2157803090013581	-0.4876605676409108	0.3821685998414504	-0.6267757107208941	-0.13237749282029762	-0.5020704842376382	-1.5005089103144063	-0.9491067321168913	1.097719258923882	-0.25072086442893077	-1.0533159179314906	-0.36595421075069096	0.8251919763856987	0.8732032085018524	-0.24733024088131741	0.027975284465657915	0.17537096885134243	-0.04765705081776063	-0.26427074764997627	0.7680985099595524	1.110156504573792	-0.2588946992995215	0.3846310264966803	0.8779389229575097	0.4370731231441974	-0.23791137391639003	1.0910462183487772	-0.0557427302352683	0.702970616508718	0.36666469616448344	0.7395834968209928	0.33300891565957125	-0.08257751716355279	0.35509768131707065	0.14048183649740367	-0.03185465085522211	1.1354310888971817	0.37927725419931413	0.579903267720161	-0.036759907119048384	0.289572435300833
DTXSID4032580	15.81503976077559	3.4067789709539387	-3.570886978772199	4.742569224753509	1.3536841922480116	-6.407902565514439	-0.2432583150752843	-5.914186079732926	6.170292245314159	5.702942439783938	5.893666612596309	2.140752584615772	-0.48078088785685547	0.22751361694922934	-0.9277157920632924	0.31272765578217343	-0.7286240839048086	-0.59046704442139	-1.20188061323904	-3.7653607362100434	-2.24629650913701	-2.5620198108287036	1.2925344679744215	1.2421141858767588	-0.04303481349482995	-1.1044946514739702	1.0813191624636642	-2.198739355596827	-1.5410016761700558	-0.38138199530994277	-1.0919996030996746	1.9908060386215185	-0.41566098537467583	-1.9055353724497246	0.35526882697748163	0.061825426470780175	-0.9472880618577222	0.46606383763507353	4.435983804884608	0.243731168007055	0.05415081272304913	0.6077963190519776	-1.382977643496572	0.1930768739957078	-0.3569389546759537	0.08914436075371612	0.8811409867833362	-0.2896099809458834	2.2817492802034716	-0.9173322605696602	-0.31007327357947834	2.161113408639537	-1.625845351506375	0.8305852541884594	0.008567888399810765	-2.0066124337590177	0.10511281682661527	-0.9162070430850255	0.6392549375127674	1.7323011422008319	1.5840750891800695	1.026377260680043	-0.18968628359886852	0.37404935729073774	-2.2561561527157807	0.00876623603578347	0.4845622546982469	0.7050045127149518	0.3188608056526503	0.669415377979452	0.46915606655356373	0.9862353872059377	0.8582319938564745	-0.49182628432978825	0.3879321587618708	-0.09879864933612162	-0.5815764322984763	-0.10625225512737188	-1.553932989910725	-0.7264539953368808	-1.291851037028461	-0.8055505728634977	0.06835549893614093	-0.5918620957055385	-0.4546918801114738	0.12037472083673263	0.023491261355551428	-0.43439377719527517	-0.29372967813172013	0.10648554142620628	-0.09854344085203222	-0.25003555629832347	-0.222947521975977	-0.5088508155638849	0.5421517326659496	-0.03423679341578966	-1.211600719437682	0.7926510657352487	-0.39040292901569934	-0.017235011407296837
DTXSID4032611	2.2788751313989515	5.999834407552685	9.630917723510834	-13.955061131539464	7.825660561246721	-11.333153336302452	-6.769332428578503	-0.6918551220071406	-7.93710093476176	-3.4831008854140926	1.2896471821565627	-2.023239809290188	-3.2834287381189475	-0.7019767052215594	2.8261371258363366	-1.7106279922995409	-2.6926836792103055	1.624704259742289	0.365676700555606	-2.6674051535002143	2.4596423753416707	0.19369466317890033	-0.615015797500392	-0.7477247577008256	1.0123181303785898	-1.8835146155458233	-1.028794594683948	1.0600984606548187	1.1644393023877269	-1.5985775312660655	1.1859122423278576	0.2785605108376918	0.2379378522500838	-0.04268825842268043	0.8180871826535963	-0.2770429992737457	-0.5540218716282197	-0.3444183924511763	-0.3853473898921714	-0.6956062408655489	0.2830636154316503	1.3161614269650548	-0.6463119761260367	2.1219343359375458	0.39337684080052016	-1.439477276044116	0.7232218187575371	-0.899560999789572	0.9726739138269457	0.5509006623032221	0.4984988392088551	-0.25270096505173845	0.1072952947231736	-1.6442283754593259	0.22093225350435622	1.0038198300380237	0.8766988865265123	0.3639688304535517	-0.3091014785438514	0.4011975048613494	0.2836167279460976	-1.776428946240772	-0.7102873443465514	0.45397802482883504	1.223859047470011	-1.4133959785129266	0.4038291451423065	0.8633875725793672	0.39145976578304825	1.0037557281922462	-0.06377392885276742	0.4764825497371773	0.2975428700255125	-0.9135413411223655	-0.5764029379058626	-0.144049967909142	0.05217633679939786	-1.420077311915112	-0.1269813110714641	-0.3224957117561522	0.19809686551502326	-0.07572385801886636	0.25006441118259454	-0.9454781246877471	0.011331411220977422	-0.49802941568959774	-1.0396217042482638	-0.7096982265253363	0.5069516737641063	0.03949359117616089	-0.7972847709521674	1.1938414219123432	0.20979930089155235	0.3912326620372047	0.6887937289887419	-0.9616141980475887	0.9589868662161424	-0.30361596893902043	0.6680221524984833	1.1796878677331264
DTXSID4032613	7.0652794085316675	9.144864597147993	-6.244934043726571	-7.618985447754071	-7.640305211952581	0.2407480676580058	-11.86795864253277	-0.2437384794675453	-10.429648819944106	1.2145480777684527	-0.7953942548250176	-1.0517912479894993	-3.5869372042285654	0.8503678782460442	1.0059894370445646	1.6916991783251494	0.8573093399210191	-1.1131526543171275	-1.8127880918494323	-0.36264357374339334	0.3438146424182843	-0.9449985261551956	0.9395808448250644	-0.06433725941011287	0.21027322493695133	-0.11479152875231852	-1.238017106079338	0.6796367740558465	-3.0914279759148013	-1.6250826910429006	1.0108931536957155	1.523068118418954	1.1506119047254235	1.8386228188390372	-0.8745231600637368	0.3225871496473591	0.07507762212088737	1.027949776687639	-1.523452595319322	-1.4504526703958476	0.42275412658352274	-0.9496768452295309	-0.046754648343492654	0.9119104504812807	0.2871858958307081	-1.0030417205995161	0.504409188431807	-0.5723634013251397	-0.29528594212405235	-0.26307354809479117	-1.2371293717123768	-0.3387547629086122	-0.5418325093798092	1.9934715567592494	-1.2934244024466128	1.2932483967817556	1.3528797423145604	-0.25288143080968606	1.659835370932848	-0.3257765837947061	-1.1658381891393519	-0.4139883231527418	0.6882241190191052	-0.13853015001134716	-0.7048881894933089	0.533190678306799	1.3510356200839349	-0.8151059737790017	1.4234551743840798	1.5649839336728142	-1.0086848500090024	-0.6355620876219774	0.4878351944944389	1.8692534903179998	-0.3480059849801182	-0.9551181991772848	-0.23301119791813507	0.2966711637319743	-0.5905112060575618	0.599663208386379	0.7802394630037979	1.0760398076672995	-0.2324497893583297	-0.42304762549509506	0.08403411535843369	-0.2909493109331672	0.641527893129218	1.1331673914140894	-1.3906640201335452	-1.6645074012144376	-0.6179381626667285	-1.1249981488059337	1.414119358693637	-0.6920353208811325	-0.023605421752604334	0.5626270913218521	-0.27140354964387026	0.08698920673489652	0.9321742131137986	-0.1147236472868796
DTXSID4032619	11.299948731229488	-0.6182017791953339	-9.364513242543985	6.708546577827363	10.502395787251027	-1.6444861024720097	-7.226304975307288	0.8753919121841259	2.673132348970739	-0.8881869294000941	-0.045694153507368336	2.8494461281878665	1.257089759141851	1.421000939994999	-4.129797136215149	4.881681017408855	-4.718615823750673	2.777726511784415	1.8427304464281147	-0.343959516320409	2.070219596804843	1.538966611606243	0.800249255374724	1.9984766206977622	-0.8325237427183825	0.8483594555368859	-0.8160273709380282	-2.936950373959495	1.0449021288753777	0.514805704867928	-0.05646328562312188	1.4856877594275189	1.1529771385621974	-0.29108243327217265	-0.9338828373738585	-1.493446133553757	-2.722487535871676	-0.07025570269799951	-0.0739638412424428	-1.9308512270474087	-0.828767817500544	-1.449737308848868	1.2105582583277505	0.31897819124755217	-0.5832859298688371	-2.1460713657915282	-0.5571530274584312	0.2929097735960367	-0.3074320056214767	0.6597709178527275	1.0797293633345906	0.30426785865318356	-0.281807829776291	0.9409135137000827	0.5610494078515529	0.4523317003511821	0.8283310191655113	-1.9584615199200557	-0.9194023132086883	-0.6837010114952607	-0.49724123257761477	-1.5552825124996772	-1.5534673485358255	-1.0698379400292006	0.5105312724394849	0.8347362628346144	-1.8804951411062532	-1.0270762451838726	-0.3205192396035902	0.12331893221016162	1.1947230057895928	-0.5262386811988607	-0.8064108704453494	-0.11003729781947388	0.5255064481133782	0.4286916023980448	0.2307043430217589	0.7912911294095497	-0.8504781595524836	0.7914896443634946	-0.942680731515708	-0.4894560689149612	1.1619603251132442	-0.7898620777410275	-1.0338633106739352	1.1618948771521322	-1.4359093814558166	-0.8570256944280588	-0.11266666300940685	0.9334596831681256	0.013071744606900896	0.06307457234742568	-1.378882918712527	0.31896013643215043	-0.34394219865706915	-1.1389684366613093	-0.23783873449727283	0.855249662049793	1.4605351721794815	-0.3145076982093998
DTXSID4032667	16.684202267583633	-10.372714370048444	-8.237514635783072	-3.4136209649628864	-1.1658874883471981	-2.8830289359518977	0.12157184640967919	2.330443224419781	1.5728341480203945	-0.04207965147363649	3.651088636395543	5.827348737408787	2.8351658642354955	-4.424739372694178	-1.4298729081123538	1.1593943629477184	2.9716617242207937	-1.7664016265740845	-0.33983254455323114	-0.1880716110300456	2.265883746381136	3.562012282019908	-1.8976345147662261	1.4516489837979931	0.8980385842655884	1.1596237800856029	0.5363916090202981	0.022848142999235634	-3.4475361078070854	1.5436440826135203	-0.31455619795603734	1.5762545301602189	-0.6200001699081626	1.4200796583714383	0.8305212474656254	-1.842528472434271	-1.3523159445646686	-1.4434289231957704	2.079688069832971	-0.5404491169111202	-1.3035934682487258	0.801041822164014	1.5041420525093163	-0.41323857567398237	-0.46090402814403164	-0.13555313588482246	1.9193886669414488	-0.9223653275172587	-0.6590296503848648	-1.4856502699545877	-1.9181251619429873	0.6289048106651739	0.23116940953413745	0.29773285753034573	1.5900695937781153	0.7342765589444621	1.4265940224736315	-0.10631612127809362	1.1975861600335937	-0.08665984153919794	0.6410990311085973	-0.07811369859675447	-0.9062373335004084	-0.0005062443258136407	0.8509562780364707	-0.4276166332825388	-0.21762035449312794	0.5447989379733533	-0.40913381073963423	0.5507672539586667	-0.3470966184716403	-0.5217528274104619	-0.6941198602111205	0.9922447437797044	-1.761898071241986	-0.09768580208339188	0.05402216620676635	0.031050499763452893	0.6279940429319446	0.42532649594153954	-1.2412434416642362	0.2838872783958398	-0.7520567623596821	-0.4241090433638056	-0.9982148760715632	-0.8366901138816638	0.20429435310551095	-1.0749228005389146	-0.5399035835421	-0.5091344053152812	0.20122244761408103	-0.5567970793119444	-0.08410685268287658	0.3602753414549275	-0.545811254945412	-1.6001657199511037	0.30764893576533436	-0.6605054031976472	0.27773921993932127	-0.7713412737196215
DTXSID4034287	-3.4917004238775293	-1.3466843569861031	10.789914045605379	13.161507758525445	6.576841060267899	-8.276479555309052	-7.687916325290421	-2.533642500409224	3.4383112419186026	-0.5617925387875624	-2.972202740119924	-3.584763138908132	-1.083258821784903	0.23497939282882369	-0.39013428115470805	-1.1738166824483236	3.1744561312920663	-3.594875821762973	-2.6812001720200125	2.5250819243525933	0.10753028873095331	2.3765603134420132	-2.4326479561570857	-2.204358916512796	0.0012682132063232077	-2.721973340711112	0.5759226157210466	0.9142723358818584	-0.392010386757144	-0.5421142025623258	0.10809156904586438	-0.4411405904000989	-0.2739114935068867	-2.1358485647267917	-0.26916863234271826	-1.4105879347473733	-0.7520388044057369	-4.3100518229296565	0.3683576688166793	-1.0357090264546582	-2.489255399289278	-0.48797647314488746	-0.1856600083172677	-1.0101741763489873	1.4973142383705462	0.3385474755106586	-0.711586059971432	-1.6822721464064392	2.6818418655098055	-1.7284293651717395	1.407763930911298	-0.780514320233849	1.4700182885524435	0.882604949601079	1.859375176528136	-0.3499904599100612	-0.07888516883705331	-0.7864743698324148	0.889293736679147	2.231385356116143	-1.0791548140520493	0.9638479169843142	1.7110904703439833	0.9671491099185567	-0.17593130701596282	-1.1470499514003534	0.690045150456938	-0.5256361346865386	0.7902923247773083	-0.030477531665414368	-0.7855234305307652	-0.0036426802168067884	-0.5368761058096252	0.6529593319858552	0.3673352219087307	-0.6784858019595834	0.5946121210057715	-0.4744142939438422	-2.463753897758024	1.3172325787650045	0.14661094049538714	-0.648995713996751	-0.36508063228990123	0.5009815482076982	0.19519591063451386	1.5218614215530135	-0.6532009148900658	0.1266872667089546	-0.2816968142870707	0.09729247099099186	0.7611292492478624	0.8297246940131898	-0.31848129295998606	-1.8830864682374948	0.7685042247840419	-1.1857522736546633	-0.15768226619497433	-0.3649765565866054	0.18497279291621843	0.6983529283510567
DTXSID4034948	13.381505457558037	-7.268182848452307	-5.490051842562906	8.024991595354502	5.032945813300356	-3.2366552052256043	-6.649211227047463	3.2712878033913944	1.0275304524175317	1.203637627982144	4.397291742785267	2.001877465523758	1.544936090317477	-2.5870917624909824	-2.025278893758232	3.285319658300942	-5.770848901519475	1.1190882481689157	0.7861697453971184	1.0942295662160308	-1.0837581814399535	0.7228408220318482	1.0210167685332239	0.918622140615284	1.0005856981683356	-0.9629689414085971	-2.3417451919245282	3.0002572522552393	2.6363790677336043	0.2729702858223775	-0.025585101844358353	-0.24158773570173936	0.6765533358926422	0.9088244433584328	-1.0875295318768199	-0.5005731808312338	-0.9815924919592257	-0.7104350719882254	-0.3810061904025057	0.03716422545809412	-0.7417980313744942	-2.7269067000535245	-0.057362015891825956	-0.9434940527380256	1.6069546851906507	-1.3426230670826294	-0.5624705232270147	0.8587612383233985	-0.489074618653096	1.3593638188116017	-0.9554514100700704	0.011909149410929973	-0.9016672346630346	0.1607239328392989	1.502208322733742	-0.6768842508311851	-0.41133254725424706	-0.5264906768709394	-0.23051847888027016	-1.149599208419775	-3.0349556479919437	-1.172422417250341	-0.9966889512472741	-0.09643348138844965	-1.0114282264045835	1.3646713429963806	0.04981276749159424	0.16101130048699178	1.1464162545169945	0.5846892546088399	0.37318609696194627	0.5141779864116475	-0.6688305298508453	0.22649005976743664	-0.039420209385982875	-1.405729149258296	2.2297314385100107	0.967393222065438	0.048702373122657176	-0.8337778694374723	-0.37295217137221376	0.4046994388034137	0.04898417303134387	0.7273721426856954	-0.03979968781549464	-0.09759243404529726	-0.7997759575406019	-1.1924828419145093	0.9849262352215167	-0.8418104788645365	-1.738512264453522	0.6199859769277968	-0.28090765537680895	-0.13859823377124167	-0.8571201779734721	0.032111596255137466	-1.114098120515076	0.7994229087171424	0.16090567872287437	-0.7559572192509552
DTXSID4036229	2.0474395542232138	11.637817657216203	8.006252337486664	-0.16636945200532352	-11.785900943074415	-7.116745339726625	-7.634225473358491	3.6522667966380453	-2.3102551574142964	-0.047504124024696726	-0.7612964504908856	-0.4386061488607953	4.992603483292881	1.5321404453787268	-3.12522312244645	-6.322526963532791	-2.483374929659891	-2.386723876372933	0.6549333128374314	-0.8571824560963965	-0.4300795877380264	0.6548968231501802	-2.568139544519127	-1.3940805211112417	-0.1694532760910575	0.16379911131061295	2.134393410656829	-0.7362820848041097	-0.4419867743133549	0.26844076418203855	-0.4169889498437449	0.3270651665130962	2.3499585779210843	-0.0014262061308103007	0.6708050148480239	3.0159438042781286	0.6057093449783383	-0.7260704166525669	0.4664989212963743	1.3016561558848567	0.1839409326566214	1.6609900952347758	1.0522455074833759	1.2822466581679506	-2.3289005492448465	-2.8111445201391394	-0.4933059046591843	-0.06653037407835767	-0.4987706135482695	0.19670957817596907	-0.5028030486504587	-0.5374240055003922	1.4357473184008973	0.4998477741292139	1.4609989069569989	1.0226079288656147	-0.7020257190791592	-0.3787999627693798	-0.45770537626924757	0.5076055688445864	-0.03110211304106701	-1.5145687420454157	-0.27653206849870554	0.5690838461516824	-0.4230034007568261	0.5133960768033218	-0.30174157025969556	0.23416241479413435	-0.10246885192654333	0.44774328172527744	0.8689820304931785	0.33636804027754325	-0.11603067627468695	-0.1178187045929447	0.29041353451791174	0.7523318522189181	0.7838252335691075	1.2011187481774341	-0.0062465686997133	-0.6432587804723381	-0.5605999539465971	0.5917148839711266	0.33687212403633826	-1.2909178578679517	0.5907248322360158	0.09061320056260481	-0.270856727505844	0.10668113204743651	-0.4232007243255181	0.34271970176382516	0.5796143274777589	-0.7158290879133489	0.20519562404518532	0.6834961883575479	1.1233879514593799	-0.35081288478199557	0.9550700682683317	0.8540589750031107	0.49768165639352074	0.12684336020435552
DTXSID4041442	-5.615625465162466	10.98779051049013	-7.63523646978032	-1.0260532897804198	-11.703003426464889	3.8956603965795886	-10.684043930417584	-1.4416122695790763	-5.98964536471196	-3.1649334477550086	1.7027538872966068	-0.10460943308097911	3.3767318967406577	-0.19788467030433685	-1.6713721101697874	-1.3587531303672467	-0.042394606981026366	0.1915321412941635	-0.9980621811291881	-0.5239395694129505	0.8769212524492518	-0.2882579379395353	0.48297377877800224	-1.3004104938921692	1.1885681855770285	1.09803660373952	0.8403809807461051	-2.1812885082167277	0.7491827116112378	-1.0591420664913156	-1.840306666499811	-0.8123580511135384	-1.087646224657949	-1.284846361652543	0.9645984787208148	-0.5200924310975779	-0.5264249408760356	1.2389938767306088	-0.055729320972646545	2.541134294991144	0.5742509615965987	-1.815534601821747	1.3858300535418426	1.982228669878287	-2.308712361530849	0.6037284750000277	1.0024205975706182	-0.4672424379247022	-0.4890209387686248	0.5591018130472207	-0.353135317199685	1.4505294572890224	1.0430332201490917	0.47757610320805144	-0.027131545589940975	-0.13260624669177887	-0.09394445797230853	0.6398964150825954	-0.3236220093984371	0.06522641722473084	-0.2834126160987154	-0.17274824863786375	-0.11473931828528691	0.0678282265785265	0.27840123342824086	1.2199169951135889	-0.9045835334907383	-0.34473865115132923	-0.27796779701822766	-0.9131167072344756	-0.6455177690687839	0.008435543812856378	-0.47345996933088025	0.5653910930407897	0.8243045486871183	0.4596795622012541	-0.21756769207896037	0.07414294531649954	1.2659089551785503	0.3768579930621979	0.4365543360501344	-1.0604269374696782	-0.19438035378396515	0.5015208359367784	-0.24206348318837329	-0.744944140950616	-1.1522316880777301	0.19493971114486264	-1.2277129305274812	0.9516990179815833	-0.5823098539749152	0.12829259608575075	1.0086546114425754	-0.5005157753488492	-0.3625287957896998	-0.40485188611111816	-0.8200439785862256	-0.6963995756387076	-1.2125067081506753	-0.1592457361436519
DTXSID4042094	-6.8908448068744255	-3.5045502341446086	13.63712699030188	8.060789816121716	0.5877334841049898	-0.329202165467381	-3.4099433180242813	-3.7669738565196376	-3.6537501486750132	8.587859683290652	2.949074052329739	-1.3384290535070975	7.924143650541869	-1.1933391460958136	0.29707108083638845	0.9524933458031132	1.307505676180812	0.3640709812792756	0.99805488233163	0.15193333762081396	1.737417342265729	-1.5216847477163848	-1.2138726981784997	-0.2677239836064768	-1.653474106215915	0.7320408160136025	1.6503972627893377	-1.0220708203588014	0.13264046452620123	1.3360622295824003	-0.31696383385634197	1.8217042064141287	-1.159503425872277	1.6076399571465734	2.0999131309877694	0.5212701953366694	1.900618357082797	0.7610148817664975	-1.0158729194444491	-0.7433935708787082	-0.6597859328343039	-0.3596790965145411	-0.3212456033607707	-0.05918417695956758	0.17472347997824988	-0.5754097249247568	1.4858301529516205	-0.7082044084924013	-0.34071705802954505	0.7504425425874313	0.5026658440908343	-1.9461295676208725	0.21878948812971893	0.2272526468794405	-1.1910708555155858	-0.8244608380575285	1.2325440436002162	1.1792372157344664	-0.3286853414708424	0.13670157913802586	0.7687367485666975	-1.038381870969695	1.032935401086683	-0.13989189092030854	0.39848088076489696	1.6812773325241164	0.2372199632233362	-1.356176282923634	1.1069542631531253	-0.0892873504671863	1.2152654771672	0.2162278580567205	-0.7105749111089089	-1.3052012442377876	-1.3677986978071235	-0.8617151659525983	1.8100328864009319	-1.390074737743356	-0.5598957894916682	1.3230817758831668	0.09609072906111628	0.636594645881104	-0.5268359384664759	-0.8466482011796954	0.8760314193521693	-0.30919226180281145	-0.2319118496111388	-0.36702102086461275	0.782953016927106	1.1751217265105909	1.1229844634016144	0.8065085117524871	-0.501099470009067	-1.1194340136998804	-1.5657819592237743	0.26886743123679924	-0.45018425118521527	-0.34534731661249496	0.005971909180190144	0.8515088206054451
DTXSID4042096	-7.974467294650491	10.343387736952849	5.724159299493396	-2.1307677079880625	-11.138519774500647	6.018972064593526	17.374748255266862	-1.7672290224461367	-0.6920408469932691	1.048570165753741	0.8155170811956749	-1.963586804559015	1.1747832636339917	-4.510203216524367	-3.2485449166536213	5.495171959389296	-3.0895834992842177	-1.8790936265726899	-1.6072057420226336	2.3161432930858337	1.7531989612850734	0.2718655862882269	-1.9074150143166273	0.11917450118683726	0.8476677817265729	-1.1135088093383982	-3.8450063849116427	-0.3836075641493989	-1.3342020214846497	2.967892526300479	0.44526635256095454	1.6507596464646141	1.2530997290754435	-1.891693264636504	-1.0361212428919702	0.9452716948572599	-1.5170083582342437	-0.5622406360657766	-0.658265961716108	0.3971671572600361	-1.7773539788204407	1.5728879932096564	0.642773636604804	1.1613229148568247	-0.38725773127360424	0.6604526944510483	0.15308763330384487	-0.032294645929455676	0.6695962002954079	-0.2690683162674742	1.7336671716877503	0.5618556893249631	-0.4803081234700441	0.10454179757411204	-0.4481966862635976	0.029035191311014646	-1.1610589007030387	0.20103443503360108	-0.781133295317101	0.19249537670664926	1.7242573864149369	-0.5552559893957939	0.7901601320934232	-0.3276338881250361	0.08108261885376765	0.6380314497634914	-0.2236262588375002	0.4666814223001791	0.5597454717390901	1.0045153521794903	0.521452295512426	0.2695092368166893	0.29600233519206154	0.2849590756097913	1.1568509562601443	-0.3376871379602126	-0.44610090081178416	-0.49542926895668654	0.16471996686800278	0.3376591646453761	-0.5033596196393937	0.5038106965254554	-0.025164117210091343	0.2700127335392686	0.9371194237007522	-0.03053681918983352	0.026143764192507156	-0.020372478981563365	0.3842038766057819	-0.3754939528419408	0.5015188243695686	-0.5970830876207458	0.08965534235499051	0.5525664624023867	0.5350058859598592	0.04975040939934817	-0.5326373317381227	0.2628970437019814	0.12487367014991912	0.06514131467425048
DTXSID4042121	3.2365529994951654	-11.907515057625677	-12.206375179543109	-3.5988140810895115	4.9715607486878275	-3.120271077251957	2.604131976336376	10.472565473928732	0.0622045112330067	1.3427930490758306	-0.5698713793063769	-4.369972570532125	2.839202306381242	-2.0348654344198254	0.24184365703128996	2.4051378942767787	1.6380068293683634	0.2526314515678632	-2.9047794781112692	1.5968373915226037	0.14427528196424513	2.3158450785374045	-2.1581718110008894	-0.06288482726532713	2.326504930749185	-0.005231677679880774	3.3081080532266194	-1.8975686057958898	-0.8245864827763175	-0.6870737094856612	0.5271307683574322	-0.13249431473071127	-1.6193026610469539	-0.992614465091605	1.285722781849427	1.1587983864847113	0.40856219991814174	0.4863840056317959	-1.0977499875778605	-1.5800814771806424	3.538268458833992	-0.3267431932450505	1.8094404759646692	0.09815293655108935	-1.6123635083724621	-0.8620020922185286	1.0572045393890575	0.12083089185143499	1.1469548267720884	2.689860609672037	-0.19162556485444565	-0.7360958470918132	2.3059720349823567	-0.3085838949859219	-0.28450510290832154	-0.612840017921406	0.2343839424189757	-1.3089430601583059	0.9590699994839365	-0.8986665513869776	-1.319813506964491	-0.08935075684089115	-0.8005093269445775	-0.4484043121797061	0.9155064333974327	1.799051076408727	0.3982993018208852	-0.3564812479558101	1.3598382936964453	0.7228745964122612	0.07527385495501963	-0.8802099073331913	-0.06849390544856691	-0.7233892083404201	0.6855734837187891	0.30151387309821037	-0.3332589395817722	-0.4813843428939217	-1.172276995295748	0.43657297541584067	0.616145710405948	-0.03750601913093435	0.3259347689503425	-0.02109575524490995	-0.1471945756955073	1.5462717296208823	-0.47030412219485285	-0.08664448969207988	-1.0802517305282313	0.5483803403505368	0.41051182547945825	0.08699329122873638	-1.2242161047282405	-0.20510936572295826	-0.15226874365292098	0.8767575539599533	0.1477338613628709	0.5547197123327482	-0.12960410585110976	-0.05810713412736417
DTXSID4042418	4.994743274864418	10.049340268637115	11.195730213533103	-0.6687238139413614	-12.369825225942215	-8.051607424217048	-6.861369627829028	5.632928095626408	-0.7249063886858106	-0.2030582447360857	-1.9814218083545163	0.3941451810584648	3.0658167673659458	1.2476131349018507	-3.711590254669378	-5.287596890421657	-1.386451183138699	0.263317872957776	-0.3467731658432427	0.5922759592826605	-1.0363467720759	0.29543925038988744	-3.0877733730365655	-0.5167468182527167	-0.4815272618484923	-0.17293382248413255	0.7780382901855736	-1.4201934391019628	-1.103456826843312	-0.706799882193277	-0.9436671291635583	-1.761099840111625	1.984949310426278	0.6550225159708277	-0.5615078133885524	2.95444590814247	-0.14659516346999343	-2.0069130884592674	0.4480430122125188	0.7344642776776366	0.4570155873987411	0.6305770441583207	-0.38360110990408053	0.5989153186265822	-1.4514719498409216	-1.807837653478698	-1.337961277876457	-1.1548471230714863	0.13912940734521773	1.4713546986424162	1.0272043836303533	0.07971359427757525	-0.3862187766192084	-0.8283362878916884	0.7924302727602152	-0.13624837215095562	-0.009134124720985612	0.7280329755823232	-0.21595078583436558	0.7440460998118775	0.9438838962787772	-0.683500442140681	-0.03890638968389579	1.8425660122706797	-0.2636919874377172	-0.06302373312043158	0.2503906937743965	-0.4178905754453908	-0.2546279095901543	-0.9400152815172219	0.9173553134205098	0.27488706557799586	1.76060163356455	0.32451757720235874	-0.13427112408576386	-0.8054082203525655	-1.0105536092717653	0.5947644315096041	-0.7005383471939937	0.4801109718174294	1.0555433936001961	0.4261967759499135	-0.6397701899245438	0.2706255617770922	0.7990282383057649	0.3454696041798951	-0.6229052672365055	0.09010962093740105	-0.6100490768281914	0.7171881208634839	-1.0765338085834575	0.04427939898566361	0.13332706930000637	0.8193593321120696	1.405554310268409	-0.8266305128266681	-0.1746129324778239	0.8504448295502836	-0.9136715592529732	-0.7377893167280274
DTXSID4042416	7.723437660067809	8.516588008168616	11.812912814885067	-1.3483287687299146	-12.67796576279282	-6.117343259183676	-6.205274066372777	5.326883094308356	-0.45104938127368926	-0.3665730815876775	-3.7966161251864583	0.6062716471687704	5.110501878649622	0.8676706794742973	-2.7606743258357187	-5.271648771211441	-0.5899223929934893	-1.6735094639816475	-0.8371887421811476	1.1014509343649221	-0.660231508255974	0.2394731827966985	-2.4018498480825228	-0.25161938392577726	-0.39033280408657883	-0.8029213379610602	0.7208110144627833	-0.4648891265915204	-0.6208745883594684	-0.08286887244705267	-0.4912530557908846	-0.6857925869321151	1.9046829434917365	0.35282969630676764	-2.2376446126095315	4.459671671231333	0.02064525242207871	-1.5718696490161577	1.0721903496828924	0.9208127662958664	0.07886473779466226	1.1185515745251209	-0.6308764342711413	0.8861528215517742	-1.347190305176626	-1.2823825293188962	-1.0160095811449121	-0.9299622640101901	-0.49144739953263644	0.9318224593616172	0.5341321777815575	-1.0296863151549414	0.5002030161617083	-0.19766461519217246	0.9397084477575013	1.3319292914115863	-0.2541471939071453	-1.291799083652804	-0.13671917953829618	1.7190069504915382	0.4181806459938131	-0.4904837358083501	-0.7535205271284037	0.7383723838291327	-0.5654884228543877	0.2540592728139255	-0.5689731177524993	-0.07753003147671825	0.7034812675830729	-1.0276450811685764	0.6119673465766573	0.06951535916441733	-1.1353312478734767	-0.3841599590975288	-2.2783785862238624	0.8921424994861084	0.5684675388114707	0.6488216422565691	0.15124214983246592	-0.02356412501868446	-0.014014523826788238	1.2379902649720913	0.2454449940636664	-0.548943256922731	0.5179451756971576	1.262522757975948	-0.20328664844823555	-0.26192960451234637	-0.02335052368645006	0.4407784621189906	-0.7526415057652039	-0.1129442683229533	-0.7913507434707014	0.9055647883978548	-0.39786578491134356	-0.4071563020173219	0.005962882350849244	-0.6129304942146625	0.7154381071191681	0.23722371092022246
DTXSID4047331	22.73147984337091	0.9549764518341191	7.324596887518558	2.380178696128864	-8.091870437578523	4.831804497659328	0.9392015699093557	5.059588896170883	0.9015402760428126	-1.839167923147789	2.070542835045152	4.612608086254319	0.2944948333529212	-2.16051538288606	2.092868448258714	-2.306305031198689	-0.6842973032330896	0.5826073341729886	2.8114625420710992	2.737539640838221	-0.572055541192819	-3.7417807453948635	0.02453932763423628	-0.5200663711773063	-0.2769660434509189	-0.7491092964706663	0.6047480561396081	0.8702297016771697	-1.0446255292958375	-1.353085368401478	-0.9449865552956831	0.8922019790037231	-1.0329876304950658	0.16788978783191244	-1.1774124150083565	0.4125619969190993	1.2836678744587329	-0.18885052769894306	-0.24371090348724778	-1.313819542885446	0.14800008545229024	0.8705555109998909	-0.5338653102954805	0.21387223516597617	0.36869902846540775	-0.9081028679216476	-1.1813358854534282	0.05368688375599966	-1.5714144309988973	-1.0261547130925033	0.7679681215109841	0.04759734960799134	-1.0798336127210222	0.7051662180852176	0.406108026002798	0.07637420929913338	0.08079317860454709	-1.4829191465018856	-0.19863185190199548	-0.22231178106305213	0.6114479505399588	0.4118852421974027	0.5692428658132023	0.36545409395063555	-0.6524647539245771	1.3832720455343495	-0.5454051080635832	0.32966733193117065	-1.0201789937215884	0.7348577007211047	-0.5111925178981229	-0.4535682082438728	1.1954239761641918	0.3990022458909051	-0.029880083061230887	0.9401300858958008	-1.301369007062204	0.2525397142662212	-0.7554708998363965	-0.20551412484667017	-0.11903498685809245	1.0812759621364303	-0.2214672707312034	-0.6026875888366017	-0.04346499191525428	-0.7541911666135481	0.8518455909697685	1.5864768210724267	-0.6031123804634415	-1.4385993037292846	0.2260153483283409	-1.2137985105223914	-0.12907195499299023	-0.42473144620944564	0.4781778860631489	-0.4391732043723485	0.6666614655008838	0.4222912140891371	0.18453069004904432	0.45142166433694875
DTXSID4047389	22.03159063185499	2.5476170023669535	1.1025138900058584	3.051145941795587	-5.552063163253528	-0.5189121053341873	7.308109248458944	3.4395661681601526	0.5615381463508102	-0.7259123002264072	1.4753309927662632	3.3494228938622834	0.7187440659989704	0.4906642915189049	2.470178152643964	-2.4077420749027567	-2.8662962440547917	-0.47257940540417376	1.3830675120592706	1.3931943503309738	0.5786895866060946	0.019829696807082294	-1.1638915342258707	-0.3931527186378166	-0.6304899449021285	0.7239916698299174	-0.02974869563768707	0.5165446261651726	0.2754613729533001	0.8743593846501272	-0.2642907647405044	0.797585396783223	-0.24542071607999372	0.8018032509948458	0.053891792321674035	-1.294664880576018	-0.003613288404680556	1.5483907485732407	-0.46494737197004876	-0.7514786559477148	0.09880607628187506	0.24059817310467116	1.5134844674023584	-0.37888898973635965	0.7600661494766436	0.5034483859714394	-1.100189202001261	-2.515502854348821	-1.0666067829045	0.15692419677340053	0.5629546430151752	0.33865552948811367	-1.3072596495771127	-0.24166481751436003	-0.7647022459971907	0.344888951655898	-0.14719183927799417	0.6542814951395339	-0.6950408957338382	-0.8552496220183444	0.18097883158206635	-0.41978691641183347	1.1077738046184495	-0.5104875917475091	1.4546646509628234	0.689397456546657	-0.5937442822325557	-0.46895457786982603	1.2290697628022897	-1.4332388015466506	1.5256957289386954	0.37853194478886426	-0.01871238864024509	1.7607033060851032	0.20963514734460734	1.6653071472296443	-0.16973297109157176	-0.05884490095282022	-1.5651461631489285	-0.20099876090969798	-0.17425407149548666	0.09392652500448263	0.6561402687187606	-0.2539386282227047	-0.36422935480116914	0.4727766476496553	0.7719225484925886	0.784659897622336	-1.4617605075907427	0.1810010608806011	0.43454566404342404	-0.1974190386052003	0.38376061630076397	0.17812815157632325	-0.47475027073579346	0.28803739778824344	-0.21000822311388073	0.3174269797329212	0.3959256526119872	0.11231219756453802
DTXSID4048195	-6.147622065320576	-9.60113707241192	-2.606554051914827	4.287478774256795	-10.22834100588107	-7.414773677711799	6.3982720747531925	-6.360321498383394	-5.929659713312812	5.640474888235404	-4.1993475234504976	-0.3263940573152971	-0.05708628533306532	3.6415035558975366	2.4716472469202833	-3.1263832804439953	0.7577665253756639	1.754722325678691	1.921308499161717	1.4234123742879454	0.6770619314858651	-0.336494903774249	0.6848385341240881	1.692073255266005	-0.5515010054188334	0.9126436717142031	-2.534591658787752	0.02116363275095621	-0.12013797271904526	0.8830445658526593	2.6070115050142912	-1.253098786629112	-1.3232851189065675	-1.3863002260861312	1.1773677117269226	0.5656665331840589	0.7473704142545573	-1.8315978637946415	0.24183826233606853	0.35106819722439914	0.1675154660062129	1.8152253148612942	0.2815753560355151	2.223528659496318	1.4207839539795737	0.6057083622264987	-0.36299315686091965	-0.6928367023894796	1.9032174432724456	0.014885932588586327	0.3462759513651948	-0.35175034849175596	-0.035450714936035535	1.2682115370288511	-1.6761779637753098	0.7868576709546415	0.894490736168923	-0.9933601172809199	1.3492778495920212	-0.8306636781557354	1.5344540250418641	0.0707174984540876	-0.7565476996809088	1.2634963716645284	-0.01116544241948838	0.1784534117455177	-1.1744851114735126	-0.7247366759565376	0.9340154526458325	-0.6553487121507605	-0.8735876096918804	-0.41467687560849303	-0.7487860396062129	-0.04694852209510016	0.16242246211137615	0.293073636427211	0.40045008670343335	0.5699726856284505	-0.4996217589294408	-0.7716120965986889	-1.2096661550985637	-0.06914423314807183	0.31655920546066846	1.9314932934473044	-0.618476707978338	-0.8030155562129206	-0.6164441935822124	0.29318573720340013	-0.19522471122043758	-1.5811373956779438	-1.04620213229382	0.15733146562962627	-0.8336624618389334	0.01808968057637142	-0.14654131811995436	-0.03256603661532186	-0.23876826223597097	0.13928078222522322	-0.19852305395003933	0.11292233916890342
DTXSID4048199	-4.982653391123284	-13.342461848001417	-7.62057561536416	-1.698570587727925	-2.022060566967802	-4.434183711597541	5.94513902000577	6.465127975575749	1.0574745559532415	8.122544058314418	1.1772390296272788	-1.7871225174669387	-6.968303560437175	-0.6049783941913635	-1.5225736968338466	-4.324169666057533	0.7358385423338545	-0.6346870574962417	-0.43192115329383945	-1.3775041260016867	3.859817918360857	1.6326779675949783	1.7829285482643664	-2.186946567076717	-2.6439446590750006	-0.2509192337987035	0.7310944547181975	-0.47454683934005093	-0.11657848640042157	1.6265427743722074	2.0067390901707385	-0.2839370358210184	0.34845096076127313	-0.8024557333500018	-0.30919409958750405	-1.6225069937554748	1.264713122767373	-0.8034360448516139	0.6145755937109225	1.3026380267033657	0.8122367675532922	-0.6892390300157534	-1.3774840550935878	0.16557697206499117	1.6816091904411001	-0.5702599201368631	-1.7971089050294464	1.1788152643014604	0.3079835211897883	1.6341092013689884	-0.13808728986820287	-0.036457987328175685	1.0342476582071227	-0.45582107858398635	-0.9750474724274473	0.2290403327484329	0.1612907650852623	-1.6100567319907653	0.8664556611210728	2.0665436733959774	-0.4308843768302758	-0.15620443055587546	0.8330639377884015	-2.217060674296934	1.092613134617486	-1.9254381719859877	0.2842404774277641	-0.24421687463543898	0.5261725391695452	-0.963251673119918	1.2808984006263842	0.18529057472463117	-0.3215571265505448	-0.2114126598066007	-0.5626940363466517	0.0913705864645841	0.896827282419912	0.9215642428854656	0.4017623849980122	-0.4433276761909264	-0.9592543812919209	-1.2451998748123103	0.6262246442677921	0.4343964595061581	-0.7634615202920372	-2.0992141949633796	-0.6212223101187371	-0.16322976879641315	-0.32516783633114255	-0.21491002603931744	0.2551365938766756	-1.0709331071503314	0.9428512959834545	0.43355475560756623	0.795057446905493	0.2931746462024161	0.7373947255039118	-0.14130673198729393	0.007110863318100353	-0.3631616117321634
DTXSID5020106	-7.10859020454771	11.327813168337414	0.3580177288790925	2.120926182802014	-6.658796755388	7.539570715206989	15.18264063988609	-4.1757304789936125	-4.223602731771499	1.2088216080530438	-2.864669175139692	-1.853121854752777	1.923938699783065	-4.9656189417963414	-0.16934800280159987	3.848015424749614	-3.2111003388570727	-4.684795350126442	-3.7282955825992845	1.602771693627811	1.7739333245909088	-0.6719780702927627	-0.5185971290709455	-0.638040490544184	-0.937081727520888	0.5264766520914272	-3.144498995030856	0.411583363585164	-0.8058152407157722	0.48624920765111024	-0.0964381330873645	2.633164559797257	0.3639252079842961	-1.4713698371473016	-1.8115105058232812	1.166081265795491	0.8687245233507565	1.7458483702605758	-0.3708417706380539	-1.9084906624597495	0.05716150171128029	-1.119539886476195	0.6902418424287149	-1.6114109322119734	-0.8564756742043196	0.3943623550915376	-0.7811345045912762	-0.19290547471789957	-0.227431884818293	1.9988999136548116	0.8305727303062111	1.8476280720422527	-0.23621750071593356	-1.1376714018077028	-0.6200780843823794	-0.10012564690480527	-0.07554981640488541	0.9834477348473925	0.22615969775990105	0.8130583370681994	1.5265617835195031	-0.26738803213263235	-1.4477783190152584	-0.5799120042515968	1.8026299711446858	-0.006107339537211265	-1.5165314156151861	1.2344658793184973	0.18662197861432459	-0.5337471958103135	0.2810531433307886	-1.439659984765637	0.5107071494030894	-0.4579934513461377	-0.5440813694346761	-0.4782215813084901	0.3722544075022488	-0.41937357071386855	-0.2106616434559651	-0.5189322536235577	-1.0604969938531115	0.6915593701299445	0.6937677579825323	0.3853340000607794	2.2098578784694167	0.10188583338550647	-0.8841875008137746	0.3912093064036605	-0.3386495749030126	-0.33617737486899124	-0.06578234885231557	0.2433582494432475	-0.4241996946367538	-0.5469175151052783	-1.4107419744522827	-0.59617263095579	0.851606728293208	0.28854136644973116	-0.49272665985648856	0.4682607360153099
DTXSID5020233	9.120223031547738	-6.204567400462828	22.074421632567173	4.623039255815782	3.57738953401803	11.57835873284957	0.5055777973371771	0.8457518554721997	-2.290422342261007	0.8519744701301062	1.305353114074249	-1.292718861332403	1.2183640548776793	-1.482652543015048	0.2113195107395213	-0.10257810331377354	2.621399210628283	2.3440799334500646	-1.7396154916385589	-1.8839162593110788	-1.037655727937773	-0.49729764411569755	-1.6164574339485778	0.6615747059253202	-1.702048282654468	1.2420816996858366	-1.6586398042519992	-0.6835494749486603	1.2160129209281811	-2.576134404622764	-0.08109604585413396	-0.4699067745153876	-2.843547150430696	0.5687225843343151	0.9862117086186598	0.4277170876225163	0.7957417235137517	1.2885855519113272	-0.03680357883926831	2.0050998266794418	0.45653152384953405	0.5751027559449491	-0.5058909506811308	1.1131466542334327	-0.6017743021564181	0.4783540222624017	1.1919637994482204	-0.13698033280589308	0.2811711429474278	1.8496904904265414	-0.42443853629307476	1.1252522931923474	-1.0312749928514147	0.6071646991032608	0.1691636963965575	1.2397602151972478	1.3495285772981334	-0.679553368786042	-1.8249836903949985	1.1471077758978634	0.1077814361186334	1.0739067821596444	1.6507828229452444	-0.9086361125859337	-1.273861016045656	1.42709249156413	-1.814541795458817	-0.06460812793529183	-0.256379624904495	1.238718084185816	0.34410399486209353	-0.12846474815408257	-1.551914167948864	0.4661923975801466	0.3773642029968683	-1.1125081463054527	0.3735569011957619	-0.5244250634280615	-0.34622411467199016	0.24330676570206508	0.6702328065745953	-0.45235386759074697	0.4311957418820435	0.9530469265689999	0.003586370935041389	0.008670106727295632	0.07781572874554248	-0.1646472368191308	-0.292039452930922	0.0802998860656988	0.16205545372252497	-0.18468776966579767	0.6598074349447293	-0.6842625654945749	-0.4736877219451285	-0.22317748921428027	0.628068420347947	0.8810551673864868	-0.055383467008623004	-0.7182591561150953
DTXSID5020027	-17.688827856744865	5.008536022702476	-5.438937536981083	7.141461187837379	3.1909618197477263	2.78727010350305	-2.4287520595096	3.2253527629908403	7.356085976778246	-3.244683858506293	3.328748077492895	3.0428217824974153	-1.7868908806558672	-3.2161121703739237	3.2510836208830325	-2.366509345649758	2.2043604677422763	-0.2187620817631764	1.2482101500856762	-1.0182677540596017	1.4508845717983379	-1.5238300696902782	-0.7592544085740028	2.052185680821023	-1.3800067883186458	2.1269079688413504	-1.5924025019880015	-2.5475953668602327	-1.6159777715049959	-0.20659878987923072	0.1939723384282353	0.4965540341225698	1.7626974655944538	2.1094957591711476	-0.12217365847198061	0.5286487764145966	0.37285467745569373	1.6152953701308101	-0.08269003397644918	-0.795336713121115	1.4702512360189848	-0.8201898476763968	-0.4645897019351149	-1.5656726097896951	0.9629985426662042	-0.08610231126624861	1.5153487820299076	0.3817481412774892	-0.28624859145597237	0.8919512674636644	0.244579248255378	-0.5398646682153114	0.3219474859266592	1.3457625140337042	0.7590627543258246	-0.6191516228401691	-1.30099720988119	0.12061993798777301	-0.5373284944314289	-0.21307616127270163	-0.3921482317680277	0.3687024399584469	0.48727604545993036	-0.44487069677707725	0.5559159362505458	0.25151442721105094	-0.7847472845402754	-0.8397873472036739	-0.37392665518574625	0.016766755651211187	0.20366503442762818	-0.7668719469737906	1.2822541572079933	-0.7724111979863892	0.09018325067207753	-0.6836731924008967	-0.8351734250565876	-0.290977828596459	0.2949446167245506	-1.215512142350759	-0.5666816283167617	-0.2899631665146229	-2.5958173531490276	-0.022420805408000427	0.19515964860968682	-0.8454498734161744	0.1731924291252455	-0.7234910853969105	0.5787754156212723	-0.22985281697479268	-1.5067196927148898	-0.10959221680805961	0.33494824547781465	-0.053930227220542526	-0.626654885727892	-0.428127106754307	-1.3739552585872938	-0.582848280192722	0.8058307912812378	-0.1231422211166645
DTXSID5020499	-15.95498970621933	4.787803052355503	-1.5484629778164147	8.540250672855606	7.5554364021032665	0.7285253751298602	-4.347338621784983	1.4671647854788548	0.9097159871404358	-0.5890512520472594	5.16378466145746	0.7850697644740888	1.646479661881815	-2.1725575457943656	0.0906204663719364	-0.5619082638717303	1.558474851853218	-0.7868013588050496	3.3090003477721717	2.3788720104155514	0.7725422565480583	0.5664842468611002	1.7065787220766802	-0.33285211063432024	1.1410729809758258	2.400332263520222	0.031384377050731015	0.8112415195270467	-0.4681506159894205	0.22760792632238955	1.0196580927249088	0.6350842854357692	1.5023060574929037	1.3020256685025138	-1.4992622205963964	-0.08267822683748752	-0.9589863966415467	1.9237484661647901	1.2347415853647408	-0.12274725453330182	1.8778621879532358	-0.251322656780419	-2.6301194318143426	-0.5585589651263392	0.2201325216713188	-0.08160351700151673	-0.3362617511396158	1.3460006348790992	0.18171272784733802	0.41728032863706505	0.5419881474533719	0.5779825919999785	0.7888186724710134	1.1713190733340506	1.0555701173823153	0.0943581022839686	-0.05361131702402365	1.079602902546732	-1.2692290992547768	0.5799995112521383	0.5769381547970752	-0.3913437848460075	0.9062483464419726	1.6329151450322468	0.18149382924665408	-0.485455522775655	0.2906389342866581	-0.1817323551899895	-0.7160070963293003	-0.24436933282214127	0.9006050209937775	-0.5501194208444274	0.1341375952311104	-0.8719018576443895	1.2740570625762646	0.4209611111243489	-0.3445672435680994	0.39622717482804454	0.12456909025861068	0.5816320919228869	0.0012610720420988106	-0.3811749359900031	0.5951468400379811	0.9868653933327489	-0.3540680208914098	0.9864317017654847	-1.6486454906945238	-0.012052188566199723	0.9182869901810119	-0.9846214520218969	-0.052743886826942775	-0.7931777871728231	0.809748765991295	-0.6755140945811453	0.7273533128836421	0.32071274994083276	1.302849017228504	-0.5327678688126203	-0.8642732535509958	-0.023575185227448246
DTXSID5020449	-2.8724209417319497	13.197768932613936	1.7070532478982379	-16.501459027102698	9.230472619704509	-4.007476916649897	-2.2247131355668026	-6.987515709361324	-5.438664027266056	-2.1900868331789702	-0.5200345156734165	0.32187503767089104	0.3557056862119568	-0.38106183010792083	0.7709361494947171	-2.176347567384682	-0.6760878223420203	0.3012494071416248	-0.15900738977955356	-1.6758393486392382	-0.2560143098893692	0.22572555363532443	1.0902553511153117	-2.588608186625146	0.5405386956174087	0.4515846790527232	0.10680290957726263	0.7303400144811533	0.15722389570278308	1.909746497304838	0.15178920807641455	-0.7385510350376873	-2.6424288534520697	1.2088395231517677	-2.419029052339468	1.422752678663536	1.1000875564916646	0.5342766907163231	0.3700263245001943	-0.6386792444470208	0.19403894120243187	-0.431996060818728	0.39598543988504914	1.2836194541113717	-0.12109317393216079	1.307645094905828	-0.5235260584831413	-0.4860303443551938	1.4805386042139692	-0.5914271545567078	0.35435239363591375	-0.0916251558003725	1.7798499444948457	-1.936057489894827	0.2598532620561971	-0.1649921065689565	0.6259612652901324	-0.2029733110017957	-0.6283919212629182	0.9363398863362554	0.7268182012912159	0.7676321398734068	0.7282636028172639	-1.200160835910594	-0.22676506086022646	0.4952782225126207	0.22676913760093598	-1.622638592427855	-0.1148502654794505	-1.0331309158853803	0.35696367936846074	1.2365112096449506	-0.37049957950552603	0.28965136417268184	-1.124640390803888	-0.04815797637085547	0.30095799621587527	-0.3588958426766519	-0.2665049316758515	-0.11587499429922023	0.8591182588116872	0.2517988546336691	-1.3226018528748134	-0.8509929196245889	-0.271999726316314	0.08317386010303314	-0.05112507752538418	0.7238048647200941	-0.19872356577318348	0.5204484133808215	-0.7330130701113994	0.11205325473809559	-0.33018872025258794	0.1842215003008103	0.2511976289539986	-0.7703469015934945	-0.8793313185359397	0.4943428342492433	-0.15856955563100822	0.27632765357884737
DTXSID5020366	16.142804542400402	-2.480271036602643	16.69122315533236	4.801605871917317	4.56457839030535	16.701582918506027	1.8801524478687417	1.5681523078907245	-1.4156207429004803	-3.223745351597512	1.7848990968241727	3.160819576254557	-4.800927016340993	-1.463564058540927	-1.7803477258147868	-2.097380413092288	0.11980111999127287	3.0298956450979304	-1.6246194527494655	0.07594045448660333	0.6513037067389922	1.129561132258152	1.149408180645997	2.8277163628448565	1.02323316323308	-0.03959964701899379	1.3099918478077046	0.1397304958803402	0.576228503142176	-0.835459295164102	0.04632425994323775	0.5544330787853894	-1.016676320734779	-0.7333800243212951	-0.6422500776095919	-0.7386099259318126	2.10948390807712	0.4737380082119019	0.5955378376248541	0.5585368385842945	0.21097623655362138	0.9546705987459901	0.7445791890609456	0.7021954867367854	0.3906580759949219	-0.3775582374417935	-0.9884377359340526	-0.12352203964416013	0.6276709370663982	-0.34118274413372784	-0.14883031459179052	0.03274769144916207	0.16602382932064177	0.187517114271086	-0.6901094222199896	0.3694615832997587	0.27672804115508387	-0.23715412001300254	0.9957434859840252	0.21123009577351612	-1.049027192432832	0.5339027511087447	0.27737985372551816	-0.2340404739996314	0.17324493181338663	1.1907035785959377	0.36674051948188924	0.22123319478707404	-0.5750186583774423	0.6475041061497285	-0.9447171114277548	-0.06168940033997457	-0.743536379995146	-0.38304168999605137	0.2557023390577513	-0.7984924144322061	0.38366264902498903	0.3197698823356206	-0.09685049884294589	-1.2311171960194505	0.6504465057325476	1.0143566110169187	-0.7460216414910492	-0.11871858266868532	0.4933011610854781	0.3108796325080222	0.35820864161211546	-0.12793038857751426	1.2393004784256583	0.7399736125323991	0.41162655264435283	0.45524550759164756	-0.41544296866221386	-0.3156777072679705	0.0033280969689223282	-0.24419493509572882	-0.5801447603951854	-0.042854953963188384	0.12412444557660651	0.552630901266018
DTXSID5020281	-4.765707276008186	6.06454725685578	-10.73217045062863	-3.419501190056782	-10.66154295108765	7.720340401689956	-13.547888001854297	-1.6116178120393727	-3.659885104976997	2.0949290418688067	-3.3725482124794106	1.7354685763782407	-2.0741767080250746	-1.142478758788921	-2.4706316164826267	1.4288966670278722	2.775665209599033	2.4228361704	-1.3834943350034938	0.7656697790232199	-0.6607619723239823	-1.8103272425101242	-0.2640817379427125	-1.1554180399571523	1.3771384766865857	3.099166189102068	0.9145194906165938	-0.3242896541018053	1.118740396995704	0.0697962753109207	-1.342953295985517	-1.1107053460365077	0.10569157512286553	-0.16496000524197746	0.8623143645125891	-1.2897660162737719	0.6941326901349424	1.0927612963176307	0.012206989815685408	0.19117535649162792	-0.9921092896263299	-0.4846784386806596	-0.21445484546289345	-0.32093415931153535	0.6775841554406075	1.6203891024938737	1.2725230509560324	-0.3650012625731274	0.6138602128864786	0.2547170086616117	0.05938692391295732	0.4667708889171431	0.18534275087513014	0.20098905481245527	-0.08825279038230154	-0.22359639806283269	-0.06589677757520877	0.060967181753786764	-0.246719251160404	0.36903026548773954	-0.8800349232788617	1.1982994862681575	-0.2829824607932634	-0.8749876612990257	0.06726424974431434	0.46274071121952826	-1.0753954058184878	-0.0509479140567012	1.0502824597467209	-1.1659404748057705	0.3258742970231364	0.30157285867284167	1.2135999657047227	0.010790600665844507	0.6063779265760441	-0.4829784466550237	-0.023016707596621847	0.9533818449802908	-0.2856496341168307	-0.3675115612092497	-0.5059719212187903	-1.0824671948482747	-0.9327850496119188	-0.18774827303771816	-0.2183847451275005	1.046545111677753	0.31366842265843164	-0.6375953119021674	-1.0505846449376932	0.1579792941268629	-0.6356263263011056	0.24974270126505962	0.028512082112434438	-0.5407998691881791	-0.2732026786150353	-0.825503261061976	0.34957353676459496	-0.08303139976360899	-0.9198971266961228	0.7140082057818652
DTXSID5020493	-18.982926184833914	10.258530667813844	0.26590232307999684	2.6880652189789527	-3.640411707705776	-0.8275405510102425	4.215059932328904	-1.893385252370987	1.260514988119097	-6.029863819596836	5.0505844849040615	4.2471955748801085	0.17096217660377894	-2.6379095503751366	-1.6873858912261799	-0.5697777149487464	0.5355385609478017	0.8909013269066607	-0.09144853113091464	0.9854605816926649	-0.1821990619372191	0.8589157649376937	2.0406485913886288	0.0047457386897358685	0.1829264098634082	-0.061051485780374386	1.0884459726775377	0.14585077963324786	-0.8851128837165299	0.4352754767617279	-0.12475781646374344	-0.6747712663808679	-0.792642659387118	-1.6064281530838924	0.2686831013626435	1.372804067560373	-1.0257718365651085	0.4474142423749651	-0.8537762544086722	-0.006710396786742499	-1.1399657700257761	-0.527777043640646	-0.5843909067521679	-0.4441257220348127	0.20750566579025836	-0.006742910469609221	-0.8542179367925896	0.39304687206231476	0.011180126624085865	0.7833190642408338	0.3968213833767615	-0.498267786323233	-0.9346176491125584	-0.7096751577565837	-0.3952572629175157	0.4734733294902156	0.28299870664270455	0.10807478353609366	0.40612250453898135	-0.033883420218162	-0.823597319260249	-0.5049365775248542	0.5579928844097521	0.6249134728806871	0.34488372854279603	-0.49662776807168124	0.05483296950274825	1.0544942725682256	0.20097228499893202	0.1298895747733857	0.5772945002533496	-0.8933528696100957	-0.0009428812390700899	-0.3444216103468394	0.31028458874795467	0.9145661611279261	-0.16946270931600294	-0.7134183729834844	-1.1968263662378884	0.7433240293130372	0.1572748365376539	0.19393652641406464	0.384040774283302	0.3514966702716203	-1.0462106213810993	-0.08705386035312081	0.6848949887214811	-0.21952843230780733	0.029037418499426815	-0.3718566106380113	0.13859865276618566	-0.9236171992768418	0.07709058675276914	-1.8179137336747613	0.34281171884715694	0.4177566698629535	-0.2747021656008072	0.7350875853546097	0.4087233936683404	-0.744541771339617
DTXSID5020528	-0.0989537568935542	8.784457940628082	-7.545891962812076	-0.24843491460183323	-15.803403977298272	8.355147796004337	-14.252706458284322	3.2123943404194337	-2.6258629726508724	1.525547598807009	-2.2137443286459213	-3.0343447723387866	-3.233488254184075	-1.111489615275184	-0.47188769520662505	3.7167350814427365	2.7977942650159586	0.7980311966110201	-0.45821289569781537	0.5667815293428908	-1.1850866920776364	-0.134507595207976	1.0924942785363878	0.5772588578927466	0.43295578603400836	-0.166904976660992	0.8936874620462869	1.2201216106911668	0.3989525894610387	0.8351458126406871	-0.33503738920601056	0.12473343137659622	0.6675410074712064	-0.9604787883728751	0.8113737871913345	-0.42096179504740877	-0.4272737219478878	0.7862875451367998	-0.3575993408052791	-0.010243930475582523	-0.9344519347375021	0.13908496204364418	0.3865831148591601	0.6786139763175154	0.7931526212281357	0.2960179365719731	0.136789765855404	-0.4499361272905756	0.7722076119706923	0.9087569816658999	1.5542046970879473	0.3444670364804507	1.9450099320569552	-0.7272723874941256	0.20626047386336266	0.5506413103254801	-0.7430659279005182	0.5858517804307606	-1.3782599784370326	1.1523935249473385	-0.2274901404357404	1.157816252814987	-0.2929873858956961	0.07674337603005932	-1.3507935064157843	-1.6505503222200557	0.48242037844757063	0.11072796036993357	-0.17057664613311316	0.4336542301914456	0.632666428521854	-0.03850246889726182	-0.6664439793644685	0.5852381484814129	-0.5446143515420752	0.6622184646794702	-1.0879553232252763	-0.19582778286435135	0.33759802205907125	0.27148379824259994	-0.8906042270618001	1.132128048079799	-0.33785832050155434	0.11476216964175587	0.4043708537800426	-0.4944172191483126	-0.6087934461143896	0.663898559957101	-0.17638989342021363	0.7097896819641015	-0.09645445825258099	0.37461093482256425	-0.48146906173201764	0.10586861827505925	-1.083609094427137	0.29094668052108874	0.10311177355406372	-0.17576364429633579	0.15099403126874658	-0.13458573719535066
DTXSID5020576	6.437722748204589	-10.353965113064469	15.297269673252147	8.349668313387228	0.4165983669607497	13.989983621854142	5.428008566935144	-1.1716708108535832	-6.852205002277427	0.08789725479034244	-1.1774930423335674	1.3561054078885397	0.17869461557759753	0.6514719094702529	0.3928521269560625	-3.6679389809525107	0.3386976624994928	2.048453827243668	-0.35188715136339166	-2.7556732299472473	-3.027902557569357	0.6351088567911504	0.32456430380486245	0.3147850777796828	2.280323986621339	1.7314944238181487	-1.1035638478649743	-1.5482505517081009	0.7786236069150794	-1.0112311708284967	-0.8136228476239881	0.5180234040868554	-0.8340907206116656	2.404183411095303	0.5158636620915784	1.4592305971148662	-0.4133940016290801	-2.1130709555769394	-0.06415893151873674	0.24137995120039946	-1.5852585693271464	-0.6864457225473574	-0.15627175254825088	0.49531074366937305	1.4442784927025702	0.8209978029098949	0.5784462315205979	-0.5383953072172336	0.28812474445552355	-0.8644153518626105	-0.3154702454029658	1.2055099917602992	1.1635068417310581	0.5275227636785518	0.24469428944849755	-0.05212368509070822	-0.8609553067905877	-1.117934438766518	-1.022429340866704	-0.933167025161545	0.5621970353535822	-2.0770174751745865	0.0001929818327748585	0.6396872028236592	-0.6685136877055363	0.27085737064271237	0.350442623609001	-0.8921179935463643	0.7706553519607418	0.20873355511647604	-0.22522328485301352	-1.3860780998354767	0.46548089918193825	-0.7443229387710297	-0.5014840655390239	-0.197111350121471	0.20792104297782055	-0.25305558866128075	0.28108057966975003	0.8440390913864305	-0.33480487853121577	0.10242501164993237	-0.08509518644317093	0.128735129681699	0.03462162520215301	-0.5144957248285186	0.05798711397388658	-0.49275298442304205	-0.935355116373147	-0.01590873651008842	-0.08412276812974147	0.22347151793452616	0.561595711084453	-0.4136261841998227	0.30268765339769477	0.8007678646373224	0.7678235623246819	-0.0026615123222079474	-1.420963888001066	-0.46603715563408527
DTXSID5020570	-4.2478272725967345	11.970619746274322	-1.258719171091439	2.1471879314513966	-8.62083459132603	7.328655765333463	10.640883669070455	-0.1373923508798813	-7.342861975467118	2.5209368912633616	-4.142122687021255	-0.717830629592577	3.9116041444700853	-3.150645965059703	-2.327779128867563	0.5612762737740794	-3.767090383514013	-6.3410727549808765	-0.9429064597206944	0.9879258574656322	0.9587174629927376	-1.7125794032755617	-0.9396469156694808	-2.7630940542716678	-1.7498089355032718	1.1147861191500301	-2.4297770234748763	-0.35864211922151273	-1.9086380566900498	-0.9021716730887532	-0.20217730316974608	1.7927071897297282	-0.21545263319672472	-2.3648123236855882	-2.146421018740121	0.38627703880291314	1.0410946463643511	1.4907253533862463	0.9811375939766966	0.7180912933849138	0.016477752276991237	-0.8785949060694473	2.582863496170811	-0.41223532814696806	-0.3692128266441198	-0.6961093931136425	0.47804600988472645	-0.8201454447127299	-2.0374948492319893	0.1881523049755935	0.7219688651819288	-0.6150614806731288	-1.2333607646929203	-1.2130638247349008	0.7739921475287862	-0.3256389935487996	-0.7943241130816144	1.7757604421656064	0.4161889796483732	-0.43417634800608407	0.5367029015892372	0.37549592933911446	-1.3993647732970391	-1.2904333173871332	-1.1343085145231768	-0.13519108813544017	0.29369459969222994	0.051384327809093085	-0.7080617116677342	0.2498842677062694	0.8957750278516813	0.7689512592214648	0.8327859422503258	1.5842989484258454	-0.31335520021090396	-0.7956274095543858	0.6905162671296828	-0.44836916268688326	-0.293721081397971	-0.7042858232145491	-1.3926356291937614	0.16131503419742207	1.5978730849276928	-0.13041574453176458	-0.6932326006698506	-1.1890987577159762	-0.85026201968758	0.0006159485165639852	-1.510386255974893	-0.8006913331623008	-0.18131211835446176	-1.0242882409500678	-0.2982763695913226	0.15083795931848984	1.0302451127766532	-0.5151084549975834	0.644952712120153	-0.020468923334439997	-1.0247908650186353	-1.1140265775494411
DTXSID5020607	11.845691808162112	-0.06603863976793665	15.465562549292727	7.148085660766229	1.453190099327347	-12.637194380464816	-4.628186461549512	0.3883309151843859	5.372042028630392	-0.06126868569144962	0.025996212148015778	1.8993649919591338	-4.7144802798662475	-2.949011144236123	0.9205394131044791	0.966253415865729	1.3225350519032537	2.27792879548341	-3.682482830973349	-1.0372035766146854	-3.120357345531965	-1.1983585434824346	-3.056317649120938	-0.4236635588706002	-0.40736609108228755	-2.855059360930803	-0.6787074892513025	0.33305207939785964	-0.5229529211488897	1.5744645047106025	2.813355145100732	0.8031605092333097	0.3196186080273037	-2.239026140323357	-0.15218958978882594	-0.11754147475100343	-0.5609915245447534	2.1553104754287666	0.23021746193135464	-0.3259122736019732	0.10321270671555073	-1.74100797133972	-1.4560169666111589	-0.5154312272189371	0.002301586347952356	1.2437392882389808	0.2854827777308679	1.9645229618777227	-1.305159275104381	-0.8641947297542527	-0.1880378729534761	1.5780874933401412	-0.09046974661259903	0.08757945384389366	0.5762515540902007	-0.6600586450003721	0.20748864670756811	0.11979162165920401	1.2030473780708288	-0.27173070016629963	0.9474557795130761	-0.06197704239945435	-0.12729600241847025	0.7478775531342828	-0.6875476324129541	-0.15720435225536628	0.44143323263479123	-0.36218150862614024	0.527982435024269	-0.6322583605726405	-0.678111690246942	0.010065875411196816	-0.5651763615604666	-0.97618027905401	-0.7302309870865817	-0.9304826584009345	-0.9474916134012205	-0.10809121943584762	1.3510470760267022	-1.1896299471376306	-0.2631125940855742	0.9500926331652935	0.16013337877790762	-1.1173173130357585	0.5814862612796686	0.36730333664289533	-0.19440689165821348	-0.06275190594678963	-0.4185215370386657	1.0920529862403225	-0.7277534324576094	0.15236491903318108	-0.635787674064332	0.24946027558734962	-0.9550888942864807	0.3204495173101505	0.48062971641878693	0.668561595487721	0.7663014403931755	0.6186185947237497
DTXSID5020605	-16.17781915920925	-3.111818463818304	11.12301217786069	4.3626291349762685	-4.5722374562295816	-4.883049556923413	0.45991975168391713	0.9717155514422608	-1.3767386358639775	3.6200272041792876	-0.87336518270997	1.0043977966435873	0.9416638275956453	0.5929945498031864	2.5605248453845855	0.7165579988087274	-3.4444572544210734	-1.1970833289121907	-1.6721184758341687	0.6227783008166934	0.9641823543848783	1.6222293892773412	1.5374289024347716	1.3542178757468788	1.1496828972921391	-0.8226571533679103	1.7525321166632828	1.1580700872964849	-1.3423428154301158	0.6366810143464482	0.31490210218853515	-0.616671219054346	0.07355114584384603	1.4013758598837456	0.48036128249051024	-0.44795937714076245	-0.1540963253551233	0.26124852213189137	-1.4959343511611884	0.4335396452962536	0.379247630272281	-2.3890571681113544	-0.2613579607416059	2.6178371104634373	-0.20181234136897666	0.7668347989289267	0.049909303807336006	0.969677067000051	-0.22963175387219306	0.6522017102612513	-0.5730229564919729	-0.37778967896077936	-0.3797474108580085	-0.9459186629971802	0.33764228952766673	0.3452342843331812	-0.42825995053603966	-1.5606320378092562	-1.8864607173890349	0.15794812087606405	1.9775456882747715	1.5203302786747483	1.236081694919084	-0.7523695516190164	1.5787204366132044	-1.2270371532936606	-0.05725119030781028	-0.4939104212683732	-0.8050259504564418	-0.5350118349018568	-0.8570966849704201	-0.5015876488904392	-0.8087749677449125	-0.2423490229012409	0.1838060591541061	-0.5195652949484555	0.09866875734614798	-0.5869962522074905	-0.18212434536049846	-0.7071256935260767	0.6720633197304967	-0.08244099598886111	0.2610490346098655	1.638024949096462	1.5176634281328907	0.3192562173087321	-1.2424701404383487	-0.8487833884469917	0.28106021604846443	0.020513160720579005	-0.49617721646817853	-0.7776990721855059	-0.42317922759799254	-0.5404459381732376	0.7093108017537454	-0.29105649105534903	0.8999058889955686	-0.06543573416600867	-1.2413607329962388	-0.028362495233629707
DTXSID5020653	14.658262318222654	-15.387756376380398	3.6842532854511822	-0.852262226064723	-3.8273738999676237	1.9132324950107833	-0.2770296570142168	7.656514889218093	0.8117105278719597	2.465008775114126	2.8014275865040745	3.0687830080387988	3.0795407336316885	-5.7795293145402376	-0.9854943571411665	1.470521319305387	1.7766760424995267	-0.45209708859957803	4.946944063031379	-1.2801666169718229	-0.46382372013017903	-0.4546292554532068	0.5673828806000705	0.10272178397568249	0.16023491283877572	-0.8945873630321485	-2.6229332918872776	-0.3564181255934671	-0.737757085453169	-1.2366598399676008	1.2406150047722824	-2.007257905946869	-2.6273226444426405	0.9103548724577378	-0.3003569737161008	0.4054929949849794	0.41664573584462083	-0.700111774723775	0.3692674764846831	0.14455592589128488	-0.38205627945156945	-0.5418330879230895	-0.7324346510608085	2.542475514217319	-0.17809216545788237	1.5824949819564014	-1.7231624676504123	-2.2944803541683694	1.573120784198893	0.09994364980995382	0.11693756613895041	0.9841933191881568	-0.44160130560127164	-0.4814201518760894	-0.32687197489755765	0.8038420795313368	0.7450410644817932	0.30382848627042436	-1.5649474005617607	-1.5660415904765466	-1.0599463800987874	-0.33313636590039636	-0.07170413029144959	-0.303700751107449	1.4988211608841764	-0.19857992380292339	-0.28086443647885256	-1.4196885738865688	0.5611979261586192	-0.12728178996918574	-1.713925558235162	-0.20914587777781415	-0.42160105445034357	-1.4922066362114308	1.8110013707730956	-0.8816909191310263	-0.11358890441316324	-0.2558190950341959	-0.6654258859673292	-0.5304870224257382	-1.1021999610973332	-0.6235099067796084	0.6566783054463423	0.8862701550336622	-0.09658776258866536	0.7390953453679028	0.12432737193361527	0.5320390248195869	-0.1753144970914502	-0.6205061713823335	2.1169390626578037	-1.180523810228088	0.03166649189045217	0.40449102283583094	0.8126765761836214	-0.4104527069537258	-0.7167591409146206	-0.6344147535107721	-0.8289742447270483	0.35088492801931864
DTXSID5020811	-19.151234358914863	2.669179106267885	0.8066730487942094	-2.8071722877834233	-1.9173955164199072	7.679314247277011	1.7216131888988606	1.5037358052764205	0.24348073395910075	0.8394881735335945	2.2584360644625754	4.78589035954168	2.7097897699875118	2.3263193396383404	-2.48828401152511	-3.328356084820041	0.07411141853230928	1.2078012475092055	0.3368037311183079	0.1824813747673625	0.7021823905176189	-4.008150823162595	1.0247245488353824	-3.1704124371233093	0.5969346875259451	-1.469407134047956	0.10597180570777823	-0.6221075463721765	-1.6086991554662085	1.5168360729115973	1.3304049455440496	0.7065491658076961	1.4458329216277077	-2.20728894275046	1.101700110559382	-0.978648230010404	-2.2461932544618746	-0.2151426933554429	0.9630539211961241	-1.6945461912583806	-0.59009208482466	-0.6839782440896218	0.20344625315790119	0.20701198512212524	-0.4413360245007203	0.08433304969623413	-0.3730060206226576	-0.26417450017993654	-0.841914885692479	-0.06473995457997957	0.1771376385816939	0.6070836071662665	-0.7247193055565575	-0.14376969608397064	-0.30744965750257286	-0.4113533978675149	0.5315409433230277	-0.23322254378791676	-0.44476779046665993	-1.0143308854974102	0.1254093935340519	0.9730724298719526	0.5608058939584374	0.11519575637749292	1.9967515199886805	-1.2430570479148462	0.15758498892259454	0.3484404328200568	0.26974086597006586	0.3019935528345592	-0.4665680039534338	-0.033694133603765705	-0.7301252337231645	0.05127464379283234	-1.2389446272818203	-0.6327880908154121	0.4065296938995468	0.9354398234366542	1.0470127298398202	-0.17399000382477883	-0.09014722022830936	-0.3205561732957463	-0.9312823261621952	-1.0248732765085986	0.5549125992692472	-0.2761274187772213	0.8860552936959174	-0.5788159657112845	-0.14477379313314792	-0.0938112919270532	1.0759043416720748	0.1222289499971027	0.06778541076399824	-0.3468437658034507	-0.5692918527620379	0.054706147551056024	0.20123399299689915	-0.6920764129974878	-1.0481920086532388	-0.3415289188389279
DTXSID5020730	-4.118685945798194	-15.6738317915816	-11.353930753091547	-2.3707344709011355	-5.461080532069415	-2.182563624275649	5.299909482479398	-6.611739241987172	-1.5214633642939845	-6.451970810260384	-2.3016112934790867	-0.5963535541605555	0.289686399172167	4.808648367722261	-0.08834163416648647	-2.138127411832189	1.6567130952147273	0.9406003432074027	0.29830566201862524	1.937477240433818	0.309710760733044	0.4527842182221172	-1.349789675002631	2.0918620267684305	1.8666986470188915	0.24006312327702473	-0.7671350745360836	-1.7638884032165254	0.6274163381927661	1.4443621697865248	1.1440874140827335	0.5676289929744494	-2.133351264814097	-0.5295296395310806	-0.6470949217470062	-0.4423245821895312	-0.27793319976945635	0.7854247657015306	1.7924634241962687	2.4282469097597	-1.0123584746216294	1.3643693056666708	-0.5078005326164228	0.44382903467165047	0.9139392623686076	-1.9386688909861038	1.4292822638317328	1.110133090244465	-0.8028912377858086	1.6303570883784824	2.061364851062741	0.5091336904942113	-0.12166411948468563	-1.1103881258697499	1.6638508892290478	0.17634468503884973	-1.3594497892772548	1.7532702628804422	1.6695986775598546	0.034760351433392275	-0.7235605054825698	-0.7377153527998145	1.4832281049191376	-0.028789207551780157	0.32832516074981716	-0.7050858107634442	1.1771921303931168	-1.1592283770388565	0.1323906228317037	0.528623180219206	-1.006367360712958	0.09646002244758163	-0.4765369024780596	1.5252377855819084	0.49677640804985146	0.8349705023807341	0.05108139601616849	-0.48809410031381584	1.1887275558582164	-0.28954117563859083	0.053154231000925097	-0.2696744797810342	1.5674521880301568	-0.15032559361358758	-0.12265976516626292	1.3732020632104054	0.24364945524446666	-0.08856237817165458	-0.2790988338492863	0.016283910104550745	1.2536566642536704	-0.27205844980250443	0.03697212197339272	-0.626949749713235	1.3488625531954366	1.1178305658320702	-0.7799180661088359	-0.2890017983178638	1.5870525733459144	-2.166873354270193
DTXSID5020784	15.557691765094328	-0.6781766178388554	18.346933800117398	7.141347944896042	2.139429901107887	8.531054738123471	4.185191526562333	0.6760542051990616	-3.262159701890412	-0.16577980588993274	0.7593854558081679	1.8129710732134885	-1.2991819044863389	-1.5953391782032873	0.16114374022549285	-1.0969190453963091	1.4133167325452636	1.2557630432109426	-2.5476514756917084	0.9375754679453976	0.5967511677099178	-1.175227006451718	-3.1759803347023206	0.7630034232639399	0.3981244455732777	1.5255233403413677	1.4048478163767233	1.0959484768467878	1.43098281960981	-0.9003731822066168	-0.35001141366218047	0.580219712966371	-1.96732809212117	-1.661815743269374	-0.5452258115241219	-2.497747680079886	1.364259211140057	-0.9339563650252363	0.19848884816713658	1.1026871885660092	-0.43402984279085505	-0.7085791918322296	0.26360507686046575	0.11505880786848764	-0.9598074674527632	-0.38060030953592744	0.12564548483113222	-1.04196291349174	-0.08918257400190796	0.31687955703405396	1.4318030813748397	-1.2315910739150269	0.2430505269487859	2.4452545653663567	1.7953705623219625	-0.19629342761685203	1.1354154046377514	0.43068814205990025	-1.4757022449235477	-0.7753723400837976	0.12093018836261214	-1.3980979687983768	1.1011600072826007	-1.8055644421917154	1.7307722375301955	0.6944729206229797	1.8614254548895868	0.036666816884994104	0.3518909412321671	0.26897519186627816	1.4005692557946268	0.10171613457630803	-0.995866716545313	0.3735202648816032	-0.6088019005900833	-0.13364116593764147	0.21196985599159185	-0.13864913623583866	-0.387977521202543	-0.78979297273891	-0.1569358102915614	-0.9964870076809184	0.4311528922071124	0.08771993056110902	-1.151290224623795	0.2182744377930797	-0.7445276127552456	0.908835472312256	-0.7394518018896402	-1.0115998780721664	-0.09697186569083797	-0.6371193258102938	0.40228592276565023	-0.6430707863200947	0.18044770601342267	0.8565042382529438	-0.4663716101251467	-0.5282567522862971	1.0409010526882403	0.7113337197470901
DTXSID5020867	0.01792666703378972	-16.804123804484746	-5.298609869054738	-2.0267468201147834	-2.472077650074549	2.520449946020582	2.228537492549569	10.407460777437993	2.1647554748112374	5.810523875862316	2.3649896380440163	-4.1455069976301395	-4.6760959157032875	-6.879194644331636	-0.46730401841571584	-3.495974291270505	-5.103682778622638	0.5816579873896112	2.596525408291952	-3.0699090659834227	1.4352916244800402	4.007330493939044	0.14340091907750224	-0.9283355617947782	-0.9412868496995775	-0.4278149749880923	1.8031745659053373	1.3726645003119966	-1.6826647756871993	0.4899415835392463	-0.11078218743286632	-2.7505390879201927	-0.8485226701630258	0.2983605321240028	-1.6147069798607858	-1.0271355363547012	-0.4157966003534965	0.8102949361173866	1.8351925797135626	-0.5257546057935404	-1.9679092144449986	-2.0488215902563844	-0.09544962462186603	0.7011146442550527	-1.0591245160038802	0.9361104649411373	0.12395894077961984	-0.6737635928829606	-0.19622457465183343	0.6395878211946979	-0.13804956634022844	0.5222962736803655	0.1601559994498839	-1.9469038386183886	-0.5934032413789901	0.40426122295912625	1.855018759646471	-0.4935723087894	-1.678609880230958	-0.8271340849542685	0.9139455734157753	0.5048281632449217	-2.067789347677337	-0.4249723497926543	-0.2936215252209702	0.4536227117682628	0.417365967481928	-0.9261112586628093	-0.07315695827785944	-1.3003443321175914	0.12919676822986967	0.12169538029985084	0.6777695172949606	0.5992343915487058	1.048213635423305	0.8329991449249043	-0.0466382863067112	0.7344764098184479	-0.8022807118373433	0.042393508043000995	-1.1855970870137507	0.6137335814225997	0.26183309097429946	-0.599500869240815	-0.5101097432607005	-0.21815029300048444	-0.06733207427361507	1.2078288786396305	0.11423087299683556	-0.7417374765878134	0.5281232337040949	0.11098598457625157	-0.10282648339968328	-0.5219299408544735	-0.2024332197971606	-0.48438894476673966	-0.26658354704066	-0.772082137096455	1.241510838332192	1.3457510760739293
DTXSID5020819	6.028477005357576	10.969031985832117	-4.044403501347704	-9.887343629247365	9.81518970442568	-7.825098858419959	3.820432909573468	3.7398531884107564	-8.05104296600594	-1.888212375886076	0.35986598921027013	-3.77561389818585	-1.2321862717526937	-0.07104300886349359	2.0804044725757116	-1.3393107889546638	-0.7353977903820824	-1.2012779588248579	-0.8914877608320803	0.9152298111879872	0.6581781993896013	-1.4957320138973218	3.6273674352557173	-0.07861580345739157	1.7150119071026904	-1.1545522217188489	-1.6525438043675815	-0.28468990276157596	-1.089475962098097	0.46802569733770566	0.9002391897891744	-0.7811136408645847	-1.8322463667571909	-0.8472697222002602	0.020891221437391937	-0.43360464116460934	-0.8580095921076691	-1.5174594746883787	0.7808448426740016	1.5397869717119208	-0.9268341535487357	0.27187335946441826	0.31085412080029196	0.4369288264362613	-0.5111472099727664	0.20043205505789674	0.29165508046745386	-0.7849012580283825	0.9337837038459353	0.05600234058797225	1.6604276276066094	-0.43896525806274556	0.47531834516141125	0.5102069350678876	0.2606320006025057	0.30504107024934446	-0.8761128430052647	1.1948582102626681	0.8658703949766742	0.42332574746000684	-0.9975147069418158	0.9221318919596079	-0.9613390025786215	-0.49060666767074756	0.3444942423089776	0.41321279748315015	1.9097696346687902	-1.2280174373199677	-0.8757683365943241	-0.5373089925314537	1.145832675537291	-0.12290632523127669	-1.3542708990525267	-0.07081662555962667	-0.8357234292156743	1.1945591637307784	-0.7173959903526272	1.1808121479768805	-1.3569499900800275	-0.20881456320155967	-0.1541048937294024	0.09765220333740626	-0.8891495283238513	0.650224688148924	-0.18746325804191938	-0.5103022429435731	1.2490544923395648	0.3975060269341543	-0.7033442060783237	1.1146966019296967	0.15788861395654377	0.7272649198690087	0.7303011615255068	0.0346217865022003	1.0729599217416843	-0.02259437720964918	0.5167566537166475	0.764554410833793	-1.2912334124315104	-0.6965700348003285
DTXSID5020869	1.2819492628464288	-17.436068018800366	-4.867375572284439	-4.103315686598738	-2.1915150517121553	-1.799186728128224	4.203064507821899	6.930522569118276	-1.103976297543931	7.221708534048723	4.3698697781841584	-3.254627738368466	2.3090456510251345	-3.93575924357095	-3.0912003992232515	0.367235216713466	1.8539084388102824	-0.2921926467012114	2.3146455616429367	-1.2770625683378425	0.624657904339101	2.030062570815047	1.4154342257177575	-0.09938611155237043	1.9414503413329265	-1.0147621433264977	0.7120781679549566	2.0687350820787436	1.1914002237315626	0.9502509914766608	3.1474217321786213	-2.4731144874676816	-2.1333031265524514	-1.1053411177855994	-0.9860571997165164	-0.805258618462737	-2.431441930354894	0.15620463734788237	-0.17338221238847273	0.1536598825274671	2.3690704990949802	-0.05240486861188476	-0.5298408315512473	0.012562021210004031	0.19650589104028476	0.6663568378054064	-1.6937117140127804	-2.1745809007227055	1.8414620773262815	-0.00480385581363655	0.26925924451016364	1.465123815256577	0.10177481368188619	-0.729525044476247	-1.0262994990513357	1.2388431880143704	1.7325663554024882	-1.3150756106473747	-1.1182885834185965	-0.5063690839015594	-1.1636415123325266	-1.112322900947046	0.19653120589613068	0.007073376046620174	-1.1236146444314954	-1.4707228289460181	0.4428582844513275	-0.08422973328866465	-0.19811242264930726	-1.03575270126352	0.21304977095800803	1.1418304388121092	1.0765678214358785	0.6618315313430483	1.3593106470174479	0.1403522956368304	-0.3365381440018007	-0.351281327978241	0.3607428468635709	-1.2912857526759294	0.4418212190033438	-0.5310867992549697	-0.07152138859768803	-0.948351392964281	0.9672083994949114	0.36491075372238496	-0.45533776064271786	-0.22524120275946952	0.36198767157524964	-0.5003162480688094	-0.6941390098413585	0.5746754933538692	1.0010635066743385	0.24276622070052853	-0.0821527773806075	-0.9600523402103703	-1.4054081199515664	0.31780267308484567	-0.25922172049073494	0.10002223897197364
DTXSID5020944	-2.556967706353414	12.578907265018525	-10.886170408665649	6.328082658776346	-3.0346535313566623	4.037419669437116	-5.681746583091343	5.034616467426437	-2.042562835704231	-0.5832302641655822	-4.509748342387891	-2.963815615698998	-2.275016742430351	1.759071684245735	-0.6689306452675451	-0.5117570314772194	0.29490259365322885	-2.210051585587916	-0.03975410497674081	-2.0332866117209663	0.5180857439910422	-0.44243086524165515	-1.6996900420276473	0.35216585290535835	-1.8062241015594518	-1.3674023858706046	-2.480155519400124	0.6175483272918795	-2.2140345534726675	-1.2121255771360155	1.8042143521285858	-1.6241212823926763	-1.7711856591743356	1.7352861557152464	0.9118661736974514	-0.19249108145207755	-0.6209480791985266	0.6293807762612448	2.442226178993268	-0.8857463751075084	-1.1509113816775947	0.1504559590523949	-0.058803807105705395	-2.375367430675291	0.094141563441141	-0.8079633137394576	-1.5243544111742042	-1.6815729044914596	1.1894292756814049	-1.3601393206652346	0.5528591485317932	-1.0611132695742347	1.2511541261256836	0.10117248510540468	1.400848338190436	-0.9534051066345746	1.6892326607794417	-1.1650212110604525	0.08024927020363717	-0.41675397208498827	-1.7636842926381697	2.0940775555702724	-0.791080611119555	1.086276576023575	2.600617300321485	0.9788212324668573	0.5299772255261982	2.1242765828174544	-1.1291528020217851	-0.2599003167610774	-1.3543923578662806	-0.8568930285319295	-0.09716510254580844	-0.816821773753416	-0.433489896057432	0.09883877974723412	0.25966093928868517	0.20821710192726403	-1.37166352258633	-1.1115197010712694	-0.2966667786161414	1.1446909486248853	-0.07746423410164702	0.010442076994285645	0.8946639670581273	-1.7826152130108996	-0.6045339911824643	0.8029735350429494	-0.1596203506361132	0.3611346314078877	-0.39571022094058866	0.4814976309794694	-1.7497287051811985	0.95071130462546	-0.4176122649896688	-0.49780314606843024	0.3301932955499868	-0.5431788182260636	-0.238023633564917	-0.7244076249805216
DTXSID5021332	-3.6478757424302604	5.422076513962235	0.9408300119833448	-13.4633254080073	13.594111244684186	-2.5478372399884877	-0.19217467312939596	8.088855362810182	-7.17103523293725	0.033874151091956795	1.6473864772260898	-1.5048834491208822	1.2081754435423249	1.4563697252039407	2.22041247113112	-0.773219941196391	-0.10370169235806102	-0.3114537438105082	2.504810937194866	-0.18096330957532486	-0.35162752335544617	-0.6532305622485653	2.6436754702463445	0.24007584540949833	1.4919351123963607	-2.706124339833168	-2.330858377995942	2.2044816550656026	2.0924779199664743	-1.4696656850188017	2.6971367067520124	1.22790384478586	-0.15509840491896765	-3.2555218107803165	0.31295742949940375	-0.5089802458509238	-0.4312779840638505	-0.050209064251821416	-0.895570691433917	-0.153462249007234	0.5213808655653613	1.8203663495819744	-0.32428677337572875	-0.19359085358727093	-1.8709022567023907	-0.3523449555697648	2.3136378724810625	-0.05590598318911737	-1.643778405129838	0.6445412481780555	0.6278832465505533	-0.13007692321134978	-1.0163985958650594	1.1182099472806117	1.990699259017807	-0.13599191448120782	-0.04600439952406969	0.3068116369435814	0.7671920095989563	0.3956555956383241	-1.1862446108519389	-0.4367084916235197	0.9688541214598334	0.7044994813907579	0.8654305413990313	0.8620757549107221	-0.404629382722204	-0.8329249174903774	-0.8250075400560491	-0.15698231593765935	0.4613353280330618	0.8909622170662469	1.8233590626418539	-1.1591455655698548	1.0617716319627322	0.3173601359786908	-1.699078595522519	-0.6297485100804595	0.6461110462034849	-0.18164645876328767	-0.2529993643969905	-0.20054682351745728	-0.4483132193670692	-0.21839289846218676	0.9352555750966618	0.6732664321569406	-0.3407728577787197	1.0696926940678415	-0.47458961955594514	-0.09185360582506383	-0.9405315058928619	-0.9833002558603741	-0.5058747697308282	0.034089177364905826	1.1501561427114053	1.5441111503692748	0.10200313583532189	0.5020160308929188	0.6748296774249262	-0.5500568181549099
DTXSID5021411	0.10566936979816574	11.449979648789688	4.879221284204545	-20.760634265086104	6.8981015323365185	-4.5979761638262415	0.5399471372108785	-8.970098140299784	-1.7167148980280011	-0.5237464815496932	-0.5968624980835213	-1.4459695765728373	-3.3811528846932837	-0.1421969508389177	1.505145527063294	1.505688475921684	0.016395470792274557	0.688401555453338	0.9401304453056006	-1.0838350160379577	-0.04266344815950614	0.07402567019139611	-0.20241324010979056	-2.877217999166074	1.2386932907057253	-0.5809211338036404	0.05243145867599335	1.6127057501674327	2.0946057143370282	1.896080551529217	-1.0495885709352761	-1.007408837163831	0.1003887023599136	2.060341415567772	-1.3881540793278369	1.2076961755197877	2.6182854090604946	-1.480225397557917	1.8720317118687468	-1.1743098835830843	1.8060976248348355	-1.594914874462753	0.3022503549889633	-1.5947868135318402	0.4817633334260707	-0.5116577514186685	1.207399546064194	-0.22886183550568787	0.5160023897955646	-0.9102332401989293	-0.09672668621265516	0.5871049828818107	2.3807573628009018	-0.3595856033074194	0.28700366164432395	1.1483554915861132	-0.3379386594353313	-0.5065314034141533	-1.0957314633490685	0.6232254627864283	0.8384430313474186	0.07903861127907731	0.006873753192623484	-0.2571424278808267	0.1487070669273702	-0.6080105943541531	-0.9581371974175252	-0.6620119657380052	-0.06404459919479928	0.9980782774284213	0.6465506848300221	0.2209206684245786	-1.3159204875065684	0.2947939924086375	-1.180732017559897	0.5241070804462569	-0.21215045866705368	-0.6334991670553964	0.5193703559652764	0.793447452618858	-0.7634024997819407	-0.15380256331484168	-1.0871977203773118	0.3590392758779814	-0.3876095375382859	-0.04320652367886584	-0.4434410980801098	-0.19390313542349902	1.15260667673919	0.013592067097997072	0.3408430905877824	0.6412220637444226	-0.9628648694725965	0.8419227441837472	0.39109112247195554	0.9140356375296729	-0.6684933207896234	1.5824785070264558	-1.4491850259272052	-0.7167767147638204
DTXSID5021413	9.58068651910035	6.304634242734108	7.329696565353974	-22.221637940204623	4.943913003304493	-2.1335421493989455	-2.289195782621732	-7.605356094251481	-0.7088589079409526	-0.9930868835799479	-2.5398540137581547	-0.035855047098262566	-3.4271921467640283	-3.697234330728191	3.382608983350993	0.7501817495093922	1.1123084620428834	0.9101247092632704	2.6392759086078663	0.3735511068038209	2.5019621145607216	-0.7183326909654335	0.7225998031687186	-0.064768879330114	-0.6124541330398041	-0.5751515415072195	0.5736247292144303	-0.30663923093191187	0.6649699179916704	-1.227361418261387	-0.23122943740065954	0.05998339082952457	2.0838844518133324	1.5447865219132166	0.4333794832933206	2.5825741862864025	-1.5999807338898913	1.004124173655774	-0.6014868992656917	2.097660089860931	0.14635956671852	-0.8015893132593753	1.0237667708040856	-1.2789656962617424	-1.6815693745541054	-0.530047566879469	0.6775373257114757	1.1948952405203261	0.9338684919389628	0.6009048611467181	-0.4512108331182621	0.5889881946685104	-0.5576987097666057	-1.863881865332564	0.08961575675668844	-1.5789785091676736	1.3559027221401125	-1.8752832846532839	-0.5042320077600627	0.4040852974689909	-0.4368988777927223	1.37946588696885	0.2391858838251695	-0.6729814605393677	-0.514601670193384	0.09842307971208764	-1.8744072028271634	-1.0010578426422934	1.0951192373828584	-1.0669343820274044	0.6352400224635758	-0.6884168724639322	-0.48533642085121487	-1.0351023405552477	-0.7737389801452559	1.183000681098878	0.11527667207283797	-0.6446949379718837	1.6658746816986576	0.16048767438976594	-1.0212845394882673	0.9908665021809249	0.8048596153462155	0.8008087622972343	-0.7353221298950673	-1.146242244668158	-0.9149347139483641	0.4569904302304235	1.431196401328639	-1.5289058181053017	0.5911974590675299	-0.8549108102068681	-0.4453863348574095	0.04974484245792222	1.1768497239990738	0.18320383550586938	-0.4889341275177945	-0.5325351457768117	-0.988812188028188	-0.251595231317106
DTXSID5021415	-9.916598270414688	7.263139925104787	9.710609200494359	4.051801463666857	-5.089646219859706	-4.17671438693583	10.536679187482783	-0.08256060624977839	-3.080092925023787	4.5828093447719365	1.6683193304175485	-0.4763224560811921	5.890451682562666	-1.6835655517562125	0.17466992888732183	4.24445956904124	-2.6383689187434713	0.6931466841223847	-0.051039067993036015	1.4679582903599757	0.04873438602134421	2.4517483810718628	-0.25159413174592626	1.663954594566618	2.2498762980824027	-0.37818209704259276	3.341699729920843	-1.5639465785225615	-0.11845647348715799	0.8434935155266398	0.2760764809148271	1.4252081994820274	3.448024307904416	1.5327886098117742	1.7342685066065562	-0.5383457861323484	1.9524927281309647	-0.18670482384332662	-2.863151853025021	1.476127201724541	-1.9913473132064423	-0.29306763085342324	-1.3697883956189583	1.1014244084718823	0.6714670347245897	2.833751304874255	1.0253748990814455	1.3845334193383847	1.2903812132866759	-0.29182322366113445	-1.01689870190509	0.9802103295289141	1.411997852514462	0.42818734561507743	0.7187272799650629	-0.6554351478328561	-0.02573244098926185	-0.8477219683054824	-1.1585619586138396	0.9497940969791034	1.0608732213170087	0.5793034818077155	1.092766711161689	-1.3085704798348918	0.052121074992957685	0.02126373778530204	0.5025563986124645	-0.8914910608801689	0.5852760755407594	0.11991702098816491	0.905042572696878	-1.26447639762871	-0.45009441166755215	-0.09055993067441923	0.7956436003947382	-0.8498685314183705	-0.5754021347681557	0.7397595272127175	0.3267876719773556	0.45291810548882294	-1.0339451977317633	0.06797823299346294	-0.5518601972079357	0.03457204393532423	0.04312369599374589	-0.7137630811050895	0.34872261996014386	0.48005051837788715	-1.361118465441007	0.05105150322910699	1.306269101343846	0.13708504983015093	-0.7046356909145567	-0.8199584240064346	-0.16012475994582237	-1.1113997857530453	-0.9412360740287025	0.16882921991041178	-0.8971773729928126	-0.9329415327756325
DTXSID5021758	9.538642289497808	5.6866975113236	12.53763746851725	-10.767455944046045	-3.7944621774784455	-15.33099277262694	3.5169864810507327	0.13513318448953696	-1.6434943802725188	-2.0330714798689664	0.30257066015428474	-4.1534062307811155	-6.878926541716061	-2.1976463129945194	0.7181005788713815	1.416121485215518	0.5620949991287131	1.796337411401974	-0.6040030647096967	-1.0214695921209054	-0.590920903571449	-1.8790359157150278	-4.3708290135199945	-0.38759036162610466	0.7184024891897022	1.6491847889450977	0.3289774057446592	-2.675021197687688	0.11482704945032504	0.2605204575009149	-0.3488201232037858	-0.584078783626646	1.7098123968434318	2.0359456287608966	1.506898043373337	-0.05145943670427892	-1.8490268755147492	-0.7087726049000881	-0.12610750241555335	-1.1969673115413144	2.1869767185309836	0.4782834072664055	-0.38511301151543254	-1.0947462672934938	-0.01744929588819888	0.5479980302132487	0.39238613873465306	0.8380774059088615	-0.5476284364782589	0.1753518372011545	0.36984949866569045	-0.5384305630862586	-1.5000633428522896	-1.003948301390797	-0.25949427238482514	0.03369499038454611	0.6394961063294323	0.05687411769253939	-1.0345706656216254	0.6156835683257422	-0.6058112859172422	-0.7639692466975945	-1.5141519202116736	-0.41644847669628615	-0.3985381316936867	-0.617048902415817	0.3815712104957607	0.36347162174141445	1.0947754502739149	-1.5540659732856632	-0.8609260860201189	0.30706067061915737	-0.6460027559858754	0.6711735092543034	-0.5310454194334031	0.6968115016630978	0.596798924472665	0.6068634604010203	0.6063571603821963	0.4454234976486664	1.491405401547935	-1.6246293784757881	0.42997388160992667	-0.026666996809689623	0.4448342459810992	0.23330743220062738	0.08966762990107548	-0.22830197631032814	-0.31204834975602386	-1.249453772358971	0.12210812082668514	-0.9317433317131545	-0.8186361052334221	-1.9855501559961786	-1.2325955029993108	-0.3347638255947465	0.16619759189381167	0.5351735206754917	-1.1022970214684211	0.20463104859989326
DTXSID5021831	-5.611445567826811	2.8175647690706955	-8.107428460467675	1.2706332382593135	-14.170581871949144	6.881855639204208	-13.59700629738576	1.701241383290185	-3.711532531305805	2.590480732493899	-0.3125629868155632	-1.457028256069024	-4.58540986905397	-2.105170464098136	-1.14328196302959	1.8130318615287935	0.9248026861513791	2.321513585214587	-1.902460223333723	-0.29723709537849025	0.8186484249391071	-0.15219239207325394	-0.17128669708370436	0.5649458251393525	2.0849248999336605	-0.13971348698511768	0.18472072442906357	2.1616216348984585	0.6768202632830591	-0.11489107224080913	-1.0966612218515908	-1.791289427881367	0.8428095434010434	-0.7778951443609471	1.845845610071888	0.6619494766331373	-0.7702409619557772	-0.1347947961942336	-0.431604714969182	0.09491085192729193	-0.6658763812235607	1.0131715913032548	1.0268703846465626	0.8091851547370135	0.25957455717026556	0.006196289228581019	-0.15770207846488463	-0.18149957228202515	-0.7003515465910373	0.10218265427104782	0.7122772759170544	0.6977540848970799	-1.6406141910940026	-0.7985131705400353	0.3808386047706674	-0.3280197862454464	0.301492698173836	1.5298164974322488	0.015043435771006284	0.787270024832898	0.5448972440965533	1.3485349405957807	0.7973558628082826	0.30966528731746923	-1.0933068969091768	-0.6052667248462852	-0.34499171267819617	-1.0775302312531618	-0.1773828929794323	1.1454565244631227	0.5194358587417233	0.4257191144852414	0.5276668716985541	-0.22499888606336407	0.12371492162903328	0.028911747560010338	0.4818433041611995	0.5104157052687535	-0.8600018330013832	1.7196871133250682	-1.5131817326645158	-0.22176380424044742	-0.8600401165472749	-0.8045259781989033	0.2844903333615806	0.06073707737926045	0.730993683110688	0.5133357091103548	1.2180874832580444	-0.8902388066777824	1.1481680868410051	1.4746260537464801	-0.2134517661930309	-0.5804152130702274	-0.5615454097466894	1.3774843091229425	-0.9309026863067054	0.2068082667704529	0.4372386270189815	-0.16544629159564792
DTXSID5021837	-16.779798626032274	-0.6453971972516265	7.021285595061284	-0.7252037409410624	-3.4306134420795398	-2.0421664202695053	7.090973950920217	4.683564122934108	-4.361761140760903	2.491699095573126	3.9688447141363334	1.8468078137355222	2.1793167204555832	2.7378718050017126	-0.4864341317766816	4.566731839317403	-1.0565583606420073	0.16685611830584635	2.563069629899541	0.012691657253606164	0.013233076018556982	0.4650084967443077	-0.4182233776355956	0.49089273323734023	0.6406337190601398	1.2479373577985324	3.520325015966837	-0.03434716984763294	0.1115397318451333	-1.1389858461892846	1.5761120848366539	-0.07210938822753839	0.6776037271302514	1.1379961077906195	1.344252316353947	0.28220699821518	-0.20685976716281493	-0.559610449281468	-1.6530744737665022	0.3070289961649744	0.604839993340364	0.4252218878288817	-0.17814012148920735	-1.04603108842094	-0.12447523875581612	-0.6202674781777631	0.4414970223362504	0.9758696439496227	0.7673432011066521	-2.037140759222293	-2.3070650891238165	0.8188381563045107	0.43427596745756486	1.7775998635123342	1.1850513560359377	-0.7865034038675894	1.2239062297425338	-1.3286590954604192	1.3449909741306052	0.5390168915431803	-0.866052915365813	-0.08875218255027534	-0.014707468222372594	0.05044512290156966	-0.07578749222509724	0.4950416706814494	0.6838814113116587	1.7706312224620426	-0.017509048516716162	-0.10004606346371064	0.4465316170221146	0.99927154823348	0.12500545194251755	-0.2767805947302556	0.6556455633474922	-0.19933771176395224	1.487857381465959	-1.8557572759242387	1.5795985278276317	0.40330283853735177	-0.9462074462908621	0.23964548075357686	-0.5657883426490743	-0.3609537361780542	-1.0958783448488674	-0.45332135937661727	1.2921859695276134	-0.16236403739606653	0.6095420234663467	-0.14908206989766917	0.13165169106850858	0.020514611065508094	-0.555712636656947	-1.227962079044105	-0.011166169375229752	-0.3535376115110114	-0.26669032115984126	0.7749902891075546	1.1509929141298154	-0.21964365476838973
DTXSID5021914	-12.619304103915983	-2.4737648917597936	6.707495797752275	12.11725430777606	6.226450962684622	-2.8373273505905297	-9.355784209909828	-3.6607558243798013	2.4861767131843004	1.501138475996199	1.715655356864447	-0.03886740251184853	-0.583860451477742	0.028155323035141108	4.387674884521273	3.1144552678104604	1.329614582490298	-2.1453561756794524	1.4841238358930198	3.08924282598951	1.451514121521896	1.2375048950567304	-1.0201089576903057	-3.735583130140748	2.4412809469145755	1.4710114691351612	-0.08136585890307035	-1.6499730763415779	0.0996199491699997	1.5143112539279526	-0.19267297038736605	-0.20641990653074488	-0.8288613062256517	0.0020537400463100848	0.6345118921494765	-0.9597712565987683	-0.4044033065377424	0.0980398036154063	-0.05225461198871825	0.2850356195305321	-0.38063897219014475	-0.20868939603438869	-1.215465728208316	-0.7923403316871174	1.3372024004444727	-1.6714720216083039	0.5315542204923028	1.1017581900017694	-0.7390105612203153	0.21175093528808836	0.7187042335192657	-0.10563659954051756	1.506246051062261	1.0888345480097856	0.3710262613428028	-0.14803977197618007	0.34763290776917455	0.004042076593526092	-0.36636058586792275	-0.9163884269979837	-0.6663374778520731	-0.39993035377065606	0.4838893454259403	0.6491559006537234	0.9525027516485985	0.24100939877600241	-0.530901452007916	0.6129780518051189	-0.024513180940201683	-0.22182287941621084	0.7124041115418462	0.7611032679205929	0.5175934985704973	0.44776907031833874	0.5867491489809951	-0.6862999795437346	-1.0706670278255042	0.726333682835204	0.24920081964504523	0.334690541810568	0.20250181270336953	-0.8738307273791701	0.05365902561773223	-0.8278586402335202	-0.6569682062198684	0.47347222425917596	0.44392230932824667	0.23194520358702078	-0.4722842921045957	-0.08390290059053088	-0.10794431287200573	-0.29770443177469674	-0.7389618798381264	0.15326052851364638	-0.039830827043276625	1.5126642298036215	0.8943958911831857	0.27675837955733806	0.1737783418876609	0.4804575231828345
DTXSID5022308	4.850551454342063	-6.602410939331433	-5.890308463451987	5.425989319844319	-8.70901222770852	-2.163849599508957	11.54420488947676	-8.235921810233302	-6.374053278666366	1.8089287532141212	-9.589989966329625	-1.8861447568266139	2.4797195766263167	0.9579097657745127	6.163928346459415	-1.4634672148937207	1.1492750024813987	1.2875429003643368	5.1898729916921	-4.631469316023738	-0.06776450616190564	1.2393292775406888	-1.4940224504289774	1.1078648883114597	1.1832751022384471	1.267880099471894	-0.8666067127954814	0.16568345799407236	1.4460465128187616	-0.0024680487216409293	0.39424538813383275	0.9708624481672377	1.2154818149694084	-1.264949072910228	-1.1419463249387816	0.8185020961314918	-1.5067378593282703	2.4500167863100684	0.8574308552798984	-2.5067479758222966	0.1621863784848517	-1.8365441414839574	0.7672779830286323	0.6288860078258484	0.25201793671119704	-0.9303531212888557	0.7667780019369489	-0.043115564042950125	-1.9293390244442232	-1.167456390600593	1.6422846906675277	-0.9549577076849317	-1.7691608330417272	1.4388605179469358	0.24793881554376596	1.4245175101074632	-0.050795426985828604	0.20156782631840445	0.23818420349251862	1.5417635992077419	-1.2417869013835547	0.7196714410797376	0.2151370510787927	0.6530722061136637	0.9741459261516372	-0.47432692881471905	-0.6048751592955284	-0.3556547487850413	-0.36389652651751153	-0.2944690870079548	-0.5637841458713309	0.8672994328999033	-0.6881651074315119	0.18434318246990344	0.9823628015514384	0.40012857917740186	0.132547773847404	1.4180940518621357	-0.6791446978046288	-0.26621641563406684	0.5839890703776527	-0.3676707224367572	-0.27487587968844435	0.7324357126816503	0.5767575265342726	-0.0035271396154636283	-0.30798550072890984	0.9963463585775688	0.39793957443103206	0.99213475612709	0.5464620726286498	0.2937731908772664	0.3180579623033788	0.2446295455361384	0.8538513350196226	-1.4321479390279843	0.3568897240375573	0.26388276494543694	0.6519240536715222	1.0192011647641754
DTXSID5022934	16.76878286507439	4.108635264611668	13.91702969154624	1.5718522244410413	-4.585049880920854	14.288955148052375	10.646189834840717	1.1803624975562301	0.8711617408746417	-0.8885370773138239	1.6094657895349942	1.0640932894220008	-3.787874473021011	-0.551453852433387	-0.551017352784156	-1.7594823684423437	-2.3299961948540457	-1.963929073965553	-1.8184516288460109	4.731809975309104	1.1703148042858544	-1.4191575088597614	-1.1212404562733502	1.1261314891483396	2.3532685092501118	2.5118631500166377	-0.06894010127050856	1.9277246942961144	1.1169296027323725	-0.27332997478340215	-1.7680935002355036	1.7082245646618135	-1.6183426176450264	0.2254658232805423	0.7415807693736655	-1.6034319210120718	0.4408727311680939	2.275715731364852	-0.36889848793438307	-0.20988075977184975	0.9099388365628238	-0.4056316567159029	-0.9383269762555608	-0.18682672591694208	-1.1216991099766347	-0.8874575434669462	1.2819276408467213	-1.1873104243623467	0.17247760577292223	-0.25541167021664496	-0.9166519793248221	0.9216238913665318	1.480485804614785	-1.3687204919467613	1.3658653318969727	-1.4062519019690674	1.2567424598507573	0.012647920695713659	-0.0007939384275207866	0.577160313809479	-0.11841282732385226	-0.7203861181736164	-0.7216009385521989	1.3434264416550314	-0.6089440378816777	-0.43289995825471855	0.2583809455838615	0.12636602981436704	1.0234151728156518	0.10170357525340676	-1.2604126708816756	0.35565737329855956	-0.5267816847267971	0.8122846232939547	0.35737445074935537	-0.010034868181078372	0.4636509521333023	0.3618280890401663	-0.1291689952372756	0.1484251512105322	1.6481755195904997	-0.7410053095791399	-0.11581914696657189	-0.9698440375035249	-0.4893305323817647	-0.012354806964059375	-1.5032299935758924	-0.5096477059921624	0.5534271999148296	0.23999537162386456	-0.2686968732148874	0.26763530378263845	0.494266664805295	0.8327144118259965	0.11879965917026464	1.1165689397309968	1.2613756757123062	1.1957982497652022	1.264182947376239	0.06729768328940015
DTXSID5023322	13.524803032676314	-7.2352107682441975	18.088884848840834	7.992643493372002	2.8683456730726697	13.913593562479392	3.181357137629898	1.6511645789526657	-2.3521999892552987	-0.8993587732610716	1.5184352266173269	1.6050664805468298	-2.658531101140806	-1.002085715836885	-0.5186736803786747	-1.6449253774866055	0.7576982883451241	2.853715008434963	-1.7744082442814353	-1.7838504224550027	-0.4547704766273613	1.9670982354267679	0.060450006571471614	0.16152363081087445	2.368112158886092	0.493064764671063	-0.9947556850450134	-0.974135646568413	0.06337767992178708	-0.5608189411269641	0.5864779822443844	1.2646975227376376	-2.563530866193816	0.43597848263397915	-0.47253770967239744	-0.2299878303070663	1.4427985256893345	-0.9986936614548618	-0.15204461096525135	1.2979220212432325	0.02646793246679487	-0.7905110288429377	0.4327551306666887	0.7171023631439064	0.5831926132708176	0.469987899706701	-0.3614486619831208	0.16452873720877434	1.3868162765530787	0.31331924858790267	0.5995413521889927	-0.5956338145258412	-0.6211384115584626	-0.03996913897223551	0.640445231563397	-0.13418565377168998	-1.882256927954541	-1.2464534703098122	-0.26613316461412606	0.09833476321804203	-0.732561129578506	-0.47007593717236723	0.5753078104296557	1.366962584299803	-0.4711930031938288	0.3373258881696062	-1.2092164955272378	-0.35116372634494414	-1.0405585380153923	0.05682781267422207	0.09740164564544528	-0.28480363260667135	0.025921361164420023	0.20886841225169697	-0.9091861315866419	-0.8836079918508863	-0.14078381245634963	-0.08870766851095344	0.3100558870851385	0.852819990859453	0.6954985071450241	-0.8677003947410653	0.30953343086730895	-1.151997729239145	0.45190227136567523	-0.3525863280967989	0.13461108049917572	1.4891041627212778	-0.2194905368304057	-0.39716241189143175	0.1261039495184935	0.20666918124999903	-0.7898604879401068	-0.07275638945124902	-0.842199384269583	-1.0768975218036057	-0.08880628332021878	-0.3823884499936936	0.6117576688991662	0.4071053115189597
DTXSID5023588	-8.238838775313402	11.41659565398072	6.60128480599407	-2.3061767385337606	-11.160252552233857	6.19453303749607	16.435483620725105	-2.642410912610436	-1.1829058973716426	0.18953831685975958	0.23956297857662848	-2.133846406294098	2.540820978566286	-4.076823383367871	-2.948243600700957	5.353577596506642	-2.821028328429801	-2.8732364689346026	-1.4166148702700307	1.967976283544641	1.1844743526111385	1.0902561778485822	-1.4918846427148194	0.9264402562521892	-9.182506533040602e-05	-1.075970009059312	-3.0749369719674124	-1.384811504191164	-0.6894297078329871	3.1919798689359817	0.27818055821965476	1.8829249414335996	0.8549928560119427	-0.6129426487293747	-0.21318839912222534	0.9738637776939643	-0.6911817218883254	-0.05995046026118309	-0.002144749341185125	0.19090779711298372	-1.2562281599467253	0.3428188201300353	0.7977743844688504	2.780084522601336	1.0475526821803667	-0.12202658792316344	0.12166101946087056	-0.7328632282086767	1.038341802404848	0.9969510621955526	1.0278428766943861	-0.23253748279031217	0.42882313245247544	-0.48816423499318967	-0.12854224381613952	-0.2690036596762776	-0.22912548924103832	-0.6337740918120516	-0.4706084037845182	-0.10995733486631361	1.5007218938630977	0.018402159664972172	0.12358052952882395	-1.5969931859392061	0.6712079697329265	0.6789268427020785	-0.6915820801955418	0.2585281146024821	0.7816288862076687	-0.3153179395261677	-0.8671245335816536	-0.29321954599974165	-0.4077203672142814	0.02469489275168183	-0.4328466393369468	0.27092958269167033	-0.8742308270686767	-0.9575698810595015	0.16732354096711605	1.2657425584806143	-0.21905457476590812	-0.7586772344153458	0.12361455037689525	0.6590549616483325	-0.03987116870482881	-0.08718531751079871	0.6524557731983018	-0.09790047009093009	0.13247824997875932	0.6197955273258371	-0.5572570683618914	-0.01737617932005061	0.16782703483757289	0.584037647815354	0.03179276896279575	1.4162835005868648	0.21280907060382853	-0.5606790991303883	0.30234545289379205	0.44368251315303464
DTXSID5023792	-5.985817330772784	3.2528715024931896	-9.170421979683464	0.0006996818136611859	-14.721441392351363	7.784845599340768	-13.627290529656186	1.6094126763057273	-2.872122433084315	2.3429124413338145	-0.2598950861818455	-1.6505372454961944	-4.765144495631188	-2.157862525718283	-0.127902358984173	3.2649329539897867	0.9891453445641485	1.7185355820936912	-1.1686731373645294	0.08996955054081289	0.6360205309900345	-0.10262958304716657	0.8744421423279494	-0.09722038371775651	0.88248168336126	0.41250343404554635	0.21111876418320666	1.6019217688598606	0.22115424783109341	-0.18831663634105292	-0.8069145923027226	-1.4601857046939855	0.33904571676824596	-0.17993288096894078	1.6448166373532827	0.1656114415567462	-0.38214929731726605	-0.3475021857954295	-0.7658583448633494	-0.005495573052936514	-0.47091337430418484	-0.1311603029592835	0.38130558608782844	-0.7055011421735106	1.2097295344774166	0.7043485746848577	0.4114798606714269	0.26229016373327785	0.43917831793480216	0.35261876260348934	1.638703863506921	-0.14662547934297634	-0.17826150832854593	0.46699337011269837	-0.007567282197933076	0.43917268135045606	0.524190496678144	0.3987632451690259	-1.0864436285014776	0.046724421718670736	0.746903297875154	0.6845186086185299	-0.23831113786697078	-0.3910876708389097	-0.8373356027821656	-0.7970839494131388	-0.4603105703307078	-0.5648072607133303	-0.42704544243019715	0.43640488892560075	0.11327321301739911	-0.20753537661440957	0.655417936072762	-0.7088846459914935	-0.04498572182756325	0.015819661340300308	1.7501090729130833	0.09387163516786916	-0.4183033979612157	1.4061765214785038	-1.9382409510228484	1.0099098629680943	-0.8243046537334678	-0.4934296663664632	-0.04299848026607638	-0.023131145192842362	0.16822921935233426	0.3028756544167631	0.7003103306249745	0.7375276409251504	0.6791813459463876	0.28068283811181033	-0.8436780640518626	-0.15219776831149598	-0.14381998911941613	-0.07782403600465239	0.03609680802501472	-0.25280304168874446	-0.844687120487281	0.5473376730053161
DTXSID5023796	21.171978179843244	4.986959031083341	-1.003162738836436	-3.8509702591059733	-6.5169840863503	-1.66804074225228	6.934167556054545	6.732956225171313	1.1347456880478455	-1.2160035117840389	0.20685905357869155	1.125371507638912	-0.23574515229134413	-2.4491709556900703	5.406282333815492	-1.5971263019081026	0.2885625543944313	-0.8382490381429001	1.6936432818201126	3.6674838066015356	0.5409507379067825	0.8794871966718639	-0.30821157174723113	-1.4707922695569042	-1.397084408996438	1.669824555752522	-0.31783182762314494	-0.9179425610641266	-2.401460197654495	2.0682632666073184	-0.49683107515574493	0.10887872132328534	0.06552153590123164	1.8277458088460246	-0.6120462832065419	-3.383955401560218	-1.440213524994125	0.1021521396175714	0.5377575052373837	0.12815591729053105	-1.3928102844165111	0.8366909699624518	1.48610339917221	-0.43942480938269457	0.32490533775274966	0.48169440813817804	-0.8290619085727916	-0.4577073698471732	-1.1035551479115218	0.36460886103069867	-0.18566324494948847	-0.1971067447447747	-0.7768069347902027	-0.7667262863965748	0.3549873513597716	1.5608239339422525	-0.6820432602511324	-0.4532326715821967	0.4582226429318262	-0.8713744956673514	-1.077361973346753	-1.453657757179813	0.05962470903435654	0.03492180335531775	0.18792678217590084	-0.9039883341663378	1.005506747966107	0.7351130456009305	-0.4924583140016075	-0.5595795044092473	1.0958424536770799	0.6802960309681478	1.5522206606073152	0.15413482403023485	0.9350587112977565	0.6390236240390829	-0.3203100940725696	1.4135173656764308	1.1265017726863717	0.4219698623228919	0.20688227018021624	-0.562181656481415	0.2709144108929567	-0.575723381235877	-0.4936571893518396	0.3895249436046568	1.018439991345679	0.7311716965658391	-1.0310731797756938	-0.2690296902248268	-0.6333965325166823	0.4329650784756405	-0.36660632833845114	-0.7887690879922982	1.691757886352314	-0.4850562801974303	-0.043135426874582855	1.316169122781498	-0.1488060850740795	0.9220541712739947
DTXSID5023825	-20.79359819426741	4.649237994963619	-1.5919268221948442	-6.3994695531241454	-1.7933643852542294	5.819172104167419	4.115680536710497	3.9646173399022695	2.7673307536574367	-1.5593092992041557	4.5620475960705535	4.73842833500666	0.18272387690461728	1.6407379405443054	1.0211788982366792	0.6522362250257165	3.0809387126754424	1.2049308367736287	0.0023244906899681744	-1.6068697260082447	0.01018382237855418	-1.6867343740853455	0.8368911728118477	-0.859033103325959	-1.4406698486938465	-0.15294430360064523	-0.13319168844779627	1.4994079873517663	-0.1075792427787132	-0.9042788428585442	0.8837870532956498	1.6038623087073138	1.187091433347447	-2.0698867448287044	-0.6584105641286083	-0.25018604993149784	-0.5703122573316843	-0.6464517981839268	1.373067771484599	0.5769406149624386	-0.3308042891039393	-0.5863285129549931	1.3280561146353769	-0.0628461359289494	0.14845295381277668	-1.4054184583067146	-1.178477615122	0.9623845087107703	0.3696643944815837	-0.869870399949356	-0.20713152086128278	0.7176941467307633	1.4136213428976143	0.7406842942234394	-0.7015530536413088	1.155857321093742	0.5375965979403384	-0.6514633728233502	-0.6145455619446516	0.35217079621273817	0.7206429726319122	-1.0548906861019296	-0.531256342647529	-0.5809437072408109	0.3748072576865159	-0.07122702318195484	-0.5266252478786705	-0.2249626049275389	0.8852410497971809	0.61031789753911	-0.05041176000074713	0.29598901933487787	0.3398167465930402	0.32336496211622	0.33625635888380345	-0.46447598750833596	0.32138433556971346	0.1863939189882123	0.37706340077502093	0.3936991890774231	-0.160560025082706	1.2547782798725686	-0.12707044202620232	-0.20795898949042588	0.477562743069439	-0.2766593507796892	-0.33255151718187775	-0.2344005379530768	-0.018225306973332786	0.60197032813758	0.5505363970597902	-0.014313314972182987	-0.5314346738925981	0.3644616549589688	0.9874906790863762	0.5095264370030218	-0.7680966425694532	-0.16542677957393265	-0.06519399541409004	0.580228468546255
DTXSID5023875	-15.94758646584176	12.798338037265141	-5.136643404094447	-0.6416086087544419	-7.021200535953992	5.329706080197246	-1.610197037307947	1.8225171174856771	1.56983999221668	-4.340828608367362	4.882470039802882	3.007233559448163	2.178063846756438	-2.268072994712375	-0.9140930814979753	-2.4724334194116695	2.1983558151947324	0.5488659467947341	-0.5794753078388173	-3.2717769147520133	0.918558788377678	1.1338816652166448	1.6813536064311139	-0.6625918736424053	-0.3915545274817314	0.8805366676796564	-1.5876372071565532	-0.5343269042039617	1.453392591592457	0.9217377686600021	0.047097134283141724	-0.5075926067934401	-1.326869823901794	-1.7136540560141615	0.018980008116188322	0.16353655880262902	-0.4787148719489987	0.4834730348567933	0.5134626674341909	1.0531993848656098	-0.46069444946699173	-1.2949988202585065	0.11957176303661486	-0.77626438822005	-0.9210012946454071	0.052106975995528305	0.18263187916418797	0.2447275974253143	-1.5654638123954245	0.4226053913866256	-1.0344247060727865	1.3369879396180921	-0.7685988982856344	0.32664049266389616	-0.24633766862160392	0.7651815449706681	-1.4687055237710194	-0.6785883137913744	-0.07867215210501033	1.5465561616389518	0.547458164024779	-1.2945036455918695	-0.15202261643412926	1.1011968672014625	0.49807449393655256	-1.2781503580819158	-0.4241705592832575	1.1157044294728773	-0.6372744933000827	-0.05299347941112062	0.30076811495263406	1.04265743058197	0.00864790738128908	-0.1554542683674833	-0.2617566423004725	-0.45984758631207007	-0.1183969770383201	0.3587417595191638	-0.9561947571709705	-0.2619215537079055	0.5864987142352591	0.1769422633030911	0.049685742281675306	-0.34645322083326446	-1.2298192731223785	0.3336648146585946	0.5661293948041288	-0.12530280930782622	0.08159694047847842	0.4300352873703052	0.35918035994849795	-0.21612925358908283	0.026414377238350516	-0.6589674064291634	0.5105364288284853	-0.5554520557374167	-0.8781704357395345	-0.018428929391479158	-0.3582298478613618	0.3771485675112701
DTXSID5023877	-11.139842882842872	-11.334260584906659	-11.032993566052879	0.33889270099825575	-2.8622068025195615	-3.760739736279878	5.852375150794879	4.527378878191824	0.4436647107065057	3.6188042261689723	1.0898589216634627	-1.632833330838403	-7.5750399048961246	0.7883284760902002	-2.1875930161468826	-4.2307894009351905	0.5349255808807851	2.366147485808947	-0.9792623068888002	0.6273723217486178	1.4275141869793444	-0.3719703056253127	-0.02733356980027473	1.5875987083954506	-2.648774918894034	-2.1306002914194235	-0.011946117923729493	-0.561241157317104	1.4477231247529643	0.11830707016595561	1.8415083394415825	-0.7857760500532625	-1.0163318580744345	1.1936040368727465	-1.643492839401334	0.9875830452345299	-0.2148305167228955	-1.1314018075495904	1.5332497717883027	0.47560982224748716	-0.13127827700371478	1.3385558844545025	-0.1659758136836265	1.984671024573838	0.17627832987516023	-2.9052452070027863	0.4516582999790032	0.2426623507270925	-0.9094891753333126	-0.0849084146637868	-0.3826242295216556	-1.4227803485319876	-0.9374593847389834	0.2099313221288636	-0.20860687637089864	-2.0601015953151833	-0.8029311530029701	1.237942776779369	-0.5489164131284848	-0.7435262896653886	0.41336492763587107	-0.2049968776534451	1.8339196251593965	-0.33000899781876225	1.345092273351927	-0.21547070210028235	0.5435303175564481	-0.49290824315300363	0.8157717606923162	0.5728881455589986	1.368917771048125	1.3070195077948215	-0.6475878455399124	0.20007030943097656	-0.10298073097183508	0.30933848171987827	-0.518182040943807	-0.14197700170393676	-0.4784004831630312	-0.2336970423034585	-0.7960623114490851	-0.9216599866882538	-1.1823787402976902	0.327420966746301	-0.7992123920754732	-0.43736213486474884	0.11390575989660003	0.04819020008504337	0.5726741286096539	-0.7910400274542123	0.47873298367374145	1.1743602735870433	0.13343737294076552	-0.12962237442383154	-1.385765482042139	-0.9685567772785444	0.14801465006056727	0.4421146567659595	0.44377711036464224	0.21671142477718566
DTXSID5023900	9.447215159280987	7.561858018380544	-9.130975357180166	7.8874238428318435	10.814263009195983	-2.3151037823498366	5.418428531173604	6.264723577449504	6.013725460796408	-3.331050103724326	-3.946032803174188	-6.111438917811755	-0.6457532548395278	1.374048546315302	-1.6176834907481812	3.130079598234163	-0.6543610223235732	4.151286889307115	0.0748532807741775	-0.8604919063548578	0.9320773476141094	-1.3228372061668694	3.7238478575721214	0.7572236696723843	-0.4136128438890177	-1.835836055642881	0.7500425770079308	1.0865599795394274	-0.28178736281214906	2.4374565052205313	0.5801968030333025	0.9421521254641425	1.3243920907095628	0.9928935796452085	0.7121048995471674	-0.06137714988157531	0.4326344991078273	0.5777153465848478	-0.8567415271383696	1.6379335377245035	-1.7169777400035586	0.16266910035379598	2.1867168073842116	-0.08650664635674735	1.6722775016700209	-1.410678722829949	0.6184005660898491	0.12121838545711151	0.6430235970878975	-1.160607033331417	1.03093569205199	-1.0907152392321529	-0.4503286966701551	1.0351909373583912	-0.23864414942151344	-1.4321286007151484	-0.21560634470323478	-1.6490527871920833	0.13148159501309462	0.5686345533552705	-0.28993603714669813	0.8982629534487511	-0.22663613852257122	2.0636336987202246	0.2509498254870846	-1.3035381654636002	0.5550333707235455	-1.2714597331878077	-0.2891441372695401	-0.08027485405077794	0.28407902457427436	-0.8202807836705968	0.5944490082874669	-0.9837229461758215	-0.06841403738492577	0.0937687944332948	0.10811768335456735	0.2512684514823926	0.1825108760132646	1.8114752887702137	0.7728199304359968	0.3242338055894031	-0.40494321972160335	-0.5311329789263777	-0.011184473848105664	-0.34093685981367305	0.6210618127577292	-0.7761130456581715	0.4554700296662562	-0.11233619196526265	0.6831528595976312	-0.026324501811711275	0.4754173009866225	-0.08491233870761603	-0.04622164815975555	-0.16314668086227724	-1.2999201473619826	0.570135758760337	-0.008873076918983945	-0.46108433174444924
DTXSID5023871	4.844888898541994	-18.15803050836434	-5.021977606477888	-2.281497734333506	1.158768185620914	-1.1313639684413754	-2.7699039295336396	7.729794967142421	-0.5670876204128722	5.682417405865537	4.543467142915264	-0.6084442142322022	0.8106691017881719	-5.501259594309321	-0.9655080861651927	1.5516916327498262	-0.7695261900546283	-1.5347908262609231	1.946507691970325	-0.2844150793624943	-0.28838419645155816	0.9018614965373069	-0.10592817445549606	0.8758854026692292	1.6832098616824083	-0.3936963954611702	-0.004234407677052749	3.084653376909652	-0.659818900510262	-0.9022889010949248	1.194196482075899	-1.87148876024587	-1.536546745144483	0.10409436252027406	-0.5997698430841901	2.3840580199132235	1.473141504475117	-0.6077089658511069	1.8023277070006247	1.3433268467361834	0.6116828858229847	0.9911824380942064	-0.21521462963270085	0.6878683958835059	-0.2217542014899599	1.7711081038626815	-0.8434204925420342	-1.3027123242863619	-0.4063404921871732	0.002350764334602007	-0.19443142464790542	-0.20049802520681698	0.42847563627471014	-1.1626795040763416	-0.2913072911021148	0.7880246716258263	0.8587305683706246	0.5279027357610845	0.2292574075307476	-0.7828509141125687	-1.3083591859646644	-0.7515853538823964	-0.6067465615287144	-0.9159058964430278	-0.7174234072756256	-0.05221223640961041	-1.301677621215073	0.7406527727964812	-0.287916003309121	-0.7844442473141956	-1.6464264946396794	-0.07829661820422536	0.5221647344696729	-0.823163868494966	-0.0758670188665593	-0.06365542848928288	-0.21962840980137233	-1.0922378186949788	-0.04066377646682579	0.01500070150851079	0.2966698400860106	0.5393376080327795	0.15952509021696906	0.05446293536174826	0.15711366648355127	-0.7690388153684102	-0.9258769630353677	-0.7908955376439412	0.3304193104096902	-0.43150363296541516	-0.08209100840461454	-0.18745867534243596	0.6258420365444632	-0.2646536550595377	-0.8845701563307924	-0.4015999408026547	0.831625202899819	-0.6522050891669626	-0.3425594354281896	0.70279306385435
DTXSID5023902	2.061452023551818	-21.51035670631532	-3.284084665175111	-7.086999644650552	-4.418746350832381	2.6396387304787434	-1.2349629101762234	-0.956434255646587	2.536147436025579	-10.982449652466904	-0.5686193093090337	-1.3556758838514922	1.9240081124416475	-0.8248959789997304	-1.1826269000875425	-0.008185499869642836	-1.3115141795250707	-3.678560855564133	2.5895064021288645	-2.700186460766918	-4.028766673117386	-0.45160034956880307	2.1019317357299014	0.755094315526052	1.6358056812728814	0.532503345966887	-0.0643032568708301	-1.4287067609617359	0.6220257443758671	-0.03876680008734314	-1.227080999321155	-0.9358328821654834	0.17369198863270363	-0.9135234750981379	-0.466632706062667	-0.46435658492126347	1.2204302778817593	-0.8687884765075875	-1.5725102071844135	0.5996475734791106	-1.7564138906565798	1.459727084053379	-1.3642642645299214	-0.0380064208103173	0.48628077038057954	0.7944611673881822	1.2590644849715076	0.8389689567214118	-0.6571611720582381	1.3342136800693376	1.3460052384419914	0.779282836626746	1.076229810746807	-0.9547212793175571	-1.0276191242989208	-2.155013018831953	0.23969662950706583	-1.595470424967393	-0.25382611433755203	0.38295889516302883	-0.14057593222515158	1.0229227175094175	-0.4896202348640584	-0.6516622906613656	0.49112683041399646	-1.487949957798239	0.8178676168630983	0.536441139263191	0.38993783492540535	-0.5635547895259573	-0.4656270588685205	0.5195528156125387	1.3535110145469942	-0.33097470074023455	-0.21770928808094506	-0.24977423782896788	1.6054523062725998	0.3958291521714047	1.747450616641697	0.6221206913557455	0.05682056540254611	0.5578657374009466	0.06495094542314013	0.0952858800581888	-0.5740179269260922	0.06657576667007294	0.05493356805359136	-0.5764669137241429	-0.41388480513428816	-0.1666468841629494	-0.6903367067384419	1.6337964698661738	-0.39849172164234875	0.4740561320123035	0.4047120709422361	-0.5692296901528929	-0.22229302223926756	-0.3569124790112813	-0.0179947602742827	0.8174979598533445
DTXSID5024051	-5.6907788123808345	9.487222753304923	6.795258014072054	-2.623472697284978	7.7254575306187565	-8.514594501204243	-7.273326968951144	-2.158784420108021	-7.1004152810452394	-1.7894206534752017	7.890924791469656	-4.5629391700188044	2.015526556944408	0.5755806426541789	0.7294023253612831	-0.8496120885203235	-0.13069265605493774	-0.17390467703159154	-0.033057491229711945	-1.107692266262758	1.1042537811779352	1.7285100847718267	-0.9750227667670364	1.3775676999045174	-1.339467918485412	2.2469129741419693	3.979729139098432	1.948984048812044	0.24233902864843057	0.14519592864535166	0.25464467713296673	1.4425671895893095	-1.8575962950924922	-0.47537269717899083	-0.3281550109319452	0.12355447137948952	1.5517182827607212	2.1173936682930035	-2.7176596553843897	-2.4827033564220526	-1.175846216504317	0.5722671536506346	-0.39962958582751784	0.03299066590295323	1.5975054375382243	-0.5019902722459971	-0.5219586980242691	2.371967668696976	-1.052834709169248	-0.42676059339061434	1.3991865540816437	0.35954372599606005	0.048910043036486	-0.07322789596338487	-0.8882492159561021	-1.1878449994809892	0.5817946891315133	0.8823935609789607	0.32756116368734156	-1.636623760668745	0.31423295818149954	-0.3073608549508133	-0.9333553556692613	2.0235720664060075	0.8292538324818401	0.38160888099261653	-1.321889328332555	-0.7112913922908295	-1.1062261011341938	-0.16105526079167895	-0.8771180681669984	0.2168619766068369	1.6947842755258151	-0.8707454121857036	0.8686451944552538	-1.031234067106513	-0.8762533620909982	0.27972215783560267	-0.4080567483763818	-0.2357726697752416	0.1566666459391921	0.9810737738864286	0.9797615225350265	-0.23748011457230914	0.891565792176892	0.706846252627949	0.3218511674829198	-0.020854466867922035	0.4954944451059926	-0.9992906027169377	1.0594484451016162	-0.8824951520180686	0.9641607728819768	0.5962367119180372	0.503225815992852	-0.3652219577131529	0.11594434294187292	0.6868312394686942	-0.07845643234748761	-0.1860388019076775
DTXSID5024055	-13.874907205963286	15.213759872926929	-2.1063692386942954	-1.7129627507658987	-2.1265304979426247	-2.0050738154363312	-1.5266924580321175	-4.380692424382507	-2.2785899621043386	-8.466703622316516	5.505320179174637	-1.2825339984200543	2.4341798594140016	-1.103642740929677	-1.2803046283839923	-4.801042885809549	-0.17135747505166643	1.53684033479468	-0.3815010579494674	-2.4886645022925027	0.35940462663260303	2.136368041980752	0.5139993496206682	-2.0889366222980335	-0.6202335262660368	2.312818667428025	-0.33194190776549964	0.6154326515720261	0.7094461368813091	0.685508279602543	-0.9818336393504505	-0.5610698818698259	-1.876381442666177	-1.0362960731826991	0.2714158801149338	0.272777095447777	-0.555554667783273	0.9828916242142114	-1.6274242322948425	0.3645451405741846	-0.24218819925164295	0.22831602263076023	0.4520501616661356	0.9166967468711522	-0.7944760388726532	0.1401036080711426	-2.047323283171028	-0.7998962465267478	0.10205219339941816	0.25972545184779494	-0.2628937224342686	0.47279411442919894	0.20583868445375358	-1.1407891898895157	0.22955726174666224	0.042237059284283646	-0.3266410582156281	0.27242285011130185	0.3872107992353644	-1.3700120697251794	-0.3726698810314676	0.3031462507407738	0.327701924518312	0.9164524251967074	1.1244267379124506	-0.3590487552044176	0.14058992188329714	0.258125815197093	-0.9081189747915049	1.1751273039319048	0.4709749124833926	-0.686682095872195	0.6892383057790634	-0.39483393429876085	-0.19754347213970466	1.379937177837959	0.7536889393286866	0.3036404751092727	0.21330791478159	0.5901121871390057	0.5284686695289583	-0.36124404780233643	0.42001610041118154	-0.1864860032318292	-0.9016572337717819	-0.43380024289553704	0.39935054393328745	0.22908563083876232	0.4466549742475318	-0.5592976248126301	-0.3647598383920217	-0.31238214622347976	-0.7596388722598925	-0.0662369940787505	0.6665207635843291	-0.8028236888006521	0.8173519894135779	0.1916990624417208	-0.3306483886470137	0.9000448511592424
DTXSID5024057	-21.431378456450673	-2.15202791378723	-0.02641069338360991	-2.7833497015231323	-1.3119265497479702	2.857372994079305	4.081414002516237	4.099310291110749	3.8579445782278556	-4.4852604549362916	4.096784164336027	4.453365495060139	-0.5192489123899218	3.949705462060402	1.443081549208272	0.6523147745053882	0.7888610939632201	1.6360679201369364	-1.4131696499296706	1.0771444611464074	0.270894132700013	-0.8823475463401043	0.12104310428768773	1.27457193629809	-0.25791118762006604	0.5895527298032607	1.2205893739535238	1.36807141128728	-0.06803008352164758	-1.0639048035177259	0.02982020629817745	-0.22397372103144014	0.35243409046006996	-1.089557669495722	-2.043655969014239	0.5389621073701909	-2.469640900706205	-1.3018164523487559	1.985209683766822	-0.472837167399531	-0.430041968409346	0.41648689615376017	-0.5128960331692667	-0.5108129393700092	0.4746772791515815	-0.6749811518698453	-1.045234954304893	0.4039602895620023	0.5250052733762156	-1.0769538311893898	0.10742525986148747	-0.6774269618961529	-1.0906674151555285	-0.5767726073069291	-0.22699390788732116	1.500310176674631	0.0446565308446418	0.2338350755823706	-0.9420159709702208	-0.15922941688594275	0.9520590911420749	-0.6784905834987827	-0.3678829550724993	0.5205247214628732	-0.23492331087847115	0.6917714915610678	0.016311483638400633	-1.8633197804460662	0.4380582167392271	-0.6307143122069544	0.25930855824221954	-0.0314406329925858	-0.9182116112223446	-0.23040010831311092	0.6641424898378268	-0.23660169512300702	-0.12526510933434765	-1.3322495526145206	-0.27578924831884427	0.13052468079703436	-0.19846593309566626	0.6245196841218686	0.30472592139462523	0.029123759886026637	-0.4688536751753551	-0.8785575312731833	-0.4252732308788692	-0.008887934568295291	-0.9625136349536851	-0.14722938791431356	0.5883469126333575	-0.05854551067895749	-0.10441995934621127	-0.38648705201206696	0.31195939228710884	-0.4962665490185117	1.2255968834691502	-0.42467790346259615	-1.21048431603708	-0.9308147845454807
DTXSID5024182	-20.86346286727777	3.9825393256962114	0.6890854396569522	-0.3010669583852678	-4.325540748704731	1.598985636870886	7.779897174208664	1.649739689506141	0.30854495294292383	-1.3582434878518388	3.6222903953644403	5.617028212493796	-0.9527112291554087	2.615204895570621	1.234987637215483	2.0960359872759637	-0.4926531116526876	2.007659344232046	0.9034707339408719	0.6390185306612226	0.21980187344721416	1.0013289763499034	0.12926778030452718	0.6072598128237354	-1.0488278657415149	0.9227011522174253	0.7808111467611394	-0.10739974377507225	-0.019956787372219655	-2.962681143694442	1.3119603883792388	-0.695509694468258	-0.715776127777505	-0.947894485316676	-0.2838042201127607	0.641207601905771	0.25852442143622884	-1.4419617265956468	0.34567668008787955	-0.6246570954363474	0.3025335979212402	-1.091017295000209	1.5515169225233791	0.04502679728854407	0.45364627977200866	-0.7861122406435518	-0.21623393345778977	-0.9529275052709458	0.35459710014041973	-0.8101429102783503	-0.2383442074948724	-1.0715350842648466	0.1424084112079408	0.7755256968540089	0.2482369719702102	-0.1624851538267252	0.2766423699620913	0.5207936183241676	0.6404709119907227	-0.2512571171305953	0.9239749117334826	0.32803890722429857	0.11598351661781531	-1.0162676178577708	-0.46118309445786	-0.2901761195655263	0.03269222253622179	0.748234339995598	0.4728572296813002	-0.33719414492638805	-0.2788913060649261	0.18941193039537357	0.3184961505139778	-0.12266732685565199	0.011815763727342048	-0.5512961994483033	0.04164023495814205	-0.7806271878163009	0.16051713976206933	2.295041322321458	0.42914252914135803	0.1819929069192227	0.21973879407140745	-0.5401628787334285	-0.9444987489243335	-0.9253524859455593	0.6749841903310372	0.9938939309233772	0.12416840345117032	0.6088400321424378	-0.5363387697650497	-0.4176934817900793	-0.7670781979509613	-0.065614932102419	0.07357305225336885	0.39629446121250167	0.2861468375145136	-0.19193111741660226	0.3196634206981794	-0.781090238474524
DTXSID5023950	14.413276686317406	-1.5911991862115245	4.543819010732126	4.466191673943519	3.0166526704439107	-12.723411473115451	-1.4626415090845852	2.5092249332853616	-1.448534471173104	0.5801145864132263	4.595620752815528	1.105677019908205	1.3409820039432903	1.066218759656799	-1.9645052935304421	-0.2800783423667286	1.0018060315714326	-0.9412569058895451	-3.257557756353877	-0.11159023301660953	-1.467004017529873	-3.6998944207889384	0.06718920150736986	1.9436134278092667	1.0680586458859511	-2.2152261119500762	-0.6066541065977235	0.5760259588931881	1.7708360834274934	-0.8158447719822697	2.187052350694816	-1.1881117706173543	0.6190218986254363	-0.6253664990632066	-0.6685750578883674	0.6470882489481644	-0.7968832342542163	-0.8475503098023331	0.22018701833402682	1.0513655601832808	0.7157790674921676	-0.6357209670611794	-0.682111110391925	0.41280595371910567	1.0737741624503845	-0.4778818393690932	-0.13038072351589527	-0.22909661081031957	-0.6437796582348795	1.1104191645405488	1.1134130701102114	0.8448422445264494	0.37397242455152147	1.4060890155743702	0.33788811536029956	-1.2847823999243027	0.136164161480269	-0.7217284954702248	1.142736047176024	-0.18359953116461572	0.2147028642051893	-0.13414048461591663	0.7611560952987882	0.4051111391203963	0.5538608752806449	-1.8125144342318071	-1.0085524051048118	-1.2349953284750268	1.9676223808019762	-1.1637786758256656	-0.41223287162683486	-0.4009579890408266	1.08117236789222	-0.3074613142820934	1.1957183372690905	1.2596840281050223	0.04802013757604239	1.0330012637014954	0.12563330978152548	0.2757168792121163	-0.08379062220132354	-0.8017619068991604	-0.06731654448782684	0.5829307106596187	-0.8272870857770692	0.7869611106763409	2.2530100183396553	-0.4350140672307117	-0.4950931961285824	0.36313207183675	-0.8194597231616189	0.8174341666218391	-0.2857130332460344	0.014770579704138228	-0.45507220118168107	-0.5628349484098174	1.1470380932860342	0.941021500123036	0.5199095695642038	-0.1422652730360693
DTXSID5024059	-1.0953521454974855	-17.388916506648275	-7.198453409796542	-3.098122999931434	-2.306782402655254	1.636744696649468	1.9675678365136378	9.232813346248193	3.5366374427526974	5.4431178583452	1.5111731429365343	-4.59923440889354	-5.158255020166253	-6.761989841309065	-0.4084756090893333	-3.3029748875255747	-3.5674264361999537	0.7296559848458694	0.25941540019342807	-2.8596311578348774	1.1322004856588017	3.1202967218339133	0.20163653475466142	-2.2220750899157946	0.040119528481825185	1.8250225684769315	2.1760552200510563	0.07243481619307537	-0.7600799136044087	1.5390299370876366	-0.5476923873029872	-2.487768112289331	-0.06091112357859995	-0.2938933126432529	-2.958689824837859	-0.5402179625013828	-0.5466126198794811	0.43904055964062516	1.0172356854309221	0.06012203529588876	-2.2540582620847207	-1.0008058814175038	-0.38965044268500004	-0.5632286922142893	-1.1547349672463936	-0.0363063769952731	0.15938631898976932	-1.338211771823014	-0.1859369014331867	0.09226856274822746	-0.21293905693715762	1.2405357217531743	0.8329016189679164	0.18716886807561942	-0.7519376903659396	0.175292529254097	1.870328107363581	-1.698869316529899	-0.8661387150047158	-0.3521901775989783	0.2135424381720847	0.826094023616314	-1.0523127901332494	-0.9034560141203476	-0.3124551094391837	0.6294016041871829	0.7468396903325653	-1.0038239036134866	-0.27666929347051933	-1.0993558434592958	-0.8557723747803263	-0.8798708759280831	0.7573307834132039	-0.46665981775500043	-0.3022030248944746	-0.12368465059453823	-0.40914049677210995	0.3322421626517337	-0.33372712011752614	-0.3520106598572323	-0.6096004448658543	0.02201521451428187	0.6600599165518009	-0.7320792228706265	0.6520174914442939	0.2890564077436112	-0.47554883983769397	-0.6249368640614734	-0.2683227728287752	-1.3426237738572555	0.2174045622665617	0.06748226069506784	-0.7647716348722885	0.4729625927740209	-0.8861638345921836	-0.3727355498989457	-0.43050188260840294	0.03668606588537553	0.6208429823132647	-0.4037390359028232
DTXSID5024261	11.699662647011191	7.287353468099538	-2.721045399970974	-6.352557737252276	10.509533617654146	-5.423743258472648	-5.165338027784764	2.4961764714088748	-6.795945255816988	-6.22326941853958	0.461933578028747	-0.7890597037508299	-3.0940462530514896	2.5786322383600644	3.915413808547832	2.778556913491479	-3.0363231979011034	-0.39153927605202415	1.6668407709196185	-0.3167728017334379	3.802591458122202	1.5661918736583866	1.800931833042211	2.0629554541252997	2.579710478390137	-1.4102819875633053	-0.6278757191681177	-1.3002796215430026	-0.6121217101250542	-3.355786637090696	2.0565041268790836	0.39182028141762987	1.5478326967563643	-2.756930659666144	-0.8408038211123222	-0.9877954891543288	0.7630055459676118	-0.8529272023042772	0.5015637077116799	1.125912219526195	-0.3769120173245513	-1.0164690148335367	-0.24732359758164393	0.3742689890051176	-0.21977009090105926	-0.3944708942936392	0.06547966213043606	-0.6432280226573375	0.9261770409221501	-0.07536898723700049	1.6701254623119661	0.4176440734283639	0.4258162055285302	-1.47744756204274	-1.2643477569887958	-0.5707670927600823	-2.5698213673924974	0.6549279396493659	2.621766361453966	-1.6399313239447522	-0.48308763890064926	-0.3520609419146042	2.1275079065047016	0.021603306280579843	-0.37342782137931685	0.7558336839323239	1.6907001314882766	0.5922556480665067	0.33728787297086466	0.27848279887119726	-0.20232044123054263	-2.085312621174963	1.534942423303357	0.24211703170963073	-0.09781937663920368	0.9475136659562966	0.8442089689074576	-0.2782630796222573	0.14209595229005953	0.8056719867199459	-0.42611316014923273	-0.32113205540054796	-2.1368605365267657	1.2424216254457532	1.2049783587519385	-0.6310789028955366	-1.4307321449518842	-0.9888829446138714	0.05600284358287559	-0.20936457256292465	-0.22287158189546066	0.015665602360530974	0.5428388035081098	-1.6275082754931849	-0.7016333710567195	1.8092713064669634	-0.3994573318673567	-0.9850266170317248	0.10481102707590606	-0.4051648283708734
DTXSID5024263	-14.799666900140503	12.603697822435759	-3.1512359108598877	-1.9956015542466141	-5.834209309574924	1.1865106052502763	5.706467960404662	-8.426394952989758	1.5434748827949512	-6.495036409797393	2.4133572592239703	-0.19225144391035082	4.905862699275469	-3.8656719095830425	-0.1169040901167773	-0.7937580318834995	-0.13634443847252423	3.0430129526723064	-3.7567614581269706	-1.1346037566280773	2.076122370132291	1.0058120441897977	-0.9806824922725388	-2.0169366589812863	0.17109044808820323	-1.6956793302855118	0.2780189358813319	0.7754054795383525	0.09670382177736878	1.9081345603225877	0.9850850376085418	0.05239558255644171	-0.9828536284840417	-2.436358158310694	-0.42013534146398396	-1.0143670482389704	0.7366482297739663	-1.10149028554716	-0.7883337747152722	-0.4464051691906918	0.7966795397717352	-0.13466030504353746	0.00048779282994680087	0.43606758821741853	0.008582089398900095	0.5394386860357495	-1.433228087899426	-0.49367774192205643	0.304018061606895	0.9162218783627513	-0.5806976132450739	0.38964982583179497	-0.24766662713706955	0.2925732655288559	-0.3412534893414557	0.3469263100278217	0.30957964305885094	-1.4473612278844712	0.5551856832739858	-0.6448818071111057	-1.252780148818657	0.11168941231036951	0.7025626634781047	-0.5748700942485612	0.07976392674237641	-0.557578415946896	-0.8296256624517552	-0.17890606981612653	0.21265959959848266	1.6658144538686066	1.2249580979315804	0.8363580082635242	-1.3335150743883042	-0.4252287912769201	1.0046023153842325	0.3104585887341468	-0.5073620025662469	0.6867744015747262	0.5057362936938801	-0.2316791324206278	0.14999947942628578	0.7833530799212371	-0.691531248751391	-0.16573340282888696	-0.9125395747283438	0.43043802235920087	-0.7916359359197949	0.2682125191255291	-0.10884835227550836	-0.22906538828091821	-0.062444805695105486	0.7091732533501309	-0.5753510459938268	0.21794315265619194	-0.15119505693033192	0.24110318295790273	1.1707396466831133	0.05917251698665727	-0.4517009634212901	-0.6613089920468237
DTXSID5024394	-17.82087733902891	7.323384378566402	-3.5164389305236035	8.520413461145822	-2.688661829864257	-0.5643014042924329	3.4750306775210653	-6.5124762566801095	4.578943696466249	-5.457720922671996	1.1240094237559148	1.9698161401471599	2.552820900031489	-5.510129233585527	1.307825990182328	-1.877280700296301	1.0114384304857431	0.6553369180491948	-0.31965987054810346	2.0413672149782425	1.3626444335332049	0.4186538379658424	1.4996586425173224	0.45800459614154415	-0.41693695519123175	0.6328829414091225	0.37191843578266415	-0.7074153674352736	-0.006446478929363875	-2.108370210804789	-0.23513449450210605	-1.5477300302550696	-0.7162181966889499	0.40062964834592074	1.1615665371492419	-0.385810327344574	-0.8210162681461742	-0.6255536490684531	0.07346180777495372	-1.3968001710986981	0.9871224926615997	0.35600920462957325	-1.9470232770587703	-1.2586609223769725	-0.1636710599234638	1.4585308608213585	1.8600878146926036	-0.8681167967200497	-0.20424857011275213	0.942048641718024	0.6456410100339376	-1.3998071790257314	-0.918829449970492	-0.5721277326210042	-0.512092291209322	0.39150734874064386	-1.0458239846097324	-0.6875970580395047	-0.790206225304613	-0.49041417298228973	0.24677562609488457	-0.805805824527887	0.11615807465437059	-0.39290889595089307	0.6728324840727822	1.3351060488404425	0.6823731332594933	-0.32678670708293955	-0.20172066907205108	-0.42476783798258766	-0.058301292611517154	0.37056754147092463	-1.0776303562749312	-0.1599202831381203	0.5773678623456595	0.19025281604170305	-0.4197893916621318	0.36279348779268034	0.668971977529963	-0.6042072970781803	0.177755464335609	0.22798213384176133	-0.967301842898089	0.4368911175984317	-0.6130638287385062	0.8476642958281508	-0.4221971086938355	-0.1857624189355308	-0.3592290092444687	0.8627044057502359	-0.2762343508985286	-0.03906768085165802	-0.31086671380078534	-0.4011441646245117	-0.9912995793015771	0.31824281151736855	-1.1873965187753701	0.3688046997790384	0.37935628204471256	0.14722156441954629
DTXSID5024891	2.4126488287926775	10.553654621257628	-0.7759550574671806	3.047355844911608	-2.6787593067697246	8.356462764640968	14.429500291963224	5.0373452295911925	-4.067368273323664	1.7775874211778837	-3.666502353167865	-0.5871458318585102	1.9478970489271965	-0.935672488562954	-2.1897830497428608	-1.1476840451861385	-3.599701043493716	-7.052862587961241	-3.237718467030022	1.604705658634947	0.16417300345218647	-3.421415008838867	0.06167854265044382	-1.7040322652788553	-1.0604515132703256	2.771851443810854	-2.3568849280406705	1.059404749166819	0.49503448863691163	0.1496267536614718	0.009589946766519981	1.2843692806635765	1.1593961548006233	-0.006879135992363125	-0.6371080048066132	1.3249470041285136	1.453314976687677	1.634444521437373	-1.1209196980388207	0.21524694118117577	0.1326659365846997	1.1452078559636036	0.11316439599641906	-1.0790565394493714	0.05553943966578506	0.1685885559531765	-0.8485367075565982	1.1932971489476136	-0.6571228153741088	-0.22256211955552047	-0.08812061391551439	0.5566409497420334	-1.9550145593081116	0.2785608576037639	-1.2156303842179128	-1.747284787902886	-0.010080177916382146	1.386908381534345	0.8497742506491791	-1.0386383265847785	-0.12175116209661	0.6241375829323655	-0.29467610554969853	-0.016241689155883917	-1.6097913082131248	-2.0218803061619814	-0.7974971008794086	-0.4117069337420823	1.3042991084379398	0.48581260469747806	0.3795147042811685	-0.4313665810680061	0.5334324176577969	-0.13179221705475988	-0.808285891234443	0.2934111671248793	2.4103138279141287	-1.040078636994462	1.4520813368122085	1.3563572888158348	0.8793487390333125	-0.18898357634784427	0.6346886339127928	0.1342630817888419	-0.23183367838250507	-0.5947357730307935	-0.5135185131113794	0.7293528269961773	0.4104980194506228	0.27291951922091096	0.46162018395770416	2.010257557489464	-2.7806824844062845	0.0941343726719305	-0.9551475603697895	0.06604717434400977	-2.1353312770353625	-0.40996027522605927	-0.39466418984156215	0.559865241793554
DTXSID5024845	15.96289608773149	-2.1542939673696115	-6.2012242918549205	8.75465409394059	-0.22674074057135316	-4.900325196774993	8.607235012738135	1.6535747701767483	-3.1940012545606793	1.479699202256139	-0.48679594841003365	1.9336331438052405	-0.05548686825096654	-0.663844523826528	0.7190613132693391	-0.07347969902076316	-0.37313243392327006	-0.023669766967905535	-1.6836880628970192	-1.3067989985150739	-0.9256023571492938	-2.3637266591913275	2.318480495446078	0.0024513425091385915	1.3689198402664764	0.17157450575287636	-0.20029872140691596	0.7358317576323984	0.4844245595326592	1.548590114595203	-2.9841527518919513	-1.8895389170373487	0.7816221287032048	-1.4904823854740585	-1.620797401767266	1.1311110610867625	-2.101492000054793	0.4775031277261984	0.6336324437899155	-0.09940144829609569	-1.0854281297954118	0.014862867600667297	1.0636374874862944	-1.7372962484671757	1.0362580579253882	0.5019677048048593	1.6178491237724388	-1.7949993891992528	0.2904192009133249	0.6353580009357847	-1.3149472375309332	-1.5083748899157756	-0.6609009856862876	-1.0046439657996507	-0.01176458115472625	-1.0272570646417911	-1.1439758053247728	0.44780309941286256	-0.1183352341380384	0.7451824061744492	1.5675769495827434	-0.5694472550958241	0.14698328496908492	-0.2930363238335771	-0.7848652689490847	1.16656821566261	-0.11597568738633397	0.8203827767932588	-1.6118600754105905	-0.09114967937564031	0.1731514411559575	0.10661335459467232	0.770756053265576	-0.7701396468885531	1.6241741652897028	0.4078895964403289	0.3041939365212317	0.9722192171469014	1.350896820973324	-0.9930731096577627	0.8101001905086427	-0.6392882020842815	0.4887940747386991	0.36257786771349443	-0.22795820855832422	-0.012814518640309294	0.06166838385247236	1.5010244087398497	-0.03695284433321087	-0.004667009509246558	0.3770504448482285	-1.2556358940432726	1.046385400528154	-1.0026384110781126	-0.08935117851762436	-0.4627282167556122	1.0615315415447788	0.2823722260068246	-0.2490075949461497	-0.1750647360925372
DTXSID5025023	-3.8206966145479386	-16.368910164087346	8.955107311008517	-0.1632280392999008	6.149390863222882	14.473494312489647	-0.45565099892900324	-1.692289419218552	-0.8438171101611995	-5.8413709471138215	-1.1643426478988532	-5.200830205705806	0.524606062414768	1.5741988805422422	-0.270912712827927	0.5022617107913415	-2.279560817877602	-1.2438903562762327	0.06843336411761651	-2.62187249004977	-4.395816211876352	0.6110860867469182	2.5882585337731214	-1.441477529118222	-0.8154682701290852	-0.7787416909102457	-0.07425605792428674	-2.9905025206945988	-0.9732197157482221	-2.823430087866383	0.5330704722320826	-2.0761001126294705	1.2560741983689545	2.5362620185077196	0.5794080632508849	0.568372556353677	-0.5909783384228368	1.2745225168484666	0.29809822053534607	-0.9818563937659488	1.670854076071464	0.7845082751992253	0.7597847277437942	0.9741052325591825	0.9541478501120152	0.5861159671163159	-0.7246829350318568	-0.6771375389986678	0.3776541581231546	0.29632774291522973	0.0840175599488042	0.6176906167288893	1.1435203441658182	-0.8834656854832172	0.4306747252776177	2.502884374284264	-2.930549198506755	0.21852231455915352	0.8898982033158825	1.432735612167366	1.1297835909204	0.9103488938832828	-0.20068036210742057	0.9085844859355866	0.6331194810533268	0.8714764663252728	-0.839566977205907	-1.5229932368236712	-0.5346776722855698	-1.1066280846767695	0.8897228361561322	1.3399536479435383	-0.5637205374228529	-1.0014374736898528	0.8860937024840789	-1.457145030311656	0.31221513068811957	-0.658020419589971	0.47858013972346164	0.337901968806772	-0.7749935916231079	1.0727430022981121	0.021301504112132805	0.7116205448502784	-0.7529153163829848	1.3956912197873939	0.6077305440950795	-0.10128664180500271	-0.3814670380083506	-0.4075772171612687	-0.9034233067343067	-0.0967633269006375	0.639344171625461	0.8530967592249981	-0.6812682467169137	0.4752405922896116	0.26669526716253233	0.9433532152682476	-0.3050007829436366	-0.09386864983883532
DTXSID5025102	-16.906495210693386	-1.623511985888406	3.946956409232029	-3.7945697420362974	-2.0735187063107046	0.2535719191129481	5.428927264020978	11.188440634999662	0.22007810601807987	5.0572622075951355	3.6382764887802135	2.610719390150402	0.8830589023720331	2.319394043622137	0.19838498896212067	0.5876260480953716	0.8940151094629751	-0.3739318181626032	1.3461530604579057	-0.8472801486174051	0.6356770053242524	1.4316499345331888	2.372625587670021	1.4559304610376667	-0.21783392648594085	-1.9445524849390785	0.7621478959707142	0.5941264820455981	1.7911202227305223	-1.487706641363809	1.2374327516131507	0.6311721299319559	1.2482817904717105	0.6779084844200273	-1.2697873113898868	0.6873177950780089	0.008417402573459024	0.1096102786732843	-0.2522794621855446	2.2187892427602307	-0.09976035080288194	2.4720701081103043	-0.5822325998778253	-0.3880033764553885	-0.5462662529097958	-1.226934657479275	-0.36895012346676453	-0.3899024953049544	-1.01464575157698	-1.051313298795046	0.4240649205973118	1.593364480328622	3.1109804695392453	0.6110335094835614	0.0225801609243916	0.6255594209531327	-0.2637219880300715	0.6526091167543698	-0.4204110948406879	-0.04988647066170605	1.4112338170929337	-0.4639991863823149	-0.6081423526089524	-1.767747399365824	0.3328489247035279	0.263980834851477	-0.9760178147724624	1.116545537232858	1.2141144136651298	-0.8965151857718051	0.0953607556712608	-0.7825706931356311	-0.08898711341923789	0.003659526757230336	0.25736473594655956	-0.6559536105691998	-0.15237998253161777	1.6735140638080233	0.18132431063100263	0.6827203209622829	1.173669090390886	-0.5220288560842998	-1.2048319009528092	-1.4612979698612873	-0.9474026370626596	1.0507510054140659	0.13898869506401332	0.34035471313265553	-1.6738370687583002	-0.5133184254270209	-0.5306155588746603	-0.15308350023592715	-0.7732766821815877	0.04179568985660982	-0.009210846988065851	-0.13752571057466606	-0.05939253966018193	0.21036774406058967	-0.5678273832970031	0.8569415280479113
DTXSID5025152	-7.058126854998967	10.663797043041782	0.3304515047031911	13.493290590238672	6.120481104619401	-9.475881347028531	-1.6924481789680224	-3.333735931364451	1.8391626268615653	-2.4723708763677053	2.2385994724581804	-1.1433480446037851	-5.161228544463677	-4.650201021005211	-1.5965398615195387	-1.7111386996622318	3.0746521813837964	-2.784811840533671	5.058071005404531	2.165464192572732	-3.647693955675993	2.302920983265009	2.751441166609194	-0.8216404402633664	-0.3993565173905401	-0.04976469522986684	1.6781663671198523	-0.26650500780016695	-0.5232184269191499	-0.10423143938094377	-0.15774918830158197	1.4963954220122329	-0.9726167842228067	-0.48364685165174104	0.7224409078075754	0.4823612377882072	-0.007290430351029383	0.45369380182977165	-0.3221995641586558	2.4161118196791516	0.11694021372580189	-0.7471671246862644	-0.6519472048246475	1.1680748568180352	0.41545522087698605	-0.30325111282789147	0.6067240980618412	-1.171179651232198	-0.6313805854784674	-0.17796512590528651	0.48150455689402377	0.568745701886673	0.3327523307473678	-0.9495615334996343	-1.3176060445520477	1.408873161394454	0.35266689166557363	1.0480025121231438	-1.5237441894157473	-1.167311040707145	-0.5576884606465964	0.040593738462279885	-0.8198238948905552	-0.1817066784194649	-0.739239090870526	0.2290671131478198	-1.6410645968022877	-0.3565405695543953	0.3739689191664793	0.4672636330462388	0.6078367837251449	-1.6723713850537822	0.3206159011039965	0.3558468104041696	-0.3865331771953501	-0.2806500087006413	-0.17257237834792927	-0.10871165184488654	1.806997103162156	0.1212195227444063	-0.21062172324894768	0.18921957179159996	0.7086894781011972	0.09821873727796906	-0.869472398444472	0.2654928829925311	0.48879793042441677	-0.5537778911672331	0.6101556841367923	0.35760655333458835	-1.1453230441931619	-0.10642151825931963	-0.0050947303422228035	2.0386440616809987	-0.7990332772302088	0.4416583300086452	-0.18155563697859217	-0.3979390997844392	-1.1691679606495824	-0.13005955622198215
DTXSID5025607	-6.848872924434776	-11.447327060986915	-3.9863227425459575	4.5643832066065455	-2.5395079832126886	-6.678477179038802	4.28036614368902	-7.078023898074615	-4.99987316306645	6.183483913404849	1.1832187680404107	0.10697670698848363	-2.4181240488363707	0.9777520241092831	-1.383674358777346	-2.932196915138751	1.6271152218431504	2.882676480716011	1.3478832047447464	0.5805724427459464	-0.6788068936492849	-2.5371817529533196	3.5967121648847047	1.3146270926741925	-0.25956741794761207	-3.262347765452854	-1.234936679947725	-1.674256177142634	-3.0861767231860813	3.493873017168079	-1.1293351298390564	-0.2535419400971653	-1.7639920279257835	-0.7067909574878746	0.9191553747727862	1.2376107367447142	-0.20692643204103459	0.5221796124796991	-1.733747812032064	-2.0089231183133096	-0.43959694770852314	1.2062281249712556	-1.5987900038098393	-0.06745398083422607	0.7447018004248	-0.9474649537577643	-1.171404563917	0.936594466098779	-0.05433445246229	-0.3735336148585379	0.06251098576675747	-3.9861342592989892	0.9304152706773379	-0.9363494738846756	0.8316544517364052	-0.3621669930026831	-1.8659294200918195	0.419306823766697	1.1430026688786745	0.6618981141278308	-0.152978270526515	-1.4330745893235648	0.35546288425255584	-0.779447646509185	-1.732717924199633	0.8483491745489306	0.6541074009393144	0.5487123908916857	-0.17946862703982716	-1.2236965980913699	0.24982345472325493	-1.1359984194186858	0.8043901497298411	-0.4904843279343171	1.3449966510404154	-0.5851170141232784	0.576414607702982	-0.12206045623739872	0.15712294030068574	0.17137993452574665	2.3224666421123854	0.08178868276661641	0.5588097132394944	-0.21023092020886605	-0.1313693368372664	-0.6091398573502398	-0.77368660142239	1.2629850138186056	-1.188812945381283	-1.8032890528187928	0.9315455804400562	0.5264986394938533	0.12280819365275586	0.5948747564044551	0.14117037616470557	0.4013251871454523	-0.7587534807394649	0.35731506149339226	0.4755380566703891	-0.3719632393988901
DTXSID5025659	-8.251562328719615	1.08426755242116	-5.602951899396649	14.03681103611485	-0.9605813259148557	-7.437117740566597	0.45977349586858507	-8.352408752953291	-4.2653257592755125	0.5214956482779334	-2.2541352802981174	0.10890595898895863	-3.2781559808991925	0.3112859284540169	-0.18312003648711053	-1.8097050258351424	2.402182333543984	0.25314907653348345	4.6221184312674	4.643248364311767	-1.2986916531486346	-0.3087954638707429	2.247125195424768	1.6363492390862575	-1.7296414230128272	0.7064238624664191	0.06353451679182148	-1.6786865316970436	3.2460078240445185	-1.0218786949081788	-1.8403145121403885	0.9580364882129214	0.2670868159561426	-0.44675599298115803	-1.299222644279421	-0.47360107991221406	0.5175213194092184	-0.513656927810272	0.7270930921583142	-0.2891266440212281	-0.7253407332490833	-0.10395170245473839	-0.076521884129353	0.07579236053456927	-3.229779602633654	0.3661213798040771	-0.21869081676379304	0.37483985049788165	0.054005543482914795	-0.865050586653288	-1.1546597289268776	2.1031788741991067	0.16687280875282434	-1.0330750960323323	-0.6308925138097525	1.133382352567275	0.16829460191963205	0.19060173909878378	0.1926475885502826	-0.11683833333082384	-0.8545533475610362	-0.2565236770273231	0.13781032272365065	0.43736567589068887	1.1668163073163533	2.7288002357963483	0.47993122825511625	-0.30299182412834114	0.6446866247097559	0.4717927183433071	0.03129642196114351	1.6799741342837131	0.060258416580275295	-0.49941057731062216	-2.2624969499832885	-0.2219226041622767	1.8212862966535819	-0.07286143841603626	-0.34378654756911803	0.07800173070502335	0.002934604122186447	-0.32044746780672884	0.4134282711635554	-0.17250671938483148	1.3954057142065883	0.12423155407039939	1.1127201312479227	0.25942586768620074	-0.9896994671450966	-0.09376778665841715	-0.1002871600088804	-0.03223858322766417	0.3918730652486181	1.4886938676309494	-1.2132621939926886	0.31115465930135744	0.6819518646589352	-0.42813619302405326	-0.11568265584192228	-0.007749427546620854
DTXSID5026259	6.34190232353745	10.22143286969099	7.53079785851893	-18.536459360136057	8.2739569496711	-6.713700648221078	0.9357602302659748	-6.06225807811684	-2.841304539608086	-0.7341410631127174	-1.035477544696698	-2.7653759681107815	-2.8146793911828665	-3.136618831755845	3.759054623219437	-0.3529896344093853	0.7236320352954245	-0.01227678593723019	0.9791074384494647	0.8058003600729189	1.680123950958501	-2.35588073542632	-0.04571224761524067	-0.4444457450646945	1.1831478476531643	-0.05318711262494304	2.8742895361768626	-1.336388160455666	0.6209250039465608	0.531066708890408	0.6990973313341455	-1.5990260624854238	1.801993111535216	1.502419337611329	0.09934687065839734	0.4252216725401565	0.8401726012614064	-0.33873861828807983	1.0593665049443435	-0.7039158684558461	0.12075042034041365	0.4563642195738217	-0.46969067092411043	-1.4128929938243737	1.0746911906041898	-0.1700961078128715	0.198901975269928	-0.9717681634137942	-0.28319628278786174	0.031187597952406575	-0.2433464929439705	0.3357632101518036	1.3685329795948	-0.21677118646382398	0.9205404483426203	0.09669968496373152	1.0585824315049002	-0.2816632731768085	-1.636259475338393	0.43759883296319957	0.28755573566800874	-0.8176036645518174	0.7652337783869789	-0.6080906315898125	0.24798810094952198	0.02153557099028741	-1.1698848505885575	-1.3572370183009386	0.33199363412893373	-0.6310719826589952	-0.7016606695675487	1.4518474648533584	-1.0410171393111358	0.14543763554122605	0.3268577382415377	-0.08463338798507833	1.3063615933199793	-1.830948281355663	-0.9914439264679555	1.937993370162598	-0.7144944327011827	-1.0718168499699732	0.04173652739458603	-0.3234145691778013	-1.2465932155918247	-0.388856659013834	-0.23118005925718296	0.22340301938236773	0.6149021452174606	-0.30164662600950776	0.058738171241783745	0.27879774851541056	0.47031217441303735	0.44336309645428496	0.22497219076392344	-0.043935968241532	-0.6248558363838299	0.2933111557146102	-1.443755254372786	-0.6974220513116332
DTXSID5026178	-2.5577816522856605	13.878622840245075	-9.946217994882577	2.8092851070492086	9.174768687836679	7.11656194665421	-1.4672480389595313	5.194223234195526	2.123062984327999	-2.2528545939830065	-7.001687725903806	-1.378050355503483	1.679170401641	0.6005667266367963	-1.714917067972182	1.409775135081133	0.504134999195799	1.2154866912847133	2.2743882389486103	-1.8248009110377914	0.3917048180365897	-3.6517596952008957	-0.5930371220526641	0.4640447212622436	-0.08641581616644307	0.8183252050139678	-1.724555129442586	0.6758303430172815	-2.4591866908477855	2.1629992545668113	0.4042946222463215	-0.5646464836755531	-1.185183953436682	-0.6286954579511767	0.5195815992039279	-0.31419351014493246	1.0611375558506941	-2.1881256588197777	-0.01788489446567339	0.3131883774791004	0.7331372754264425	-0.3295757259301988	-2.284111917273448	0.9658054395674768	0.06274998307087006	-0.11371876236118615	2.0926870439745078	1.3483359804380237	-1.6375519368860303	-0.3067629066480662	-1.542482560768366	1.2243168350620284	0.9440363865534845	-1.4809926534584363	0.013333028116487252	-1.2394107793956937	2.1520665538371313	0.012027288888100366	0.13149309054995126	-1.3232358394137975	0.3858184671838373	-0.2292443435489942	-0.4377456249986228	0.8181095727302319	-0.6726133088872326	-0.4692249666909916	0.15786917515421817	-0.5828727533328605	-2.2151724618030904	0.03468029917078555	-0.40607137784480757	-0.3518454556667449	-0.8359930187450716	0.4917225953584205	-0.7839305907488907	-0.24231932844203039	0.47885686519852516	-0.1926966183775373	-1.843682897059896	-0.8508146788385845	0.9347442935564132	-0.3558600480142208	0.4664796737843621	0.1660035883960139	0.8456742516776394	1.1643687352703784	0.5556652495858247	-0.9607100335192145	-0.8805233005885112	0.4329635938840128	-0.8634855847198256	0.11709437597495624	0.18728840285775505	-0.8875438587437576	0.7057433127405541	0.12814676799729277	-0.09653173501076237	0.1376666826311741	0.15184229777212094	-0.44031836274142494
DTXSID5026461	-18.6227016217435	-4.069936198500386	-3.3131367648859467	-1.1873455664444121	2.5555141193239197	5.229979446082659	-2.7344963898815315	7.544528966480772	3.8839834545527294	1.0022618911178447	4.928292303878885	2.4528766102559274	-1.9576045595680507	-0.8985993794995877	3.1492126860461367	1.4176993596747305	0.9739869954209389	-1.1436637870422104	-0.13271742236829567	-1.4915070086098074	0.35848850767550244	-2.718377800049617	-1.798551287888528	2.1827007402583636	1.1848576626958223	1.7353468720899035	1.4431212624056549	0.12077862364199632	0.5923829218206382	0.49017892578299055	-1.0208491535974185	1.116456521393514	3.0192663749989226	1.2314118145015764	-0.48086884485492	0.739785875606489	-0.6245831265274928	0.30400721856995777	-0.5112815693591897	-0.4153985064308621	-0.4277157146667744	-1.592018200024703	0.725803112694455	0.9566382397516069	-0.8339418048076175	0.0282328761689002	-1.058028086992575	0.8923287590004712	0.19894415712743949	-1.8248888779537573	0.7698949320892206	-1.58876204695704	-0.030123461481160067	0.3332289131951881	-1.4724630184609857	-0.9058730570197926	-0.5852352193488685	0.2924555194559406	-0.21088146936765498	-0.23925820422838787	-0.007447763707608455	0.8678274383156825	1.112090094896943	-0.05607334118573076	0.20794065472947418	1.0053541687620533	-0.4755170610083297	-0.5039538337625249	-0.25413627609974626	0.28661206269193434	-0.06999764172936826	0.08162272719401742	0.25646689258874517	0.4094209031886173	0.7554579487924653	-0.9494706469145751	-1.1022993809739088	-0.12704818036374946	0.05625216260310139	-0.4965848972758277	-0.5151286557012653	0.7666761776688577	1.4168253512511402	0.18677269934010737	0.6673300367954014	-0.03232913502513401	-0.5015971943247357	0.5145299177972102	1.023949121140726	0.402564753855576	-0.2746870824814434	-0.025861392409394744	0.3271336661004739	-0.6337602096335035	-0.0714064117023778	0.2210152858211542	0.14380707354397265	0.9665175892999169	-0.8632697499084683	-1.2379728633853615
DTXSID5026912	-11.729629856487954	5.819477928495701	8.672389580043824	-7.095187359463409	-6.209820380841608	-4.56310853127441	12.276633678238543	4.003701964172231	-5.376144771223768	-0.06674729661585943	1.4180001921599534	1.8162691960330144	-6.007504404521829	1.7939197680389856	-4.433706268804637	7.846978193860679	-1.5826422120465613	1.395866179809841	1.0398114956988382	-0.28783588056393716	-2.4494320982708375	2.982898566482807	-1.5353730785815072	-0.41921212060322	-2.7582552335049604	1.3326621315950882	-1.3598699538759629	0.5440377811291289	0.8267058578153119	-0.6727800560796615	-2.0439146319388746	-1.3302488710592713	-0.3306321407371562	-0.24210882225875302	0.3075000856989074	0.28745434392841324	-0.05490057567068049	-0.9260871854237365	0.7747547893557452	0.1307008344534174	1.3413233199761034	-0.0350796482052641	-1.2710464051274464	-0.08693377731260012	-1.23710929348062	0.9706755602486961	0.21073835524532217	1.331908618845672	-0.1256761766005837	-0.12801414691131058	0.5581572007177806	0.028217122650472333	-0.8765093814504078	0.9691613816994318	-0.03714557176838799	-0.5051447743799947	-0.16195483255367782	0.10865058971199984	0.5608297322867554	0.05571059858914394	-0.5220055976014943	0.9216139408841538	0.00869747137157334	0.520234858156617	0.2262230586268307	-0.355419973579771	-0.5714587370647963	-0.7137756570630837	0.34768374805616475	0.23619070252011573	-0.26452957739272004	0.14554588965245394	-1.4827565677263699	0.013727173223246047	-0.6345067666011873	0.4567423899166268	0.16548999666477732	0.3133753657898235	-0.261335536412831	-0.4915225516561139	-0.041494866222055546	-0.6913029931446696	0.4670436935273464	1.0445578348952167	-0.14027161365620877	0.5897385068370093	-0.35379059739120317	0.22374294481131596	-0.5547841839027345	-0.14685273555502046	0.8011429092748094	1.493041016456769	0.05793627567663979	-0.17298220317828283	1.004433819865465	0.07953594889930395	-0.9456769189467871	-0.34821839788929265	0.8208176455028875	-0.11873115265118124
DTXSID5026889	-4.3971952388984175	1.3402173688318868	13.400303883750514	8.373258409518321	0.8095661636771758	-15.573187253952968	-6.5914215104183835	-0.940902566137404	5.30809557439943	0.33920159547465006	-3.764753758753557	-0.4570398717777048	-1.5245183896676366	-0.8574345295367684	-1.1756045094840508	-1.796025943334328	1.9644993876086652	-1.5095043377219786	-1.136126011217933	1.534954848267276	-2.075982206657523	0.9032411028920235	-0.7174980749115252	-1.0675364829073106	0.04755955326933992	-0.6262751980277939	3.339655449919558	-0.4670860981558297	-1.0886706998636844	0.7113042094515212	-0.01468691410724176	0.1735164328570673	-0.5818261025448762	-2.6474421230363205	-0.31255808892182657	1.8348681906445496	0.28321593750020896	1.2244969635370628	1.0740644118478293	-1.458212394947531	-0.8169786571842413	0.03478600470136406	-0.5341954605076972	-0.9673710228642957	1.9797844530891329	1.1896865800962786	0.847619116950458	-1.697675409502729	-0.13279219925070665	-1.226750395894191	1.0432953846972728	0.9476428322572794	-0.3166610128482531	-0.1161616977537475	0.16763683671805993	-1.1427492875769212	0.11260627455732554	1.025576872090855	0.37906669896414025	-1.3651275309738236	-1.1902933606666761	-1.133658730439634	0.9525002720495463	-0.07721042898469276	0.3717311728953362	-0.9226259558865565	-1.5250703558633283	-0.5326343625886995	-1.3280236860672323	-0.2770556030413834	0.41311018932129107	0.24992505458596412	0.9914819135041192	-1.3290095401740492	0.05205213076173367	-0.739009134996951	1.480608429151331	0.8122864825054221	-0.8807115512492456	-0.9675758968265517	-0.17175017438898021	-0.05465523853589174	0.08182880778893101	0.5666724913435855	-1.3604127919400357	-0.521581782228915	-0.1089635203359504	-0.8246527933642264	0.8437862947119033	0.02477552693094862	-0.38715560891153694	-0.7209965567719376	0.22110371980661364	-0.1277660953870368	-0.7401109011654864	0.6528559449369068	0.5295492703726157	0.052632918411212766	0.27269791966462276	-0.36010699222400544
DTXSID5026918	-8.06964193709655	-4.518202680231287	18.513360142141423	-3.71272998572282	-7.506531966499573	-10.121993235414903	-3.176626615992834	3.1103711904371476	6.409879287364259	-1.1602727938562825	-6.576573008751125	0.5374061257016859	0.9503865053269942	3.5199968450075443	-1.5038911838642646	-1.0609415131019695	-1.1642652163598735	-0.6513621998462104	-2.5483345510736384	-0.3392936385634661	1.173596151800743	2.130996749633064	2.2163944600855845	1.5953214953347437	-0.10364396424559093	2.0456956777029927	-0.038625269196432895	0.7192223048657592	-0.9509431969460985	0.7069963522678617	-0.308676949499722	0.2085447953320697	-0.5695139875984883	-0.3978880023583059	-1.7329815167799096	0.37440531916178993	0.2371659036829465	-0.2227917238305611	0.26982523018586946	-1.4767602987572404	0.6032397483873985	1.0497563823911682	0.6291422075481015	-0.1570973797511596	0.04828671640322452	1.7756861958014887	0.9107521644933776	0.39441914328206734	-0.037291355920644184	0.37110391609568044	-1.4888567947600952	-0.011103796896092802	-0.03858743616600057	0.0652670685025566	-0.031505473614870584	-0.5031940059987715	-0.4639544676322819	0.8405128391622461	-0.11006604355013214	-0.8167362503099599	-0.44954017890589504	-0.3391059059366742	1.0192608576368591	0.40055310017235524	-0.18738359833532223	0.3636279663200581	0.016919854520784365	0.39373295524323054	0.16289030534859697	0.09876759768637797	-0.57610109986727	0.4463450926582766	0.44624012243088407	0.35971339537842273	-0.6496247792330292	0.8969652803659858	-0.910131086741588	-0.19318950194800374	-0.2835925615186196	0.7095121398085688	0.48546237026993855	-0.15186354839899438	0.2099839520300955	-0.997801975275733	0.6697060148514873	-1.1451318839993867	-0.4019042353518489	-0.4435462855188983	-0.42197784152316653	-0.5942450483033535	-0.5843147214713446	1.3594639405841538	0.9708153219055622	-0.012953782384038963	0.24676249596897043	-0.17708301418657768	-0.5619283014951382	0.7586200775457419	-0.2669331497299409	-0.09403524592693453
DTXSID5026706	-0.4782885723667249	-17.320006611705722	-9.093535711407227	-5.823434779807209	-2.5644686911625287	-6.7201219085583705	1.3194568044043884	-3.382669165629445	-3.2827128561273535	-2.502218620935407	2.077349697623501	-1.064217469906359	-1.1406565624450073	2.7792384389747498	-5.027237458194813	1.50221106371114	2.8978942398346135	-0.26284508455814554	-0.6089711220763011	0.2985267013557539	2.1142453735220244	0.8051523365598808	-0.9879595415034701	2.1170229663722955	0.849858101353251	-1.7582174453374106	-1.7549003008049255	0.5358235860264597	-1.0768837255932044	1.758598082390335	0.8832848690142376	-0.48451049907445165	-2.032230992350992	-0.06637240535631607	0.9525321404828458	-0.6723652697673386	1.1885620851081502	0.008171425741989435	-0.24300073846442186	1.378070267282236	1.440488218557682	-0.33252888702594713	-0.697635795911574	0.1486178101687361	-0.5912558790687419	-2.568748244403021	-0.5263249793174932	0.344912142646751	-0.15320467639854132	-1.354561581202765	-1.1856893331083957	-0.2775592282513502	0.5427793331893505	-0.37553989542021166	-0.6807172655597037	0.23838566493327204	-1.1927796846066783	0.016614909526314194	-1.0035766547508482	1.2549738004655122	0.029424418819817527	0.23452109592738823	2.009359694444906	0.14439362230990738	-1.1175693782447231	1.4991523042415338	0.1291334521153522	0.5734031272416623	0.9040568283544301	-0.2402271699667761	-0.10719109150338053	1.5803016533719827	0.733372412516722	0.07376730155589561	-0.1515312762462002	-0.16549080077139156	-0.001916645282690879	-1.411088008467336	-0.19261113002083818	-0.21848851408444067	0.49389582925699443	-1.7502924210370572	-1.333641696449611	0.37952330585204275	0.27289712404035654	-0.5073120913040765	-0.39310555587432683	0.6276323211288136	0.4946330027611255	0.571449617448512	1.7027902328078461	0.4285184966162469	0.69810437654798	0.4633777753884747	0.5280071793349967	-0.3599120548445183	-1.0686197672431195	-0.6537431796414813	-0.49110523951078827	0.1723546418865459
DTXSID5027061	-5.4613102458380745	-16.085257048613432	-11.454985918161007	-0.9465419167950719	-6.4025885369819315	-1.6130742029057803	5.959833924826933	-5.718796709154633	-2.2000431186597194	-4.729785197731709	-1.9618809526757701	-0.7630011099044282	-0.7920640301496998	3.355142447849048	-0.5005190918552457	-3.3210951568614853	2.1861911350931944	0.725494039460247	1.2082330217769544	1.552399680486669	-0.530633157103989	-0.7936128248383653	-0.17367915857865118	2.53302221854867	-2.0371479978313607	0.2638322311204135	-1.0844542919765254	-0.8868317612122086	0.910119781933854	1.2603904290807977	1.676936699249245	-0.71313098303224	-1.388385065282493	-1.0163772937542899	-0.16182888679539648	-1.512045142837407	0.5675538704335273	0.046503227575055796	1.5460080103429081	0.4907923841030234	-0.9301001172131964	1.285609595001109	-1.1271763308630756	1.0765350409542245	1.067038416774425	-0.38046290804063165	1.2200774765945508	1.5141064274850078	-0.6773574765665817	-0.009580867883865207	1.5512221659342857	-0.7965656549813415	-0.020737508218301497	0.533487519320366	0.35376442672104785	-0.5387793027273817	0.1655664642808551	-0.8268560191811951	0.7987152779970101	-0.7314003177189727	0.6239289829083555	0.5621254094775108	0.20445898658679568	0.19870670719177724	-0.5701884969510844	0.197193957209658	0.317097295577942	-0.7235626690613992	0.7614925653519696	0.41338514169020374	-0.06465652498815978	-0.5221784109219687	-0.4523462446077009	1.6544531001029061	0.33617954972235925	1.4061871540103295	-0.07691951619714474	-1.1859033570224944	1.2312190498230908	-0.9440818749649158	-1.6946846225352565	-0.9346479126346885	0.21900964008312	0.9340817866065604	0.4642027591163068	0.45181399341087936	0.5009221593386275	-0.4941174113318837	1.599551941583734	-1.438103033478407	-0.303070632990184	-0.2087302103830729	0.9907406173280487	-1.5652485864672698	0.8491992549680392	0.5536592940492984	-0.7798219351631589	0.18444401624124274	0.16172518616035444	0.10404864986981248
DTXSID5027356	3.0932341406837702	9.237628602845326	11.098905131573543	-11.41793486105228	-1.0830605104516886	-11.609731739037574	7.497803443846253	-0.9377052735561147	-7.429338289251318	-1.17546260683532	2.672887094204154	-4.4518462361632105	-7.392250106183247	-1.781047186320762	-1.5326507504007	4.1984187476037285	-0.7372742747427957	0.4399858040402179	2.19181827902622	-1.2804523608550595	2.0453314223772785	-3.05692809817499	0.4234840248929078	-1.6168469731486903	1.8715045460492599	0.658665168085868	0.35225908684097945	-0.6388406673603908	-0.028662938561041552	1.0262341985584167	-0.5724653285902406	-0.0804344967509359	-0.4826200204030435	0.5383646835493934	1.0419885536511844	-0.4739089647271178	-0.5235041367291489	-0.1602985762367787	0.6437729995018726	-1.4151299827287345	2.5764357522787087	1.8589064668391586	-0.49734806485551913	-0.254854742568414	0.5704184384999117	0.44696790572178063	-0.9459970910055298	1.4766548322948194	-1.8427032833958448	-1.0516598981390315	0.7492835346866155	-1.334236098103351	-0.017802085085122148	0.7428727105995258	1.1380811449992094	1.2740092609203333	-2.990588248593655	0.9109613234441966	-0.8138813348683759	1.9325969835648389	-0.46775274691012825	-1.0334005357671396	0.2912303086891023	-0.430485755697034	-0.3960174273587169	-0.36129178263321754	1.8969409684104872	0.0527881064797757	0.2788805099599964	-0.08815433358615246	0.9512923041353363	-0.4744451730800725	-0.39151614846874927	0.29406707800463916	0.1993028831546149	0.04747323723023326	0.5557010829193105	1.5482671509919086	-0.6128631405314289	-0.8739916113075408	1.370758164671218	0.7384471904013336	-0.46455827034074476	0.6394482997421991	0.28544458025392444	-0.6388983752558153	0.058407509046828975	-0.42286204572873964	0.08248539152544389	-1.1187545296634722	-0.5657748966502084	-0.0071627587775074456	0.7932349960128858	-0.8452880138785925	0.11354348114832225	0.2673801965651208	0.010295306182798964	0.08332006311824551	-1.0572604437154676	-0.5495569104582976
DTXSID5027433	-4.8519563494050235	9.046916580455807	8.700523977807897	-12.981618149070844	-0.4304723324595326	-7.708684708310905	9.998450015988697	2.072398457227302	-6.86757937057087	1.520762911897025	3.0337208473888033	-3.643389497455689	-4.510900141743822	-2.789177261483191	-2.3480745960871703	2.4983283680043393	-1.3556970966836448	0.11822131073385361	1.5057860291873557	-1.9868841914630793	0.8018843994776444	-1.875009539420004	1.3145637737783493	-2.3112825999175897	1.8800241938747402	-0.9336091256093886	-1.3102606468293032	-0.5059746581532091	1.132302535507327	2.13784944884896	-2.338859957712364	1.979555712503537	-0.8092704780366552	-0.39356304356087024	-0.10379508901622254	-0.2501797550406074	0.33534046614363877	-0.9341577834778902	-0.443885952055395	-0.7032025371344323	0.17589382059015082	3.1268340277277993	0.23290996062799899	-2.0220609854275393	1.578149635095096	0.2165823845963279	-1.0697412156490103	1.3853173722029213	-1.867848176878095	0.5555031668036005	-0.6796675727165171	0.06505961283552232	0.22025124099959292	3.7376905476735276	0.3987010810764302	0.658050611624648	-0.6664252997249515	2.3449469291396854	0.19517416211879884	1.2368644945104759	-1.3877462911614196	1.7203543616586252	0.6147973207908972	0.6391745862798202	-0.8857948349849983	0.25676359895999196	0.8325066907998323	0.6313526629578301	-0.3428694989816306	-0.6646107141660961	0.2710445537248707	-1.0308856492338383	-0.031234274044926916	0.06319208065464021	0.3403162542987278	-0.19424792110152453	0.9583544772489979	-0.8262248102920979	-0.30091151931388244	-0.240108864289519	-0.8952626136935149	-1.552254657892274	-0.06655555445410341	-0.6630274603860796	-0.32231588768000125	-0.3500521339515581	0.8415948432189788	0.6019481113731079	0.7709168478430026	0.7503641972006129	-0.6344634918324731	0.8852838312855403	-1.1324664580798423	-0.3087292851665404	0.4150293780120969	-0.6615348148192504	1.0025528547904525	0.16449147715193455	1.3417068764258637	-0.13348534792910213
DTXSID5027774	16.269155832900275	11.698290981468313	-0.6015180715780705	6.80843976795185	-8.858835624812206	3.8983499534309454	-2.1364938464799756	4.879307236398143	-0.6933330678641887	-2.698509212474437	-3.1580272091682207	1.012870669573523	-0.32094107533923705	1.8679547154732836	1.0222131521879287	-0.16716829646855993	-0.7752835336816115	-0.836592006063919	0.994473783305522	-0.41293401014277575	-1.963174070726377	-2.19293709661347	0.3903368583173381	-0.5565501908306547	-1.9905263669988287	-3.3490426774335775	1.62599549127723	0.787657802802426	-0.26649416973258516	-0.045913175586718716	-0.5052272791358912	-0.48375441447990425	0.060422377173872034	1.7055594166937138	-0.46596742496293025	0.6800991841154326	2.700471296319288	-0.6094230699423087	1.046829572648764	0.5583847451168084	0.2666574839645858	-0.9311362787059395	-0.18798821253804732	-3.5612437178237233	-0.953409960760083	-3.2913811352998366	-1.2767476824164194	0.22871733336829445	-0.38038070296185883	-1.096108899606345	0.8562415217234742	0.9293405895716959	-0.7637338810198113	0.545928761119103	0.5877988898857058	0.8019457310588869	-0.3266246446880405	0.8646472320008582	-0.29942844046201417	-1.670908953557067	0.7295695259361384	0.37092419037867524	0.6007540668869001	-0.6252083312950539	0.516294878789922	1.727215866333041	-0.048463116710896946	1.0441177448719818	0.17826355567736155	0.0002752334440891107	-1.2834921909907402	0.7096320572225135	0.326700866027969	-0.199924968055026	1.3516599912459315	1.4525178694673064	0.5591150155917352	1.3014350760002937	-0.0908453371082199	0.5914129329796586	-0.7923399101280881	0.32712990117991303	-0.8757673293629188	0.20218458221984223	-0.666045840684031	-0.5237875599585007	-1.191349613232644	-0.3220965602751354	-0.8690826543666957	0.8349624252226729	-0.3265521603492617	-0.4403302905436419	-1.0937061980074922	0.585716820752322	-0.8955134934212077	0.10622748479845993	-0.8865007935991749	0.7087428395768849	0.11328997967730839	0.10517225120363492
DTXSID5027770	-1.3803723572498625	17.080750426956023	-2.053299081103519	3.579528174175804	6.241971486007852	-4.70094269605194	-4.830439960883032	0.22416557987603694	-0.4877296969509462	-4.309051667644171	6.653510552583321	-4.976683483911062	4.593658720067321	0.6947069438715587	0.522776866900021	-3.682587672156375	-2.8356316455485624	-0.26598037748533515	1.3074823940039115	-1.2118066848296254	-0.43031060159029744	3.299005691014933	-1.1534441891030012	1.8652313343260993	-2.1143462603055942	3.0737073231629	0.6083637768609467	0.3184971811898043	0.6457290833146996	-1.159945876940045	-0.11153402468856637	-1.3593719499036452	-2.6763289032184954	-1.2105134588377255	1.0915606608198178	-0.7307260142143787	-1.040673585621728	0.10036255696547551	-0.6805228782320676	0.8003387918410548	0.08559334804358744	0.07097681859764382	0.7108473076471169	0.13545741528695046	0.23196725063932336	-0.13432096689652445	-0.6894865176254967	0.5657997696958625	0.16349737265888847	-1.7651055328862053	-2.086494758566315	-1.053927502293067	0.10319783124089572	1.0242512123313687	0.2307929398792155	-0.8695715063505346	-0.5347538830806112	-0.17815265547583267	-0.4410663251883899	0.574819444619018	1.51031434754703	0.33449748547034264	-0.9242892049059916	-0.40013083318992926	1.5973133004814195	-1.617186834849676	-0.9256243922929751	0.3001595964318538	0.18032941549600742	0.2846445638237801	0.47581308531228533	-0.5473949444593789	0.7061394062460193	0.18413441440130016	-0.2734855322227634	-0.9819088096742609	-0.06149129964087853	1.0936082302718242	1.0457878451452831	0.4405170187023083	-1.2939006401103395	-0.5732901460908961	-0.06366990214235305	0.12481971194311267	-1.0716500534616453	-0.5621225630033485	-1.138758562630593	0.23678784957737947	1.422507797502717	0.24371808818816007	-1.5222312520495005	-1.0506338889791507	-0.6940003198298607	-0.1787658704518413	-0.29870749485061027	0.005841954939171343	0.4527230765406398	0.8610413786145761	-0.0961629080485564	1.329315593345719
DTXSID5032361	-9.076980583189858	9.146367703486696	-7.11308303118315	-6.846352091284745	8.300772014271342	6.687763065691566	-5.603228982622078	2.3140875783958648	5.423580003418211	1.522861441020691	-0.7656937290972614	3.7882363960000323	0.6967636760924177	-3.9763415179891606	3.134703206860155	0.5940473384782291	2.1380247476464422	-0.7090523360423749	1.3542817998467573	-6.127092694322439	-1.678348005654538	0.11730227786938041	-3.566345332018903	2.1734116474507923	-0.6235687261549491	2.1543093828917415	-2.623479682488315	-1.2810425480151355	0.4829553298343241	0.9880919931514253	-2.4871649764026467	2.6949320940037946	0.3980507448581505	1.486583357177871	1.2517255765251676	-0.37540015856712394	1.9096963660079114	1.5132702197486925	0.3161911276438715	-0.26667667468694817	1.7049647270643775	0.3513517233627276	2.9761138369770244	0.8029030391933817	-0.30216716872440363	0.46514874326262634	0.23926401114283255	-0.08812568040871148	0.4691808094119535	0.06605431580160608	0.0684765476227274	1.0862533581892266	0.5516550522876852	0.5939923883946083	-1.5388426974243266	-1.5234726722780036	-0.8435955270634077	0.1982455487284799	1.120569186127532	0.10449992615099855	-1.3495483151094323	-0.6104181711496056	1.5414067635230035	0.8607761831223406	-0.9693625848875678	1.0566438713351045	0.5377775945240734	0.7380145084775511	-0.6250090365842199	-2.3585570691410096	0.18027896941480198	0.9022085414787722	0.11101507879293358	-0.1281129854214342	0.41203696515362553	1.1706178299938252	0.6661086835050375	-0.41914414140791983	0.19445641751851167	0.237755490425652	-1.8450806668441837	0.8720702792793106	-1.2302760515758617	0.2723612571842139	0.010101071348681606	-0.09143859056657426	1.0212512545925099	-0.4249497144708119	0.18125748153676166	-1.6047260112921882	-0.8706119867427291	-0.406906352930643	-0.5972585671525146	2.203366873647747	0.6594013886400542	-0.15511456113046196	-0.26667583743930773	-0.8785039919895887	1.6223897455517877	-0.8843873701973606
DTXSID5032525	10.60279575787536	-8.416578420601155	-8.883536297430014	4.534309856212368	1.6771749767605282	-11.149221601924864	-0.34040645441840905	3.2467657204441562	-1.1314686178773004	-0.4815909379174725	1.333817884423345	0.5445719363721874	-0.95785474961509	0.07307760248515126	-1.9610062911447756	-0.21619818067416613	-0.5837699440203942	-0.9727761299015386	-2.1169150065774263	1.3029817443863951	-1.2612102317799465	0.5797957756236329	1.5012894446078184	0.17415625832036305	0.7089243182443894	-1.2954892746738287	-0.8890362189702989	-0.05245961595317863	2.173916105294428	0.6885103242392956	1.5167859160051544	-0.1429603285283526	-0.08785468244664696	0.5634779538723178	-0.32248544641581456	1.7391091866159731	-1.7395412542954012	-0.21679304169356714	1.5971893170841296	1.0813809683633981	0.7705213348646998	-2.243086397051784	1.1815811927498765	0.17470638201451658	0.11315085530408908	-2.836723638532894	0.7926577569778149	2.3885094379400207	0.5166198474525355	1.588663652867976	0.79515711796864	0.7629702107437433	-0.4377917625471463	-0.22962368991841012	-0.8304530595791124	-0.3356242949573908	-0.38852043824071425	-1.0787811304270434	2.057905289218456	0.4343265749536198	-0.6351330978725919	-1.41814367871143	-2.2921909038456603	-1.1274632734866028	0.6736552790598415	0.20580009990945047	0.12598633797971853	-0.9463237759671861	-2.0693440960200893	-0.2826888494537857	1.6426600955303852	-0.7487794547193896	-0.16441670288190846	-1.0802535339360617	-0.5167016731581126	-0.700923436579173	1.8544139877536665	-0.8883849889805453	-1.1609053972167513	-0.37682022899385914	-1.259067231807955	-0.8688919358827972	-1.4212222615238197	0.07927420764541646	0.312137703002404	-0.5700681818829265	0.05212031389579878	0.04871035888404867	-0.6069138641306487	0.6369497237380447	0.9286522708257323	-0.6938339946949568	-1.1366920015232798	-1.6471602522168243	0.3381159458045898	0.04388913369189041	-1.3432847766108396	-0.17296993672046873	0.8848344502850713	0.42770583066783974
DTXSID5032579	9.795212499761053	7.1645472973609134	-3.4196381539153133	-4.254950322734328	9.565760300087003	-10.22125655951058	2.711511626210527	-0.41003447136143667	-1.1107776307053685	4.42554131491614	-2.311701867033977	6.101852295138421	-1.7440947861442728	3.1450540185760323	-0.5967825692966955	-0.4698384539484692	-1.8274007166006148	0.3608476963045791	-2.202490454656476	1.4195143347430446	-3.3902321371767266	-1.2370892607557016	0.3105555404488527	-2.392814230896371	1.9820285999319718	4.026114411235404	-0.2916175085858241	-4.575886033223242	-0.16782727024053443	-0.6032895405510601	2.544330504468216	-0.8532631127812579	1.2183136652101176	1.0672440661243212	1.597312725595021	-2.0807344892666877	0.11841587693099237	-0.439005101938325	0.21524672877893508	-0.025625280474489635	-0.6799266569006721	0.2812039459513414	0.7993145536866586	-0.6180621551376648	-0.9066604770881598	-0.19513701382941964	-0.22880289579549754	-2.3589449021137683	-1.5247818775683482	-0.40688361960104313	0.7895758291823316	0.12783349556313855	-0.6330505850191375	-1.8961815671932747	-1.9227918940506956	-1.2279600616993422	0.9286981964989619	1.3722031162287842	-0.38778048332920834	-0.3588122273640705	0.8181011118584931	0.7005669388665621	0.9302523165659653	-0.4870943281956196	-0.19704761837167953	0.4674818280699182	-1.8540788848406358	-1.6496621007701993	-0.5841987463298305	0.5721825782645865	-0.6747917668914755	-0.795881401259241	-0.5011683008320696	0.9768417839302892	-0.2970860783088063	1.1868361319968015	-1.3288563722214086	0.5441014064366831	-0.6621124702079106	-1.0696793345579552	-0.34249694109556084	0.6136162463034841	0.8762179521621659	1.158841663001461	1.2716018596271277	-1.0251165310930088	-1.6725100376566013	1.3744581453270512	-0.15125760549776138	-1.2001153236692226	0.6107404211741347	0.4983450668479092	-0.23654055531038615	0.4764336326881538	1.3478514614332529	-0.47604787382308683	-0.19123379781349392	0.9356262125380723	0.2406758138651771	-0.48294681274713264
DTXSID5032600	4.886203966820186	7.458013567109546	-7.461711298780658	5.037166032351389	11.023991627379061	1.9952727268039234	1.0077451548353742	-10.42916689624429	2.8720175832192836	1.4688311449467073	-7.4944401619381456	1.140127452218066	2.198390157622569	-0.3452793994926992	-2.6931941413166305	2.5306777994467273	-2.166697594893675	4.55473248993508	-1.415417751391772	-3.6166638342073956	0.2972289522146275	-2.13128041479633	-0.769200824888648	-0.316148210402733	-0.16938100123186886	-0.9157138010671778	1.5559245572456468	0.8073412114714947	-2.6581992847513725	-0.6575375928183628	1.4168031648230461	-0.9284145087086277	0.9541918106557263	1.0447693410062258	0.04363065710785743	-3.047967873949454	-0.4734857244940202	0.9277259875997934	-1.4059979795143596	0.6752644362503548	1.2685880094980513	1.2364460476227477	-1.3512377226275074	-0.7379798713552842	-1.3156741814661486	0.42424864431128384	-0.3550935480564146	-0.3689409419842207	-1.5770806582362447	0.7796000518213009	1.0771988225643296	-0.7990701465064635	2.7332540729079713	-0.34617158860978625	-0.7007492275625695	-1.4910582374563568	0.3483007976732028	-0.4763151313135554	-1.4925208572959638	0.05047479890887917	-0.6489492959358315	-0.22606200606299937	0.2922298799067867	-0.973305841575046	-0.06912461492162054	0.22882627943715306	-0.6548213184493777	-0.007116668729051985	1.2245674065365586	-1.6623811613784099	-0.7793427133513963	-0.016369859582667994	1.070327553120459	1.0572580638870677	-1.773866895475169	-1.2762984596344826	-2.170368919300806	0.19189171131345037	-0.020513704269382097	0.16687506703011043	0.6374089470653043	-0.6895006227266682	0.18042166616840408	-1.8231884125102904	-0.5851510872396543	2.1540619228407554	1.3549325047116865	0.7796890624084147	0.3599740596715381	0.7351238431622501	0.28893046329250904	0.034465526352365806	0.195584784079941	0.5891920970872568	1.472148744989964	-0.11531425492782849	-0.36913927072853514	-0.6409283402085637	0.5947206629353299	-1.0559528641533595
DTXSID5032577	17.57458650775993	4.162954521186888	3.8571245605522417	-4.054097596333638	1.9084248425477006	10.82452573519272	-0.10673168476968087	-8.648278602933974	10.45208979464395	5.403571308273902	6.58504560902907	0.31317040920249356	0.5746464725289255	3.3831940351520617	-0.8627308373272867	-1.1311718658967391	-1.953726935647523	-1.3501966268772005	0.336488967229516	-0.6895228494078067	-0.315623101188116	-0.9897164872701217	0.6363133811761004	1.8308966724248994	-0.7381760377538331	-0.737698203402204	0.18048143702607206	0.7036923202819642	-1.317473418319839	-2.2919398738665504	-0.13897052876337299	-0.4746564558880882	-2.3219944135795663	-2.3557987051210083	0.3990764949254664	1.6230391085882403	-0.5844086031547513	2.0299240921407886	-0.26011359753803726	-0.5172308908332267	1.9459017199231492	0.49202207543977095	-0.8732874015822588	0.5444752572045326	0.566467491321829	0.7116156774870102	0.5867805688369347	1.2690991617476064	-1.4763002924371667	0.8493761675297851	2.343183398670715	0.6668005665974093	-0.1015194846900798	1.7994256394540438	0.6112941578487896	0.8199035862803523	0.5180121262094283	-0.546520273773871	0.07953383594180727	-0.0894225397060829	0.8952565861902739	-0.1958600861348479	0.24541352427842014	-0.4999170903790935	0.1329342014853985	-0.22884996438375055	-0.38002624845995553	-0.6865483380639089	1.1210845894733332	1.5778136510267238	-0.22245203346478032	-0.15854269610412852	-0.9127543304475313	1.0250184948692873	-1.1558053309937548	0.6724829151913623	1.436445176012777	2.238404312504479	-0.8282098850238012	0.21721883887201052	0.3059479629557537	-0.2596723595682871	-0.5587221056617797	1.4139819396811215	1.7731027248865696	2.7346406740076734	0.4614007208062865	0.8980643632012137	0.8750276163791242	-0.9369971747774785	0.1285070448293343	0.14707880139183618	-0.06527645446095887	1.4471008104909913	-0.38210084121979115	-1.7798937012222293	-0.49677220642159864	0.27762295403655957	0.34061055882409264	-0.1731694188301219
DTXSID5034357	16.733557732873095	9.554150674125806	-5.538829078304796	-5.185028808991541	0.6699798214603754	4.947413114943347	1.5366814589278983	-7.7397267658141615	14.347119649452559	3.0554861989131408	2.703505284567874	-2.3969735409812913	-0.8723269385475311	5.195680764239762	1.6443950056570205	1.4535632895251194	-1.512081064203991	1.5921383974016612	0.45132992901156194	-0.4578190857510657	-0.1980903054495016	0.06886931276947078	0.15289848205003595	-1.0613222600385428	1.4790547032338006	0.1320837004191249	-0.15918388690941407	-1.1644689647697315	-0.8615262389537182	-0.15810184373230846	0.49012419561184534	0.8669911784429868	-1.5798592287063105	-0.24679262554703618	-0.21139997738401595	0.5239631266297536	0.44190773971972486	0.3457778377983583	-1.1375470695633054	0.2510749753342422	-1.492116032542601	-0.3768542273331955	-1.4894141147344064	0.2273373024614593	-1.209711204623661	0.46498414552133344	0.9630125384093454	1.2547165636156903	-0.5834934834699285	0.09302051911115143	0.40537838894129524	0.4807864015483987	-0.21597645099779583	-0.24505636770491276	-1.095293183471445	0.4072340672392949	-0.267848659089165	0.0035313315174253213	0.29675082886650045	-0.3553051770139156	0.3444110483680962	0.8836874010812965	-0.6072347421879671	-0.08886886651929571	0.21735489210092238	-0.42742947237270235	0.641835104033241	-0.3178445380885977	0.07656149216936596	0.519583390579355	1.326684746251141	-0.8279564359178273	1.7639375764225085	-0.9782507670745333	-0.8713449469024537	0.690543715167975	0.6285461795249145	-0.1520623885296612	-0.9513913112614338	-0.5759135754928665	-0.4374037423505721	-0.5850651643513965	1.0267672340639558	1.0348124703821064	1.3792222577129953	0.6017375128317815	-0.2798776165823153	0.9668078437890414	0.5818321127511007	-1.0251621989997626	0.5664988241004068	0.362858546462059	-0.80394289372805	-0.03996119379085719	-0.09278751023771727	-0.043792140263089856	0.5837357631632766	0.14082551364751472	0.23024966699903954	0.3969477419221478
DTXSID5035589	12.453262375737188	-0.9282143838387503	19.221421721511806	-4.924260338584414	-7.113216309365562	-6.936965451161134	2.905716005128614	2.9667337320153977	3.843381229517881	-0.3181802429323836	-1.3874351555743507	0.49796110148951234	0.03950934221025932	-2.8706033910266244	-3.3577538935157727	-1.6037195392146875	3.030549524474295	2.8501924656784103	3.578670973332332	1.846879203346775	1.6280916212205652	-4.905094830279636	-2.2687040176959004	0.4254218443798968	0.5272925724138751	2.3250546558139997	-2.094085539108478	-1.983573227334723	0.08554105129427997	-1.2409354342831893	-0.11621771756250919	-0.5425157426955517	-0.5635201288728597	2.21990212829001	1.1288661951927583	-0.15566447528797753	-1.3597367077149138	-0.5013638956923722	0.08808193971616941	1.0228231942279051	0.10101892973645872	1.7817215311929349	-0.11397923720030496	-0.7568397936280467	0.567397726093801	0.3857213372472296	-1.1370002339889815	-0.496944678779555	-0.2918895780338646	-0.5705453116295374	0.1875893757364531	-0.12794025438099915	0.05511287114390986	0.06049728729537087	0.05302313197569496	-0.0266390766209377	-0.19916604292001178	-1.129624854156765	1.6071143186752646	-0.14846715237955047	1.1495623538680544	-0.46185172023578047	0.19631216285220324	0.8501203326801711	-0.4676538854491543	1.809302251685099	1.5584321540484358	-0.24588300527988236	-1.3447322986901664	0.8279629112832877	-0.3013435071759964	-1.5666119349578425	-0.6666028638549353	0.7567648527312933	0.4266324474599053	-0.24666624681280866	0.7586862790674599	-0.6192714021539616	0.24687656289404797	0.5867792820883724	0.1688689885382907	0.48844994254359186	0.9716160080466587	0.32098015708354405	-0.30316891823446757	0.5102623209248135	-0.8965225134545027	0.4421419279648272	-0.015545930648763959	1.1433283573111974	-0.45203863469738265	-1.0538850064913086	0.729879297558278	1.0842153454326258	-0.5491954773887558	0.09727805592639241	-0.37830695561619293	0.7294730642052253	-1.084117996771512	0.32929411323802454
DTXSID5035616	-2.3762674715000505	5.981694436605628	-8.313321684676108	1.6213497313963596	-14.66813224255282	6.6721300743583285	-11.434102154852752	0.7499831373961996	-4.986449067508882	2.5987324666731033	-1.8958668988423368	1.414888255542087	-0.6327681848967222	-0.5159266118424646	-3.9062163906561347	0.6868041017648399	3.016131435748166	0.2541984973887224	-0.44482797122594314	-0.43164322919429304	-0.6684652175073441	-2.60461443531975	0.4031656349461856	-1.2590792285828967	2.6492167838618093	0.9395407382470151	-0.2274373588803474	-1.0275407594904908	0.8194696677082407	-1.2281485575136253	-1.1952445531464866	-0.9355632438086608	-0.31147054157606535	0.3016973362155316	0.9971911784925563	-1.736393751212678	0.6926161513999104	0.9803963056717651	2.6430627095321872	1.2811736193727463	-0.12556487798995755	0.20327177494403442	0.9394258450430603	-0.17271970532003775	-0.6297250236507008	-0.027660636219829327	0.7758396958257666	-0.8468532072800186	-0.13190176439497606	-0.275174463917176	-2.241372434145517	0.5135793572908466	-0.11594857303846957	1.034553106520288	0.005240008322431702	-0.13856169730238552	1.1077456664050613	0.2404584033050672	0.45664390017432377	-0.4337495151208092	0.2542077941575943	0.26094379253693933	-0.16953522833450127	-0.33357534426917296	-0.16965353913655548	0.8099763242488686	-0.14748941785595582	0.33001269676511064	1.0809161369330826	0.42268872870708313	1.6417982031763714	1.2753924327013353	0.6989635458252104	-1.0545739452239116	-0.5442917360699561	0.709323333570593	0.20147513141306866	0.4097981135199974	0.09647060302538307	0.5252828757865707	0.5057062834596588	-1.7378591705280613	-0.6518929326439056	-0.3070706291317669	1.5621662039170845	0.11218662513334811	-1.3140179125790605	0.5882800453616116	-0.3374021573197464	-0.07349010401198255	-0.41470804612441176	-0.9159869553994774	0.49124454816029317	0.38273139347918705	0.9785226451473766	-0.34542960251993016	0.08420453368610252	-0.5300635077996554	0.6096188692211028	0.5860135222749497
DTXSID5035957	19.959383118577136	-7.212480173250533	-0.9284299375144893	-2.982284752825439	4.940054169776063	2.0452451630761534	-2.7822151074886907	-3.2269895728159317	4.626204239967816	1.1064101025584758	2.9210233927914615	7.061521236035549	1.1743609034165812	-4.316190413064174	1.1417625365148059	1.68067959624802	0.7886824301562328	-0.5242146910647301	-0.037810239012628956	-2.643378269642213	0.20139260582671512	1.9844204879356764	0.9898962535006847	4.45194063000298	-2.6094097540360677	0.4017032004096768	0.24208568186146495	-1.252565337363046	-3.6677480272479492	-0.4937682832692808	-0.7824090533472774	1.670873018720879	-1.5208750522577112	-2.024837168347162	-0.4480002342739269	-0.05193547686112331	-0.6646510654127844	1.3880651994952866	0.39286826309156664	0.16959479915953116	-1.4330437060618577	2.4440248247798513	1.7340869423597607	-0.009783220106269214	-0.4998453533436818	0.1992049949897131	-0.07613879302540845	-1.047551792452253	-0.4476639132535061	0.7529145555424853	-1.190723838200764	1.1008075032976459	1.0873785377330907	-1.2295841640133762	0.987382319515224	0.996435408728915	0.9085574449600539	0.9632284755956685	-0.4652194011550331	0.7851771953769661	-0.47734466225351013	0.8625966538764758	0.21342098537735638	-0.2027452002900354	0.2119341338931253	-1.4571208821197588	-1.4929528665915828	0.18327771422625444	-1.2042201084084612	0.2445439224987607	-1.1709488394386642	0.9077082851921109	-0.8382606830657651	0.023717417738931858	-0.6862108817789043	0.9613438672059318	-0.6183919858792195	-0.4531472929511381	1.589739511454698	0.9339146561640096	-0.8483372081810754	-0.61244572750858	0.1547739393975073	-1.2421616601893777	0.19425416080280725	0.1170994084286784	0.4363179072771047	0.20038719468492797	0.7786620107169687	-0.26954292710996186	-0.32750148146379277	-0.6012539000956326	-0.10638108173991923	-0.17677022729802241	0.4781126611055272	0.9603744096683764	0.13116784347647328	0.5507971593543983	0.3123271860188826	0.16912018753913607
DTXSID5037028	4.0757452604027264	-2.874907934929185	20.25133749387672	-2.577514697510696	-7.425850449376043	-7.90798380173874	-2.949220917364258	5.3907259448107805	1.7273869922683234	2.9789868483553246	-1.6240335205779797	1.0079868331449773	5.6371160064712305	-0.8880922591554009	-5.8035277331762245	-1.0530996980022416	2.265111265850681	4.26875929019884	4.582967838807217	0.0012498388414803935	2.751332753071493	-3.222506830844386	-0.42512204331673603	-0.9638071630180004	-0.7503370415784092	1.8455081253694336	-0.08760335664497154	-0.991136306386179	-0.16738742964708178	-1.6407086880640451	-0.18843746929182026	1.4707500305763008	1.0200239746077415	-1.4286585438242725	-0.3674632572191456	-0.3087798049009347	1.0556798461933536	-0.9460210483181499	-0.0008567984538780817	0.9376355885400521	-1.044889522296982	-0.2102928752284852	0.04760374539188914	-0.28477874501877154	0.3528340500617006	1.0613223010076418	0.170924409579302	-0.6586947495763615	0.31543978282416346	0.15107732202781626	1.5165536443754999	-2.4422340944693524	0.3995192807573326	-0.49276811757347583	-0.224396032836272	-1.4147220849222064	0.6930758660831587	-1.0974947010529557	0.62748033304524	0.9249978898632799	-1.5062822001829745	0.44909691109036426	-1.664165842802799	-0.35341238038449296	0.05874845842861193	1.073091621611591	0.5465363135112483	-1.3363395866815053	-0.4554968912395678	0.10973452164323241	-0.5412257446670792	-1.368399456338309	0.4873042913457652	-0.7432913055291964	-1.3740539820602218	-0.3306772147204578	-0.041929042894152044	-0.9029837361833848	0.11634536608112539	0.31400231053232397	-0.4097102149099728	0.6728998428182248	0.7060164997367617	0.2754321323282964	-0.03245403577784627	0.23430256525634519	-0.5403943537512776	-0.7116935806194057	0.14886438918992909	-1.0350344544111032	0.8708143481709716	0.1385098443764197	-0.7007121922832595	0.10937537082038097	0.982401251564504	-0.7482275167029635	-0.1776183987875855	-0.9256454727697844	0.8021656048070703	-0.3085038299915532
DTXSID5034773	16.273924159408864	10.34225597977029	-5.390919028848149	-2.5010567019523178	1.8862259003096606	2.8998757199031417	2.5882611603559997	-8.027578031580122	14.690343772543915	3.420553736041394	2.844060338680176	-4.7998458130707835	-1.180231341470038	5.442802565926753	0.9990544652791445	1.6715052239823918	-1.3275825331213507	1.3526244177920037	-0.5623558580425588	-1.9633278883481324	-0.05212368468840557	0.7106678419158604	1.2407006336879394	-1.7025586770861636	1.317222476986317	0.3014125397766036	-0.5389304698021318	-1.8382390265344677	-0.306150714632404	-1.1339733544470927	0.378653553141325	1.196051846031354	-0.3450191205957681	-1.3527863094641277	0.15942587995123048	1.5315805247520915	-0.16116054682647415	-0.7394324043505963	0.3187382685708095	0.33063313765752483	-0.22511116516734667	-0.3011464003521262	-1.5084858669806482	0.6586929483061903	-0.44113689997410743	1.2695059131039867	0.09305937158970386	0.18050517399003424	-0.9442874917982688	1.518320320634824	0.04979420866887568	0.2755564411946064	-1.6903223169066433	0.15578185580180928	0.18438586141616162	0.24086097629867592	0.8525778990553634	-0.016656757946763984	0.38803070360616587	1.5071927541717525	0.38516232350677715	1.2220204497922444	0.28934625512076734	-0.2703353352921322	0.23877863056597712	-0.6422354156597567	0.05202209493485644	0.7105382710622505	1.3737227659704103	-0.5922188374622446	0.9261116563469227	-0.36060471676760797	0.3017814719384774	-0.5609682664188327	-0.012172386004172451	-0.46743927342394637	0.15746948513955908	0.7249471998433722	-1.3739444729337986	0.3311115966196101	-0.23241886264110412	-0.7935320653847928	-0.14954452142317354	0.4004795333221301	0.5583435567176456	0.13329635044092542	0.7841674659533295	0.04290045150746278	0.7593905510292713	-0.9929014335163849	-0.46099272122304097	-0.221913614624521	0.19598091106032323	-0.9110964572299831	-0.534571774050864	0.36900042573061276	0.20702085071022597	-1.5577335169566755	-0.06435868062883743	-0.29120519907077874
DTXSID5037523	6.7603901341357036	6.957092121447394	-3.1120037938505467	-7.676040856944025	8.881156273175428	-10.751151830462955	0.2244654561512137	2.620430777764887	-8.291617091485698	-1.812023459611689	2.234574074120516	-4.543169094258295	2.122816125720102	-0.5501801781125321	4.28091062064512	-1.7482596263425279	0.3471156529744046	-0.17968683014477776	-4.136723390307227	0.7846907420378204	-0.9826234892329531	-0.7974411765051425	0.5859365395856563	1.2249471571917045	1.1979716534494391	1.8469711971040779	2.367921434052132	0.22314685418045802	-2.258812813955868	-0.7891915038805715	-1.6460760310845486	-2.642920033390773	0.35414101089939676	0.9190891244118395	-2.247929257052377	1.0730394026467713	1.8620603964831526	-0.9651683297796567	2.2268231488933488	-1.482955206698287	-1.0428779741896543	-0.5053701539458687	0.26827533348898547	1.422576362931809	0.5706937597324847	1.4031173985129117	0.6098629176420943	-0.3126469899913033	0.6346877427191496	0.21840000014791988	-0.5592468250193312	-0.3227653585566888	1.0625204885239237	-0.10563861503043846	0.9426679480366763	1.350860571990465	-1.380178536469391	-1.4223625505373558	0.4728475292504998	-1.3531646398204045	2.886790342894469	0.607793731060714	-1.217084777860666	-0.14585444004182685	1.8823876902615393	0.6247031426647476	-0.5913950628677919	-1.2556878331437158	-1.0618450044801326	-0.36919775279497485	-3.2981177430281745	0.7340397527176691	0.7616354068646708	-0.41529815416116383	1.2608567350170357	0.7304377850275873	0.9189587229203142	-0.014257032023547474	-0.5017956798056433	-1.6768454976920013	-1.5447506174075811	-1.5529132191067254	-0.6288092948667733	1.842361460960562	0.4272923122446773	-0.7773196371707677	0.6580690602374545	0.5531740057492847	-1.2835012918088156	0.7618837100414134	0.5520243268071586	1.6354397029999665	0.9510392256658726	0.4699616944784728	0.8937463337065383	1.0349193989425851	-0.3467191093394221	0.009608398657336432	0.30418200875861	0.15325787057164822
DTXSID5037494	-2.6113220519635036	0.7697537920948694	-9.251630285139987	-5.403580312349121	9.190226638370095	1.2931814430893627	9.591111985512129	13.611687705978065	2.558600743643483	6.749768780668564	-2.5887404487238057	-3.5003029331556594	2.7699129888269507	-1.7325231758255601	1.95032723155267	-1.2055106181921493	3.67165369354378	2.831227882091702	-2.930942255749482	1.8031720231144879	-1.7089071168107322	1.68822211870455	0.965923803729712	-0.22991529283189643	0.3834508009321467	0.9921621579016713	0.5857956619496562	-3.352169824314749	0.12494979512385056	-1.127500624707172	-2.5594662083430806	-0.6575776897922009	1.7705122688422854	-1.3685853372813954	0.6432978258417846	-0.3830490767918681	0.8572776293432927	0.04498251868038649	-0.573623465492574	0.33444701366113366	-0.04798960306281595	0.08656521399643152	-2.372510244834735	0.440184000521215	0.5895799851206042	-0.7949114516447915	-0.5885333621296948	0.8397933943940729	0.13568891697643778	-0.5734481014487937	0.5694262318839004	1.1951754435152182	-0.56912483430629	0.639296814991106	-0.2726602288670752	1.498180795601762	-0.9566494555432531	0.5827033749044347	-0.6311222796815936	0.527079566742622	-0.8465575455056464	1.0684475790412222	0.09607513336321608	0.23237778238660173	0.76174542516603	0.5740059823280876	0.29041555599016305	0.4524717579672414	2.1216217687507726	-0.044740595638791764	-0.14502388263780608	0.8547982039465869	-0.42440570593629534	-0.3029641596516505	0.8172921031689966	-0.1577079891784237	-0.8613481786346154	0.5116596908400753	-0.4035675539233631	1.1191525989798965	-0.019435619001974356	0.9755762279060729	-0.16492387213073936	0.3435678741335137	-0.3579953636350928	-1.215170261809692	-0.9114552456144283	0.09636207881844205	0.8600279526410837	0.5730206011448568	-0.5830301623412383	0.70514307981558	0.16028474344045995	-0.3821348898129014	0.024517306591772807	1.4231315988850013	-1.4059890231468302	0.527387876918062	0.1533436296153729	0.5682132548222685
DTXSID5038888	17.34471364514328	-12.942190583042054	6.899273529313918	-2.506689391353225	-5.716692240211038	0.31255875661808963	-0.5977088198562788	6.4908131128225275	0.3820198813803291	0.5906528615154926	3.416335569793267	3.4847363978601793	1.488806830425468	-5.825954724977963	-0.15863273817961482	0.09689629556187808	0.8404017328424788	0.26177466050070924	4.993322964927867	-0.04969154389868407	-0.6766022297106297	-1.3033488236405488	1.2252218259669065	0.28103357969965	1.9925436908835001	-1.0429302463607435	-4.0547538328091735	0.8451485163019292	-2.363429444064993	-0.9598164004162626	0.24123496136257655	-2.5600607649561686	-2.7952278286378545	0.9564023507604948	-0.07519806882194723	-0.30018881402622627	0.3629337366219582	-0.6628562664949271	-0.2709279105546797	-0.8769136209671663	0.36185988304802935	-0.7608200346131514	-0.8336462103055006	2.7276735086747887	-0.6634893677263279	1.3908204561420696	-0.8889439552148004	-0.66324388993346	0.2501094786610875	1.4026850502812525	-0.13967917062040028	-0.883860010956048	-1.1947088424870045	0.5732101771074781	-0.3001689961020552	0.41416561658696543	-0.06732126267525217	-0.3181791793626032	-1.9790693883505073	-0.3193341103838301	-1.3585119784809025	-0.3534299020234561	0.5504871488318377	1.3922878021599814	0.5463739845486947	-0.12397135387935204	-0.3798455316466506	-0.07145818271232164	-0.09991123044022228	1.100701218870844	-0.0226100166814024	-0.31355300050321844	0.23761949458658532	-0.4215952806701491	0.16437345535238715	0.42288141945542734	0.5446880829433323	-0.8506488438423128	-0.47729942321414426	1.8752765463125438	-0.9537259592715717	1.0268811393626103	0.26802155253143106	-0.22330510218739888	0.19929471581760308	0.3115470186088913	-1.172625153638992	-0.011775501055179554	-0.013781716011681336	-0.11162161505414565	-0.19648692591205494	0.3328431845818504	0.221814691103014	0.3200838636649655	0.6502091763853004	-0.9676213668275633	-0.6126998031347374	-1.917990373844954	0.03859411349833781	0.30965025532791873
DTXSID5041514	-12.420271513530839	-3.9447166693717888	13.048032124814082	8.913732081092286	-0.4785165949189447	-3.865588223281544	-6.311027209067554	-2.131029796314894	4.888200991427211	3.1510376298190557	-3.189632059319699	2.6933141242370016	-0.4665302410949758	0.7494318717163612	5.996500044352227	2.4380054424153137	-0.4702384914823077	-2.58637206684629	-0.8861483657534824	1.2101538146446305	3.143316936543488	2.337136218116637	0.6842900943019321	-2.980155755400636	2.5362106089200145	-0.7325083913103779	-0.007287261363242196	-2.878184709481875	-0.12824975385582776	-0.0040092577506098065	0.18447757526355818	-1.819813018701839	-3.459488154996052	1.163530623313031	0.16271870437827254	-0.013453489154073461	-0.03528315564119766	-0.19232406007915936	1.1983432604203097	0.6130832815148605	0.49020027898617985	0.05136154054394132	-0.2810214044722871	0.3271400305044679	2.208331471018128	-1.0750432460701116	0.07425363741857012	-0.35066513860744536	-1.499582498908057	-1.269406427580385	-1.142010048803681	0.6712850995126347	-0.4161793310977533	0.5994906776774019	0.4548698229390338	-0.6129114536990794	-0.33332351143253247	-1.42958629791823	-1.1109378223058548	0.5454072721650597	1.118330646070595	-0.13182233224571338	-0.7088233414222593	-0.3083464100775098	-0.8317200288516116	-1.2598002230051883	-0.1008407562740775	-1.3067112248194954	1.4746042945556717	0.5735267928499794	-0.3886414916004883	0.18223764810647058	0.7614212824400167	-0.4747353303753126	0.7148186171354967	-0.6890829741399489	-0.943550114340216	0.6431672108134824	0.822533676895412	-0.12146228585250049	0.5332532746669848	0.7831946565417394	0.7366235220049557	-0.8840512779143281	0.11805331434035166	-1.2000245819968627	-0.29761441177733083	-1.5035325631242507	-0.49007227997574987	0.16990525855484048	0.15809468937864815	-0.24718230374982217	-0.3678754436142045	0.7007454487154161	1.3615270794980054	-1.2081593075122121	-0.7898651588239118	0.5528235643167292	0.11051087522133335	0.3804963888308727
DTXSID5041516	-10.030217063125374	4.742701665165745	-5.215181935590666	15.271661464081959	3.7530857861066087	-1.810420695664476	2.5085560815402417	-3.6566040660380716	-0.14398613898755735	-2.0417913526440605	-2.557280022300693	-1.2025621778212217	-2.2100199884703677	-0.3642200383005671	1.352539453539214	-3.344784454042302	0.5466916115040396	-2.471734838978269	1.6242168954832037	3.4756651264574767	0.06983189311954206	-0.9856035013258915	-0.0653684607818824	-0.5178083671221076	0.9098370192842808	-0.04583872979670448	1.1204346004279664	1.6230897812231158	1.7116584248428062	-1.7524505137853494	-2.0307975453273426	-1.6073178545453324	-0.041762229981582515	0.6975747371675387	-1.691726617000676	-1.8051867087975444	-1.0485693858976044	-3.2424408868921097	-2.853420290043772	1.570473217117195	-0.006695267950198296	-1.614123598009074	0.5078230711065512	-0.701585467467794	-1.1860387579558833	0.359945976697623	0.724056017727082	-0.06565003171136401	0.10477854322416498	1.7009173163350757	-0.8632835994446872	0.5879270791680249	-1.7407893905117549	-0.161819849870222	1.4143042985023844	0.5641910579744988	0.2566309719899328	-0.7517726880333838	0.9021909613469951	1.1553588060942526	0.15381081477158276	-0.7127586464877924	-0.7470717117065107	-0.6653734618273014	-1.8766168379206136	0.6062554284388637	-0.008977487241498596	-0.5768847894134067	-0.7813820015988293	0.9991868228706678	-0.8471295191708041	-0.6964852103013293	-0.6870262368635314	-0.54181217549933	0.668176309062493	0.20569651722860963	-0.17454242807929432	-1.3187835261847294	0.35262197552137226	-0.3791356491316253	-0.4121207983928897	0.38650763708041097	0.5572832678487888	-0.8002516852096138	1.1110662981819177	0.2251632277157346	0.5850944121006301	0.30666774309782385	-1.1819758678380128	-0.6675702874906023	-0.4534411147910495	0.37824060068552506	-2.1341942718635223	-0.07010085584210698	-0.8766928687233524	0.9889710128374494	0.29674859943344634	0.3906145441619101	1.7925169775849938	1.6329196385801379
DTXSID5041641	-2.637642303292349	1.5265330680101097	-10.161520016538898	1.025118205898871	-2.485453398784596	-0.9128932768360786	-13.192452709359713	-3.3246169948897117	-3.900237306474364	-0.8049049477451112	4.3776774230200655	-1.9669354628931468	3.5397475707695953	-0.836080406938683	-1.7716317457483015	-5.9148240621004	-5.019612011558441	2.266132199884307	-2.9850025889783756	1.2871287859650278	0.6513557237814306	2.6443693311102896	-1.8988110575247428	1.4646478987936475	-1.646228694633193	1.3035538292511877	-2.233361882562401	4.02155048520865	-0.6226097820336087	-0.9852738705163409	-2.3051266793132568	-0.5799118058797538	1.4135931964488087	-1.025425059821511	1.061130206788024	-0.33678742416652463	-1.5064716519268089	1.3013732552073989	-1.2539552131016989	0.8914992196311881	1.6681058019993587	0.4993625083118393	0.3679359391441238	-0.8660036521757173	1.177622597920906	1.6678448282651182	0.018830678536097482	2.3622203104898656	-1.0842745268746685	-0.3327573085307356	-0.7601637984670544	0.332351083083572	1.7320111164191434	1.392020235638226	-0.06557618874084019	1.2236157585850516	-0.973146913952803	1.0745819823700284	-0.2249756162280514	0.10235158424968795	-0.4741314464958156	-0.5840807177679712	-0.9616445267015685	-1.0495044615366906	-0.11255331999734274	-1.0968726537124727	0.39856793291163384	0.38129524975676354	1.0106541157422684	1.208803209509958	-0.3603148476547032	0.3353612669812549	-0.9865039064655203	-0.10551235449506266	-0.10620621829541374	-0.366736107290679	-0.15616053078610223	0.08211645472045312	0.5874233976838092	0.49685802919706723	-0.8282878596954992	-0.37115691509150467	0.009252831379726966	0.7365118023040055	-0.12277079296484034	-0.33881799506015775	0.38670892722956235	-0.34328881877951783	-0.1945617764183802	-0.640390027165923	-0.24706681507818923	-0.10447132562102125	-0.4680780201638675	-0.13481481973858997	1.0081446563892995	0.17525850048630667	0.28369135609137214	-0.31656389618352454	-0.22709541272424433	1.876859563944696
DTXSID5041512	-4.650258871228918	1.3794049665613026	-14.60854124860736	2.3859336484319256	12.780855320271998	0.9907704900949508	0.0833139047235486	3.2001978613869317	5.1619170833326855	2.356330011676169	-4.574703428498077	-0.16759518519269173	-2.154219949768266	0.41897010470587903	-4.1881955175312555	-2.152783677957037	-0.7405118850086948	3.0080842835691106	0.31012166316261325	0.2063161768959973	1.2611292643976386	-0.3129587509696797	-2.255098104233005	-1.4836670761107367	-0.8738257907598366	0.8636416518158735	-2.753307558016659	0.0884061864080947	0.6837149269305549	-1.3464476522515068	1.0600940781536339	1.1565859778037755	-2.0005632267698266	1.578882467846154	1.095568352022501	1.691663884673842	-0.06811080659337887	-0.06271791485845203	-1.0359680159502187	-0.682733250696938	-1.1151307303925977	-0.5884533390151303	-1.2630598204527723	-0.06294786582689023	1.3581689865539244	0.8386003087782026	0.5962884411916518	-0.11490122984520872	-0.2793414698175718	1.1250322029559485	-0.8167853111673068	-0.5577440788674602	0.8113786734684899	1.5737364540332768	-0.48811296829321227	-0.11129425935934592	0.5768718524970947	-0.36488865232181517	-0.7414805543472819	0.6264049842239012	-1.4796346462091563	0.12570947157311038	0.626478883955563	0.5928301371982847	0.7071005133967689	0.25950840020161625	0.20924161405118524	1.1010990328216308	0.6911447445451184	1.3200571925171143	1.2385010218262835	0.15169834444946842	0.13638385696403857	0.040123058377455924	0.1287642012157781	0.5861600370838911	-1.5382159908691573	0.6200717042070114	-1.1192857199832016	0.25507164850710506	-0.5353129075679854	0.14652920176451764	-0.6301791436415832	-1.0323768527043593	0.12745975105904028	-0.8001695567704015	0.4206715505288525	-1.3131187578150676	1.1113839436761046	0.04976614863304633	-0.34986262208202284	0.1304753213950398	0.6235024506511431	-0.012742343338733668	1.2587971679560694	-0.023656998910179056	-0.8375835387113252	0.5438708795606899	-0.5183375253625861	0.828409995559463
DTXSID5041726	24.138152894995287	4.214937014366485	-2.141467006978316	0.24110416185935854	-8.376718173504816	4.435509859960348	0.9871122951718763	5.475397450308327	2.2455216858339893	-4.167558383844096	0.4292576017923728	2.3972754104656024	0.18489465771215832	1.0202754940022458	3.7388994626196075	-1.3250888887854277	0.020859466630351525	2.005140389977875	2.2731993097921	3.282620444222902	0.7697314766341311	0.6187099004073421	1.008590481123775	-2.977399915042654	-2.0155976348444744	-1.925193691000186	1.0237654434534873	1.6553100644995493	-0.6935420889761329	0.7612142658362866	-0.34677431509737383	0.2618250179899111	-0.3994759981871096	1.393379110612691	-0.5309021339724347	1.1701597184413328	0.41465928126428847	-0.22020895045475378	0.04448557571446678	-0.6073882348411607	-0.14418911665103876	1.199955300942971	0.3255163157162819	-0.10553263439741946	-0.19476101388661665	0.8282322097625704	-0.3817130968474252	-0.26706068689239243	-0.8942890490973046	0.25712015464099497	-0.01722211677632794	-0.6627182266526345	0.13502411887523824	0.382913314301222	-1.0339879569246353	-0.07460624563624325	-0.027623605704225562	0.5397209779693781	-0.3835193064004382	0.1207920188949584	0.40770286709240644	1.514956348956133	0.6521993887481959	0.6954197100478189	0.4474845639223404	0.20673715558836236	-0.02482666210988612	0.2814131476950557	-0.18416776522533548	-0.5004058503570069	1.6428738320543967	1.3354955141370777	0.5845495166519841	-0.21547572679777435	0.3485026842319481	-1.2187038635302974	-1.3284362214067695	-0.8694565685146387	-0.8284854276135276	0.04173751319330626	-0.4398534685447809	-1.105317943032172	0.4561372967775555	0.04254081166566406	-0.2571490720593455	-0.5422615241798827	-0.7834204269271526	-0.29229967436798465	-0.7009187913636604	0.06860890793896132	-0.39271211909079207	-0.1221303632805479	1.143536570600637	0.309973203737809	0.3504639446351944	-0.5517168952857121	0.12479374509084395	0.3020960349320276	-0.30313288672747746	-0.7665412196506732
DTXSID5041728	23.95724272687154	1.5203870342515828	-1.461253012371341	-1.7044043679825174	-9.226452257275234	2.2631398210181874	1.0030909781631026	5.5082964741354274	1.8098188681839824	-3.5212286079094333	3.317731705188689	3.4501561121589823	0.4733365092746972	-0.15413682525073025	3.4173571884451586	-1.8236704180323657	0.28876054966022735	0.9081015411548289	3.414936560653091	2.9753837575210205	-0.2963144071950849	1.0344988710298455	2.1989978510616424	-3.016079339655148	-1.966956597528885	-0.5782292001039958	-0.2730974837976527	1.432389839551365	-0.39776016747373705	-0.519606125729328	-0.028672026968371837	-1.62551332425547	-0.14261303771991735	1.1829981943796735	-1.007034535241599	1.058056377902125	-0.5069602972349342	-0.035994930080682545	-0.14160519544304706	-0.44153675889869304	0.6902866303882926	1.5296831628605543	0.08326724244698842	0.43544251738851536	-0.8757876354793056	0.2292517499111521	-0.010947921817975173	0.12752555400632012	-0.3118978041784983	0.08389307221293744	1.278714650844555	-0.9203798404768021	0.5383946702808048	0.6037551290911284	-0.36816973650207346	-0.8054909330092127	0.036513475236226875	-0.09424928825067289	-0.3816676597026046	0.993378599719249	-0.4766509682871223	1.6406690860106312	0.3384973473261947	-1.0082727423559488	0.16465343913886513	-0.44160659649741973	-0.23602032359654862	0.49748873781087566	0.3160183897546081	-0.2135635825706712	0.7845212826673655	-0.1842344620519248	-0.08742669057077966	-0.019591322852641944	0.9775460925309539	0.4489992173901084	-0.8919657841973612	-0.33764770191797494	0.025366530215449986	0.3759872531942172	0.09110215518142055	0.17175213588290655	0.6189033673670994	0.5416347092884279	0.052427429746587435	-0.45584981806495195	-0.5322020332695395	-0.7971606916109814	0.1776774187824949	0.047300558357660775	-0.7734110203063304	-0.5183485426943457	0.24654838340778146	0.18250758418134208	0.5179207677190859	0.3343723300541063	-0.5858546542798045	-0.30682957310747816	0.22593400912728662	-0.5932527640589994
DTXSID5044443	-0.6129112682067397	-0.7106701593263781	16.558714763994423	-1.9947502754397533	-6.978918374577333	-7.055205969321348	-3.22845525767152	4.644033644386443	0.8761010426761939	6.277119744643212	0.20568827492795644	0.4645630826015299	6.879966621784774	-0.9292532066024223	-6.532422149686644	-2.9477008205218023	1.2102161831485274	2.8535475033760753	5.969565978494624	0.3063034175628856	2.5888910804076777	-3.6869502430358922	-1.1701008552301126	-2.322816756149907	0.4421627377431661	-1.7639298856286525	1.3665268599288831	-2.306703787919578	0.447622893491668	-0.6956748929556423	-0.9090083335637229	3.1460723733597087	1.501954026741644	-0.796256783818628	0.9927717492674661	-1.8173221854538226	2.6036232411025684	-0.6377234932753721	-0.2728413490049094	-0.84096548109027	0.5361431302218674	-0.22141004705710077	2.060308250508412	0.8111228907089437	1.0725880293725516	-1.1946362145750844	0.05227469757777155	-1.2177636082886159	-0.30401728130432754	-0.6687382599628343	0.5440056531693982	-2.3096571283838023	-1.207440727072106	1.4202632170540626	0.6731643548961825	-0.5772506122530026	1.1461986410060343	-0.06628618792378146	0.6280874889554309	0.08969684868217308	-0.7180962926371081	1.4092268122493576	-2.2539205451246414	0.041228508967397604	0.25221980164435764	-0.08939723184725551	-0.5638507798352914	0.07845220195531763	-0.12278160358643826	0.8837834773080588	0.6753572697552785	0.4644328230161959	-0.4621696785559694	-0.9810369358293956	1.0586323881023139	1.3291188803568117	-0.32350411239637916	-2.252060294614769	-0.15513407529524698	-0.25264633619613236	0.6256927288155232	-0.18912370636081202	-0.33995482739583	0.5384809271707118	0.22013401724271542	-0.06312297098643709	0.7483378858813605	1.3677197374795582	-0.19621818582679204	0.9019259915593473	0.07071656379002876	0.10979146085720957	0.9417856238189368	2.3303612775402804	-0.050210234949551076	-0.09832257966880041	0.13324531024635788	0.19789125220020726	-0.2270538984357717	0.03851221823441323
DTXSID5044493	2.4728683776809977	11.300318509790902	7.251759290810639	-11.809260689892458	5.599537419110716	-11.066637645971573	4.798437977254125	5.05188855475647	-6.174482393089347	0.7505711032365018	2.6337720194465684	-3.9482148407715423	-4.240661108892441	-2.120859942668873	1.588488897624905	-0.5304762469213994	-0.5707296998465724	-0.4763438333165781	0.20621072092921824	-1.8153223841910155	0.13628656700189068	-0.6492910029543348	0.9709831930274696	0.05793418302899473	2.7643830035677697	0.33663896096031026	-0.19370493005216433	-2.8970725020349173	0.3340863737166419	1.7994409533024471	-0.288701961368696	0.7879588344360704	0.37692560570956934	-0.4928668041212826	1.0133383141963732	-1.2441090746073542	0.6630829778457726	-0.39410094505368215	1.2885014203798273	0.5447209986892537	0.46915037531372566	4.248472559472004	0.3864786802429587	-1.82682449563674	-0.5424368811213118	0.6392484558575544	-0.4381913461259796	0.1899762993694333	0.2581039322048671	1.1567104802427721	0.3244099897084716	-0.18556700229886197	-0.280597313748876	-0.3766805206369279	2.508178743518768	0.8713652328896905	-1.1815123511931689	0.7365186593608446	-0.7124292404515814	-1.211595556297109	-2.2409062933940462	0.49941031182945333	0.9538683394162841	-0.5105435845911198	0.7085643045817469	0.5854246247720039	0.3231316111377981	-0.03151389145474639	0.4819262536103246	-1.7377515272313602	-0.5358137802100149	0.13886615391786558	-0.18208884913727622	-0.05061444837247283	-0.8580001567519441	-0.6399181811581551	1.83095087459991	0.6705013013265331	0.4287402068779855	0.08460748917077425	-1.0140486563192286	-0.7101999177493635	-0.7761031915972137	0.07971694717141792	-0.5130780256634172	-0.17328626460519247	0.3820170101981114	0.4064293707972256	0.8157054454468892	-0.8510382703469994	0.5591777294254954	-1.6293229326677052	-0.5276584318405176	-0.4527707607810287	0.7823427774807782	0.3608756066739906	0.10310965100647435	-1.342857673221419	0.8091884635080835	0.2005007089423362
DTXSID5044572	6.285869758048852	9.720180732158642	2.528298115721188	-9.863781120768856	-4.954593758017578	6.0225360646601604	5.121967931936575	-14.264096524552226	16.007124469954896	6.311791170017261	8.807572341749443	-8.304320579483239	-2.288841591604832	5.673185434053609	-1.6196973253445943	-1.6974923537830042	0.1638647460240213	-0.8038107274696326	1.7980057688894548	-0.12576924307562326	-0.45789593188310135	2.565544834106449	-1.0683507509481052	0.9264148420992322	2.608891408662423	-2.2739382612291887	-2.4004626778124085	0.3870974151787467	0.25023674395805123	-1.4768115488597835	-0.4581285494833803	-1.92663608257868	0.9076815103304505	0.8208653292909357	-0.7821280470119146	1.2445951005364002	0.202873206429317	-0.09248705025441901	-0.13095062529873042	-0.20202602447220758	-0.8136579367051693	-0.0924191247709929	2.0187013805442624	-0.2755718011356253	-0.21623910170960703	0.6456955009698297	-0.09896740132060382	2.323923116128438	-0.27059350605964055	-0.09842519916423305	0.12268611380246784	-1.1236746837165692	0.16807041659357425	-0.255666515237189	-0.6003465996166633	-0.040421547841712896	0.35260309759956454	-0.39548759306918235	-0.25989540058505	-1.1181383575613308	-0.22211955031391706	0.3774836620711208	1.2444906834714227	0.16433483017972347	-0.04627772478572469	-0.05369784725912824	0.8779385974846725	-0.12948908867032335	-0.8611439082556931	0.0010310956489546202	0.09115704431366105	0.10159386538548514	-0.0028752456804679444	0.16835772870976864	-0.740305098900549	-0.4670115136547565	-0.45000513422849736	-0.7956194086833827	0.966066796828355	1.0732537081411706	0.0094450703986262	-0.1374300327069283	-0.355683797315936	0.10444194482278937	-0.7180827646106459	-0.1902653125107141	-0.346618846792564	-0.7147940596123377	-1.6393451350834105	1.4015550358512874	-0.5011119406071662	0.18788574796987875	0.4454899511732198	-0.16713447216527796	0.2865693035535856	0.33649447100392516	0.07698296724557646	0.16937559376833256	0.19374018864582931	-0.045454643833077145
DTXSID5044578	0.5812494404579385	5.360837207835575	-9.530012759705961	-1.1982723157196231	-10.456487701412353	4.548207488426207	-15.131168546668434	2.686288586238673	-6.211034477803279	0.40079289014178143	3.16392623613602	-1.052116425178793	0.7573453644735476	-0.1751870149655756	-2.2491810214501213	-3.135088306961814	-2.3275913856320667	1.646787092154552	-0.5198848186218679	1.2826175620295497	-0.3413759484802477	1.5465511657978768	0.9013691895832933	-0.23403774286963697	-0.30088758548414857	3.1408648353983484	0.03811518550109077	1.76176238841609	0.34753315609001606	-0.5921614934534343	-1.7334051186146546	-1.4663746907060875	2.4920146029718593	-0.9689065465605721	0.6802938585875087	-0.45624445089534804	-0.25450782378742487	0.949729115430165	0.07551727635642448	1.1626436588090003	0.6364176755976275	-0.11200691059796986	0.4767680095606543	-0.27842238881027775	2.1327775202198835	1.3994593594619598	2.0226613362487034	2.457266557076148	-0.5660288201979181	0.677671241998135	0.45045773569668685	0.47652891825048266	0.9751528744138005	0.3092018809931362	-0.5936324248551812	0.140837866620012	-0.4012751709217314	-0.9537901342832812	-0.18636154936108731	0.3982334540131746	0.8370252934022747	-1.1532902011426587	-0.7130634372702	-0.4569294513379688	-0.8823572444552429	-0.25459569789508724	0.27302996006287694	0.9743912991030018	0.8493494964166036	0.0004726311610860328	-1.3058557631563157	0.18498732981217186	-1.5644168279908461	-0.2906632968076623	1.0693682624612666	0.46634329713848033	-0.7700568559649548	-0.24311706281061632	-1.0936961212844767	0.35541176904049726	0.7766992823790759	-0.21097042703183289	0.5450926143969503	-1.233831100393634	0.5469676158209007	-0.24333809967105413	0.45619832060284166	1.4236496107918752	1.3211340154730418	-0.10543902961240939	-0.8216644381765024	0.6900262285954983	0.185285911696202	1.0447741968810194	0.3321047215305396	0.8352188860950607	-0.5915565803636937	0.6506500855912909	1.337623913096197	-0.9915620143022651
DTXSID5044865	-2.3205881923490623	-1.7498578317609887	21.07796296131547	-4.118543572530403	-7.48029228789435	-10.575189017820232	2.902691785829604	5.7641835088777515	4.27805886151886	0.4680787860332637	-7.483160076176503	-0.5153691942669971	-0.3657743313114559	1.5951091671884976	-3.495591653985517	-0.22182442036220604	0.7487447245943301	0.8267191354803322	1.611898835308081	-0.2576062530700079	0.46729406191598194	0.40550740343170444	-0.9489998627916942	1.3649897111692872	-0.6553953435850974	1.2534258030049332	-1.290064000550317	1.5672913914353936	0.07433959183934616	0.24538767140849668	-0.03198515472134005	-0.6514400174826791	-0.029372237973849354	0.29802149031620184	-0.4195890591156349	-0.4545728610336161	-1.042473990463296	-0.8443204654460952	-0.679403803942358	0.633658420111444	-1.1324454582852006	-0.3661090718561704	-0.25801814556332586	-0.4086407721025619	-0.44065986876590646	1.6426108309336844	-0.07839375356967061	0.22627292594482704	0.6978508515685191	0.46504075740553236	1.364991198951712	0.5924292522189282	-0.07816078316860746	-0.9417532302795341	-0.31676012303983786	-0.1745557317096612	-0.8363449408933874	-0.629192217519718	-1.017452649159537	0.6432655414577132	-0.34961237745971846	0.7874557339666584	-0.5463569209180328	-0.27831299808831367	0.11370788150811763	0.34277233623981235	0.3391183381923628	-0.8257798049063727	-0.7503378616844933	0.6938665298834349	-1.4386923399635174	0.037449705926102764	0.8483877341573305	-0.7079315431982396	-0.5043640614082388	0.9776067508430694	-0.9769309662276963	0.8362398635607189	-0.31020144926689436	0.0026264288903519546	1.3766014258529873	-0.3598080864032439	-0.8630823586506106	-0.1157534821782201	0.5593106860698283	0.8976916024426911	0.6096354541644418	-0.29575784653594706	-6.199674981875687e-05	-0.5928650896057275	-0.7227217364311801	-1.0134998457956477	-0.21564048569064642	-1.2189032400710094	-0.8448101990173378	-0.5084917363189074	-0.3571371118298465	0.3888287765434385	0.24065871858775914	-0.35526246259242683
DTXSID5044788	3.9659456024124933	-4.381298318532235	-11.590440606741627	-4.18249803865071	-6.599139574597734	1.69611076668324	-10.3936575524684	-4.193093088614301	-5.605677009172341	-9.221763886236921	1.7619047019251015	-0.2918731971162028	3.5486294203407636	2.303889373894211	-1.729577188279198	0.31104063680516664	-2.127707152221362	2.739090900299365	-1.156244699349241	3.2745130342847113	3.3951768368844055	2.8685519637954435	-1.0582557355026954	0.256711816919032	0.3755190223055664	-0.5770199874412489	0.9996642445640805	-0.7173645047882211	0.7742191526912006	1.2671936361771152	-2.9906403231539525	1.5773504052676026	2.794423242562798	0.8542537642699473	-1.0085118366374186	-1.622450056812797	1.067833712023065	3.7175902896492747	-1.5283813967739868	2.768613474239123	0.5390326242524908	0.35162561153611255	-3.2604628443336265	1.1527901177626427	1.897226327198068	2.1485089133457125	0.9967236016473342	-1.2100291092129036	-0.6135228117737871	-3.618022332580295	0.08412852522732515	-0.12471514989743687	1.5459234806733018	-0.5734685632439818	0.5336229155610942	-0.9688868584495737	-0.07084807637315403	-1.416627205228457	1.2248134662510517	-0.2894556807262244	-0.04429591088157385	-0.2269665714797086	-1.2273218335494733	-1.712397953807948	-0.38194806106379364	0.5882237629039972	0.0028769716739233757	0.8306238508767562	-1.445143907907187	0.28078390924778546	0.6458245941669338	-0.3355638922978323	1.008963293160682	0.07258355578083867	-1.1925554312117876	0.6795281436970972	0.14863370222774586	0.34156876609690917	0.0638742386299022	0.13228892909846166	-1.1719458518443242	-0.033780949546802025	0.9885652948476866	0.31721635260940617	1.2763334412971388	0.5690191998411964	2.3503233772606413	0.7056940520801737	1.209258590548023	0.39143823729476634	-0.3343863283173156	-0.1977474111767111	0.17881310602538603	-0.8251689814826297	-1.297735840422299	-0.8646085306143123	-0.5106866145131062	0.5674792627988761	-1.193832985066146	-0.1746125624707375
DTXSID5047033	17.287396191262104	5.104329754432626	11.747172179945142	0.7309274841978012	-7.125164186854953	13.59631287389602	12.963652441099104	1.261428788184567	3.358669512469591	-1.2518574905484565	1.435887150777172	-0.6559765037004361	-3.3843443662361317	-0.7312311992780792	0.6617472616938861	0.4909723879503954	-2.062699729936922	-3.7020241333285835	-1.3091767550703053	6.372873004718372	1.8474508072631106	-1.2290271042449936	-0.5085944967309092	-0.4714159814611209	1.1554391853363128	2.8737748690171627	-0.28491551306476054	1.5152177051511941	1.5794969644858965	0.3329233933162086	-0.6265435756730008	2.155071311372528	0.01732534076080339	-0.336837697726048	0.11911180219882862	-1.5632638276847741	0.47110501512984976	2.3916276917737416	-0.8009430811930248	-0.24500217718407227	-1.6407438395957137	-0.4958295612947403	-1.1843028218427945	1.8402403329654518	0.5855629423267928	-2.5383896007690954	0.15245352418829092	-0.9817666759406699	-0.5340328819762247	0.16502936931683304	-0.9207601063313677	0.2377258931446754	3.184818554462124	-1.77099864539572	0.9360190021694443	-0.3447365114000074	1.4255010587066357	-0.259598264050395	0.4684039781160204	0.5203355736682997	-1.5585015069369015	0.24884343615916632	-0.6595868265226414	0.21376009854949973	-0.21479464196667267	0.28661997199401257	-0.03244185722285355	-0.4501275901625087	0.761100878458553	-0.12192420736540695	-0.733324661476787	0.5050904593643633	-0.768011779010211	0.2146741028986208	0.2238367909446011	-1.2541132210324195	-0.515686902997943	-0.1773622859773528	0.05809394287006125	-0.6042137885056081	0.7677867088635479	-0.5278096000846542	-0.2190351969491908	-1.2050577676181033	-0.12405533785356587	-0.7898804541077303	-1.2808234456590557	-0.016686276158031428	0.41330838297712336	-0.4510657516584775	0.5308611244726503	0.009187302600430693	-0.7451440720937208	0.9362180453776863	-0.7747583937076381	0.3373444103215417	-0.07101397076385951	-0.3578512739135655	0.4521460722996292	0.4850057087533995
DTXSID5047297	18.095734617421954	-5.804671214347378	-7.342009313525065	-0.643314118331549	-4.588490188327662	-0.4956769329852843	9.259451620963395	-0.5389899068220332	0.18371017226646916	-2.7297672575495664	-1.6434569512270691	1.9541861798495728	0.9435918458846441	0.5347590922737625	2.6744737886050185	0.6646932093948831	-0.5532949343761756	-4.530052194133548	-0.6097065647528598	-2.718916287076948	1.839308779720413	0.6581986664989697	0.28715500905892716	-3.4593427172749047	0.9946261772692593	1.9168452269028096	1.7160939839701645	1.3081260529543204	0.299130438469373	-2.576692387419871	0.8970582991207785	-1.8387357962518847	-1.032284716544655	0.5839658759197054	0.07430031183039183	-1.1041091150850257	-1.0709182463281597	1.298142656272173	-1.898162239106843	-0.37184879445644947	-1.4622511066616215	-0.9337267410416176	-0.5951967633775098	1.1924166039381596	-0.13927481020332827	-0.9624932029600923	2.041850898946891	1.3058967732375113	-0.11285807199042026	-0.09054724281314637	-1.722046175183639	-1.6419328645502478	-0.6076169981265587	0.9219864613394697	0.8985778204507443	0.07401470322016931	-1.2006174945138894	2.7230511641237394	-0.675949357614396	-0.9692538241808081	-0.833681953054824	-0.795339822284165	2.1109504961673573	-0.8633785353028324	0.5779677962770193	2.064279580382917	-0.365170355077138	0.8210089956242264	1.204255846799212	-1.1501467261458689	-0.800837118092052	-1.0168270849983794	0.8474436897660046	-0.3215980591575671	0.49801706629394693	-0.2096831765839395	0.588809052258494	-1.047641468611183	0.47536289061829073	-0.2593880809233663	-0.19905388065906535	-0.5899373261292586	-0.6413214797435363	0.31863549505267513	0.3955315588439314	0.04517754195292726	0.7594822952711459	-0.28639938032389034	-0.03926258034677736	-0.8524629013217556	-1.4686738875881469	-0.020507098539102007	0.4789468194123526	0.8912930129237323	0.42653852951661314	-0.17946043142045642	-0.5123892785817219	-0.20349809278927755	-1.198277655830195	0.5420775613038198
DTXSID5047324	16.78066203430746	-7.058824366080222	-8.837792053384327	-1.0226159291513237	-3.8487409565333817	-5.3544685346919705	8.681893832735536	-0.436126413331776	3.0791393480087716	-1.090279946640783	1.4949469852870647	-0.43868092680084375	2.010967299935156	0.9108149576184327	0.787843987851008	0.6285556568510416	3.669130933916934	-2.152377115688491	-2.0323755806823987	-2.2749287035496106	2.0341062371771907	2.1061448435282153	-0.8780912785121484	-2.92209485281958	1.230870778792963	3.7594619074871494	2.0692412499425896	2.3241041871074133	-1.5345349772937666	0.9926000010642304	-0.10111367386547475	-0.18647094087986915	0.17408313339299486	1.1355562410672297	0.6379036748325085	-0.8393436519725447	-3.209188542349537	1.4502276375617296	0.1467451541958773	0.014710546444965618	0.5080136265579982	1.534545889062576	0.883008359630272	0.6537325393306268	-1.2816625673613817	-2.670235352125518	1.2849744110406738	-0.07850845580864015	1.5301913210079956	0.7041224676836046	-2.9042320809279296	-0.10118568550233602	1.1157060682438795	0.17495693465290266	0.49825638911790626	-0.5344096964171337	-0.9409011149582039	-0.2757607153101975	0.4722448904703113	0.11689797708350934	-0.7944255535426266	1.7239181705834512	-0.7531940334560214	-0.8507443521088097	0.22470772774774297	-0.7747941102367216	-0.35286962585584697	0.3485735005060118	-1.59136206198074	-0.6550488232254249	-0.7773685844718132	0.016062694647832127	0.2940364798459767	-0.9969952740407119	-1.0869974893042942	-0.2765895508625294	-0.18236657828540387	1.0602310700997772	-2.4862747698889685	0.09401112111721348	-0.485258107407072	-0.18301668063435653	-0.3993847066276509	-1.8714894339086174	0.49532636076379893	-0.5009063049074713	0.08757529159703865	-0.4345699229424957	0.28499150261999334	0.4078339490631139	0.9628456016101715	-0.7183093576268917	-0.837103936475583	-1.4717025794783072	-0.6065725007833334	0.3165007847363722	-0.06393134917796467	-0.43115643743323195	-0.35178593999538665	0.22323426705381522
DTXSID5047299	21.87873399612466	-5.454236742675537	3.832985240754387	1.9222112743136246	-4.0220398971409015	2.8940027662390326	4.319152572605461	4.370976065853155	-1.0017469434692623	-3.286864895146974	3.684722039845755	3.525694023003801	3.19604860404673	-2.2241508135741888	-0.40336773593023595	-0.2116851845879818	-0.42056122766439397	0.8062507780779092	2.7756750251812043	0.2825605341149381	1.0794087254809288	-0.40807848190910917	0.6068581392966375	-1.2771478492881374	0.4463189726106545	0.7831376985345815	0.48582766939442923	1.181672346215884	-0.45908783134279646	0.7319171300399872	-1.2197578471541841	-3.1815613289578106	-1.4682455330608988	1.0397650270014367	-0.03667898942948778	0.32735143713558107	0.5715422028502702	1.2300031666370326	0.5216129456934242	-0.3410549339625886	1.1868269727783956	-0.8855875085035806	-0.0401598223545409	0.34686592369853414	-0.3075088761127646	0.6204158087775846	0.24443040945012415	-1.5392020636282764	1.291562158499062	0.26890432680863985	0.46548904784778433	-0.941426766530387	0.7135535957914342	-1.1195556236093465	-0.6104435127556047	1.1788956236386698	-0.8312126911355024	-0.969218161912332	-0.33121963417016054	-0.11394360634382582	-1.5971660530210834	-0.7862029450668363	0.8926095664133902	1.1852851396754176	-1.2920892404512792	-0.5399794414388799	0.6560139825478113	0.8504832261073997	0.6777221618038017	0.7159504791138763	0.7184177411353336	0.2035093398790612	-0.5538717038112309	-1.6299904931768958	0.8951976971538566	-0.8290600382015471	-0.3231071647623216	0.2036471556432262	-1.1143999478426436	1.3571986408743077	-0.813606374550154	-1.153573431747222	0.14089238758684727	-0.3339266698466906	-0.35480043379843923	0.38529933605199246	-0.08724595694945696	0.588508443612055	-0.9221205540367965	1.276072268391874	0.4205912697197498	-0.5461866777012702	-1.1172894924019392	-0.09243738653771347	-0.0376818983224869	-0.6862572302918742	0.7482398130865273	-1.5376466128906632	-1.3328069654929209	0.27734691207005185
DTXSID5047374	17.70946808108637	-8.527769285803661	-9.595491369250595	3.463524271218148	0.03408080512126146	-3.6654215446141087	5.43313757593849	6.03652186618951	3.7902243939587743	-3.3015050643505828	0.4158216051505607	2.2337990539429384	1.4575817177273147	-1.5959894624633397	0.4218805488998623	3.440165366690359	0.7157475264096806	1.5899425540829137	0.18996721540235303	-0.993158273519697	1.0103448659798564	1.43173771383904	0.6898006668403525	-2.3461977303762196	0.15692756428312205	0.5397917215097768	0.5934192054093301	-0.7523587511872241	0.20691703864638158	0.46934024765155513	-0.46225266287587996	-0.5510413932711574	1.5193726091205595	-0.6628290711415825	1.2120138932958164	1.6356137575853524	0.42279999675094654	-0.3974167249711605	-1.0699413077682707	-1.533157554599811	-1.4899569678080533	-0.2609067053307076	3.1302965840563264	-0.3939634092770975	0.3021918869173463	0.20205376025555327	1.522965321299316	-0.9392922461461812	-0.7689105100452215	0.5462872293054292	-0.8389723760843002	-0.6362989250009856	1.115973482030073	0.5813061962787194	0.9395687363347629	-0.7934970729572959	-1.0013022058882146	0.6818163878536622	1.1361590069450973	0.626059176552138	-1.1516512423070737	0.03618764966361872	0.7679128211390067	0.7900727744359799	0.2841084176335642	1.0999007867735362	-0.18701004363762247	-0.5485510338123302	0.13761567624702656	-0.1788060588675557	0.0021347628352203947	-0.4701216403997666	0.584332895972866	0.8545341524941958	0.009059717296763494	-0.7011404241038761	0.07742917249213725	-0.281457154185647	0.7078040989096697	-0.2914806584836761	-0.1606176738904676	-0.29029294629176633	0.5343057256031575	0.24266465727287181	0.2855291621933487	-0.47242551994799625	-0.6296719061816884	0.4522492430750414	0.6255013856790128	-0.8677074387820444	-1.2643538102293213	0.08748329632675472	0.5522584089220607	0.3660895446687198	0.20622832480391534	-1.1664775968884726	1.4401575120244865	0.20669158987756825	-0.8642809979710885	0.23292466274565712
DTXSID5047611	-8.991124585920879	0.9004648021578135	0.36829568003227686	15.62399670719023	7.9603132284171005	-1.9917710912791162	-3.4227085183009107	-4.938186324292619	0.902546711886541	-0.9708610173493974	-3.646732187595461	-3.1380644926476062	-2.4099272336108815	0.5999216316633261	0.17239290032305127	-2.213901457243192	1.9251964653517608	-3.128530907832658	1.4765900729991503	2.8594672718869925	1.0361419305501276	0.7771564175572044	-1.214623016880243	-2.5055283274147957	-0.20620363154531607	-0.9249278325091257	0.6984988328179609	1.1735155092876564	-1.4392971019829668	-2.3793655157306146	-0.7009749840335717	-2.1573845925263155	0.01698233063128163	-0.7459911564398078	0.07184114194710885	-1.800522378753623	-0.9111872984231658	-2.847582964968791	-2.648800354484702	-0.6349597464373218	0.16629619247233954	0.3238704050749169	2.700481148817088	1.0983146939005894	1.816405800983725	-0.20050845045950866	1.0973904590202443	-1.4340365914942639	2.274062115968343	1.3290733766402916	0.4439832338316256	1.3620845480910457	0.06842991304772512	-0.03952908816504908	1.4830680689456774	0.8541573633275921	0.38557403246185873	-0.6140560553740733	1.6882495156811634	0.5663855595146653	0.36466225294546656	0.12154930434058082	1.2594101102391755	-1.7968330262607426	0.4259298452398714	-0.07608551763567767	-0.6817194316261758	1.1417705555104956	-0.8748668102745824	-0.788201457394229	-0.7786200549167865	0.706051301039426	-0.3947381481904681	-0.3492501072104311	1.1488920311022297	-0.3257146406333749	-0.011452958646198677	0.05127304258518847	-1.1658059042241233	-0.03456809389524436	-1.1798797001710741	1.0671385818217864	0.3564434361832253	-1.1516151878136538	-0.15158436400471825	-0.4240969881969496	-0.0670371340853159	0.7032508579353955	0.964213145579366	-0.43716218672534835	1.5356903287676946	0.13870423980935473	0.741010752900497	-0.005902434071864054	1.484059615645739	-0.3289854074331932	1.1477519323458616	0.1456898389939359	-0.14996929202906678	-0.9428807296392726
DTXSID5047376	21.260344844593373	4.692182438843406	-6.819407134615441	5.221965370959559	2.1289906540444203	1.9016216621702617	5.123304497425301	0.21927983413228727	9.842568670084532	-1.3166175825462567	-1.653235264936013	-0.02902483612587467	-0.3828814522003554	1.5270517242974995	1.7747645631389526	3.0188294907993534	-2.1013957509442456	3.5986754632257574	-0.23669520905434285	-1.1977049523755752	-0.32526355935833373	-1.129438997458661	2.11038137572248	-3.535737509236912	-0.9854806235294975	0.08112094650461923	0.970318776394002	1.0765248826112186	0.30916869534426	0.2721983860631715	-0.8351926737843225	1.2338685694286522	-0.46636244291225826	1.157830471160176	1.3047633316592246	-0.57529869175929	-0.5005998251505563	-0.09014961111130533	-1.8813099022506927	1.054662522085794	-2.6269432019927565	0.048551560769087856	0.6189496675263498	1.2207599089114167	-0.8661087930819478	-0.25851406160647744	1.0905632884789154	0.16204673947632375	-1.0875495403236122	0.2811165494977167	-0.4238913749721134	0.8028499176113774	-0.4249726348886426	0.24374085099682133	1.5094729464081804	0.7573866462575073	-0.11825033185189814	0.1528353112170168	0.5427301848024472	-0.2795066739672282	1.3001521369762	0.040833642994029765	-0.38347415260727163	-0.25243375287435366	0.4017810436779062	0.31562463684743197	-0.010131652726391096	-0.4653845025668571	1.173098287872182	-0.6413957416290583	-0.09219669223522527	-0.20670025375019022	-0.1083566844001742	-0.16824192987948136	0.4282159577936959	-1.010739745583274	0.6622987890734281	0.5749439547176746	-0.4656926635173862	-0.34865242973896193	-0.13805942697577697	0.5200631733525486	0.5439556876310736	0.30706207946228964	-0.18846108914634915	-0.8268001602644401	-1.3875640407031418	0.4100859724798866	0.4468270599366668	0.09254271984690488	-0.7878296435447648	0.6695914773401319	-1.6154126983559782	0.8816356357599484	-0.20899266445182935	-0.8092701519742201	-0.029205347204039053	-1.2148853976883882	0.9993265999413593	-0.49062089003983883
DTXSID5048184	12.29279804172364	-2.4100244386161345	17.920745334406547	7.6526231801299485	7.221338955801974	14.977000255576119	0.7673829519447837	0.4264973594213912	-3.851226951335364	-1.937565543347552	0.6840019980713785	-0.09306711329156728	-2.951527933701482	-0.3561577879208774	-0.6665883825177223	-1.1479280550432454	2.142266255766132	2.792853180046371	-1.5186766139064924	-1.1420847255970263	0.04267750982199041	2.2652835018330206	0.2695953942349001	0.8857958297929324	0.4059759182559396	0.6413587618466383	0.3905973339666023	0.08841079767876275	0.18729338893109101	-0.18721931353572344	0.4749390192670235	0.583360770864099	-0.788584696366169	-0.696655708621532	-2.5982845313264322	-1.242393156574381	0.26378165076528787	0.20153972137165507	0.6008913830044578	1.2738322665068935	0.27642731489718647	0.9951222238961125	0.1581275226615311	-0.763974807398357	0.2790542577105034	0.09983341393859692	0.3009119623718178	0.2365120554214178	-0.5626583847557672	-0.5834896476353482	0.1706818500505527	-0.28595143166277265	-0.13168204080614768	0.5249419888047865	-0.4243397133060109	0.5121214057229584	0.387253308678019	-0.659909700688022	-0.35749694952298566	1.167171122878582	-0.21934768085989068	-0.26749726238690624	-0.9238980093338436	-1.0839020862593889	1.4514268021183052	-0.17642547495156236	-0.6710380364479357	0.22360429769323134	-0.23876107673994426	-0.8542684629192011	-0.7045216090988936	-0.32741588201359634	0.32982554761970917	-0.005010909080803185	1.3550254559472443	0.46242525262622075	0.9285550858476386	1.3362050237502239	-0.5409874914234418	-0.552250342158391	-0.0700046169150511	0.10417876967479317	-0.438230742066983	0.8205324393494835	-0.045079527732923	0.03241919376619013	-0.2239368880199463	-0.1402629269072292	-0.1431742402825373	0.06278882655863902	0.20555101722019228	0.21578379820102994	0.37174947458520186	0.4365442131730394	0.9470402274777764	0.7190847896197688	0.16465785601170016	0.285777486561787	-0.579113243005172	-0.34752888836214585
DTXSID5048186	13.522801835802058	-2.7847115898958417	-5.579176787234472	-11.384994284615367	-0.5781675655183132	-2.797780831135336	5.543447659321317	-8.822012454052434	-3.577173034277923	2.3574751763100057	-5.418307315962935	1.6253947006981533	-0.981176746560123	-1.5800277322345575	4.335432703424278	0.36916188687887086	0.5859125476103185	-1.4525379915503804	1.2987994073350866	-1.9417060345737753	3.4147191030242388	2.325070793059017	0.5127244854711758	-1.6953877509686408	1.9799764815051002	-0.6703398596947338	0.7135465917752581	0.7580471271555979	-4.069101692366266	-0.025351274030630366	-0.5133577911369271	3.467869816400821	1.4412054281547555	1.4008896473705048	-0.8466905615972928	-1.9491996294385512	-2.3890605423313955	-0.15850922758096742	-1.4393295187050401	5.3911019488409915	-0.5792523008659418	-2.24055981504225	-0.22975141114382577	-0.0012261988641231348	1.1314556466441812	0.08064813133765865	-1.9233219115809495	1.575109858018239	-1.6483480278991354	0.13057282428634764	-0.0829512522877092	0.4804346427735991	-1.1019608273972563	-0.23337039663486217	0.9722464980188529	1.9994559848995428	-0.27955380662925366	0.2560922041558837	-0.7564795072077858	-1.2353308295908214	0.027130647444153846	-1.0559208393311117	0.8933272736454563	0.4215293096883043	-1.611610415355298	1.0566703058393425	-0.023704279042246527	-1.380851938379278	-0.7328900451398356	0.2446092693142876	1.299934577367855	1.4125606885358575	0.3899756620458018	-0.29073040142124823	-0.18448560679027803	-0.6712701870504849	-0.156509462755566	0.9049663033768472	-1.6583361559070098	-1.0714060088768318	0.38894781087885594	0.6628856031780035	-0.24327010192314702	1.7711698716705104	-0.20282878260853437	0.3864518709207187	-0.2874673750089992	0.6955966440630306	1.1784102785513295	0.11486314305190723	-0.3386672364809605	0.11010592889800906	0.7560490743821562	-0.08310968365021207	0.009778492377730869	1.0922174714677493	0.053575290997698616	0.0692474357092494	-1.6942003729114234	0.5146279448232913
DTXSID5048188	-10.157805795607246	-14.381648200823445	-7.315645232182751	-8.504813670793467	3.0299157431395827	2.0075638034079435	-2.428173836047052	3.6895192151633736	-1.1624664382333374	0.12597028728417914	1.078585731177161	-2.480383484530452	-4.754172750219886	-0.2716452948500175	1.4467157295895123	-2.465195567432218	-3.8822384043606375	-1.413186539168245	-0.3914871653135472	1.5732896778284655	1.176329120956075	0.44883248476851095	-1.2472096685418186	-2.3390832452898627	0.2858508160722251	-1.9420942190442076	0.7528064364865684	1.7834722622768173	-0.38350861012218895	-1.5352380039405873	0.47361009479722094	2.408037559848125	-1.406328251598942	-1.6264359354580145	1.3443121510786031	-1.7719841139705454	0.13038466397112058	-0.786187380518877	-1.4264973422364702	0.41204282839066014	-0.8195030493090346	-1.056469812858238	0.40680611114444043	1.1901950467572722	0.2612750882045813	0.5261502056901859	0.4631646962394614	0.2516996397543884	-0.3192321777443195	-0.9342222085322567	0.4145234634152502	-0.9517612022541996	0.7078708685985066	1.4771225157249819	-0.6698830633166157	0.3110016522705165	-2.367864516665988	-1.1365569338441937	0.9757949051731045	-0.25200200319126564	-1.2664894818286963	-0.42097536412259484	-1.2591740702515775	0.834288268667781	-0.6517465470363273	-0.8337011558213683	0.6230356930506171	-0.02765391508210328	-1.5352450138614997	0.5283276081165625	-0.8820526213676914	0.9901200494190319	-1.074284980348688	0.8503573560755482	-0.33792794139592086	1.166589042308133	0.3803201379966821	0.2572336805056549	-0.7888834153441282	0.9456496074240722	-0.2517634486772745	0.859224301861004	1.138568961967684	-0.8403990834322894	0.5915866264440496	-0.6405969511431688	1.407020921552045	-0.2529734916541539	-1.39235490883273	0.9022356980164916	-0.4178999929926799	0.07469194403521177	0.3140175712089831	-1.0582092563433367	0.4118646686070701	-0.852785634811485	0.42955124346531454	-0.14374314582526437	-0.6992458939757934	-1.0315078436200094
DTXSID6020014	-2.367108698918039	5.845497835820234	2.6852954664275543	15.694153910290009	11.5581575224113	2.4104377010229423	-5.707413865896242	-3.5637816914773697	-1.5761727761921749	-0.3349803712506777	-2.43653690504541	-1.9561688796951175	-3.6197275210041884	0.2098416937200419	0.48679850051948187	1.9378410829741624	1.9052035203135822	-3.179527710582443	2.786082773391601	-0.2764324858006115	1.034376158247729	1.6066410874026429	-0.9961366606815186	-2.729515667138026	0.8802833467988207	0.18330331918212497	-0.022854028065582156	3.1652508570739037	-2.2439132027344364	1.5301011746183577	-0.5061373865151071	-2.397020227057832	1.9244222133726785	-2.0858193781173524	-3.1720832989401417	-1.5572686157314304	-0.16213969570319228	-1.880335712650952	0.6565810869744454	1.1417836954164378	0.876411724356321	1.3353978019803874	-1.1205171971036394	0.382483358623114	-1.3955142002532743	-0.9029052182594453	0.17738540385417645	-1.0958236740292726	0.35379123323270145	1.8624474655127154	0.4032263820195043	-0.08003500518347893	-1.3170090097793312	1.2155347653025415	0.1881572168653902	-0.4768163751719163	0.8090336538490313	0.4976948699232277	-0.7406464978340764	1.276610910110683	0.866221929155879	0.5647865725644419	-0.7164797751040151	-0.09955664759276328	-1.2481483820649308	0.6909026123236206	1.1211882991397453	1.5588982952035961	-0.19806505807652297	0.031830931809919444	-0.9229233745152097	-1.3667396358900392	1.0386016872438046	0.71276184277004	0.06766778638059148	-0.44354282290034136	-0.48910997431520953	0.1049915865041858	0.6111286068244113	0.8948729518644655	1.168735849678308	-0.3449682440796538	0.0948219977209446	-0.6884955614201762	-0.8929614110196313	-1.1104039106539	-0.16554694171339152	-1.0300369941085206	2.103230218902047	0.7863703331939432	0.03621544716834727	0.3166376921145047	1.0339549462751143	0.38689524860638674	-0.11630674623694481	-0.3874975276610565	0.42509540784051597	-1.1318888883641551	-0.6471351423327208	-0.7695365932432674
DTXSID6020141	-10.66412753228101	-16.6331097757724	-6.160632831729592	-6.685906127270762	-0.714309424043472	3.0904419031060297	3.3605653344376782	-2.772616680519033	0.5818502704921091	-8.77810085645848	-1.4218395511419473	-3.826318852104617	1.709302398264957	3.4800672914285946	-2.357943736858274	-1.5918964004983036	-0.6741631858486034	0.2706813281891413	-0.40560999078041876	1.496120889802961	-2.619049045949351	-2.9628041302915147	-2.0417043318975705	0.10211774052337858	-0.8882897648531761	-1.2476762385405737	-0.13038532691091465	-1.9088819250641602	-0.3536370447130439	1.0859462845079406	3.443976259773453	0.5108179789788305	-0.5844492405685021	-0.12995378670991642	-2.0589301061933183	-1.1404371113763985	-2.612287626978173	1.016308958940034	-0.585990173117436	-2.0019051076940744	-0.18463287955570942	2.33943708389487	0.5586560873887134	-0.1769184222557079	0.5476615884781403	-0.6143396461209847	-0.5119983208330239	-0.06860410300801123	-0.6431965486455005	1.288470031539686	-1.951504132828079	-0.27181502230082616	-0.02509242608766326	-0.7056437478463196	0.913856121071754	0.09126564790616329	1.2318507606154014	-0.9399500049678732	-0.31893947316422555	0.630469151943906	-1.197872434629451	1.0164968307058855	-1.330868331621294	0.2300620308952174	-0.5939209018035577	-0.39784140079448055	-1.2031958225968764	0.741274888308534	0.8778732708361602	0.7226206008701791	1.3106453009813643	1.1174011261973418	0.937421901870888	-0.21033134761217206	-0.9864290735946272	0.4942078490270397	-0.6750945868265642	0.6333919934514718	-0.9740172854563143	-0.02094573071584373	-0.34917056713601835	0.8167927013128986	-1.0882431133182953	0.4557994607154498	-0.5019731993876195	-0.3775017000845089	-2.2447380457962725	1.4280326345836885	-0.3111592057971093	-0.003976928005910898	0.022204808760681465	-0.44457820559733857	-0.7554933249217477	0.42815214034080645	-1.1818196340426275	0.2784402979098607	-0.8140960867148416	-1.4548722657853128	-0.1122988573758954	-0.28124786998639933
DTXSID6020307	-21.416204346652805	1.12420850957756	-1.5029974938188215	-6.777055582978681	2.313046452493732	2.2683157810415353	1.9733095292563885	1.0957089313475796	3.4878622205275858	-3.0027020368087918	3.8134086648693617	4.376198395029844	-0.23860013219580006	3.549542560846576	2.133865039515319	1.0551972744455325	1.4929043826841721	1.9341980888542367	-0.7198697213805814	-0.47956562056679725	-1.911139955011284	-1.3990253315613397	-1.336820051613117	-0.291865797320346	-1.4794231443551946	0.7292466406275436	0.12206315050846028	1.3306443229692648	0.08376386521427316	-0.3936137681170927	0.5993304083167812	1.9606318726165588	-0.3793150628657757	-0.19205467268594378	-1.1546906526839789	1.4054737624373832	-0.757249222905394	0.1107545228615271	0.16455344250865023	-0.12307060129200026	0.22674815934496337	-0.7746941726688413	-0.059836684247019704	-1.161124177904842	-0.5558315206512368	-0.003991524448642331	0.30707052638343935	0.031646779300605124	1.3309277875236871	-0.061620659954287074	0.20885084809645438	-0.6744164553392019	0.11253668407669196	-0.16434906899320248	-0.40706721392303963	-0.999875563948553	1.423190556311614	0.1857406145580481	-1.1268233056196455	0.5301416906517751	-1.191408207603649	-0.11846536006596871	-0.3149910806522341	-0.2949650788900679	-0.045170022195003316	1.0022507352734074	0.08963470973145728	-0.29204931125987843	-0.7918253473983897	1.017188611764955	-0.014599632761138247	-0.45027650293559324	1.0812647597344345	0.6406771135458997	-0.38539056666000304	-0.049975232378443306	0.5170167956911934	-0.7967674556200008	0.579993685959206	0.3391071862933161	0.1591644805881374	-0.29732342038131393	-0.12520151788066003	0.23984515175314725	-0.6456601204851923	-0.947659394278885	-0.5214486742897939	0.8315988051004809	0.13778204455956558	0.16444578678721672	0.5547613003509855	0.5484306614200678	0.27886995196052944	1.042134137222295	0.12144913955578801	-0.18421847743154507	-0.20078484240741415	-0.12765242310321598	-0.10345599646173192	1.1807128429867506
DTXSID6020278	0.20478160239862234	9.512942098443126	-8.212932301002358	-3.6260351182797903	-14.870507177260915	8.4223239947724	-13.480820339967947	-0.050073268539428714	-3.1958570203266996	2.1929776764034523	-3.4254107459190686	-1.161175390275432	-2.757254837655553	-0.912216191117717	-0.5798994818621317	3.7351713783548073	2.1552488239898886	1.4630891921936406	-2.0047090277951467	0.328850590352322	-2.1219273268196814	-0.19167316984120986	0.90722204198135	-0.3773576602593204	1.0954255389058685	0.38980182676973174	0.6671045228994892	-0.44907973490997366	0.2914673152357384	-0.222481727595414	0.2130365445432775	-1.02575097936132	-0.5924449496980452	-1.054802541912286	0.7449696573103074	-1.0752906781024314	-0.682135989018345	1.7678777034058775	-1.4061671525525856	0.04039117128009224	-0.7826046735415707	0.6049511510399102	0.24678832346892907	1.2013781686108898	0.8287856094496385	0.15846543777932115	0.6632377892718149	-0.10369273114339449	1.0589531988963636	0.6300579494007712	0.19204275003219407	-0.12677518211913757	0.6423432489430718	0.16192394687873032	0.772964151170088	-0.8534611147877926	-0.018346725174685538	-0.3098110376856496	0.06076971670236967	0.21371005578500238	0.19173513169740963	-0.9134964856300056	0.5702184335963917	-0.7412081696875333	-1.5962945823294348	0.321715756564846	-0.1850952652020991	-0.47111997683298423	-0.47389480887669594	0.9165220094286727	1.6988371989408475	0.2626909500552072	1.1699856726806788	-0.34355614942133994	-0.6303844229402111	0.9033312274609642	0.03855990343734393	1.117930248707687	-0.026243486247923557	-0.3623383481644231	-0.7369921531603116	-0.7305188039961803	-0.46381332409665793	-0.9365581826438518	-0.30728403965181705	0.38999212165528224	-0.4593656028840552	-0.8367849946870709	-0.9374636652901349	-0.5628042859855008	-0.6306689543149233	0.3321571522227989	0.17798521872226686	0.33861599422806515	-0.18711189550697543	-0.512338199868746	0.8318007833267504	-0.41033896555661165	-0.1663412761332948	-0.3792720432252254
DTXSID6020511	1.6753193007404845	-16.66395479059993	-7.240735697688887	-7.050223043688062	-1.3122144129417976	2.2673076188156323	-0.5119187337217794	6.308404415621863	3.9620000561152415	6.515468601251929	0.5346980259419535	-0.6817998997765695	-2.6937190663839985	-7.099847217654054	-1.0361783120394645	-3.393292409995074	-3.746428688485258	-1.0173018920900823	2.624212752516362	-1.458513908633235	0.7137299580322689	4.349919207020184	-0.5050956012422948	-1.2206761656803788	0.1601890891482852	1.8423756523017554	2.188355659454376	0.8387627135540644	-1.9554516910025357	2.100374170065192	-0.9505777920033619	-1.6642943273508248	-0.6702314224679543	-0.12073803980992276	-1.0764823984369924	-2.1676428306602054	-0.3950523066067189	1.4553588220584093	0.10572069000422586	-0.8396944162965018	-2.6280751334808725	-0.5536370437669206	-0.7111051401398608	0.09860712069381745	-1.2850689686626264	0.784790342677243	-1.6689693722671792	0.17945643226956123	0.7638322836937675	0.7693665693372016	1.1748584442282726	0.4847232952708096	-0.7296439718639891	-0.15588443712740138	0.014294012372402206	0.7747001836755356	1.0720009162221693	0.910198430838276	-2.18019971698311	-0.36175038391053405	0.4182955430932135	-0.9847650973796256	-0.9208593343822775	-0.5402144073332626	-0.38710615173068463	0.27006809361957584	0.5031402802662542	-1.020223792344269	0.1086868989144839	-1.099070664049829	-0.8386370009412896	-1.5030323597713746	-1.0873329207082698	-0.4091770420892754	-0.6591290090263245	0.702324869243808	1.025881059278304	0.7279205901397698	-0.3067966764913949	0.3964170641567405	1.1151418316401926	0.07071028292838136	1.276930544645129	-0.8766501405102383	0.7544551636185277	-0.8181115418865299	-0.4810622364865616	0.07982220399122855	-1.376896471913626	0.3948097416920613	0.32441762040600336	0.7660164844965314	-1.0043516721503591	-0.5701383416389367	0.12560950306414082	-0.5456200419348728	-0.19201723986268138	-1.0531515689310382	0.6688062390138366	-0.39565545572414124
DTXSID6020515	-18.94975725807317	4.046213004844225	-1.7369680286704714	2.56416704601899	2.6851435858083326	3.7509644548969368	1.7971164790934169	2.735786041216727	1.5682737789254415	0.452594147302515	3.6654703122631	3.7621453297861858	4.624302840134963	0.8571497354996803	2.8233284681115682	2.0169709831725693	3.518690995124173	-0.5792940630357839	1.761960280787593	-0.04750596959936328	2.6890872766083644	-1.0207791195476403	-0.6903617179881708	1.3771936930377076	1.8849780699560308	0.05936833246891541	1.1122043773358432	-0.3276419569992839	2.4252204392525556	0.31577890422370647	1.9202503030233318	0.23452666961157992	-1.1390271880310714	0.9881615147103374	-0.35193710686384094	1.9506497006629526	-0.9993461175438028	-0.11454445213653693	-0.8072658105106568	0.3959224544978166	1.3989066149652616	0.13016211171391506	-0.08410837162489394	-0.8411814711836068	0.7997060585469661	0.5989202654863653	-0.34663627650692963	-0.264535344724977	-0.9249489523881113	-1.0004180952350201	-0.43940383378253384	0.5586299227696394	0.458660510038459	-0.9337091628070454	0.3511985030586279	-0.5837117623256646	-0.30368117105339	0.4341299310283688	-0.1888135495362639	0.3868143798524039	0.8023932859256374	0.18060518235824546	-1.2832972966644598	-0.3825330370958668	-0.984772959537827	0.8597998937556759	-0.17971822684380054	0.29732938571818135	0.5955477854655457	-0.2889380344091563	-0.05124959660314172	0.2560375465117355	0.1894839848615086	-1.1370611363563095	-0.6875939688458256	1.5921438177532334	-0.37621885231261926	0.8079784784296076	-0.0033565622928854225	0.7171123307216315	0.8410727465819039	0.14795769644921095	0.45826140806018584	0.8102970336970559	0.17894359547168487	-0.4150139044404069	-0.3572475926946718	-0.8052812903014468	-0.7864717885737811	0.15758623433941263	0.7874644875300231	0.012373077317981797	-0.8656211135719682	0.7059744196733999	0.7736374305519669	-0.5423920945410738	0.9801141433529861	0.29192569164906984	0.40557788673144196	0.7857276364032009
DTXSID6020561	6.532989704843146	-1.723237537068313	14.6244392371654	-9.650269336108888	6.8968613578735845	19.669366788355873	3.014289519245203	-4.62399544788901	-1.7252745912317355	-0.7922722152933812	-2.6552536408168192	2.401351291266152	-2.83940245353022	-0.374175089032601	-2.0471207427414395	-3.3484737382470016	0.7226918235864822	-3.0129167113883133	-0.37630907414263376	1.4621120594644337	0.9255337882712936	0.8045843665775713	2.461654744916012	2.9048179669351364	-2.167263290892056	-0.10851506016990249	1.12799940369817	0.030346756601183668	0.5939602030434006	0.19878136619521306	0.7769363229870531	0.35903784657469684	0.9896633675360592	-0.9719106544058806	3.1846387729027823	2.0446397354217107	-0.8846227457320719	0.7301644052479459	0.7941317397117567	-1.195652619908149	0.6216238283828481	0.6042509519874308	-0.8762071432299001	0.30214127768233184	-0.10722725462108713	-0.2425235610370653	-0.6014068624304073	0.46848488617752443	0.5180963941755466	1.8891258175518795	-0.904835580355494	-0.11304795675593594	-0.6774249120987493	0.2838680070053201	-0.25879031552794723	-1.2136742328351813	-1.1913266940406997	-0.34190248448075267	0.2458939611162748	0.32949474956111685	-0.6025472503032573	0.6974017331514808	0.06915787194898718	0.03657906830322129	0.8091258381346907	0.4576005046724629	1.4384305449916372	0.06172075377956778	-0.3619734678648738	0.463411692557134	-0.9947029911988501	-1.1498312876890808	1.0448693337003332	0.6635375572214779	0.6271550313920765	-0.7763488719688902	0.28090583576806305	0.2895329966262689	-0.21259254737992012	-0.8013240041382891	0.6050964651889673	-0.6632011007317418	1.0325947421057318	0.30198130156112263	-1.6912653872879273	-0.7131855260065065	-0.0657705993127042	0.3551944401597994	0.9173888527951242	0.13394137907301368	-0.6167567013822064	1.271059703040553	-0.07681234954025953	1.21444774262074	0.7784970241217604	-0.08521963682888946	1.444157390109712	0.20040117847076316	1.0557137137262695	0.21396224986715487
DTXSID6020480	-5.01279934551566	5.579236837965228	-0.34495859052380634	13.103341931464618	6.955457534456528	-7.014693213383172	0.5084964029246394	-5.868047243320911	-3.8796858722531695	0.1576453790785316	0.16378163430964549	-1.8768241283056217	-1.8638526595199272	-0.10383419748892406	-1.2700962806785894	-1.115226211925567	4.056396271257066	-3.259294290335463	-1.869046077802417	3.170381243091513	-1.3035700710217741	-1.6306882894812063	-0.7858751476241642	-0.10467377158515961	-2.03633230875442	0.7999933855139596	1.6511253645410164	0.45078911672271166	0.09085797132843496	0.3184041483103636	-1.8879667558863233	-1.0082068056690847	-1.4223712780105022	-0.01891109130636904	-2.5447243360915426	0.4841646358871458	-0.1975295996495474	-2.7849064566118646	-2.5624669306983843	-0.90928568842327	1.006634853697577	0.3129095982030725	1.7765993074071988	-0.25580425455084055	-2.5824356916095565	1.317736908573166	1.5896914474259223	-2.045733288440094	-0.7669219972384601	1.9891988569770822	1.1249143226499692	1.6520110286397167	0.033449844471582314	1.617033231076461	-0.655525110371354	-0.5468012635891555	3.1593732537332565e-05	0.06949094220037305	-1.011084878795869	1.8962292372762541	-0.4509083437717474	-0.575329123668197	-0.31213013764150266	0.7230932011470813	-0.5035603618695158	-1.5416262986336866	-0.8692438654625284	0.35330227414360976	-0.7959173976120159	0.20211133487300384	-0.7845133533085582	-1.059833695076993	-0.18846714358893155	1.589772462199237	0.11664008277120333	-1.8266009993086412	0.20086580558177392	1.2107110556955663	-0.8524427645286146	0.3110894537899086	-0.953458412269415	-1.720216987314688	-1.6542435757465657	0.9420396356585159	-0.772622446266728	-0.17342655943719854	-0.5440338577426744	0.06423442117090297	0.7842905011113293	-0.7906182627094296	0.27030595634894805	-0.6574085987347064	-0.9865059351019058	-0.6343700696035234	0.27321186946189036	-0.37178415765032213	0.34461597775674707	1.3033326175045115	-0.5070841602054444	0.08853540838885714
DTXSID6020692	-8.445866928216697	-3.3354292474347336	6.073192600040793	-0.6264203152566906	6.42476903496167	15.667203511001944	9.056278365459965	3.432928181731943	-2.786370660562169	0.4251343015608947	-1.2520301157575253	-4.865680217337646	3.343082621011357	3.4303881943990886	-1.786617040774315	-1.2718929531691945	-0.1273587802126466	-3.536546721259916	-0.7342070393475882	0.24712789347633946	-1.2898715264346252	-1.7243966749732413	1.9285721534921025	-1.4091644736829767	1.8187703771381805	-0.9751685916658036	2.2010173249408016	2.214711867588485	0.8637724607851838	1.9984476530726867	3.319290754024653	-0.05400647842639435	2.66591322855847	2.56546489266899	0.8065172586691168	-0.3072091618081712	-1.3181750253026017	-0.48789470521652656	2.4710498115818234	-1.8587783098428026	1.9449632000773587	-1.4766851300376433	-2.487091308858793	0.2299349928385452	-0.3575595414876288	1.6812715117987895	-2.2549681520540132	-1.1240854620094642	-0.6492870247213417	2.059438764852504	1.4083693903162966	1.722382603901166	0.7036352347257403	-2.444489814857036	1.251477055079433	0.34934454278598676	-0.39012688243390775	1.3399563661268525	0.38300560254755966	0.8790823835861424	-0.8086458532108749	-0.0033927425621468497	-0.7299133764180068	2.194995286063723	-2.677298691901685	-0.2124040891461072	1.5752981081078827	-1.6088631969019684	-1.2923560965659373	-0.4363860569741605	-0.2968319125176347	-0.9596050727512082	-0.8204332056743603	-0.6812136009492752	2.25921695078123	0.1443693062176701	0.30959556110090813	1.2348791784321334	1.961901122677737	-0.5541785254391588	-1.7847765732861416	-1.997103803190671	-0.4951305658820633	-0.7134571592594127	1.7776264760705076	-0.2379679580512581	-1.4841065981367199	0.1989068045946424	0.5123855975825276	0.5122010898745109	-1.671831903383212	0.6771266073271025	1.606673614847801	0.02414074997891566	-1.1242297855078691	-0.7393902489854817	-0.39397588336191186	-0.5396682959165688	1.3303157928078146	0.07954094659260517
DTXSID6020939	-6.382431264223612	15.936643741499088	-1.535493122702424	7.408229494669833	-4.065721871827931	-3.9779560199442487	8.240582179664354	-5.793163985787583	4.769149073150752	-4.051676594416415	-1.809385619905797	-3.8075296899696234	3.079984871721255	-9.129814617415883	-1.008789389384691	1.6905577251924246	-1.3196334806247823	-1.029469947733242	-1.6210810890893845	-0.4765084445071323	-1.9665219718462221	0.48508683129622726	2.0872588346888357	0.7441780493158053	-0.5113360327575256	-2.3446181069825145	1.53572205653462	0.6257040728858237	1.7298742425215075	-0.39749658820733597	1.9743363592414673	-0.4044505588182158	1.6610072553671498	2.3092316176897754	0.3067999804116565	-0.9662119193947131	2.349434189163393	-1.054870803076907	-0.49598685562975686	0.47079245876611375	-0.2952385704231279	1.01199666037384	-0.4549999649738694	0.31079037277142174	-0.5564064664524268	0.3473514082431442	-1.5948001339017632	0.7794297691212959	-0.7692873278746027	-0.7662771461194169	-1.6337309045391415	-1.3117139071750983	-0.8561916012893213	0.246887517721929	-0.5243529023326116	-0.13840910418150518	-0.5897353535217168	-2.2276751944369826	-0.9379591502209114	0.5187622919059381	-0.35248063318206646	-2.314432530427768	-1.9179923004047157	0.08864753205310416	-1.0492247037300522	0.9121884850147854	0.34968183571550837	-1.519416952787991	0.6678759319963449	0.24205829574683485	-1.031825267356056	0.7824531413392852	2.1599061817449865	0.5767132329520157	0.622156762537601	0.9489461842954345	0.1980428854440035	-0.010259844019447824	0.1327448868841617	1.280407872268656	-0.176147661441592	0.9692943237852634	-1.172787098503889	0.5671704115412834	-0.478954476618263	0.7307941076460193	-0.30802581883558955	1.0392916758652788	0.1098631267722376	0.28836792702899805	0.066084458304272	0.5508184289333838	0.07042873367523693	-0.07695260622700345	-0.7102728227827578	-0.2905353968325821	0.943138929351683	0.1494674641413486	-0.26716361149459417	-0.541656560696822
DTXSID6021086	0.010186774300023996	14.63516668112057	-6.633374397566548	4.256075852377635	11.82240127680286	-3.7915602782787206	-1.0568707971634255	6.959731879802574	0.6618313145986778	-3.4358964656830904	-1.7792081972760414	-4.130593888722067	0.49271887789079777	-0.4126160975863472	-0.9182594788041332	1.0562846613939507	-0.8140575803645231	-0.9281382193102449	3.2948196146275355	-0.7866076447237789	-1.1028781194188655	-0.6266732328887469	1.1481341346428118	3.6221411933238334	1.5204210399213003	0.7994379238629612	-1.648382668953217	2.397682085972549	-1.5563986888907078	0.5917114685989574	2.4101265860810273	-0.16244347631557704	-0.5243218087095175	0.6408269184177244	0.28417896473920323	0.31432158641424757	1.2704191572392372	-0.007532218029374903	1.695908233381466	3.157042769161336	-0.7324966925066658	-0.18782000789201794	0.17637763539076454	1.4343142040541195	-1.349991338423767	-1.138855720120928	0.7825345669844533	-0.7973905324776367	1.2625307678370308	-0.9712067880077533	0.3025888458233916	0.5026724977330399	0.2555705504981987	0.39403145308772325	0.4158156210622977	-1.3924100872068568	1.147502891053151	0.7156403133201954	0.03300632472868909	0.9742182525634877	1.02264441442226	0.5990371907088343	0.8511910356418662	0.6141492900169726	-0.30492018615336425	0.4627733482013977	0.1451363194395794	0.6713528929834638	0.38685682432249996	-0.054303209824074744	0.33002397092969266	0.3475419563439542	-1.4326452365278006	0.003104239027339034	-0.41375424027999075	-0.5456950848209146	-0.49333929258569986	-0.07612931204495185	-0.5092010858176262	-0.5077162128469316	0.6005771885759593	0.3203315493296214	0.48798527477764125	0.2599240305325764	-0.7878140566945653	0.32200435915320336	0.1996247232614662	0.5526214922524592	-0.1630002017687398	0.3871190018417004	-0.9992038057893108	0.9106876176986234	-0.420399417973097	0.28435439695077663	-0.29948608276367733	-0.3396052603782165	0.6734254965829425	0.5054546606449257	-0.471409774575108	-0.483175859951662
DTXSID6021240	5.951318613049361	-5.478309380510389	16.543884780354816	6.272238515139643	9.268834699111135	0.4772614104534705	-8.95718410840267	-2.614168940499467	0.3093165441672406	5.266200577143017	3.4716152992656406	-2.220021240518378	2.9713222792185503	-1.6740370477022049	2.341043631697104	6.577573974695627	2.2615892346733406	1.8752010812374311	-0.7283710153737215	-0.7884276238834933	-1.3203774594782958	0.8935011109556047	-0.25268372742460027	-1.7595397766948382	-3.7787248229591155	-0.21771068476196537	-1.1664009747703312	-1.337237743052349	1.3001429166654395	-1.7388390115579357	1.6665321940369535	-1.7857519327659965	-1.6175233435571816	-0.4663628846208656	-1.8589155985296208	-0.5871973820396066	0.4115368352656705	2.3273640731384475	0.9086300771008815	1.9816752124622545	-1.809542595745406	0.9601660449319561	-0.5485418574000374	0.20136766156168465	1.3405344541992115	-1.4830083346218017	-0.6150715738294145	0.4248485654894741	-1.0934270691331118	0.5096308866852963	-1.475312698661454	-0.7318588341114726	0.5599140317175764	0.7605506839829561	-0.4228754753766435	-1.189754486702349	0.32107878521323113	0.9738866671016712	-0.34974615562751254	1.6941732895485528	0.394790306487343	-0.8072855940627804	0.09367617013630819	-0.4391182572257366	-0.30311269217453185	-0.4001357407085956	-1.9746777081164886	-1.5693389363076402	0.09961855595381768	-0.8158790322273356	-2.086490028559789	-0.2909911563370991	-1.2984546079252706	1.8649588030605482	0.5471797216262329	-1.3074556539409175	-0.15269267561359814	-0.5504208117979703	-0.7539203307955169	0.309936637505513	0.6043253057386003	0.6811216070651909	-0.5306227625325272	0.33245818087647844	0.9451948232960763	-0.17387425916384952	0.209325203504696	-0.3724016458416807	-1.1825793243387666	-0.4492943257363825	0.19357031785189158	-0.062209630651910174	-0.867752932190661	-0.6453928224553107	-0.4759579045096404	0.23960857330248087	-0.22889704790120816	0.7983217498010895	-0.547172397487935	-0.3555559898692194
DTXSID6021248	18.597220350657487	-7.495933863903375	1.1389481104064596	7.725654273266558	-2.5823648675694812	1.7375077964304717	7.578771453998471	1.0893717060393895	-3.1890728107509823	-1.4926078102313602	0.9197546556744485	3.438649106885732	0.1448700248623565	0.040223474326609304	2.291817115919744	0.7917460628178637	0.6364276448059243	-1.6457805344485141	-0.6321938284566282	-3.790189035576442	-1.7178930336758607	-3.523095861826468	0.9353780054446268	-0.7655893035423168	0.7495359556645914	0.13614168399753027	0.1052731924447825	2.009810395453991	0.8467317643231878	-0.6980444807905841	-1.5142638623062488	-2.3803449129590284	-1.8698489060980177	-1.4416069780639964	-0.35687302226907663	1.2683423544414243	0.7451354863851231	0.045846732244350465	0.07504546061239777	-0.09805971785189654	0.3240842721733845	-1.0945978232243279	-1.1649408456665662	-0.4241164408287198	-0.61228703009243	0.43580960282945974	1.1528715692397353	1.3055779116411608	-0.8480356145785091	0.9012199717494971	-1.0480771486474738	-0.4951670704250874	-0.5705955470561761	-0.2549594019681437	0.9176059907432761	-0.5143855949423229	-0.9903957801880608	-0.07414837291988191	-0.15386225069019757	0.3552760831838806	0.9291272044845438	0.9958883624484287	1.5118016250736255	1.8381289375817849	-0.724442455797951	0.42895921441937607	-0.06672897893856893	0.6251084804731716	0.21878124991821685	0.7154855011530707	0.0906774353202507	-0.11047682704370586	0.7389123612065966	-0.8963624182526894	0.8855698551803648	0.6050354528701217	-1.1894342272887033	-0.10174865346491027	-0.36172337953215755	0.36608743073802985	-1.2102845454484146	0.8750420046815787	-0.17276345906530163	0.24855013264308592	-0.4308535629443219	0.30583069128924095	0.33481514664537476	-0.3231124402049227	-0.6918090671907804	-0.9972023850188821	0.08969015693266458	-0.29032005552278656	0.7334796030971762	0.1764625542914485	-0.6271837515256244	0.43868051317343265	0.4955620712016043	-1.0859018647835508	0.8052589351994992	0.005510493903724859
DTXSID6021032	-13.884046869907575	1.1038401616890172	4.428738653592058	2.9356303093667115	0.8237192344483766	1.8804204820679096	-2.092497996041517	8.71200707663617	2.652949173128615	2.806066762203094	2.4512369661966336	5.283637586676605	0.5292016936574006	0.7122460674978391	4.387985171374433	2.3537546322592533	-0.5946936417073584	-6.140604052419743	0.979333724937094	-2.1986293517855966	1.4995271521861202	0.2653025223112371	-1.986457934485264	2.1445025349564686	3.1701119793064	-2.86785029909	1.5600338581467845	-0.6002579118824587	3.273514710234343	2.1255605229479606	1.7193989645270045	0.45717941543335544	-2.196840727238275	2.2251446568044306	2.017448618519059	1.4715692064401327	0.27470200048523946	-0.7658049927094008	-2.4598615492795473	2.825203750957351	0.15861976348352166	1.6821371338367348	-0.14074989442916777	1.0334166994982787	1.205802927379319	0.42512556065638435	1.2551835692138555	-2.542373606806529	-2.4800940940771445	0.16864584985169612	0.8254560404556296	1.067862312303744	-0.5019319096727877	-2.0214869437719223	-0.9722027287364854	0.24735102705639941	-0.7260593649201809	1.352113199308604	1.2680926364349003	-0.14701578736819734	-0.3688589756522157	2.802347496638325	-2.07317590571059	-0.10854379201859926	-0.8730326725970434	0.740505247344446	0.2765926604680835	0.6384338359550484	-0.6163395948685678	-1.1665856045529128	-0.02272383624727232	-2.0985071716844033	-1.99150309414829	0.1698246858495744	0.03271998069095588	1.48563000858568	-0.706668737296548	-0.3021447018073936	-1.2228551318037821	0.5108123967610056	-0.82870407943707	-0.7928232730990595	-0.33412075579408446	-0.0229710396889912	0.4856429909634563	1.012097453707589	-0.766539489711348	-0.026691316972097708	-0.9339633366676909	-0.62589795987301	0.863618480300663	-0.18296330623778412	-0.5562513304866751	-2.380250838805537	0.8028249701522663	-0.6278126902702073	0.5008524880161374	-1.3621767759595167	-0.699521891252002	-0.05271045404152044
DTXSID6021082	17.75157496433198	7.071633217815407	-5.748066932999134	-0.4479949050345954	-11.02478432634279	5.149203683851181	-3.8328276189036314	4.349836384085553	-4.7890741913402755	-0.6890558760582131	-2.9282875713405887	0.662972235809704	1.5382479444313863	2.9337676113742495	3.3387920101737265	-0.9972686195802692	-1.5677704973307423	0.06299563645815393	2.2599056221090725	1.7396933130265244	0.10014648696388202	0.796667188426284	0.46943194959662193	-3.2731878438100597	-1.3457841669311268	-1.4425494045622462	0.6648818469034227	-0.5949021254575998	-1.5280599413848575	0.16794058648138252	-1.1585483457362127	1.0483059751050472	0.21525014767049275	1.539581164033797	0.5701282093526189	-0.7444903143563382	1.0777825306864446	0.1680178939435613	0.4195670286799634	1.0620583113744109	1.8523671038111487	-0.13453236765993737	0.06873348035327931	0.5237316888786294	0.09233894694617006	1.5629923963457684	-0.654644538805682	1.0381539749728041	-0.2911906502162512	0.29172343504571724	-0.8986103290395074	0.6670617465529934	0.2976664342720608	-0.07933064535402078	-0.5823284732979437	-1.5082186175113934	0.6783289320546578	-0.6475609879991368	-0.16031772529347812	-0.5636409833633659	-1.5344185726230082	-0.7801666084402233	1.150804536352716	-0.9452034001333807	-0.40030587153745056	0.2588091748207337	-0.5021070598799168	-0.393921212042517	0.01594258164861965	-0.03924397505456881	0.3885827108720457	1.2493931305010268	0.17299861483713613	0.949208476102162	1.2142946945247557	0.5000815070082426	-0.023817042568800142	0.07719494744671915	-0.11173268209690185	0.3237593351435736	-0.1886473742882664	0.3809297813413752	0.2773039406089362	-0.4932947500402682	-0.05242448617771949	-0.9643860006824269	-0.5052613497871378	-0.9046255313121645	0.06532539266986527	-0.1697434704762445	-0.036554907270621904	0.8579543027740031	-0.24281667700542012	0.44213773792646566	-0.3621046874996645	-1.087349156195786	0.24450949779404313	0.6621966149195095	-0.7709196529496621	-1.4670905350209962
DTXSID6021402	-10.748645725587547	-18.31179437320251	0.5105236127723775	-2.5711872116575507	-0.3601325978158538	3.1365398474029176	-9.092982080096	-0.8583404013169776	2.6849005941134347	0.18609480435031814	1.942907700377771	-4.040923402910787	-2.266515251998407	-2.8339678234552514	2.142794120120766	2.028570959939835	-4.459018673219542	0.3367257825220722	-1.1852857757493123	2.303739961327013	-2.2108891919422637	-3.2497898627317796	1.1761648078814586	-0.13448623166283025	-0.36320961973463667	2.8168426183235775	-0.5945313994217818	0.7303401608265827	-0.6999227698957827	0.1793472865180816	-1.1542226054246387	0.5727874148566151	1.0403199235516472	-0.875790547728654	0.863905079707623	0.9797759049678935	-0.2127654013089249	-0.7165389868883981	-0.2122958848384891	0.19303546225527957	0.3096051675875215	0.12383568696009253	-0.51763592229988	0.8106223927871845	-1.9936404235098653	0.2695856399685812	-0.6192250569968566	0.5764889069181367	0.8628629205622811	-0.8625047105019009	0.2953743682876053	-1.3863847863027754	0.07258397834654452	0.700485254945458	0.5384624107134672	0.7149230885153034	0.23249157373860446	0.48579958140460916	0.8019288667655294	-0.11547987641725545	-0.17363141587965963	1.2332801761178134	1.395956433693657	-0.6956077616413932	0.24393570418138907	-0.6457066191229908	-0.3990724899909476	0.9463717989060844	0.029621258606070046	0.44637153668505286	0.02552847327820156	0.3207859171391915	-1.571380463552094	-0.19302994711085722	-0.8462446328858187	-0.1751686601866664	1.0624641180528045	0.2614104850339467	0.09670712897777295	-1.004342124686204	0.05810982812230166	0.09491744632984164	-0.052322184417943084	-0.3488502832832624	-1.6142903033271931	-0.30935819381065294	0.3766441533583737	-0.4375681429401529	-0.3413169013827635	-0.20630846333723168	0.6346697540952436	0.021000799772937374	-0.2728165476299115	-0.06351117572468576	0.5324394528610729	0.5968771988609789	0.11932175659053224	-0.28017507102297523	0.022777291490714897	-0.0829869930797625
DTXSID6021456	20.586670893866902	4.128870488072062	-4.530099246944121	-0.068722692565894	-11.800664293431375	4.436405743729283	-0.6738672405230414	4.517095471608374	-1.538173072226504	-1.5111079027201226	-0.6473499861754373	1.7143992642873982	2.515470679282471	1.6374866919628128	2.8192562728997217	-1.7660837120612627	0.3055967629007651	0.012742614252383827	2.3287137672722205	3.554272112600602	-0.660365626954455	0.2523555612998268	-1.249892960663431	-3.142585209080182	-1.9105132499765394	-1.6616423843484873	1.2068639857566463	0.8080148554371221	0.515719465652484	0.5653184161493744	0.24083823109756836	0.10852965721795227	0.5645018487037686	1.424390761375304	-0.17646488235014754	0.3449583177419867	0.5767418158814	0.47207078282841436	-0.047785820430142886	-0.4225121545474689	1.2952257795745052	0.7077692311298555	0.33443521525781844	0.9995533633625628	0.4844096062502144	0.999531601094611	-0.8629983785378641	0.617198279872411	-0.7863188107801728	-0.18583518121580295	-1.3127042272186562	-0.6179240751535594	0.5981136514133576	0.46329043449765367	-1.2369964460345484	-0.6028921517504786	0.40434224054746415	0.6712039199215737	-0.5803366795796939	-1.1969266582576479	0.37863110679787637	0.0674555995669341	0.6378837522517677	0.2918628164878218	-0.36808593915448773	0.4258052459116988	-0.17964544215756778	0.20063224734296856	-0.5428088876572125	-0.6259396497827059	-0.6302394016450421	0.2736874106071058	1.2589122595188744	0.723365047440908	0.12955493538194365	-0.40858939266058647	-0.36493830088234464	-0.6069063000323952	-1.2757969155050173	0.8380313326220131	-0.9685369113302328	-0.7607329391859425	0.34065298919473824	0.02807615053297208	0.22513556105385552	-0.25079881637711293	-0.01798968133743168	-0.9096318624920912	0.11459894202814681	-1.0856462129389846	0.5348785178880983	1.7604372557859982	-1.6013421602996127	-0.2590816548067812	0.5360616921398987	0.1451208295035481	0.8882508520814795	0.19204117846213553	0.4681791283185677	-0.5214551373507226
DTXSID6021793	-4.118428222976594	-16.62737410202853	-10.162478929944529	-3.548468133925393	-6.734747208176698	-2.1118952796004553	5.160119034282202	-6.761544980343409	-2.201240216719086	-6.828010293906974	-2.5964737221594127	-1.0657978997752982	0.6799067543260834	3.752788658056754	0.28525078367426376	-2.993546323549791	2.4616913115128845	0.7113950336451946	0.683642758588557	1.4649360390441097	-0.753581987692172	0.6154818276793403	-1.4103649401398337	3.0688918309008386	-0.8708593028612927	-0.033521996604795094	-0.4329285080097229	-1.038177241991761	0.6628187639307045	1.5628484110461798	0.9662858254806115	-0.587699150334151	-0.41377881350023815	-1.1777667374562917	-0.32786381043195306	-2.313852400637435	2.36926423340808	0.2874520888438995	1.6250424168833686	1.9261335762959533	-0.055709891480862125	0.9741452896165295	-0.41078534587152193	-0.06596700475597736	1.2403775630788614	-2.3049198672471696	0.9368088750703912	0.9356344412746669	-0.2786615422499956	0.6281553024964893	1.1112124329864455	0.5814651101860099	-0.6335380703017869	1.2138405393968625	0.28711387716502573	0.6281704426549782	-0.17118409314137223	-0.6044347983499151	0.25607640054143777	-0.8611776978110582	0.9837235287838146	-0.8914135118095474	-1.5439068552305064	-0.40302220996838956	1.3733930219919732	-0.29643254810319536	0.177591002578331	0.41733873886580514	0.7656866778214816	-0.5789285569672624	0.02934479765462879	-0.86259715816624	-1.1321854871753425	2.0720476469435747	0.41261339846749245	1.2024855853310599	0.6858705381536766	-0.04452244078569232	1.196760161437093	-0.5428658070086048	-0.2927199476063434	-0.10587106884587004	0.5448029419498003	0.08412070751755418	0.35121562480005064	0.32218545749204386	-0.2822093933765682	0.10844542968126714	0.9761526926701851	-0.5242039612014214	-0.29659681611738226	0.8988644959477059	0.28752684607158796	-0.34534654462251496	0.372335602592632	1.002795111837375	-0.5150217342919835	1.1562814944377393	1.235805657921547	-1.1986270829978785
DTXSID6021907	-16.378957827151915	0.15064264871667524	-4.492074434909794	-3.086562491316201	2.105422161005656	6.344294972296336	-2.176966630631741	10.50160277467307	7.321542044861534	0.5776763674427094	3.442968405970517	4.026682764038128	-2.953573107011442	-1.9342840239134402	3.6504796044624204	1.4219140448183683	4.471647057829743	-2.126324954288885	-1.4261229372501654	-3.5737645825871676	-0.25390565213020905	-1.861113164077107	-3.027889173969248	4.598532910701357	-1.388923938557223	1.3072243669195494	-0.5250015153506655	-2.669612832835587	0.5422513379398197	1.089352889013416	-2.0484874566794415	1.4098979551830175	2.4343498172441795	0.6826800970151251	-1.3218383142442036	-0.8166735330488798	0.3432229498492565	-1.8329031856473348	0.04295536123950951	-0.39766206282190913	-1.0224414920481957	-0.7143447333345762	0.6925863086529633	0.9068020685172536	-0.35986267770048086	0.7952229909747086	0.013058334449834855	0.39851648537414286	0.7894166362317933	-0.415933641521881	0.27451528092078653	-1.9667927948329256	1.1762763765708264	-1.517335607621895	-1.0195141816937758	2.538161963286417	-0.4833686222431295	0.7036121988830517	-0.4260702846391856	-0.5582773924888242	-0.8189925280254234	-0.5171026163718437	-0.4023347245072539	-0.7531710854787093	0.18161501410374278	0.2558026021802225	-0.9216989436080993	0.18374783107639528	2.0598910015334435	0.23469310888432499	-0.8481764136384797	-0.11639870419164507	0.8450479401675222	1.5476785869552032	-0.12346800435110977	-0.4355047602211336	-2.0104078627803528	-0.4376886075243101	-0.8919725610925965	-0.6854284412902394	-0.32224780710182266	0.3006996041552317	-0.89180752080539	-0.5026776178156138	-0.10911906505925191	0.39144349524837446	-0.30848357570049184	-0.7166687376994898	0.46978732297299663	0.0708464219894823	0.03118277155083086	0.48070400477522274	0.6031587967770795	0.024751384775347857	-0.09444621777121681	0.12957982989929057	0.680222400206868	-0.02345669959414303	0.2988473314292903	0.679594517591487
DTXSID6021872	-11.101956328237101	-12.104284835805494	-8.396480995311624	-1.8186723276764756	-0.20063961859648247	3.4134294621774246	1.3241436522171681	7.261881606343814	4.038450775335761	4.901620656886644	2.304996391619105	-3.559833687378136	-8.921396650072072	-4.278371199182871	0.18773000521756758	-3.3310221209762796	-3.6928678720636428	0.8111793822502094	-1.5240634566884925	-1.8994497649661846	2.507725417876398	-1.8109516167480466	-1.7728902457791706	-0.8325407150872044	-2.7776145437475646	-0.10913282544406386	0.8306516649300241	0.17492277905447573	-0.7461236634700296	0.3528575651271582	0.41468092715300053	0.1256490493338377	1.2999250243645082	0.32396774330946937	0.3237520888309921	-0.19291663722346744	2.303358260292084	-0.7149701171555994	1.0452128016122089	-0.9549254113779665	-0.04008162668562869	-0.7522667108041868	-0.6851845658913986	0.9554110203987299	0.8096156821007096	-1.089665187048776	-0.7726695788313219	-1.6879262580721894	-1.1136889400586325	0.24706955441734546	-1.2662400553489075	1.4343807348522013	-0.047963823778978586	-0.33307028368469177	1.4484931092643893	-0.48179263469727085	-0.9136824726964808	-0.3312803480306751	0.02396006815049798	0.7137741274650129	1.4301894485016193	-0.9574777629004111	0.3543112130986606	-0.00642757609862568	0.4281718469252241	1.3720736270258145	-1.6436849221290235	-1.1196576129203133	-0.7928478448982789	0.21365982447258489	0.18196223567890613	-1.0259527364903502	-1.1455471294457669	-0.2602859023569089	-0.14799135603235772	-0.16598507588478226	0.8282428060329087	0.4109506736737598	-0.026896044112813714	0.3786230734522238	1.3953463968189572	0.6522512573936703	-1.0628989509015319	0.7362994820028641	0.11902742182314097	0.5843597795364402	0.06606559612897091	0.37139446535264026	0.6249130187027715	-0.10892781376876351	-0.18728844124681723	-0.36389451752187923	0.4272709798417407	-0.039667960988053835	-0.3812861537722128	0.6542675009978731	0.22408215309721863	-0.26188980334300554	0.2978871499473373	-0.21229614219678386
DTXSID6021959	-2.8480683675672873	-5.623665975017252	-3.7763365677924132	-19.931401552668746	3.785623413405145	1.437524616483964	-3.7105953020410167	-8.193227793799235	-2.521733800051541	2.7909526707037884	-3.749628661968159	5.190617003229278	-1.061302548381703	-1.8756370156558821	-0.07270220946211432	0.10737016610048683	0.40029928019614885	0.564813048979036	-0.5106705339786695	0.32533213122279564	-1.2445371418684723	-0.20408294078561434	-0.4959348172758691	0.11701813571313219	-0.183104924425978	-1.5953294928593553	0.8230411201021357	1.162520170948	-1.0938543194143473	-0.1422779346401364	-1.2480165637065377	1.6045581905240593	1.0030711735310909	1.4385312166503612	0.017976442901896005	0.2931371933097122	-1.729815345622919	-1.2388035134288102	-1.5974703250072109	2.738522535125508	-0.890614180354607	-2.5608752835603075	1.4628788677945348	-2.0515877861196596	0.9445372504126658	-1.3615660952260238	0.27788610565618255	0.181166579515147	1.3609068572328917	0.5372673286172949	-0.050118419436652774	-0.30418150858471854	-1.6010916842665848	0.6951814023649658	-1.7421036632659885	-1.1308743143572355	1.2901510975118573	0.2350974107100133	1.3650884992493848	1.2528645148841968	-0.5603367047867118	-1.0834356812738974	0.5146826043331613	1.1919255493751741	-0.4881920429189677	0.3412652859259587	-0.7794331376560574	1.4899036776246557	0.15968062532395047	-0.47650571104923384	-0.31352790285271404	0.7151527019627383	-0.08119260311666514	-0.22475702832642971	0.02668773715255412	0.5223303421311065	-1.2314588765498322	-0.7137766555248723	0.04406978791431931	-0.6984128064323043	0.13787301790401935	-0.8053064821262502	1.0114360309467196	0.384131498022796	-1.4378585889940716	1.1259545213872237	0.06164034206234705	-0.8859188860937383	-1.515557298135688	-0.8388085988947989	0.673896993185746	-0.8787642158825052	0.0847881966811524	-0.1242813436478993	-0.22971700800182018	-0.057092056378801874	-0.3868545897790919	0.4416702069268439	0.373692781335317	-0.40343827242214414
DTXSID6022187	-8.044389740384135	-13.603424005568266	-2.62342908178467	5.21814366508018	-7.5607456078983954	-2.0549331530849013	1.901396485133013	-7.808926347957719	-4.755952499091958	5.94899292891543	-2.2145603133267677	-2.9052255465318932	0.3652294812195364	-0.969724465049735	5.679815956984623	-0.5560867289851658	-3.0966355574036966	3.9515201880171444	1.5528743199291783	1.156665146748751	-0.15272785365964106	-0.7637805667881984	-0.6681072093270803	2.550309853484262	0.8126987251704685	0.5087208562539616	-0.7724189387903962	1.0940108907882649	-1.511426770307723	2.712232656566134	-0.3209653822353005	0.5843482100455519	1.0859309413225775	-1.2681145831994929	1.6820372356456188	0.3973681933644609	1.882820086931614	-0.642375934094668	0.17257095201893816	0.08714665888576456	-1.2025212307432434	0.44129665109450333	-0.13794537404657561	-1.2059057730850695	-0.467330911043416	-0.4664560260784298	0.7808733640091182	-0.33735132479328955	0.47837332005108407	1.3724452007942802	-2.1002975609702994	0.5597497056468876	-0.340596984921235	0.7241565077686735	-0.18966355994493558	0.3467642678538735	-0.13123553148270445	-0.4298540737888288	-0.8531339552222037	0.4273754870634342	0.1239240548504585	-0.2661079991800758	0.06549229818329441	0.27472723918348924	0.20023337257681764	0.6237107230801013	-0.0684684647972169	1.6176382809352732	-0.11607583676142331	-0.027632613806208618	0.2715614543551793	-1.36055374394451	0.1757813207581765	0.6198918568863785	0.2412027875790755	-0.3181318478416984	0.9208565750705142	0.8105080311313779	0.882081683845793	-0.5978458880879728	-0.3614774746820637	-0.7275748352713365	-0.2541296756310214	0.13736695106445532	0.44868311383891807	0.513593022404942	-0.012274737017441872	0.26959047835432814	-0.28423344090851554	-0.15265511567141543	0.9703365644878555	0.7886506331524143	0.6542491389532556	-0.049115373040909155	0.7068274095732672	-1.1939491723880291	-0.42737359048339296	0.5202734478873594	-0.09283664211208614	-0.1320889390365065
DTXSID6022000	-20.96947814526107	1.892017540224538	-0.10998306552777296	-1.0516714196554087	-4.141193380352459	2.8481046908260037	7.173547306374829	3.3082122389898005	1.8805601511131835	-2.273444248924773	3.344642869094363	4.414900124865007	-0.8069528629091841	3.433597692946428	1.9001876008174368	0.6645948317908829	-0.19105614182546965	1.3890225900919781	-1.1763515054401616	0.27568846708525757	0.19054996464630716	1.3582381696154266	0.7914588233054666	0.39421072097602977	-1.7873852009815157	0.041298945850846834	-0.0935667631683143	1.2637007052207239	-0.9310338488541198	-3.3116795370385073	1.2653212221186634	0.5881638637036376	0.8875325024222673	-1.322018072293491	-0.18072332706433328	0.9703471356866733	-1.4599811469617996	-0.0321359989672231	0.9358713940996353	1.6785724405112874	-0.051769919744724044	-0.9920674452025241	-0.009631745171206347	-1.4351471498273538	0.8122951495109894	-0.2891792781299104	-0.728330213710248	0.28243510823628415	0.15872776906645356	0.05911868546343389	1.2177154495936442	0.11756483161518556	-0.6217296227005384	-0.19660196805366664	-0.3683767908439008	-0.15726745106885423	-0.003430931835579562	0.968767815564074	0.15103588372880083	1.0625734957743564	-0.0020866306707679892	0.019096048767774997	-0.39205762203726385	0.09741796057774303	-1.422148987728511	-0.35758564878915017	0.7810265585514606	-1.1311172054018075	0.16955875073577434	0.045102559517901736	-0.4815943601414509	0.17582599474568145	-0.867497305534085	-0.09647907623422003	0.747588626298398	0.2602769400307842	0.4899651239474932	-0.7398819281028378	0.5100464416455441	0.2523189259952111	0.9863060741520889	1.4091477324712267	-0.642810931424451	-1.2191121144512103	-0.22799420331550133	0.3615184910180291	-0.12623432185421754	-0.05813870600825572	0.11397180417835605	0.07905946527523086	-0.983060905059849	-1.3025580872560236	1.174604039567401	0.9442643033366677	-0.5410610476714943	-0.38760176719545303	0.5300935321271079	-0.6614211266919976	-0.28652520033515033	-1.0836328365306047
DTXSID6022341	0.4063230007877403	-0.5312123375214407	-8.114639508609935	-3.988469528955499	7.1236194202839975	-2.3206716451468785	11.088285070362886	14.002871395475474	-1.0956613648782825	6.537589002981327	-0.7680238888650806	-5.097362554657273	5.06139505810692	-1.27650874812715	3.138457048317316	0.8979199818505398	4.240728468840192	2.58818424552433	-3.438127413047545	6.53787392396403	-2.5382314271762683	2.7591516830221856	1.495328340010356	0.57135800487954	1.9166370362064729	0.8857934089475762	-0.3224238387070502	-0.38919785630828124	-0.016342134049228248	-0.03220014198100431	-1.5875855725709853	-1.1133558079388064	0.08435670979776733	-1.4838680624664926	-0.21915170419779942	0.14492317794824947	0.022026341545004217	1.8349437075772261	0.2635125203644039	-0.08778034573698285	1.9951338683564654	-0.4491795881373402	0.04229012551680098	0.4408037788752335	-0.4006139640377219	-0.2804116460559545	-0.3435162872579099	0.13557239851177302	0.7100969291585485	0.2868737236132821	0.2524293612058356	0.6390557494620756	-0.8793694638393804	-0.9640159823778284	-1.093826140202409	0.7297848126929136	-0.8250408264210455	-0.14834916549499302	-0.11073413951278302	-0.4049201365349927	0.4149557622806367	-0.24899919983366575	0.03814479364370135	0.22877935581107967	0.48397045609808603	-1.5118248805264067	0.5687383997154307	-0.2279609168527655	0.6949867903930731	-0.3728167854438042	1.349882764181828	-1.0328913054040771	0.48160422988567136	0.4932878144687453	-0.8404760819018751	-0.6607901954793696	0.23338793917672054	-0.42034532404710434	0.6450641219046067	-0.37731547199997345	0.7076536156668024	0.2991613251620532	-0.40487358471085544	-1.022307515951462	-0.1722884247139515	-0.04212778198050567	-0.6830128338187063	0.24668368735183238	-0.01701954424810359	-0.11199446741577182	-0.09618948455221489	-0.1922508150427273	0.9064285702986948	-0.4011997898152349	0.1316716791081234	0.04481554538442513	-1.1075936330654559	-0.7594399343303362	-0.3788759005443701	-1.347363121345773
DTXSID6022008	-15.850666981918515	-6.0347692493695	12.282998189723324	-0.5152460797381276	-4.630946920083794	-6.555163672185229	-4.273061046335347	2.8482245103734405	6.113747062728505	1.151353870989107	-3.792482337109589	-0.18033241677201847	0.41124124281010277	3.8779637276297776	1.5165677854925037	-0.11321206885358336	-2.256513894789248	-1.904869149216026	-2.672602859493131	-1.3783139594537381	1.3062694531317138	1.3994151913262987	2.8609969003399183	0.7134887260116117	-1.49307421373513	0.9424506483140316	-0.023744773819642413	1.7190431976509508	-0.7067668004256576	0.895755598825877	-0.8673535550992648	0.44007047800207627	-0.19481680112233912	0.12375614214861429	-0.19490796105714658	0.3199380920472846	0.013855179129767112	0.4350718940018477	0.8745370690084313	-0.26926764329947034	0.17601414321626438	-0.0819137809366343	0.4946234309544522	0.6396746468327172	-0.5206058407085319	-0.6328425291055978	-0.4759165255870157	-0.2940389872405557	-0.34876078684250794	1.9371671088102285	0.08237636432018199	0.527247006607182	0.7106541647066006	-1.1833876514557702	0.2644321181980145	-0.12047666851003597	0.582227032319154	0.37111972328181003	-1.8983591139235685	-0.9205886731319955	0.2554575786420034	0.47678386835759173	0.26892440887491603	-0.23061321045096667	-0.008051442667490381	-0.37995393307401487	-0.35605521020886705	-0.3270452793356215	-0.13147653321352967	-0.16147196429707358	0.7755341391697721	-0.5077025977288534	0.5513187802745109	-0.9872987902696946	1.3442401645926387	0.6147750418023302	-0.4958718394784495	-0.8298833767845047	0.874557905659803	0.6851270165623721	-0.07660653904358335	-0.23716325650382789	-0.7876969329596998	2.260367753408933	1.085000947673021	-0.43471786655390654	0.47051246413271314	-0.43378777467713914	0.5161530792466967	-0.2874315117467968	-0.6716312663029417	0.09070943205710717	-0.25634860595454795	-1.1574173688632103	-1.0174159963279998	0.2919562008423414	-0.12460163698660462	-0.018038558734736164	0.015432508628467963	0.5507763886179062
DTXSID6022137	-20.32900700932468	-1.9846820947806803	6.933888957887268	5.3376938639066545	-2.1168298943915156	0.01542560850267192	-0.37224726864178787	-1.1673733415974525	2.062375694606113	0.9537125797240306	1.7541296900536114	4.0085783698805075	-1.7784860570415841	0.8126256748655137	3.678661079269337	0.14413451739915817	-1.452615172552541	-0.45449975428703016	-0.3523603095700508	1.5358130554152405	1.9605985471743304	-0.2001303144833339	1.915085422466944	-0.38890230888452365	1.795795112216991	1.2263721544443043	2.3359465039941263	-0.5304532846918767	-2.1811002338451804	0.2738645492394809	0.5360253072382006	-0.2507888670225913	-1.1201995645805667	1.2175028568606554	-0.1675050350841627	1.4655646568393683	-0.09219848032160849	0.6430550649187265	1.4475905842302703	0.27146566849172354	0.006917526030542815	-0.5153068097260886	1.1079281895684345	-0.03385462456390488	0.4094541257642534	0.28895036941405716	1.4633251220534707	0.6414105589509516	0.2508712667170306	-0.4493737944524215	-0.4124761303007274	-1.2170745042894469	-0.7981509328381824	1.29362616614679	0.06230505300427746	-0.5078869385362463	0.2346681182562504	-0.46972460787287684	-0.23899565247015106	1.3831522381649675	0.8577646074499513	-0.12971748495461677	0.6967527776960687	0.5649820973050512	0.5993740838251445	-0.5812977821034802	1.4487972419107753	-0.5908974346787815	-0.5423263441569804	0.9627026734237055	0.06959832355965968	0.9823092139520266	0.45835715810723643	-0.12497239058284484	1.2228138885648412	-0.5616736942105551	0.1905795179630212	-1.0457840332741055	0.18091277970032094	0.3149647719930344	1.4218882033496223	-1.0004554102215426	0.2584199670879897	-0.7476401935898636	1.656026906873877	0.019220071008289496	-1.3347016570725332	0.3769765798483034	0.42425889619194757	-0.2722355368408116	-1.161719941466707	-0.19384659574443172	-0.19810674242687148	-0.5752632440057014	0.0720654364840802	-0.08230170643698352	-0.5664244990162333	-1.0202379213539476	0.08332261267663837	0.3539901790701072
DTXSID6022391	4.768219472918838	-6.647659442027548	-4.569285496556712	6.7024635608971845	-9.351212086202203	-1.3570719755875573	11.99204266119584	-8.966080793206263	-6.152181803266572	0.9191236619072429	-8.827391561200308	-1.7915269028348086	1.115239808799448	0.7377187408556629	6.07140725151902	-1.4454458755965842	1.9320624589246695	0.23981031193387853	5.174183872823436	-4.874469174321057	-0.5844557261325845	2.092787394066503	-1.3741980144110606	1.1798318967851393	0.19054562065300423	2.8729831809753987	0.42593199569015955	1.2436789776093011	1.3346160677529495	-0.2620716376105471	0.14998042440945428	0.8299179614311262	1.212400025915541	-1.5263208117158644	-2.1972983244020567	1.2915828581459958	-1.1281640371298933	2.087833725711852	1.2290001001744681	-2.0474492182203448	0.4763279510891916	-0.2813338747471217	-0.7985397546415167	0.5269340132532119	-0.22319508259253507	-0.3845996569585492	0.5802648815046328	0.011145789039519018	-1.4842911635791745	-1.3070882770039964	1.4496086648731148	-0.39880348099842816	0.03084593210227366	0.6356199522794331	-0.9948040230551547	2.7489576620582525	0.68948336225792	0.03100307855978243	0.6645162259599591	-0.3167275626247681	-0.22184194406092086	0.532187292122325	0.8395232359194429	0.630530346644661	-0.16776845737873616	-0.5195939896600515	-0.9703917971498587	-0.570518435286392	0.3109589691541562	0.687922837863628	-0.9264280181497545	-0.9267648865929176	-0.1223435563410732	0.326908678084138	0.7575472033645018	1.547440019794745	-0.39563407462854394	0.9561339167756184	-0.06244967177587741	-0.7135921695130417	-0.2597679752433724	0.21908387296329643	0.10287671939218153	-0.28222975732766226	0.834279761448611	-0.47399863258452063	-0.6089549210397976	-0.005002391063156592	-0.1281769514348494	0.9037188686865466	0.24258760621795375	0.4217651758847442	0.6371227281436826	0.46329999036096453	0.0883439378228108	-0.3753257222995952	0.022971935492666632	-0.3198458115011822	0.2937223402191512	0.05749365573266622
DTXSID6022474	11.258406935064226	-3.186363660002626	16.574130627808223	8.928142152711203	3.253056577006772	17.57610187817879	4.050274558065766	0.8918235036811795	-3.960210619904029	-2.4470872855051633	0.4012017488387865	0.9119838685629992	-3.2999957197068324	0.5086334914680347	-0.3764236554393357	-2.642178094947179	0.13471157549838952	1.9655618530390928	-2.8162635545961288	-0.8233783213968452	-0.5380790276314484	2.389931721530548	0.7987813565832989	1.077073650309597	1.536611293361245	0.00474390030790129	-0.13552501865382588	0.6868850548199313	-0.13353477977743425	-0.4711126108507241	-0.3717419144359945	0.8612533680664588	-0.5939651193042766	0.5534456596584527	-0.6841027126084529	0.061498975929189924	1.7697286021487604	-0.5367989305987656	-0.1988229649618254	-0.2203982436594491	1.5073686948009897	-0.032528915420749316	-0.5083923336830884	-0.9456674490772168	0.4598788894917857	-0.12244733091162167	-0.25060215448416395	0.22299455014866296	0.45118981065385183	0.4041486753464418	0.05775785621816339	0.39653024836803813	-0.007087004463063296	0.2811577269000286	0.0018186152359100705	-0.7126050749331334	0.4933540557440378	0.10643606609898346	-0.19377161829952583	-0.7032464688658625	0.8742292827066354	-0.18368395508324392	-0.36486486032919857	-0.5504315579740172	-0.7781109979959969	0.643046578600841	-0.5022808863000587	0.04298151637034154	-0.655369784090401	-0.11022209862297194	-0.5508281348806227	-0.2779021365284264	0.8534839887076016	0.9534157588280102	0.7538519542122908	1.225015369806555	-0.033975253849486756	-0.20502600755563596	-0.15190275210507148	0.3782995446246369	-0.6550906685632614	1.0417310125790114	-1.0698563875447322	-0.10875974675564545	-0.0796758726740972	0.1527516184863575	-0.18849491935771592	-0.20616172431925928	-0.09083538933446507	-0.15060406219295688	0.8073654032873682	-0.06022442128955904	-0.40114051108179744	0.9215399935504233	-0.5236401274875151	0.09158089043542873	0.23726475484894005	-0.1976001700392136	-0.5268793534117059	0.08505285772601735
DTXSID6022927	-0.6264593725053571	7.003739956374368	-4.722075054124574	3.974040724740533	-0.32053989362978447	7.069477398139796	15.05568842752222	4.432437151673551	-4.75892997201766	-0.11461813245471864	-5.2506387574827205	-0.9724590459186475	4.709781334437933	1.929337632620654	-2.479470456925706	-0.9090087814407443	-0.2332928131309412	-4.663193848538183	-3.9680146320967338	0.6324172157602804	1.471815366758256	-3.795080475889026	1.0039014254270646	-2.4483363269807157	0.17520388064604925	-1.381215871471583	-0.21990183311068953	-1.4031863734294765	0.0014136205208944092	-0.3440066172776179	-1.6413173491142992	-0.9260818695211203	-0.9465776793891881	0.6497571356344661	-1.9348601817992417	-0.2291627129333418	1.5552771372708842	0.6161617918587069	0.3951075374065555	0.48027166878546473	0.7093683633968089	-1.4704217119537253	-1.5884652816286242	-1.9469209917770902	-0.8255720718094166	0.5059845735716741	0.3495046071145617	3.613567395231034	0.3256268687991674	-1.6900874275948232	-0.43088978137225264	-0.056873477466671256	-0.3096333641141486	-0.06890437176748453	-0.03725865983878799	0.017422557298353764	0.014362049766114146	3.8617301428355155	-0.023449203617534244	-1.4428753855181615	0.7592474090433194	-0.6545875394237088	-1.7359841679004655	-1.442989669171895	0.4985303570856776	-1.5765124127033476	-1.41547057348819	0.2805866051952047	-0.6253464918914207	0.02396281887546511	-0.5992808178804195	-1.752118153862294	0.7451248908011079	-0.0065160680764167695	-0.723470534823049	-0.518354700179436	-0.6063919389605333	-0.9329098005720898	-0.7438839062003978	2.1900427898675296	-0.4117999133244193	-1.6099552277534341	-0.3100951793303027	-1.2678081489399753	2.1851101753695663	-1.4018409937557117	0.5666933959445585	-0.30751797790178304	1.2292791827396712	0.1725961403972864	1.3194044901985633	0.05816623077901421	-0.7208045607937082	0.3238194345632796	0.4130239325372112	-1.0803043614998047	-0.5052541396944152	0.5858140291066163	1.3529361845093173	-0.9398574594189486
DTXSID6024046	7.669941153269538	12.411871924622652	-5.788703119247106	-6.739549309569665	-10.562060832291163	-0.8576521888543125	-10.660785074025393	-1.462829274943506	-8.502520434794924	-0.9262831023407527	-0.1944117841622069	-3.226421266700563	-3.311375740129794	-0.11783980916521088	0.5107163489998451	1.1864297822007506	2.0308832611017387	-1.0202399049074116	-3.046961834657486	-0.9696474284664356	-0.6157058654793567	0.03114933497023636	0.7631356163850601	0.39839345538630994	-0.7982584768226533	0.4552025406922446	-4.884479327466654e-05	-0.6428266142247694	-0.250600811187138	-0.15967746264047758	-0.27823581517065815	0.04005375979752217	0.0008777008206508946	2.442439136887639	-1.2816918748510049	0.1653749803932195	-0.17922104425562932	1.3021647474241704	0.4681844406282565	-1.7557700365209918	-0.18390319167403632	-0.3735175351656993	-0.866020003004337	1.2624054583423732	0.8459518026840104	-1.2755627655500046	-1.1329329541865547	-1.747787527938847	1.0756978679488365	-0.2742180882545497	-1.049759552555736	0.3070198397454759	0.9366716484705164	0.36757363847899466	-1.4012895905979204	1.2121486521716553	0.6313458462029189	-0.5822360214661613	-0.0754500403029105	-0.45991452755109247	-1.1924320644431943	-0.44142276384651075	-0.13536688237962693	-0.259463709155901	0.22219200096368671	1.7207211955992099	-0.38260720738870846	0.4753351205883087	1.161222754195586	-1.9786076898122789	-1.3428631487131164	-1.1693951482057738	0.06997606309923678	-0.32413575982991866	0.7410076800405347	0.7545703033720601	0.21566653715143203	0.26369981833636985	-0.43578495590020844	1.5584223682456333	0.10038188931089805	1.5322007354331295	1.073665163961833	-0.24729042566044337	0.23018882751212744	-0.8955537208237834	0.8258134266551745	-0.2706480766434275	-0.3203426653540452	1.5279402513009142	0.8901247083532416	0.047809825273122546	1.6715616928004402	-0.20862605955447833	0.7094040461781917	-0.36313695069034535	-0.5275272498874932	-0.6633044246542239	0.04062387593730416	-0.2610331075415313
DTXSID6023733	-9.527644828304194	7.675840502008282	6.10329936976442	13.345284876583134	1.5981063209524335	-5.944401085933341	-0.6749691642923354	-3.9032206485943215	5.002872849798205	-1.0023125525077097	-0.6459983458266114	-0.8884758212546917	2.5424527738822063	-4.720533283381016	-0.9561310026268726	-0.5989279507108841	0.18137589160772877	-4.128072133991925	-1.865408520423112	-0.4378917310179536	-0.7163592653732559	2.307543480896541	1.933998218679019	0.26256170346264407	-0.052426582100161774	-3.2942206115910633	4.609708776885551	2.384791866237077	-1.267951754793107	-1.2043830970886393	0.4628254114086714	-1.9539888290427485	2.151573226760423	1.8792658981069115	1.8124122954274409	-0.47363458519571333	0.5684618358396428	-0.6711161490892368	0.019158301700320412	0.9991546121154129	-0.4513580411896814	0.5435239746231584	-0.3446811747960488	1.1876676348921187	0.9517681350735265	0.361051004838837	1.7071174884185487	1.0789872590455138	0.3311428958764305	-0.19876346299225184	0.1811210969954817	1.2258392045805862	1.5615346750507668	0.05107230933778808	-0.21505448520312256	1.9045370624481217	-1.4835635849064248	0.42785710229389334	-1.0551585105354817	0.39119486440457896	0.3180807975605675	0.3258090663029794	0.3236624820941014	0.2520396630029432	-0.5050487690764858	0.591679144148588	-0.6634909771331373	-1.866836935369367	-0.4858137636489145	1.0226149532551532	-0.19027515030852324	-0.39552894023762386	-0.24676168910470908	0.08252317914729933	1.241908547494326	0.6912986811751286	-0.5592997771339686	-0.4356989277441686	1.5127619436739521	-2.4511707482577005	0.3654804921849687	-0.7025917457706019	-0.00465774302201646	0.5789768253616204	-0.19890160745215812	-0.311388602918242	-0.7059712978585603	-0.5245345132285357	-1.1013760407825626	-0.7955715588368707	3.0929116524893483	-0.5417394772286401	0.21283785013818501	0.05411917070724484	0.04458909631081503	-1.5667606435698682	-0.34235121360536513	0.23372239994355692	-0.22246783341590365	-0.7757403250014276
DTXSID6023862	0.5259228490022748	17.146221084490108	-1.795267411060832	2.8186518217896452	6.105768811014267	-2.5119856004119425	-4.637639251372227	3.0130715444095797	-1.38266196100865	-3.031626140416722	4.589970707525062	-5.480097281011791	4.457011404092311	2.7763857082077736	0.22993626971560707	-2.1745779593141035	-3.0774675380249397	-0.26666456753212947	2.4807830604181564	-0.4268171299597877	-0.6073646453423107	2.7914589089597825	-2.410717679264131	3.292553765974206	0.0008551004256631049	3.0732750901769146	0.19427377143678354	-0.16764664243004393	0.1769944909982912	0.16409196863076655	2.2512960410398053	-2.8983004951060125	-2.335325419282209	0.12653253952285698	0.3926961101473629	-2.3770191422561915	-2.0181703789289664	0.22805269096044561	0.0077541879592978435	0.4766409664691838	-1.3058625203556091	-1.5541295871676413	0.271052960651891	-2.331449114690553	1.05808514139371	-2.025898408691591	-0.5477543384186783	-0.6374998657578023	0.9986744177154242	-1.0169264630701091	0.11561281290286725	-1.1459128853831333	0.01494495429908168	-0.48094373986247474	0.8245943967296969	-1.999758570941485	0.7982194726433988	0.7188302842643877	1.220856567240237	1.6458143479481049	1.0935480053313755	1.509808205423468	-0.048475559084457914	-0.9810440359958428	-0.9215965698082853	-0.498904975630288	0.49116515086849993	1.1877109388323217	1.2256276878393604	-1.7447173736520927	0.10112251218001696	-0.15678966661232438	-0.017312510890836286	1.1076283645375704	-0.03076530857566451	-1.52900195817069	-0.31473979588396456	-0.08841987838282338	0.8908131448977408	-0.9766329563182163	-0.07667605151955496	-0.023589686492856008	0.33437917002005174	0.8646632103398928	-1.0090421515585637	-0.3517575008323491	1.8193427004970804	-0.3712281347090125	0.2467823364716947	0.13216346954753924	-0.6482455763790903	-1.250911521132131	0.09678717962736338	0.7842699173749602	-0.43242270077093153	0.44884342587268566	0.5602633882524315	-0.9105852144533739	-0.5366713155767513	0.33476118685904976
DTXSID6023999	-3.293439587257032	-1.6199955438435218	-9.173651310255279	-2.7255181054275894	6.852784189570063	5.342132129699802	11.552309218310963	14.990131886637503	3.2665409826881566	3.4161759394545688	-4.65024485158063	-7.2017625960099725	1.8612744687617795	-1.612599481842481	0.5632448211422985	-1.417065208266976	2.5995999450935545	1.5546168227688217	-3.573227625697527	1.77469128156778	-0.7059035108332342	1.5062478489386637	-0.8366936465998532	-3.1052733783448163	-0.5670419186787109	-1.2610491603339538	1.2415531208948296	-1.844577394552408	-0.19617825997092161	-1.3888699774055637	-2.682527614851576	-1.075812939880183	0.5000493917812363	-1.4177867391137622	1.3026914335311546	0.4655150766501481	1.6040604390084359	1.3900686337843742	-1.302683903700697	-0.3869641319177541	-0.3184863815642222	-0.7280471146478024	-1.1436716536087281	0.18278109807528262	1.1264660012303123	0.11292794979252228	-0.06603326852603048	0.4844435834761267	1.7749179034375182	-1.2920625411341862	-0.15390283677699615	0.8086600771256436	0.13528363320484543	-1.4457242221414774	-0.5581562863502799	-0.13317366529326044	-0.31172018200268414	1.1928917674321375	1.2506814842091911	0.6516915115958338	-1.3391853753960774	0.9171763296908063	-0.4678214468482178	0.6798476585976233	0.2811585622351075	0.18592601191545766	-1.2550798883291672	-0.2104304649878255	1.1502300028617993	0.19318714779629617	-0.7377024691228069	-0.14671633317964708	0.10667222882345649	1.2335611391434895	0.11616369540746604	-0.3993661787221057	-0.673087542279245	-0.7995186665841097	0.6341523179341387	0.5897909765763992	0.9856869617494963	0.22752963681039132	-0.39351386105047176	-0.12333856902727938	0.6895145900645347	0.666650373508145	0.8666319852789849	0.7240066713260233	0.2777601477262931	-0.5593420774278018	0.10810954067442578	0.7183222529860271	-0.26232238388872314	-0.12618610437534508	0.6807354751631441	-0.1566908019315813	-0.05467173016385912	0.11670460266223734	-0.32568867412750957	0.2494956911676713
DTXSID6024177	-13.33145733157418	12.117222481220889	-1.7834821173651982	-7.475783071795998	3.6984902309968937	-2.840294832214011	-0.6011081654919282	2.791007141389877	-4.1733448659488985	-3.082612716575258	3.7297827806716066	0.32037478171188977	0.892930803615754	-0.8596239725653095	2.6093665186618957	-3.275101045834423	-1.4786857359818777	-0.7336342609600524	0.42353369383874867	-4.316388967014309	-1.4574651496023558	1.5600439986026817	-1.088291129888559	-1.4756734959066686	-1.1867921301180682	-0.22307909670360312	-2.303929997153192	1.338259741286484	1.055415069290673	-0.2592159057676827	0.6778889691690722	1.9326860764778708	-1.9962418793377426	-0.1755863146102239	-0.3776590908820938	0.44594893560862453	0.8783697588202576	2.101143925620865	-1.5997738741064644	-1.1070071807772126	-0.28651821617881584	-0.0683089277048107	0.9123587973214415	0.7601333334710197	-1.1606593086961678	0.37178999021881654	-1.5550059732890498	0.701496370364297	0.9951641157348589	0.36508890994803317	-0.47951313288907355	0.36274759139818863	0.615888869498053	-0.3814234217843654	-0.36040412232141034	0.21140115850995747	0.028798978654394472	0.2626219596426782	2.676168991678849	-0.10374571276277375	-0.33705930268195006	0.7468933845911393	-0.1764857582820302	0.8221323735553008	-0.5941416419530798	-1.3748730080885008	0.4315831402632361	-0.21097773547452192	-0.2351327975932569	0.7756334595279302	0.10286480595058682	-0.7071281451340479	1.8956045867564109	-1.1625284591415195	0.16464533671342224	0.3081705101296482	0.39152719806786074	0.05144633893116855	-1.1920491866026786	-0.6860193145928507	0.6910526100865532	-0.2714260525348651	-1.2254308903477886	0.2672265620713897	-0.06082921310130745	0.6881631121471237	0.5892661600400761	0.5071648648963176	0.33372915665970204	0.33425718146946987	-0.407212500751007	1.8699325664332391	0.15062635328970875	0.484210749510391	1.342630864090216	-0.12559653287109307	-0.024857178857353574	-0.2664503671779398	-0.33936296952312817	0.07479492047038848
DTXSID6024200	-12.376523727010033	-10.493975574433723	-5.873881224856614	7.090177729167387	-6.87953621150327	-1.1944876300429843	3.366845586281279	-7.564097925840978	-3.8005610491240365	2.4937448590032067	-1.5531524610609395	-1.2351922838794902	-0.31686140713961125	1.5943770073314614	3.3896233986001274	-2.652463232210204	-1.9355672604930034	4.077189567866833	1.3892534647045243	1.7038403187699436	1.6151450798479976	-1.1008920228231	-0.27506578127331505	1.3359040288611812	0.4590184100764041	-0.8197300204030205	-0.20962233493479726	1.1107147809801052	-1.831518933662938	-0.2842765710369753	1.250091934366829	0.6138432729710674	0.45132578271416435	-1.1517046291763073	1.5703665536264941	0.14867098367714204	0.7461933243994906	-1.0493143608628763	-0.46590925072272504	-0.9983031417692435	0.10116001019521244	1.8540141776539008	1.0098976178477752	-0.23308095045900612	-0.61734617278589	0.5928408339180701	0.6265102395581672	-0.2623472668389499	1.409361493271852	0.20771259568338643	0.17802660945325774	1.4636667587230208	0.5035156900767381	0.15833983581897113	0.9197202623851346	-0.1562744922369042	-0.0061959960788065364	-0.08621150827725274	1.2054389222066972	-1.614841490843442	0.06896958358560833	0.5477475904213981	0.5370367870533977	0.7991635382380331	-0.96385642699472	0.7001530882982259	-1.1360872720271153	-0.4215815598666758	-0.4432256687107154	-0.943244384364896	0.5253366145894038	-0.3721686264107335	-0.9487447311216575	0.04395821447320201	-0.09644560353010409	-0.8748228939275732	-0.6398552468237468	-0.6155948126834934	0.6549915406682123	-0.5717529825892927	-0.7561199397632552	0.2513414407007639	-0.3197412732474712	0.43838255125638564	-0.48882410062842807	1.1869423963656003	0.4852720687673053	1.0197494130164522	0.21270187331837878	0.6967501116549882	0.07536600948348475	-0.26152548686892135	-0.44834482456016767	1.243787401428351	-0.12073968388401499	-0.831309896186873	-0.5887411069690746	0.5782985717814019	-0.46156530216921704	-1.1090083450809933
DTXSID6024254	-1.5392021780040848	-21.522920728891002	-3.6091222041282123	-7.990934225931174	-1.4285612664690557	4.181793451286791	-2.7044563630307894	-1.5000885379913662	4.075395810453033	-11.771775242452406	0.3795589289216326	-3.118651589135819	1.816961357765197	-1.1667404621894413	-0.5547751410137732	2.398382848239586	-1.8852140502177481	-3.167868308206767	1.9592950768186532	-0.41364426619669115	-5.576725564832675	-0.3618658559643177	-0.2500366596253013	0.0853194710902197	0.5914829888377298	0.7558293884995466	-0.11423809179330735	-2.245822457710452	0.9210909472742718	-0.9669144537921394	0.9290444295184372	0.21341400715784536	0.5937170807253579	-0.30498207186549814	0.09453509070727324	-1.2113822168838788	1.7307861849996302	-1.4718031055198844	-0.6038509737169944	-0.2559986451083373	-0.17928337414924841	1.8082429121297297	-0.6304982498313811	-0.5563273770392623	0.5990373533831423	0.5301656642169316	1.0684897031019087	-0.5945375989521825	0.7246613313440602	0.717868120387059	-1.7189808113727727	0.9696943390759538	-0.693092235020334	0.7096552326096354	-0.15180402238887816	-0.40375600545458756	0.09663927969944214	-1.310121650663465	-1.2675973055258616	0.2901006762687325	0.4377475316487516	2.9792830669599915	0.1998978786261292	0.19577867445640673	-0.10680714369318699	0.5303407360091346	0.8891697396720419	-0.11492219169874676	1.8801286585228096	0.8276769842828632	1.2884594233841238	0.12275484877627771	0.40016560847962956	0.09078440023567921	-0.1377933874937853	-0.9598567439257002	-0.3833882507775421	0.5041986970573469	-0.7008752827233029	0.2843063036004591	1.4808684796224523	0.021418473909456167	-0.23521097213497602	0.7769105297540673	-0.5429418940889785	-1.2240985535269286	-0.8220569990703291	0.04164898873230156	-0.6083936845467252	0.03186713884171281	0.6876423858624126	0.13515360984924832	0.44859396961260395	0.6552527206195781	-0.44710588179431604	0.02028012682250386	1.0795895490439582	0.40850498118447715	0.7522902953387726	-0.05033242703225312
DTXSID6024123	14.806031435686174	4.218483854902924	-8.794660347493949	1.0098401990350752	-1.220496048670753	-6.147124916089722	5.893618563567763	-7.203816346770525	4.436900707877845	5.584306171902151	4.661195575849957	1.5135538864419285	-0.4033701373600154	4.2931042351752815	-0.09424986437009004	0.13394750097551383	1.5223055588501015	-2.7362161393549402	-3.151026080866691	-1.2312025957505384	-1.7073971660760896	0.13074528689531606	2.3874464301057756	-1.3123995245223896	-1.597429484287248	3.146451413275769	0.2567076758746097	0.7564970213504302	2.0820195669352803	-0.5065678218978344	0.9376463626973972	0.6906546617098008	0.7967279365776719	0.22744668276424274	1.4818715602462351	-2.5164599041967826	1.1352577011333431	-0.25122128063017685	-0.34871837016271645	1.6205242599659713	1.4086923209612028	0.05615583063665135	-0.8126437690914954	1.3371886312152599	0.2612323718790053	0.6208039184189188	-0.3830294735928354	-1.128901724982191	0.8099765509674726	-0.42485381184260734	0.6906472686497807	-1.3786464558391403	-0.8375395326129627	-0.3331146190186459	-1.7988902238204414	0.40979848674719604	-0.364754435235598	0.7991572419794707	-0.8769156395795077	-0.811829102378797	0.33144936188726765	1.3186073721749567	-0.4508979023400072	-0.2008961910332741	-0.4346349408487502	-0.11117477077245258	0.6038019685092247	-0.3590459394438298	-0.6880741924359837	-0.5759182295227309	-0.5853674813567993	-0.6923458764038823	-0.17075120423495593	0.48801319568869544	-0.8953280951983877	-0.1756068223454351	0.5658945892056686	-1.4363020571674445	0.20601523786493636	-0.09979742124661671	-0.7406854216768562	1.6332394836221562	-0.4459065143316531	-0.843613833318819	-0.46553352838207573	1.4365151113183225	0.49723492558794763	0.6267481051330674	-1.808590568810644	-0.4672241273538776	0.6682766424205712	-0.8723814129420473	0.1643069374072461	1.195752216155514	-0.1206168424584679	-0.29872082485712403	0.1589960139820738	-0.5391291809869788	0.3653690755259495	0.8754308600140983
DTXSID6024466	-7.657799569246139	3.2386307905456975	-12.84030687426349	11.154523129344515	1.44773842187348	-0.3458495365238143	2.4799760331377927	-1.0409172816583978	3.7881516065763714	1.1965853746471782	-3.252488433166082	-2.2592484949225	0.49006423064569565	-4.138256639261497	-3.2276009189223274	-2.4251354835464154	-2.109470659552192	2.8664392134698473	-2.123526721610622	0.1921487741016768	1.8151189553625926	-2.3964528776122798	0.8699523838209479	-0.8101783023451897	-1.1555668565067525	-1.2308920879926253	0.3768039135069498	2.139340292638694	1.1536490820209484	-4.388835363970856	0.007246363932599983	1.1255074238138423	0.0881093726459512	2.365124471129155	-0.08343644648562636	-0.04401273597553338	0.1438968628907869	0.9676541603872089	0.2996745656080761	-0.19676061270082496	-0.020238114068221107	2.0340566264302335	1.506649093884818	-1.138934114556067	1.8699375538900314	1.5837632015567755	1.1535756800374193	0.998771472683271	0.39033897794019534	-2.3764221413738262	-0.5018059431283807	0.9645305582528992	1.0153543475619164	-0.9054258389997502	-0.6268097140564687	1.5897562937591043	-0.8649605011261366	0.15806392142106077	0.6998209528229123	-0.5300182151861864	-1.0460105840014666	0.4261330124884753	-0.21579364776590879	2.1272903545079327	0.2134471854765079	-0.15185556927754112	-0.7778637963134928	0.339539471207802	1.0046044275975066	-0.407324118010984	-0.3766711639871049	-0.12777855624445658	1.0658879013476734	0.206294596112167	-1.0653056169745885	0.31489106235742	1.684216481649822	0.0772701375009783	0.7358883998512739	-2.014327111740433	0.04314317355478202	0.08323746964604592	0.057966063200684016	0.020476001084287983	0.3193106301183695	-0.020719341481308762	0.4348528841680594	-0.5435486724707691	0.5326704386137232	-0.317325898908945	0.15990449509981788	0.2901313095640205	0.3523880562985057	-1.205112200964872	2.284379196686638	0.6742967277123407	-0.04148686000456063	-0.03767191385486102	-0.029231962761655454	0.23500506140208358
DTXSID6024624	8.998862767812746	-16.467641781456116	6.418799341638467	-2.7569963312792063	-3.446387119865185	-2.3014957129955107	4.350453302520542	-3.26709002387216	-5.153554902774556	-2.1714866943005333	2.633761364663731	-1.580809509960543	1.9609234493669156	0.5816047245572885	-0.8928421649149398	2.4730200670820626	1.968553865209561	-2.785712828996004	-0.3165669162211597	-2.4127429983522486	-0.6727402742938571	-2.760552709583942	0.5493868559159442	1.4871123027004105	-1.4269366133187464	-1.7832635962533936	-1.7142150996259042	-1.086393788671903	-3.9974546836829052	-0.3728203312698175	-0.49099841685384127	-3.3413572826884055	-1.39650671929444	1.3066541038479866	-0.03423160072776881	0.5586279947516318	-0.16183700545645496	2.0147194463665437	-3.756535469637994	0.4990777922301693	1.8682651859395627	-3.1378285046156495	-1.1272828262768901	-0.016466638932513118	-2.5340685230570195	-1.9902393622881263	0.7755609301420874	-3.2425615057065693	0.9242795830229031	-5.008658027854347	-0.09078986265143878	1.4852089826977177	-0.5575025110661531	2.3988473111981063	-0.13891914636907168	-0.526047304831698	-2.805469478181812	-2.5912758814266903	-2.780772833255495	2.008583768155235	-2.78364356690153	-0.9371239451231018	0.047552804701587376	1.464894507000766	1.0279052329134153	0.6482255261130079	-2.0754914966304705	-0.8779766870825985	-0.4946517082304304	0.16559722456401837	0.25685067562683045	0.26993455283023204	0.3514280357066543	-0.2712368078968914	-0.7915387902027411	-0.3545818786427072	-0.6346972427525545	0.2820294284725873	0.24037170908587652	-2.229591000194468	0.16332437661993907	1.3030113896029092	0.12119859790147183	-2.3120951887204186	-2.1555655387975907	-1.0705872627370683	1.2571435635266943	-0.08074262975117075	0.5168133824905862	-1.0873897175629053	0.3916853975125678	1.6508164074121523	0.4107598477369808	-0.3538162950401741	0.7316853570481713	0.47221281593959696	2.301917380715656	0.6729586625825931	-0.7711483926051301	0.1461330150847117
DTXSID6024913	-10.414516516525303	-8.23434719718061	16.28857140761002	-2.668595836564365	-4.236587389053209	-7.1579113456086265	-7.450808369830586	3.5058961321153728	7.299373382800156	-1.605031024208074	-5.383488567119494	-0.897174680936037	1.4286998745533808	3.3975560362957964	1.7020359441947601	-1.021585335601028	-1.448940185083497	-2.1650196775473	-2.6649380820364277	-0.502928785018279	1.8190447117630928	0.5427915573909557	4.505634659091773	1.7549981265512127	-0.38842411331060195	0.775148571655018	-0.45586326885148587	0.1229711713357081	0.35692278855648174	-0.16562180297111814	-2.0755096906225114	0.21653789223457298	-1.0565299647264277	0.6079078029495629	-0.7645486815282375	0.005783208946450646	-0.3756499045341845	0.22496734400653973	0.8382686627367066	-0.8964412485962193	0.00010203164893779108	-0.38248205458638596	0.4497531980930921	0.3561797599881996	-0.327388434550589	-0.4291020283072127	-0.09236984165051194	-0.156130997294902	-0.07390294325254836	-0.1859618723877317	0.6103124207835171	-0.1582800356519375	-0.38035889602180734	-0.3457258144828318	0.10851114515720914	0.6314268959085323	-0.20348562503075002	1.3642141276519846	-1.4631677088669814	-0.050732353899318586	-1.112284741536446	0.10710235877991968	-1.2558388923062842	-0.5245193075218415	-0.025142957848206852	-0.08315789429579007	0.8296085991643226	0.15859886317374328	0.7070523095447042	-0.45024101529777266	0.3913961466018339	1.1427021978221363	0.46589896956717375	0.7474072757587695	-0.689090026943558	-0.31676932026379123	-0.8717294616137151	0.18734654392952135	-0.15095792358646837	0.10015075409732639	0.5220002755810051	-0.5370355558845832	0.4004386243644671	-0.18420715223187795	0.06311258304155247	0.803426582821022	-0.4270377119436105	-0.10689291969045339	-0.7185975007134431	-0.3156351720098544	0.07315321771889151	0.7350465145604113	0.44444002035691166	0.3930048693708817	-0.2747419652918987	0.5164268962027931	-0.7389603644480149	-0.34177302842932594	0.07668098605774826	-1.4567054621460331
DTXSID6024888	0.34250588164715384	11.366837810917668	4.907939726674782	-17.325116151006107	9.18751001597241	2.8693761997904303	4.860054140060466	-1.962932634331583	-2.396969507030287	3.334805367935181	-4.129013668250356	0.8744336514024195	2.2701973016504633	0.5330868836353738	1.1109087896750496	-0.030971515403929777	0.8764083926117445	-0.771772551295695	1.2011321516418567	-0.045000999429557424	2.058855237428106	0.14515477346184785	-2.872035675034746	0.7012197163897276	-0.23362054972276358	-2.5122763826219097	0.693285201269293	0.44135416990414833	3.8592485478833294	2.3687226429928034	-1.0585875408226944	-2.2115444757523344	-0.4350202931360555	-0.08614155079080645	0.29183968317663556	-0.9127757672033762	-0.6222321862381383	-2.1795053250412337	1.0767397412959563	1.6209576710672253	1.9448181724884621	-0.35682409876983623	-1.6701270159757564	-1.0149653589562109	0.7430172833632478	0.19186095501160816	-1.4775871444177016	-0.9682516702884165	-0.44685221788313884	0.10654497429777264	0.635871925572572	0.7553523647899244	-0.5169150354770059	-0.41463926241902116	0.10978571851449394	0.5170581809084569	-1.5373032579467008	-0.5214337436935181	0.49462225606606747	-0.646549518160994	0.7468684889131904	0.5218181361301228	-0.39319375347615704	-0.988646607156312	0.009449349160996469	-0.2785259782242718	-1.3887164034193198	-0.3137510284338771	0.13886260333823022	1.2374199027343835	0.8284326045281982	0.11403314237496771	1.2733827407435045	2.2022338820084424	-0.31595570101122683	-0.8028429141147979	-1.6198963150922372	-1.6136596012732731	-1.0640813954955954	1.3091826915023588	-0.10681876180996296	1.2617164007039947	0.053950203912892604	-0.017821940697498737	1.036413494778578	-0.15730433971393026	0.4340304109212684	1.7360319494812697	0.9221319689164134	-1.05215699547862	-0.6098210070718865	0.2515853182863151	-0.27001996492983155	0.7683400587914514	-0.26329805302157405	1.0696761735949398	0.8985929839302466	2.0323965955434824	0.9160900981930047	0.1235292485714269
DTXSID6024917	-12.760813349685577	3.927874525672487	6.056089440986945	12.470804245652648	5.997534202895711	-1.9464081184692827	-3.4810819170314193	-5.12087389971032	-0.8768703814245331	2.220494702612637	3.6023164098577682	-0.679939355010828	4.730155655586647	-1.024201447474963	1.9265491560408194	1.2795564580980823	1.342343462502118	-0.3233783920411562	2.524484198006944	2.2094380326197176	0.7612697284609736	1.7884868689527837	-0.7870142376531293	-1.7408758622932254	0.22992135423993615	2.928911567167502	2.5656766372072	0.8281742954356703	0.31527826139828447	1.4642229812665932	-0.3977000201899453	0.20153214578420392	-0.049897359381398436	0.9757068422927198	-0.6222137478399686	-1.3137685983325713	0.9175050729824388	-0.6879854076488233	0.4019556384498433	-1.3969945141102424	-1.5699761477245529	0.9540339934900972	-1.878834975455915	-1.387704483291423	-0.058648677272283734	-0.3055115595931479	0.5995160985740099	0.9591124205771568	0.4994097226809378	0.3156834847207463	-0.879327558487198	0.7142210542093882	-0.05651504573633286	0.16306335122347906	-0.08936416469076518	-1.0945357113459862	-0.120037546924796	0.8863317996352401	-0.5542678401402729	0.7916172961773772	0.6496783477959691	-0.6107408482579765	-0.2438050213020991	0.24954710753353793	0.2797574889261384	1.0368218677017962	0.6198095264948548	0.9141431176215622	0.4457818506737334	-0.01564434179713312	-0.35510830303292457	0.24278012333826443	0.19908127089651706	-0.0930331849638929	0.29338296403872977	0.2005662409309045	-0.1728495387134168	-0.022904826229875358	-0.10320173811250268	0.6610030374254506	0.94253405126111	0.026084167732722843	0.0040430311511536286	-0.08032979992532682	-0.03696609773098883	0.003191609125550535	-0.19392974375992178	0.282879705779078	0.39243362441421203	-0.5961078285101081	-0.2777347724522969	0.5324553511449855	-0.3591974217975308	-0.5470745621023616	-0.2743150253102367	-0.22237461465588038	0.5703463072518545	0.4617689718713856	-0.37559295945760074	-1.2221288801236863
DTXSID6025010	-16.082155411373964	5.195170036238103	1.3308455262039622	-13.122031135941452	5.0279307223370155	1.6613431443528832	3.1267440684658574	-2.62137516906623	1.5858379247198358	0.4210252184708817	-1.4282551310579148	6.845895799427516	2.3358816602739	1.314274221391636	0.7197974528071414	1.112346607411629	1.4995140694172449	2.281355460495721	0.46972782751383263	-0.2970558098321337	-3.82043435698465	-0.7970282755758898	-0.8860604260252735	-2.714080677046582	0.96709465899281	-1.7497332564377062	0.5472639023624786	2.6955752470905496	2.4019042698977766	2.2582362315507187	-1.4813663779078399	0.7099933606633818	1.299431569402413	0.6278120290118006	-0.7336121462196463	0.3269237254581732	0.9283133519937781	0.2976319993878963	0.7119826387499713	-0.2717936179642054	0.387689134919563	-0.05855234192376482	0.6072422685801526	0.8568677516213201	-0.02052704961101337	-0.6882608028161058	1.331506817356298	-0.6513201504400292	1.8703035007126372	0.0364044018470049	0.7286643849251163	0.40574245234720513	1.2199059482178383	0.04291402376557948	-2.048385622865946	-0.35111343650351706	0.39849135585568957	-0.2993074892130292	-1.0082812737369549	-0.027287302529704745	-0.08931167647941134	-0.5187747276426247	1.0733537044624109	-0.20898580819091908	-0.012414113152800298	1.3886711802114062	0.49202210928969603	0.7567019862275812	-0.309626226314993	0.3172397113375921	-0.7197333384108651	1.0610774711705195	0.18356048439179265	0.40010883983121337	-0.616042853859605	-1.0648963120596664	0.5419294375512568	0.8080674728059256	0.9465508657496015	0.8334018914598168	-0.7741685788348516	0.7242165592409393	-0.013333162839866986	-0.01978649936206989	0.7742787964974711	0.7153047788752747	-1.0142821497718737	-0.489362023666155	0.07332717666494849	-0.7529594655388085	0.5979788966382226	0.23483314396535795	0.38307546368281953	-0.16253343718803412	0.8845300890967822	0.20740272576174615	0.5222578356981848	0.8163197007256251	-0.14056076872183176	1.1288203308332507
DTXSID6025220	-5.345298967834546	-7.2568390960978615	18.608862755853007	-7.025550234913414	-5.177132699136292	-9.560966001091657	-5.233607533206676	4.648164004793843	5.808320621495619	-1.4253073344970653	-6.519478346084828	-2.338684222163522	2.912910664990499	2.6859734335648153	-1.3252823973420662	-1.8684072261780724	-1.322977868484024	0.143787676420541	-0.9333063161352955	-1.2244567170170166	1.096909372830228	1.5122218180134215	3.4294125951620296	1.1959296884844572	0.7917536555717232	0.5955733803911116	-2.513894478084579	1.0179955554618376	0.4163779244089831	-0.8665208997288855	-2.1078051258828445	0.7856632523789614	-0.9727972481342807	-0.23149255411733663	-0.258782074846907	-0.9993178520083166	-1.1465518987078034	0.1312716812255514	0.28880704179275063	-1.0212305320074893	-0.7191785667081592	0.32211926636448945	1.0502414988381952	-1.4746441977541953	-1.656016471357193	0.4117177151251429	-0.3374823289504765	1.4627111616758326	-0.22445139975912845	-0.40992825648744474	-0.48686630004904863	-0.3102955864925852	-0.3544507838078784	-1.5802332755440744	-0.4195130601752808	-1.6326040922770502	-0.3263492155783819	0.25299052206972295	-0.8370913720025601	0.3475623203664933	0.9296188661611533	0.046887085187102676	-0.1880300883850712	0.8707451745173208	-0.13221786663030394	0.9743387394959221	0.3553791929650615	0.5078981961298706	-0.6895027205637971	0.28587724106858636	0.36240707445827486	0.14085810085308972	-0.49584108243417235	0.5475633656497362	0.8604193736792403	-1.1099970075843404	0.09369136615989547	0.23321870187119706	0.13674954057507432	0.5111775155529864	-0.002608308139961312	0.025142943669414577	0.39373778669819814	-0.16873462002381506	0.19856224934701888	0.7872085408617892	-0.44399490158534627	-0.19277434258646794	1.7863891664791862	-0.7952165634207826	0.12075120602819299	0.24361732257057286	0.9406291205302169	-0.634695921243899	-0.4740103724986691	0.12589824474681366	-0.38639145725928065	-0.9979912942142468	-0.7699502909347659	-1.2835969029934784
DTXSID6025145	-12.012262605164095	-11.599091555962094	-3.633471033988246	7.1701689004409115	-4.244584412826232	-0.6465470531778905	0.9937535114937394	-7.4735378171598335	-3.5762505519328087	5.231461175703071	-0.5722250284487581	-2.0295476612717676	0.23102961917752524	0.4532797312646616	3.8520916499232523	-1.5838476028562944	-2.5458978839902717	2.9666249094415527	0.8998592007413957	0.9464694017414279	0.5534375344972863	-1.3158248713418186	-0.5254289582778395	0.8880493292142335	0.5141735482337702	0.057466883259380076	0.4754896971362284	0.6152077003479152	-1.3504158396620625	0.16176586368949294	1.0738412879242925	0.9256794410769816	0.15018324668362737	0.11546542036496425	2.1262464019289964	0.5671725037549826	1.647880563647801	0.0847250476072982	-0.7475860850708085	-1.1285300020321327	-0.7953383543437081	0.24343410691229678	0.09620372076968052	-2.119484857455687	-1.1560088049593322	-0.363695975307974	-0.06581994463768474	-0.13924213606495442	0.911530321046929	-0.17054871113770737	-1.0697084901298606	0.9036099811660978	0.4191452561716613	-0.48144608316201626	0.07203105023006103	0.4278941225950351	-0.9273825077982502	0.037190581698119105	0.10770106509172836	-0.4548577382283795	-0.6657549619519528	-0.6331447280442977	-0.6595759558604435	-1.3204208145034677	-1.2860854334733318	0.016742947940244723	-0.3321293097933012	1.0828204523770495	-0.23303020116483766	-1.029711174775243	-0.2531865798267283	0.1458566146874222	0.5635551149504835	-0.11984908335847105	-0.08215967779381536	0.41772435036005284	0.5192285675585697	1.2087863211178917	-0.20371921629255405	-0.008236006284127923	-1.000553488092051	-0.46639326806174547	0.12995053981387916	-0.046154569969787757	-0.0818937269484728	-0.018947595332048667	0.6359691365045463	-0.416132751038626	-0.10914729933553012	0.46635133932635386	-0.13785393186997982	0.39450465056513423	0.8726841784286827	0.04374198397796977	0.0919708891397549	-0.019392541102203557	-1.0543721584279806	0.5901539247539471	0.3463599080361669	1.0552953848441675
DTXSID6025141	-14.743714741535143	11.974592683908433	-5.532749640544246	1.1401574567025798	2.472107904270945	3.198421054766594	10.407728793138961	4.7551114449536165	2.3246527327277837	-4.168773468047328	-2.2551024840953664	0.4619390954910004	2.9574420635896894	-1.7449138636620312	1.2000318381443527	1.7538527989010746	0.12350042184808784	0.936907191065837	-1.037630459139095	-0.4156393014952093	0.44062821592966955	1.371327135294668	0.46630330623278554	-0.7885909445699646	-0.5687183856168972	-0.8996013969815713	-1.4587975615786493	0.6737375211394787	0.11918889110267544	-1.215953747113258	-0.7900060282608736	-0.0036109107549933805	-0.0042947422826398966	0.5635395092544228	0.516546830011559	1.3164710690846912	1.2367448586026	0.8383069501900273	-0.5794653576311848	1.8094129268799328	-0.7398069535476405	-0.2887772553289365	-1.3452193889034696	-2.622513182413925	0.9845169425677299	-0.8414778127468585	-1.2057170954475214	-0.5268572585183129	0.4160398200357661	-0.7192932196371993	-0.68304010629755	-0.015659582976705493	-1.4705717823053281	0.4346236784890977	0.5150753250068312	-0.9773375215059174	0.7622895988432762	0.2068449435741411	0.3984397679074456	-0.42970724632375434	0.8471424857547343	-0.5260917535656343	-1.0885063968457525	-0.940980431719068	-0.42641259462673053	-1.3105902410344816	-0.8442933178531848	-0.9062373245894279	-0.3963437814385617	-0.6279904246817115	-0.6861048424951983	-0.026667330964096122	0.25713972295148113	-1.551193161707555	-0.22470804851506818	0.011468662055539458	0.6112418199760828	-0.5154480676862483	0.2420893345916016	0.15090452288081277	0.6545072420530904	-0.41319683373887534	-0.3801454168803564	0.7586174551916867	-0.9340042612375201	0.6473662897443024	-0.8947431817526885	0.44606081447781815	-1.239485419399806	0.38510843190179883	-0.01445729963566835	0.7393108230806223	0.3430901832403834	0.6231431237221886	-0.46484150562373944	-0.349516274356927	0.07690417582994613	-0.4692937927973471	-0.16415652269400266	0.3911030558729857
DTXSID6025143	-9.46861313578912	-13.2396371571243	-6.117685990005123	5.7246103878839065	-6.819397918315609	-1.3886664745301396	1.161624361017012	-6.727150866126069	-4.3203095904747055	4.0432608836927315	-1.458810590134358	-0.582875685260417	-2.444592998474125	1.0962240162371388	2.599878187091272	-2.11001012385133	-3.04017822045778	2.196077757988554	1.5043628516106973	2.57049767209043	1.1642780066054126	-0.8203130142286417	0.003746414492771447	0.9315907022375343	-1.3968767666775022	0.10292120461476865	-0.29354818986925474	0.8871637951497311	-1.709866743608933	0.9789468653717617	-0.7711774088122947	-0.434290644949445	-0.4842638103141734	-1.3449402656083933	-0.25345245938658734	1.002754014430507	1.78583472035233	0.6029874124326081	1.4325310578971884	-0.00810369986326042	0.3399724299648175	0.4305414343652275	1.0705325565121944	-0.21940438201664275	-0.47175947996425505	-0.8113450736336295	-0.04189520419606911	1.2111350549207156	1.4190582742326674	-0.8898966838001983	0.6988099768302063	-0.04381184062218315	-0.9139958920359461	-0.2182432615464119	0.11929797199852928	-0.4056860081251137	-1.5678149845215363	-1.1097441645836295	0.05842355157052979	-1.7424329289954816	-0.36478543538874164	0.5267621447055885	-0.7994836034551049	0.2681924558644734	-1.0622318362084406	0.3455230112106183	-1.085382458255997	0.27014470657407436	-0.36778593297862827	-0.4216941527439621	0.39783837911134334	-1.8846515568283033	0.3102017043430213	0.7723776385170418	0.39325621983653647	1.421231255784766	-0.3525886782409451	0.6919911732041867	-0.27819204192084596	0.8229891087548916	-0.4358316696809301	-0.5443534485799599	0.7045012186415079	0.8787226028148782	0.5916842321395966	0.5212373877878854	0.11494781950004758	0.7445226114205374	-0.7648020798348802	-0.11975507394662369	0.8294287951656835	0.5618513139518417	-0.28729793714533236	0.9000002451616708	-0.14966462983423515	-0.3017307791317422	0.7520922425835156	-0.5558517034576622	-0.6593852570668929	1.0128006612126197
DTXSID6025436	16.05189391857477	-4.647795271886849	-10.279542453983977	-4.320887229464665	-9.333622537821677	-5.541538852285273	3.2071089399850834	-4.277363656984586	-2.0848394361561016	-6.299879350195349	1.6488810792052844	0.4965110350539316	2.5067057046843733	1.0895613527803256	1.8490946554985768	-0.7481418727688752	3.676447977162539	-0.034462995147016666	-1.2076992201042536	0.8276013115600886	1.5591425528903844	1.7682014504704562	0.07627945997034398	-2.4783250979032267	0.27761074831034255	2.2005392230391614	1.9641201812248008	1.6682387411660604	-0.35395515446713693	1.6629278170073387	-0.4396080815848782	1.0993397595534806	2.676140118385873	1.429294424977226	1.1562732892431935	-0.3140040542995243	1.8488705204577267	0.29961171272263626	0.7857941406933817	1.8152541688211714	1.4046423898187845	-1.4723038632869674	0.31934712320723496	1.4422452506034364	1.793535703554804	-0.11528941220660059	0.2135893960990223	-0.1734746103034702	-2.1236201401530916	0.34242589603619783	1.0724754454208951	1.003184719624101	1.0922885483167706	0.7357445655846085	-0.2829817295313018	-0.9200642670806131	-0.31138753953790366	-0.46502841013567514	0.7779371439256949	-1.007076643323673	-0.869625225112123	0.7495338407032829	-0.26101628970131746	-0.772039339508121	0.25986522394719985	0.4907643059692417	-0.8947449616736596	-0.8684645592241619	0.4471710118410606	1.1086985953495947	-0.5200436439782354	-0.28597729908253	-0.8121822232912663	-0.45298498861412795	-0.29948743506518727	0.36833412707277985	-1.2618886460020022	-1.1111362869097618	0.7996893893065312	-0.2634067068832716	-0.7174298890225069	-0.12069318911183344	0.4037609947843233	-1.1772254745393922	-0.751598553120403	1.2764853160119278	1.545087861348097	-0.9730669597337027	1.057136405739302	0.253844004047564	-0.20196441479817698	0.1770046826256794	0.22053956117652468	-1.2306445465140619	-0.11547211666919649	-1.8975680124361158	1.5000904633989491	-0.547267140415992	-0.08752653873240984	-1.5106197482671604
DTXSID6025438	-17.10016161983051	6.573909522055194	-8.517132384941451	5.648376228907255	3.8196675274388694	2.9279746459927245	3.8182023630072037	3.521847821758544	7.567149648750689	-4.847269051916867	1.3980944463727063	0.7518349660590652	0.058365774338769945	-1.7375433490514691	-0.08774268816267124	-1.9683222871754482	2.881553843271482	2.0094836820495026	0.08752578778052536	0.9617003817974612	1.636233066917899	0.030457603759289905	-0.6195052374574078	-0.1070430665679376	-0.4840861075665321	0.6750800483289199	-2.060736544713822	1.2709862065593998	-0.7793054158631083	-0.5554437137019532	0.6851932716794782	0.7935969083015556	1.19925290285142	0.44197581194577756	0.4604374412859165	2.372712484483068	0.11487085894957413	0.5473993554405342	-0.9365577805195043	-1.5569562412036415	0.4346473025635688	-0.11098647092030617	-1.4659285302821434	-1.4853623826969595	0.9487452835786673	-0.259244580434761	1.3679627274175559	-0.16076253252458184	0.3011669781564064	-0.2798516707850733	0.45486285885170546	0.20730141850427125	-0.4185903139077502	0.22491772346505434	0.21047672979370893	2.0162452410695693	-0.7223671505769313	0.2872390638925866	0.5075755160513995	0.6780741763663127	-1.292174122155834	-1.751568967038121	1.3844253195221745	-1.8212762338846296	0.8029430601995975	-0.9528535961920261	0.022609260604027064	-0.5011097150355445	1.0801522921697186	-0.4281916590809239	0.22990977996259457	-0.3934230956362877	-0.7317989899116412	1.2587818243987525	-0.3142018608359047	0.49778648748130555	-0.2572926382243861	0.20775503590783603	-0.41773339887206323	-0.938827718710287	-0.04489458404783751	-0.4481003287434066	-0.25200383117667763	-0.13745125866800809	-0.5007664162845025	0.031601730163251913	0.06306878803472231	0.4514229953406525	-0.1307343375046651	-0.35556410572324926	0.6720898711988006	-0.6489523497988823	-0.6248098231774749	0.5082530145294986	-0.158410294399207	0.3067724958109639	-0.9564072652932077	-0.3120048857001217	-0.1147963786140152	-0.4162591866307737
DTXSID6025567	-7.52040915532662	0.05754605822650524	-10.495864251450367	10.960621338192102	3.351397173157573	-4.967660240472014	-1.9973546838501286	3.0261677824299977	0.35299545517870257	0.9353044134287267	2.7032312904961877	1.0961741733576966	-6.277962830251951	-0.4883892451059673	-3.593501110124601	-2.482889634371154	-0.97802194357477	-0.36702972420006236	2.625766087312064	0.22583041445811375	-0.17861487653841443	0.27185798406110223	0.5154809588323845	0.6947163261624142	-0.5912278622059117	-0.41345340605644115	-1.8102938221982003	-2.4983434933142314	1.093293139500032	-0.8297545990327523	0.25550743940609827	2.446223723777038	0.7540343161006055	2.132445973747048	-1.2786136159410368	1.381286804662009	-0.8069953199627373	3.246282018154316	2.9077834160509175	1.3712028709270103	-0.04546430717470716	-0.5844688950363074	-1.0439405761721543	-0.9523574338107128	-1.015468955763603	-1.5250034905420509	1.0866829250530483	-0.920961754992327	0.16160976857379872	0.6111398548783512	-0.756043401199894	1.7136398308216945	-0.34442455881982964	0.5284835041500481	1.8111683034672361	-0.3545341803665815	-0.33031170357576545	1.9975688283392183	0.9095460872952	-0.18433846321094838	0.2968998939383677	0.780094373990994	1.913867315369768	0.8166170720951658	1.9176009072965232	-0.0980307438615367	-0.6234048864924574	-2.4190776421602376	0.5571896756736731	1.2040438838733099	1.0491268042373638	1.0373207278734562	0.2617024826128795	-2.656171685856692	-0.0319160677490181	0.38686370707066126	0.32492516258940163	0.4494132029386432	-1.4431590761585682	1.3621867222219377	-0.3753292955121547	-0.507782407977218	1.129929169062399	-0.8321809853321848	0.14007453858229435	-0.46796490493046966	1.0881109261819937	-0.8485159860271697	0.1552294574604848	-0.273172444666126	0.9438977652771651	1.4380157511538298	-0.2174388474205302	-0.20859777142654498	-1.013841576443768	-0.783857534857975	0.7691287373939304	0.28463166690697217	0.8419284798920138	-0.04242391186494595
DTXSID6025355	-15.089720965581154	0.36674227281780974	6.820664582275529	10.921206462261821	-0.03604190191767032	-4.101981812353508	-3.532000831241263	-3.0549134538074463	4.38185599497803	-0.27038516136137547	-2.729773809621281	4.151371919488573	-1.0742970967576577	2.011082215763648	5.683118722609862	0.6656939099219864	0.4968448198691029	-3.4593371280115295	0.9485857368755579	1.8517006046345883	3.976428393101449	1.695230071555578	-1.7650719696076018	-1.3898758561752125	2.1741003496342333	-2.1726457024356547	0.26242328665910514	-2.897497156787993	0.16209850045926505	-0.25105706892348045	0.6400928160209599	-1.2862228181005242	-2.903470465005883	-0.1048521261013101	2.715909783123381	0.18171288678569297	0.20941421865422066	-0.29220340478905776	0.10036692732489051	0.4736934984440294	1.1242390949760563	0.39658471699384246	-0.47075846851273684	0.17195251139461135	0.7621349709408205	-0.5945844072257601	-0.7935167718611944	-1.6680312321650692	-0.08761502323690261	0.11139188628789713	1.4458583996509606	1.3747427185575782	0.16651139450917068	1.5081660610021093	0.8120204903066723	-0.8478205634147377	1.033453689855405	-0.19548439592092123	-0.15853107594077334	-0.6134068056009548	-1.3855868418905068	-0.32370422027930656	-1.1923174696573917	0.11813880120576814	-0.23071509538029675	-1.5763080726158143	0.6318116947351494	-0.5480873084582557	1.3870172057564067	-0.19373159719916414	-0.5136096101313083	0.4486266687552353	0.1338366527151285	0.00018043660375453047	0.12938972346186425	-0.37733859466975145	1.2117311361469842	0.39679868565690596	-0.40061144255568903	0.2528493572349334	-0.25768773837522907	-0.14646311454068403	-0.8018920678792946	-0.15558579876986775	0.6763914212799276	-0.5853079275577839	1.133692091988376	1.0535646296682044	-0.4648589903868665	0.5352008858764087	0.6344124848985876	0.22079596383304304	-0.44239885321459027	1.19150471701762	0.2927634544834261	1.0621108169838887	-0.13494173200323925	-0.4996951809768452	-0.048133631034070916	0.05015710805886812
DTXSID6026080	-6.976295133016132	7.14396819885763	-8.238080798473012	11.36136487918749	-4.8890517442328285	-3.5116294339510095	4.2304982121838455	-10.633774172510117	3.253144661686777	-3.3828237481499914	-3.785985701100545	-2.1843502337485194	2.662468428884286	-6.959479852385803	-2.0472357922706967	-1.0817086162516576	0.12327845319400885	1.5314647747926649	-1.4844879387852175	-0.7251492172149817	0.4687536956027067	0.8898513560146877	1.664277854115372	1.911335057345454	-0.8344588228158452	-3.4393213633181405	0.317875651675605	-0.6068989761082163	2.2656506663256204	-3.670308218479989	-0.7634156440382581	0.9127041948084045	-0.5676132518808625	2.201579234285494	-0.17313167346758734	-3.303379699289546	-1.5225258525811984	-0.6703061528196617	0.44428697926176125	-0.7225535828251118	1.154920981813476	1.467904029364837	0.22062382904499114	0.06912930374191166	-1.5333078033958656	0.0001008139503128716	0.47401116402231347	-0.5419558786008808	0.4571329465245992	-1.206266889212083	0.5530865216208262	0.21593530820606177	0.3218072689324167	-0.13787274229900368	-0.7608737319126282	0.3361921990708463	0.6415328826365289	1.17993292963404	0.40016573518101733	1.0499633829341029	-0.8498399748538531	1.2736574445074589	0.3178638518430745	0.1190439715280171	0.023876622515331715	0.3237829452075981	0.04207049072134763	0.24412479262973355	0.15508575420137818	-0.7698906924264111	-1.0971028040965034	-0.10306240169953086	0.11082436939199126	-0.47333934599163163	0.15140680708020174	-0.5811640914492512	-0.008859732114190458	-0.30812407875785514	0.29128105914864927	-0.07191183114739107	1.4464573300874424	-0.6371350619173738	0.6667402997732349	0.13843615083265867	0.4674639346000269	0.3853306116481829	0.5121990570224549	-0.8382418612029794	0.02958780278833311	0.1129785567774148	0.6898000159371063	-0.4051876081909706	-0.5181867996080936	-0.41405387761100493	0.0945248306703394	1.4476075001482078	0.9370537254302854	-0.798973953541765	-0.8031115717416947	-0.9093682928263462
DTXSID6026797	-11.611139689806205	-17.47486305767671	-0.32575532470410745	-1.0156045896677666	-0.3453142426017821	3.35334162035982	-8.122881527153275	-1.2354474046025214	2.0003992227797163	0.5950512434658477	3.0847868377912073	-3.14557907373755	-1.404487566731525	-2.207036611829035	2.4040510953685796	1.6243048378306384	-4.99495070147203	0.6137573447413299	-1.7222655344844924	1.2021145982872365	-1.1539292950175495	-2.9282264239314375	0.6599270279902065	-2.0371341661084212	1.1007098253719394	2.1989695535127236	-0.06281879172362342	1.316559380304148	0.09793989852059667	0.1682552834940064	-1.3401344040267074	0.5991638480950069	1.5509170785060822	-0.8066977619015329	0.3836717187038495	1.842526395921257	-1.0050397141343304	-0.7879405710842615	-0.23043887688850473	1.6048730613005928	0.18457092441564346	-0.010913064959816697	1.2868008013764625	-0.5623601826071626	-1.2661596451542838	0.6087288367747656	-0.08123174803691076	1.5330227536275287	-0.6117524564458074	-0.33211969976926325	-0.027153830948096296	-1.4669361118566582	0.4604580800629091	-0.5128856895765355	0.13306043146506139	0.18380737224089552	1.169111028544308	0.6422381039243809	0.7521682691278206	0.9415474367146	-0.5931074674954386	0.9927826208188693	-0.017083397710365017	-0.5039495406102167	1.6735979848255664	0.03877621708175508	-0.2634230989727376	-0.9838428280453086	-0.4790486586943616	0.11075503724117416	0.052791420885475816	0.2051220974206338	0.12098126960105217	-0.21519574504802053	-0.3036240021967247	-0.7851479842224348	-0.571141010606491	0.43599010560588014	0.36825007872181376	-0.3789436072593865	-0.4638932343634195	0.38394675152272345	0.3362415265025751	1.4242293141556712	-0.09877641588626228	0.7550020740502847	0.6925044630228786	-0.30686543801280247	-0.23671384466382459	0.20357147450441826	0.09652799216668086	0.6013760529344228	-0.5187010555006402	0.6411435655508464	0.3882247247015124	-0.38516701665188624	0.366274425291138	-0.7407767765859838	0.4200578538029454	-1.1273635416247958
DTXSID6026799	-6.683538701943573	2.693563316502603	-9.134097248320774	-12.697830641446298	13.397442319874493	1.8070548753013558	5.619269086569439	3.7212530294867583	2.0243182474823675	3.5952377269311633	-5.0282721653319875	0.1817235901731842	3.8834134323523375	-0.11444595873701494	0.6803115084186284	-2.0381983708184435	3.3779256610350488	2.6240484538599373	-2.193569273319599	3.899723128165743	-3.9010493657682668	1.367885872755751	-0.888167731726555	-1.3569693051784388	1.0016855255726478	1.6781648705464054	-0.5287658582681374	-0.14719991698954785	0.9805480317602038	0.3675314120400166	-1.6660271160873374	-2.2337314467040144	-0.9276371675161602	-0.7318424610432093	0.41191584035347145	-0.1020018398931001	-0.20202251814919053	-0.6294144016890791	-0.8916733727778383	0.1991254551237186	0.5087618852383888	0.36265463779627644	-0.799625330614111	1.3795801194385526	-0.6393204195617562	0.37929156686584775	-0.7471327056457394	0.6269519304421427	-0.4695129381310197	-1.795999299575532	-0.4340963045248031	-0.7457651339907114	-0.3560661961125436	-0.18948253909780863	0.3448075217883711	-0.0302369690193936	-0.22188814654550387	0.7836210241018471	0.1643188372335734	0.17270772600418302	0.07455103442878992	-0.9060564685978574	0.27476565136841713	0.46450901335531447	-0.08403846763247769	0.5018172422887892	1.0818930871377865	-0.257067076610397	-0.5569950393804429	1.4436981940277802	0.5276120429507267	0.31373403254195326	-0.6011537100382935	0.9131262216365537	-1.2575602239917376	-0.3404145418547707	0.7107738141950831	-0.30784449799817837	0.4243695800124982	-0.09837430841178547	-1.2922265526646086	0.416226546473559	-0.2829358870629945	0.7153899354212621	0.44051217490464883	-0.9052235763115863	-0.2558293294110337	-0.4020937523469721	0.9564562557579139	0.026006298162025574	0.1792002140248001	0.10357654580096969	-0.7822201106975215	-0.07002181409862457	-1.0228907216042398	0.8970629487606541	0.5495843647425569	-0.5783224165340939	0.45879041531083375	0.062131095304554886
DTXSID6026298	-12.345175000965193	-17.9138632685617	-1.6560653240078407	-2.4843735155113715	-1.604225038802249	2.257095271429542	-5.969642521812054	-1.1047507236718426	4.271371430437358	-2.696100486134217	2.2426411252390706	-2.8250215802639778	-2.533184664288946	-0.9029998540787136	2.02567139235042	1.2660133771041984	-4.64514269028162	0.12057803084725943	-1.66010838277288	1.7284775719596557	-2.0166007421763297	-3.6003534140492968	-0.0402100929804473	-0.8360604672408208	0.3557245175848712	2.908670688585234	0.37434232097129133	0.057426773537098554	0.15069070251275204	0.9253906953978509	-1.158340976604152	-0.137917597617749	0.2788513038853023	-0.16881624265712417	-0.4887361259593052	1.3409091621781641	-0.6008522451862731	-1.096185894635536	0.40940461859630195	0.24815722645181773	0.3376225398880583	0.07439346203668187	0.2710963881283317	-0.14950187985889632	-1.3571133869607925	0.9650711159363964	0.19186652734987408	0.030433240777372084	0.2598004327095829	-0.7716245351953154	0.8007882854315431	0.06361315688119601	-0.926011294189063	0.09406556340230922	-1.3039408961241934	0.6830965563247454	-0.05216557416617494	0.3796731612018551	0.6756739629453677	-0.7028123272510963	-0.6271400826402984	0.9860862481042791	0.10352918327011193	-0.7077709164335574	1.075023592089679	-0.5881491241505429	-0.26017664112197664	-0.5540300559152862	-1.3415670398895108	-0.9673094206888733	-0.21642830472791197	0.4341656976553218	0.1246733965421495	0.11484940822826342	0.0589925960891999	-0.3068271985225392	0.901779259483023	0.6062154447314174	0.5854652400610025	0.17137271425636766	-0.7220238704846911	0.8658663946931966	0.5109817376748836	-0.6001382578706032	-0.8037863875768215	1.2040443551816953	0.9940039453975432	0.11009719876929541	-0.335836018658907	-0.4681858488059355	-0.8953451248487123	-0.35567168980598624	0.14743291596546335	0.6843408684506314	0.6967006152340562	-0.8485257089718133	-0.3052903159845086	0.16442950057232855	0.2652275348064162	-1.055209611379352
DTXSID6027050	-13.465657191356431	4.894247842564001	-2.4318423209272444	-6.9114546668931425	5.2170271130286725	0.9084445470321072	1.0365558072106822	10.109231639143626	-5.576953412120874	0.8257133257692908	2.246399725386615	1.716730990605449	2.9401782013239846	2.3864561526885564	0.660909936265339	-2.5013318328227463	0.7887356700525733	-1.9847167492246571	1.624382390932567	-1.6259244190687516	-0.8091953695628301	-1.3127210252990644	1.5955596639958067	-0.8214610377490507	1.4341660678659263	-2.09842396368537	-0.42070400754966647	2.4162757063226605	1.58804422711728	-1.9579095453097204	1.5824757798577258	2.063162988770257	0.6731607586512367	-2.9147268710788294	-0.054881772545987716	-0.6751844943932502	0.42030896590345057	-0.6168173646655171	-0.14005851978827374	0.6522926618291024	-1.339920486107576	1.0220023034617616	-0.30584934495981986	-0.2122322343235831	-1.9841965528456165	-0.19940110859923893	-0.13226516521051412	2.329985325463632	-1.5874346777820407	-0.8862309757690776	-0.8036379874884273	-0.5539954927470505	0.8615194611690346	0.11768088724733551	-0.6877520267754036	0.8584779134691057	0.6446922783482868	-1.0205565002135553	-2.178786280769783	-0.6965569374499999	-0.3598494791249802	0.608832828725232	1.3253306138000103	-0.38932745326063056	-1.662515459676126	-0.8680149187924334	0.04901249198357983	-1.4216992485904898	0.6775862117197758	0.4698437996461858	-1.3176122584845948	-0.17340033304827232	1.5437611627959522	-0.2660473059559093	0.9164648824645285	-1.5755380045540703	-0.30643742364061277	0.14040670813657877	-0.028622798998219016	-0.6206128884560388	-0.30422765634789367	-0.39071211971632264	1.4635738445879465	0.09489390801873834	-0.17635627378384744	1.469887825621324	0.4893605863935678	-0.28120644321101884	-0.395584236588847	-0.9657586271789187	0.11489877218795745	-0.951347250267963	-0.4763094700415197	0.2724988541230567	-1.1657789038678135	0.1672804144044165	-0.20027743245838248	1.3752927814390616	0.13874345191560736	-0.2744973345637751
DTXSID6027268	-4.592422470229245	-8.410299882872245	18.607925367640085	-4.638631183660374	-6.223924021477937	-9.691938828382163	-7.10589226981469	3.5681818768971896	9.450433889972938	-2.4542594242429576	-7.044766426092222	-2.1009190442835264	1.7306070711401378	1.4814306686766348	-0.6239855483400644	-1.4313817494798557	0.19672787072737635	-1.053817688523035	-2.623044788128438	-0.7742860850008971	1.408953626386917	1.5182202850259106	3.7011633453684816	0.47177604436896253	-0.3856212880953626	1.1821478528515899	-1.207852967300841	-0.032951990723326614	-0.22264287255666818	-0.6601746191797758	0.3787211664353131	1.1588069169732882	-0.5476345894691715	0.3027994166954946	-1.5798933775281951	-0.09399510654522295	-0.21357394690522996	1.0851531234827327	-0.3526830990389487	-1.2846785316942428	0.6363643938882567	-0.28579347782420494	0.6671356436048886	-0.2153366249008031	-0.5843871535303566	-0.6610402107854949	0.25012882063768227	0.11403341725972745	0.21654300690674658	0.05535409897445591	-0.891240797091765	0.5025100196358266	1.0753644807501201	0.9514363089362043	-0.3525514540826103	-1.405030681649372	-0.4044077905645345	0.6924834231589031	0.5854714578749524	0.13670518362197473	0.16080537824743515	-0.5931697742057506	-0.2783449616078227	0.4137162867325431	-0.3714585590972398	-0.4332547351024471	0.6551809405868784	0.19022778635987622	0.8785090122732334	0.6526091610643941	0.49068890933758985	0.3084752669270736	-0.717817909005813	1.3465855396486854	0.030084663277283572	-0.5027128659798502	-0.77892249893518	0.04026363860168214	1.0777555418362983	0.8507397161490854	-0.11764477272272082	0.23838448089938688	-0.3942477926331788	0.7727119767099375	-0.1645723718254678	1.0501605966212493	-0.7390920678152618	-0.2558544488595181	1.337526694684133	0.41843636512642335	0.7534368111870023	0.46802116452298587	0.2312077230150818	-0.5999437769864719	-0.42191509381358144	-0.17033419321448007	-0.24911879559541622	0.5097180527670842	0.5049607387264821	-0.8404418976372292
DTXSID6027345	2.7913442595292146	-20.720652375579164	-4.86544018563518	-10.402566908550124	-4.2995468340497	0.14393171965882873	-4.088280450146591	0.12023450715454743	1.0203534665937377	-9.82246700618495	0.833294535745841	-1.1904319541919555	1.2457591850570382	-3.514262426259849	-2.5592921129012214	1.4376745144615106	-0.7575241724603378	-2.6453221672916216	2.8110836164045816	0.5015788122064215	-0.8859703215929363	0.9212632654157681	0.8245521103651936	0.5154257074130921	1.245085649539614	0.00586945494902736	-1.0214549482605764	-0.44459255336487474	0.08356346255498479	0.8119394215619458	0.09450260980787785	0.6873859382825173	-0.126909219333455	-1.0415944638009758	-0.3667876835273239	-0.6502329878756798	2.2434239157770524	-0.8969417096483928	-0.3783398979793308	1.5494642121857143	-0.24957037122549075	0.47040534611827667	-0.17963440914332776	-0.8756454387226339	0.7169163208063476	0.22646983437145746	0.26677672318846435	0.7267850745196809	1.270256122602638	-0.5251513846243915	1.0516120672863822	0.12796467588871135	-0.12648216771440585	-0.222651351475097	-1.9856032770413998	0.5703279177288558	1.1970392107343328	0.33815164875284087	-0.591375250907935	0.6145106867254626	0.8683832202916502	-0.6522711165932048	-0.4095396233814888	-0.5897242944184042	-0.4117927055890315	0.21834781953015586	-0.40308977310798677	0.46614555620714165	0.9161102100789156	-1.3371940640130362	1.2678845629289488	0.4632683187400319	0.33073195188269133	0.532038419152939	-0.5318831224234595	-1.1397318931662763	1.052624947904088	0.28274933482927167	-0.9857919876964429	1.1683122592550719	0.45271674688586283	-0.1293652493744187	-0.8312698422615171	0.6242154345646628	0.058755023874631544	-0.011028695526114898	-0.27627872645298607	0.9105642406504939	-0.842041973824789	1.0688589168769322	-0.15358529550238828	-0.6454031306368693	0.7515647929160656	-0.41310921111539484	1.3400979795549721	-0.2547445927531145	0.9315891813431265	0.37034132085016436	0.29725524389069075	-0.4567081460065146
DTXSID6028022	2.113777464800915	-18.600298107017295	-10.033829019068602	-8.607171316406372	-3.06483747480823	-3.343249583081144	0.2843194602062966	-5.688430717551793	-2.045668078384453	-4.432850791888572	1.5126497070950882	-0.9566143993336199	-0.004473172451892373	0.36736729550104347	-3.2488679171976824	0.6869216806646192	2.506924763019986	-0.6416319132402134	-0.12584529431536365	1.2785534289686205	1.8012181757507935	2.687153236958573	-1.0807598298758043	1.7724129731591438	1.2925427168921295	0.25191366982967744	-1.5923203385905582	1.9893405955365946	-3.0663180901385263	2.1416969907441112	0.9102428476234605	1.2255541810419635	-0.7217314898106094	-0.7644700502215336	0.9331088321490306	0.40105441892035315	1.5579640445342178	-0.3435933548420523	-0.4004899523962075	0.9573018969776859	0.6569741482501266	1.023522997141533	0.3495223130337674	-0.6671731812056446	0.18078921025442982	-1.2461499326554142	-1.4047081536087629	-0.16534208711192425	-0.06095994725754851	-0.08151477048388216	-0.13874997848815815	0.5284677767669336	-1.337571844337618	-0.8861262188582459	-0.5051878284754396	0.2909092195551248	-0.9320216775997457	0.10882266413509031	-0.7725228366104578	0.35770521268857036	1.0276462053309292	-0.15268028939975567	-0.07607741088732708	0.4813267967362788	1.0821004501145122	-0.13001732456766046	-1.1883888163221552	0.6470834815013655	0.10617766546518477	-0.6991180269337315	-0.8489588666400147	0.8791835368832582	2.0638673322713474	-0.7534497038776334	-0.02472671107664826	0.1918012165221045	-0.21614343696471328	-0.5092261900374606	-1.2134947890625085	0.27050465174271465	-0.14283954070175964	0.09397238615357992	0.3719512956298907	-0.937144607584362	0.4461879203531045	0.05655031819860957	-0.305510429604025	-0.12841692346332356	-0.35134311293934606	-0.4366362249350052	-0.4011597105788241	0.5694758857651868	-0.15060182069996647	-0.11279112579884518	-0.2285011860490342	0.0829082969483634	-0.5641166887043014	-0.6969450028427514	1.4400766230978084	-0.3886541259528496
DTXSID6032352	4.649421147349657	5.458078385970445	-2.329726548144601	-19.790683120252506	11.4063247968312	-5.254695640417723	0.14898633460605806	-6.812760564431059	-5.069800808308813	1.2872038720709111	-1.2605630521691886	2.1866917145648648	-0.5414071446129634	-2.4852817824140727	2.3531056435250006	-1.935378814159187	-0.35294138179743023	0.09743122729358428	-2.5955241348136373	2.0005442291823785	-0.49724679336487493	0.6409945928706995	2.9669041974384998	-1.6224141441582494	0.41427186542493394	1.0344178334266037	-0.3328220435048254	-1.5022533918625587	-0.7040345180871823	-1.1796102837847444	0.2521530647126876	-0.93993903912277	0.02195907193939928	0.10853373364396278	-1.768232943389812	0.47000822091778766	1.1053320807147404	-1.863075803020418	0.40264453005315504	-1.0663940178065683	-1.1451172327573573	-0.19988957513322722	-0.7506801739933908	0.18688630313354135	0.5544838023356314	0.17029996532260205	1.4665363699010845	-1.691026360845737	-0.5476272676897894	-2.135328239713833	-1.0414943631315134	0.5563468735608683	1.19203985791524	-0.2461826750765029	0.5799636863180277	0.44315843484829626	0.772338824900152	0.7990429099810841	-0.6359471010390907	-0.06256186080767907	0.7468113704886001	1.654632108962722	1.0699394302209018	0.7337124623407555	-1.2692104576178882	0.9880171434475277	0.38251471648419477	-0.07899666342067449	-0.9284231943175545	-0.3792884617235294	-0.7043630751698509	-0.22242346094501128	-2.268886528086628	-0.9992197992480926	-0.42276838281998363	-0.3854319519072435	-0.20576967303763183	-0.07048539069462373	-0.24712170430542746	-1.0189817574215727	-0.1690029694046411	-0.794452333188773	0.7536204483826521	-0.5302515897676002	-0.33303889230398254	-0.14175921687413007	0.37108654316386264	0.9331864248945391	0.5173082908203049	0.3255703331652694	0.16835116578213935	0.587598160304133	-0.8640745101758324	-0.3897953553204377	-0.2923726125591113	-0.7491598274647712	-0.7352136322905046	0.7242888855642404	-0.1579175055437267	0.07118193944711552
DTXSID6031380	-3.9361258117539313	8.945888967988276	-7.876253233635961	8.381068025539964	11.1929188755968	4.313865415415095	4.187096358747365	4.68860239216394	5.626497209905545	-4.876342335590618	-7.940006417186734	-5.365615035967721	-2.1105413003798743	1.182142160779232	-1.667452192996869	-0.5578695627653725	0.3222716951753162	-0.5869071134759702	2.991248245676589	-2.1760810881810073	0.5621551055525338	-1.2200621707234505	-0.13535140090703185	-1.369299885717832	-1.0799923566463796	-0.2748909792107976	-2.1991963883764396	-0.9650871395548422	-0.7968163229474667	-0.4348246568635607	-1.9185704924335147	-1.4780906593090246	1.9529278911087933	0.7557909995387462	-0.3801442646453052	1.8522705313391516	1.7410107024526738	-0.3206390198825062	-0.9006944249807771	1.1772551302009346	0.5382142073776992	0.20355126399173418	-1.8497997912339332	0.3148523802324268	2.7626611643220715	0.2127523920230024	0.5188818559183924	-0.21962197123320512	2.4876306003337145	-1.0481003222698886	-0.3889379105946909	-1.0357229650930901	-0.12773794300023583	-1.1047386788067626	3.063328374706522	0.3094854892156006	1.7328334945807167	0.4750255607354806	1.3649744990467991	0.05907458930182109	-0.6026427527539415	0.24164116845051642	-1.6672190141900816	-0.017871988216759418	-0.39947012761829337	-1.0117601386920763	1.0286319771181311	0.7608689182317883	-0.2823714846649645	-0.28509976791817165	-0.43400386381036554	-0.03733631951277415	-0.44571166994647227	0.3396500771384204	0.4323646115969537	-1.3756530700775123	-0.8110543635095705	-1.0788252797139195	0.8773564136551602	-0.7724319178461977	0.14362375912108322	-1.16532153153953	-0.7783717191056012	-1.2870322787275132	0.816329635675702	-0.02312382866057088	0.17595409152969058	-0.8515938696720273	-0.2512810298125369	1.1641703372606145	1.3414790987212362	-0.8361330560725186	-1.496432774799693	-0.3732301937879656	-0.6547618013405166	-1.6825082717924196	-0.7385887740284921	-0.9390197077611415	0.4187779945968159	-0.02676406293410235
DTXSID6032354	12.016270112304305	-0.23957941239947553	-7.714288046095149	2.169392056576669	1.1225851213533147	-8.75254906389894	5.040539204609412	-4.368350560343868	-1.7599616243220324	3.2896122687684333	3.661515222070367	4.952811473230085	-0.8617500297305439	2.9805618551716506	-1.2726261212573535	-1.0827120412399591	2.045384910623244	-5.686932619625291	-4.43355184231506	-1.0601058808788304	-1.146915287364549	-0.5087532374358296	1.8211581471502774	-1.660701786529932	-3.168528168679579	3.5409100388349994	-1.2755744613443474	-0.7251207034785989	2.1891489772233106	1.4754340705477733	1.6631277720847204	-0.17048608508885083	1.6781878594172916	-0.10917391095022934	2.5418065904716616	0.035081155471222	3.5158404726438572	-0.14835624225986208	-0.5372670694019226	1.0099679951079923	0.9809636873281078	0.7410885154236516	0.9226055907208373	1.1088101870502065	0.8375070116246777	0.5586076419765197	-0.42679580072286777	0.10144571580925484	0.17160105671631223	0.062486963607995646	-0.6527032642076707	-0.37255497628259254	-2.2864456771406965	0.04080788052864128	-0.6765778608793297	0.6322120752278498	1.8334480385564638	-0.6092319520870138	-0.9602187218922072	0.22087903006315207	0.037440435388397544	-1.1481290686040753	-0.4766926079067762	-0.9444305503170578	-0.6757571015469391	0.024175404885614205	0.7218324268361468	-0.44530879838152065	-1.1917945913915229	-2.044110138619813	-0.10214586571711688	-0.44082997877330565	0.6219009374357272	0.5099696452039224	0.6638039694374901	-0.5678509616053486	-1.2820954896033991	-0.7508302186941516	-0.9973457804989038	0.24186976691073572	0.617214782792504	1.1628303652433996	-0.6194513940397802	-0.440729184188492	-0.9310534223626961	1.1874222329090272	-0.04924815622279026	1.1464703502394828	-1.3821107121777483	-0.0336567339479126	-0.41306310402827234	0.014447302519949114	-0.8660009364939123	1.0500677554452413	-0.06397605768237422	0.42426492885273764	-1.0706791392653146	-0.6977081594779896	-0.09224935073733523	0.6345084749879051
DTXSID6032358	-2.06353567149921	13.019122261777927	-7.095695156169754	6.57411908622453	11.135147856097362	-0.6756215385842033	1.0427385624833878	8.424132729144992	6.023595598951967	-1.3926614792577234	-2.675472267080786	-3.209867336021034	-1.926008906102929	-1.103380090267994	0.7594166739802372	1.6014936020723736	-0.8595335471381029	-0.24811409640143794	3.3521203541342492	-1.6707323871802622	-0.7360691239224817	0.3601928552982983	-2.176418475782019	1.882561796205883	0.8269612196105802	0.8617326663375482	-3.6112606551327215	1.5602642859958535	-2.351387444180543	2.770675131977448	1.7486513355800883	-0.6600327047530463	-0.008890615862748483	2.6017199413384673	3.3554582277719662	1.0308154381007424	0.5976143168732858	-0.41309739327579204	0.9433920776284138	0.44568923148052436	0.0203549602156667	0.7573226115307538	0.7330691491078001	-1.0933464524245569	0.7708797697696366	-0.9739458833816816	1.3291075807659984	-0.7625747390271012	0.8330420423563684	0.7262692858461807	-1.1474346766863772	-0.15268405432904963	0.6262237653477181	0.3564473838560577	-0.061994612293898445	0.5152430243045723	1.2075742707563102	-0.5595950577975539	0.5656900489685672	1.6471231076939366	-0.9370144779924854	-0.5046903713065214	-1.224624806430233	-0.6573639045249572	-0.569638029487601	-1.6380517268266583	-0.8679117922835051	-0.1643887169803938	0.6976067776530538	2.2709191549617342	0.44962377332924486	0.2788728916091593	0.9340970802591341	0.5029633195852357	-0.41782800339277515	0.2652706004603323	-1.4354424235064709	-0.3971938480400028	0.7671596580862977	-0.942465533471299	-0.30198617343443207	0.8567141347077603	0.45975812060679555	-0.5129392222129916	-0.021993830026936216	-1.167971742349271	0.41532488931453715	0.5337091168964064	1.4394889044017325	-1.4192199773709202	-0.7794611269185184	-0.20926879001039972	0.166336089268443	0.3161704617226682	-0.8973054675788983	-0.7619388194906491	1.1138766287963353	-0.3661325838640791	-0.5437989758826149	0.4331627974457329
DTXSID6032516	-9.507789575874494	-2.1513995091854943	15.817203691487526	-5.811125732208307	-6.346801841891439	-11.069629853121171	1.3081024050102283	5.583857134746614	1.5963059786875977	-0.4386160423877039	-5.318327778169352	1.063474032094532	-1.3115530551063628	4.837022239104113	-1.7975012246481628	0.23124137752184504	-1.898700717342296	0.5491104511942707	0.27150324435388956	-1.2156675777279284	0.14671063754003022	2.5364091649906544	0.3409979866030141	1.5060336020667608	-1.145781062873473	0.73799584357867	-0.4696843126220153	0.7924010860702686	-1.3774155305433873	-1.4381787714336807	-0.31874828267123057	-0.9800551051663777	0.24902825647260174	-0.28366038671052085	0.05049389325397071	-1.690188974812533	1.2259234686602558	1.2948163876011038	0.043686866255748816	-0.0052970069363126255	0.5698270999825769	0.7936137936832002	-0.08187302527652925	-0.8376283251495077	-2.009529935208856	-0.6487185408449779	2.822362114886313	0.2801248150936088	-0.2985388088073933	1.2430616095686409	-0.9680435315667459	2.4624399368904113	-1.2269192189914302	-0.0036759852143853173	0.256491677313275	-1.3810452355792897	0.08290423053074907	-1.1869607038751198	-0.24354863703562518	-1.4032675098760516	-1.6031242718848078	1.130793801062064	-0.18332727908286808	-0.10951468138030632	1.2165524635046234	-0.1085376674064415	0.24726928443631124	0.1734015942365287	-1.4086450735967722	0.6369266180916997	0.6256701284992139	0.036250506655119155	-0.4688762673910879	-0.1838585646145178	1.4341536030824635	0.48638184417389096	0.18199061873076872	-0.13957078336934545	0.03225286761241735	1.6152783884937372	-0.39512145527214204	-0.4721127426859206	-1.2003397259130462	0.7332807303813382	-0.8039845318844676	0.49524603551332547	1.529927120272617	-0.8402629101589769	0.6647977212330801	0.9695241452408513	-0.041623310845544347	1.5792469401465337	0.4576680405699662	-0.7602802843534199	-1.4161083974724682	0.3173438491641043	-0.18357775355598593	-0.047977260796024275	0.7554554164861669	0.9126743625766641
DTXSID6032518	-7.76285265871511	1.0720098176934398	-6.150855629746986	-16.253301363145866	12.986642569212778	2.7052406607337742	-1.2670051275316796	-2.757525166146162	0.8686887735521718	-0.6662596593740857	-5.434092568831796	4.556426718927902	-0.23823495544626766	0.6416249373786742	0.8910781189894341	-1.1086826858679453	0.0018399267794696574	-1.620486126631014	0.25829599383837587	1.2310490924306128	-2.428791437938062	0.3327390705295547	-0.3911975133496729	-2.8437781077787223	-1.909174602566003	-0.5884951154871843	-1.8469855064560199	1.1207492108427353	2.111438926900086	0.3957128210134524	0.2517739708746968	-0.1509837375580443	-1.0005615472501554	-0.5656845722648259	-0.33406897757172954	-1.8279466650821363	1.1405275598233948	0.6231919779426106	-0.7316521534035951	-0.23485209690688397	1.3428642090365508	-0.8810943935450263	-1.6750146331023292	0.29215507623426773	-0.1380550242562344	0.6404896218215241	0.9716721102743353	-0.9812416449218039	-0.516296281704242	-1.4189030897331845	0.2695544294982622	-0.40007974295935184	-0.0197817122044675	-0.20185839851185663	0.3241708770026274	-0.3462585732309482	-0.9064319976437173	-0.8399917620421914	-1.0596308695797034	-0.37431447930989725	0.3188571193474493	0.21115309571465596	-0.997729536010761	0.8207494875714858	-0.03439451890033981	-1.3375147982361701	1.9667900630861306	1.2468705391349886	-0.3022359703830806	0.7441213072152734	0.6778554215421326	0.1631987151099499	0.1566699957317672	-0.8259074187861373	1.1242619825693478	0.6193686679677226	0.47755706827356503	0.848133423598284	0.22948331192872223	-0.23649159110357457	0.6752390175434408	0.18687304316939732	-1.1689992679989545	1.0662422021448443	0.21081365606591518	-0.04017399442291574	0.6987538108296613	-0.6770455333389696	-1.1953575313041762	-0.299392897046306	0.9183447173048116	0.6225044304508954	0.7944065441028284	-1.1159710889055383	1.1529203065872957	0.03321703986097197	-0.40090041815834004	-0.08516524270733428	-0.148265109122397	-0.9246011017736404
DTXSID6032562	6.821376480834038	-4.605655497271942	10.692042558832124	11.247377966246312	10.370468770824463	9.38133528492059	-4.2745335495471775	0.8349190321584326	-2.7277075720071786	-2.025848711729583	-0.8103894400829961	-0.8708496497069184	-2.516916164381878	2.8991318201156773	-3.2705989618302014	2.3035920597288024	-0.2723059775317107	1.2452260317617094	-1.3896599050492229	-1.3799753588393258	-0.21845903124134033	3.111639072755802	0.5657650087518625	-1.456681993344039	3.3564024590258077	-1.5705669066412464	-0.19175452579154856	-0.8397279161962382	-2.3482566093580433	0.9036131625398114	1.5820219461191338	-3.593181165740136	3.811744044710842	-1.349680166663416	-2.59595037533808	-0.7466518554019814	0.2960523530783989	0.30468892108242124	0.6613963326512959	0.7452351491714231	1.7798435061277762	1.6933842128118632	0.4039128827966056	-1.0221747470100744	-1.1167706144686504	0.6251512501887988	-2.67530704925003	-0.7249504379030303	1.3102481288457883	-0.45888622684490127	-0.04234083632835132	-1.8718166888001746	1.4056013195162151	1.295106546858876	-2.0505415579962665	2.5049969901912204	-0.7063744375095077	0.5384376155721107	2.0529737824589036	-0.47619548910533305	-0.5140859457734622	0.8286226703558717	0.26794146229199817	-0.5948595237190385	1.6230561355785709	0.3678506261632217	1.6638367150285553	-0.5493901238226377	1.3634522688310522	-0.6564317825349287	0.7895518803586026	-0.19861575594718192	-0.8242544680155919	-0.9969813933924186	2.5125277221231146	0.5014729083681495	0.29804296913066053	0.14371359370186576	-0.5528761628022195	0.41801929700076845	0.2754796807651709	0.19207414455456143	0.22745066183278048	-0.490069489651346	1.1606366092730094	1.1304021031892324	-1.3332312809353701	-0.047780416193438875	1.081122508189422	-0.7683690037201866	-0.17349079822006708	-0.19077294602876654	-0.6276699402954588	1.7331406814295627	-0.08402028050286231	-1.9214831836868353	-1.026815888973996	0.3546796840651573	0.11367157508013764	0.3191366751940666
DTXSID6034186	14.38830625092253	-3.3105563211388573	18.297682368606004	6.669011232927111	4.5866813660111045	14.574146529011042	2.1144110375069327	1.3052052699658254	-3.4038878068827856	-4.072301866745143	0.9148774182366178	2.0403938409614812	-4.28714402049396	-0.4421615642971958	-1.613764688604327	-1.6311908556688433	1.6622462767533093	2.6925817400388485	-2.0341157384759434	-1.1791738312232607	-0.2836364213335156	1.5122472336471595	0.11065042124677694	0.4352318193407587	1.0687258546621483	-0.01818185468282576	-0.08368693977885325	0.10136235517652858	0.12296658703001692	-0.5198018427681961	1.2217976624274427	0.9780381210166218	-0.2849525567959744	-0.9597341783073701	0.07566860891784528	-0.9156607993140833	1.4231341656541043	0.3611041942973605	-0.1705463203257922	0.3728349166484051	-0.41218251339068573	1.5123620264691036	0.9312808730277538	0.45602226764599535	-0.30915417390166844	-0.16613080908668754	0.008455184371489247	-0.6932457821241589	0.9646307950281297	-0.5709421570549649	-0.42460026943039436	-0.9355641489379226	-0.49292732832963077	0.6406792787035817	-0.6388547223106904	0.2852533607045028	-0.00879203116982906	0.7351028354491962	0.006229253058922303	-0.18615233308831028	-0.003960927242369836	-0.4996371673552939	0.1712795605359382	-1.051880787268043	-0.11102644252754369	0.5943519989003829	0.04924425875825998	-1.0485417574205247	-0.8730198397543406	0.5987941239769468	0.3443652135907959	0.9532693165471331	-0.4077655053589651	0.04244246004315729	1.2878166492727108	-0.40022043177967326	0.9130123395455184	0.8282079470805557	-0.037393318879649314	-0.1653913978479067	0.07185793388973695	-0.39214645441238966	0.15501137551538194	1.4586739048173771	0.4547632884758495	0.0202317695750797	0.1598572071155264	-0.1990930716856088	-0.1394089205818603	-0.6220522342328795	-0.11286600672803702	-0.16283997769424893	-0.1918847488970741	-0.1086471461558344	0.1856478100578135	-0.3175019409024016	0.31099154924209116	0.17166440267454475	-0.3349964857528369	-0.059758191210413335
DTXSID6034005	-16.737409222565628	12.518375240005119	-4.124675854088146	-1.8543605582794906	-3.3010786804384438	2.992552178120998	-1.2795305373622354	-1.733339222466861	2.739011906904201	-7.696648968978648	6.457569786810197	1.6083067760290992	3.6936874454420487	-2.0876500056312803	-0.045428584203530506	-3.9802456067687437	0.01603644498180012	1.4349945045680326	-1.448768100956017	-1.2643199219637333	1.4287772085410189	1.6756691680861806	0.898302963435403	-0.7544058111079951	-1.029992706601295	1.8009421591603552	-1.0346122624411058	0.5892465578425552	0.8560138742768062	0.8126736297615643	1.0760282167367077	-0.6994364557794316	-1.2807116828596357	-1.2195995484764763	-0.8637833699441655	1.2566573277304924	-0.8445447542484928	0.480565930739086	-1.9665384064310374	0.28321603774843657	-0.5095102013831818	0.2872716212826982	-0.09202047582514708	-0.14351434183128933	-0.26288220023733067	1.7124631091988052	-1.0134058521834113	0.07858731588952318	-0.4255924330064394	0.20541084983385158	-0.06894564592604674	0.5636010064402995	0.7238204070312375	-0.21360550892053545	0.7127624186572119	1.031618344180138	-0.6500674521034402	-0.5626875887637767	0.35722067724479223	0.3726010300951696	0.11146290892468037	0.5715874661203265	0.8038909885287137	1.3800079506960161	0.9345265900275275	-1.6721743344006077	0.8282681936089952	-0.514764035162514	-0.06555613059958094	-0.4995891151206398	-0.14747159995232445	-0.9172606569645267	0.019714076701526043	0.7790562648789392	-0.4981652110908012	0.22820024088979066	-0.44661170990826937	0.438246247181413	-0.5053673747216175	-0.876747672024671	-0.048272055317663445	1.0017730443550972	-0.8139971952882499	0.6699041627837198	-0.7841054224658728	0.45526939679931544	-0.5124565426885217	0.4357038901466536	0.3828913569496274	-1.0812381881863127	0.5157525656782985	-0.06743367646779001	-0.6040461311336771	-0.5156922633247003	-0.06845307909025407	-0.3622255748671228	0.010772101008668603	0.3959825183442785	0.2817834016104129	-0.726345791704198
DTXSID6032649	11.844830990427564	0.22256882067885322	8.635296784876598	13.77211806082681	11.374886365231735	6.118314784924049	-4.916071234959688	-0.9599455570310612	-1.9786853769956012	-0.22589928286133265	2.1314861514386174	1.171844594330376	-2.9576520881767467	0.9455780862396845	-0.8657214142918923	3.0337677945593304	1.1016873806867147	0.6061439966372145	-0.6377818089611151	-2.325420582250552	0.7191484506818336	0.4143304404367189	0.7669196999049583	1.694195303667451	-0.34538692698371704	-3.1865415097656347	-1.567147366306012	1.0989840787461052	-1.018743562000879	1.0187426211142072	1.8158915633064272	-2.105895115311651	1.8756292425488228	-3.1532517851181674	-2.3350750389985833	0.12373075367979111	1.2450351961653157	-0.4634789593024565	1.0121596106014932	0.14697870979798283	1.1516447521049198	1.0369212682700033	2.281396774597148	-0.3343432678343078	-0.4319047278151271	0.1572659202884309	-1.2845313899995454	0.7327962793191575	0.2934315880558939	0.3365579449753156	1.5740828857733975	0.11941601205349484	-0.15307552179873077	1.5615697631219376	-1.3799642846513438	-1.8250458877365894	-1.8029868734927335	0.1709464696770513	-0.3939402617249055	1.5420232969284653	-0.10165779413042501	1.9066505802886966	-0.12212671111396381	1.9872358683079578	0.9121311847177532	0.705482026758605	-0.0076642899334911	0.4802096416565957	0.7795496908295302	0.8031722004450039	0.530372086970049	-0.8499088960744325	-0.4971872559257602	-1.4540400609080053	-0.8687681914398728	0.870101415174352	0.05273402283485533	-1.6985820614329392	0.15386389484732538	0.17764719660866865	1.3108547227330187	0.2797799176191062	-0.09508995657791056	-0.5494215866212055	-0.2327860110793964	0.9491572376731205	1.013427241730236	-2.2318054877256923	-0.09787997855914242	1.0488993764130141	-1.0600661075225464	-0.5049697930925421	-0.24764557704412707	1.0240773111560888	0.68602149064464	-1.3104337168123252	-0.47086058077291787	-0.21938355485260272	-0.8056750335830613	0.4795663491937285
DTXSID6034392	8.475968853304131	-11.506389256923445	-12.784852540413226	-8.28832055434226	3.7331388315800087	-0.8260032494100286	-5.910945617937654	-2.53447449587357	2.1604613165737554	-1.580607518082708	-4.182557941082372	5.288284416995699	0.13291636418528957	-2.6559453565200464	-3.9217411387904755	2.931108668659599	-0.9615963368619433	-0.8731479739040775	0.0729057467471502	1.5993254434921362	1.3945789919226022	4.21994547544762	-0.2681359600970896	-0.4881611161480353	1.5722092499387896	-0.2058644502182802	0.9602078635424024	0.11808006015400627	-0.8100789604627148	-0.9544127133523065	-0.0706204976541671	2.1206408182868786	0.26762737569920375	1.9031355618936558	-0.08132125245291615	2.109167183429174	-0.0681087980695452	0.587025256412826	-1.2088488167879645	0.20484659721458284	-2.5289404302536638	-0.5888226382357317	-0.8920962034293055	-1.0778456322235233	-2.413178967894333	0.5383533462989486	-1.5512736103920273	-0.5161485863872918	1.5295345876630866	-1.1411802696699858	1.6323799048486949	-0.5305403504074363	-1.0725877447171948	-0.25338223902694373	0.035326803241879166	1.0039689603790793	0.4023686984723606	0.005099195849228824	0.29235806512192697	0.7444706412366012	1.0762510811132655	0.0031005499259778137	-0.8588049568484071	-1.2182173483024765	-0.8712033665391687	-1.3768587185762298	-0.36537800121020403	0.363157271859644	0.8519370297709541	-0.9523474098684238	-0.6146669257701365	-0.0492096185126054	-0.5124564121904204	-1.4124836165505812	0.46778444656621465	0.28116424775907745	0.4096054896065634	-0.30678156257250105	-0.46059227603724556	-0.33681702127572066	0.9095362431374027	-0.8038984414750419	-0.7513174882915213	-0.1496547889273033	-0.09884101694043357	0.3671340494457928	0.7301885085460685	-0.15350869073768109	-0.5446429978469598	0.848553632872908	-0.051621478845384476	-0.11107709706622922	0.11816143685443536	-0.315758322383016	0.6445940903675327	0.02478549411482462	0.36615235240050753	-0.24083213865837919	0.4811320504922877	-0.2839174994000457
DTXSID6034764	15.23501700633389	9.186497739974834	-8.213373531590104	2.997499157537553	1.5242714249007918	-5.1787666649342015	5.937197481526404	8.47043429411546	3.0337510524662736	-2.1434435037309005	-0.28336177650436856	-5.352359220429686	1.5734418348430643	2.4462272405763876	3.9210024325465507	-0.17376164620378592	-0.9087102141809024	3.8948107931108495	-0.39778523658119574	0.15357607255896868	-1.0213703672752381	-0.085567534871627	2.003643665681732	-0.7248952077980152	-2.6749252298010937	1.8111902468461782	1.8186278137457648	-2.8531796980701323	0.3631482855259419	3.904997962083807	0.10179555117983079	0.030758685087914895	-0.04478815812818087	-0.532347555029713	2.011674111748873	-0.32369606160808806	-1.1559560773219515	-0.8893490530018862	0.8327794021083376	2.6057441215425823	-0.3407725305782326	0.3934440486514995	2.0493165431100184	-0.2586278611978962	1.577980727924327	-0.06582286665707941	0.3487962027790598	-0.3422775469707889	-0.7668641912559342	-0.6319318472228752	0.1588268322761898	-0.846624021554565	-0.7896387968947542	0.6933185394247483	0.9874590563627809	0.746496648951927	-0.031142329940421765	-0.5047782048443716	0.22674564467584982	-0.20395241165105643	-0.6678484975442661	-1.8128104033074517	-1.3242730469412716	-0.07890317358562471	1.7566055558864309	-0.6772672984050215	1.107909894771462	-0.05565099995129349	-0.37716955781865413	1.3557611260158466	-0.6812274969657881	-0.24612660874981138	1.6732851362214731	-0.48675570173300914	0.324764948152895	0.12566342519872367	-1.1045115948961381	-0.5229225973179116	0.41134838999204143	0.2724670220151388	0.558609071789693	-0.7548734837176065	-0.4451190937510414	0.11727528124511097	-0.48326259390492693	0.024422058509811783	-0.5232287999370886	0.009885916435620265	-0.2126089032789262	-0.34797199239330934	1.787398642113523	1.1625712316625998	0.20948413247757647	0.18502622268686156	-0.19729270975855295	0.4456503227009765	0.055593803128511976	-0.8251198252757698	-1.1926105676948935	1.0946340681310147
DTXSID6034924	-7.710499811026693	12.450408345641979	-4.597536045111916	-11.223471573112867	2.2980512857800566	6.887233098063779	-7.836561901349284	-7.253654965434718	1.2820642577791548	2.652304605135955	-1.9738689235971327	4.79273249405702	3.0885057625545587	-0.27197936055298455	-1.643538555054235	-1.0284997950865142	-0.08321264531989746	-0.09020791487741958	-0.2518405827590669	-1.410823994158577	-1.3020435399233423	-1.559240091423643	-1.1688841309036533	-2.0944845303444213	0.4547149023155869	-0.1527146292626356	-0.4447592214558328	0.5384296413114328	1.341110726106731	1.0371517738099436	-0.5736939262577733	-0.16710413702792704	-2.4062583103280657	-0.748457542478111	-0.7615390122851481	0.157703811793887	2.992167274724549	0.948754758755005	-0.059614040093000545	-0.5135125437966975	1.8772110746644532	-2.0438761255207996	1.2360202913519474	-0.7852242434789365	-1.3542459935204822	-0.3046200774195213	1.264184294142874	-1.7323147684924884	0.017908978505471754	1.6797890601463055	-0.4622415226237148	0.5149214441021339	-0.6584622219116207	0.10898342386320382	1.1313461364073816	0.1924012780355778	-1.055734735236674	-0.3791734520292015	0.10939275909243143	1.125070346348698	-0.3786537126537818	-0.22265578418563653	0.988093660422986	-1.6626258747286768	0.7114866993085825	0.6621356715483269	-0.8026257970690566	-0.41028419964609847	-0.1811583325989294	-1.855570073795972	-0.2746329255505247	-0.27235474531235143	-0.5967819749680652	0.9111772006041324	1.121488700885314	0.7855019225080202	-0.17797662522006197	0.1987130379149255	0.6931237713418534	0.6656311948948032	0.4398136656282963	0.24347199732711142	1.211979856798288	0.5965449503485994	0.8113269863990837	0.6445801360843247	0.021949756144546105	1.2552145445003176	0.43638274958712303	-0.5892545411585841	0.5439824483639358	-0.3767225147652475	0.020239266429084128	0.05959321241572127	-0.9138483359632138	0.3026566249385527	-0.4274882066086938	-0.989452880589137	-1.3168462245930068	0.5577081053218788
DTXSID6034849	-2.5035735074867285	9.091104818554713	1.3006430186035245	1.4423092922181324	9.180690091110288	-8.760774177069635	2.6811533310722946	6.2864834755663015	1.0050736779593128	6.740059912123778	1.1002734862272123	5.209999739454763	0.4799267311495116	3.1005399304311254	-4.164068553388256	-2.6422634273166214	-0.5581177600233224	-1.0346509628306293	2.5653213317345114	0.8151539837711362	-3.2879117712938504	-0.4449748952837968	0.5702363685217833	-0.0030196603593260446	2.6610738140201984	-0.5412933561581793	0.1224065218117894	-0.7004823121499097	2.187736830146477	1.3868137165362306	3.541437159508612	-0.6511231480280414	2.4333998077547974	2.351636550844386	2.6836220764800665	-0.33611190550182807	2.8374373572396134	1.0006901471559357	1.6387177019555965	-1.7898858825296666	-0.08962185603753062	-0.05749678987202572	-0.11885870377433012	-2.8289413542745496	0.8894030022254383	-0.22884181239414045	0.4767760448040017	-2.678833825791335	-0.4175109197931703	0.6064048272972166	0.8793166674078184	0.017278833280795665	0.17215663446709834	-0.7227393520625134	-0.4860418385130003	-1.0294855201822828	-0.5921642322370425	1.0387369449841026	0.28935196880342856	1.9951323263204896	-0.18307881042172408	0.8819344360195162	0.8633136308488146	-1.511341926908646	-0.6161857340459007	-1.6897950142576526	-2.710127229646467	-0.2307533689910605	-0.5407662990522298	0.5910522548391494	0.6425014914699341	0.16371017713293987	0.5848425369433737	1.786715560174155	1.9035769630978876	-0.047727211687709846	1.3490536927185448	-0.1358223568558473	-0.13495963742854683	-0.39206868833134945	-1.3453015382462428	0.6327604319873676	0.9142831641350533	0.6504584565983711	-1.1540554660295306	-0.15169153585159711	0.6415377963530433	0.0752910172740563	-1.041067222737775	0.8592965310090628	0.29813859247973096	-0.4224329030614565	-0.07013845372773203	-1.2236071750841724	-0.7990137913088666	-0.1437217312153813	1.2240334336507037	-0.6575904766035113	0.3163844296248838	-0.5129703827071348
DTXSID6034972	-7.1153898444737065	-13.310671851617094	-1.2881254304192877	5.293302846329832	-2.636269416044685	-1.8282935547894343	-3.0583190610966495	-7.937424814024724	-3.7100177922262434	7.146518443590644	0.4841882333950816	-2.6389596905077832	2.9520338552652925	-2.396204599608194	5.954644172215557	-0.3061748120107171	-3.4250831999267657	1.7945654151531996	0.9394842685146676	1.045929764882509	-0.6508583734897614	-1.9062677592156727	-0.14889904833570128	2.108971182864992	0.11473253820275651	1.617882292103108	-0.18935345173821855	3.251019855139181	-1.0194141626588877	2.401514526552241	-0.08714756127345051	1.6487474519221599	0.771086789524967	0.05529170643355235	2.650053601142742	0.10939084921406542	2.607875095511661	-0.25659071967869307	0.341518826479292	-0.3388189031931812	0.30457852229072935	-1.2826050884047984	-0.6394860872211743	-1.7248725800374185	-0.31365754127457546	0.2522102954300916	-0.14324899683694733	-0.9768219916166209	0.39923954044069926	0.49126907308189677	-0.3987398648533773	-0.0389787298767763	0.6863643316760295	-0.11054262780338446	0.4583837445736522	0.4581903530146819	-0.10512967744357325	-0.7424715767973882	0.021642059503303567	-1.0093285828103022	-1.4905307889258443	-0.10560181913824658	-0.8100252986347354	1.9980530730736659	-2.214171048137924	-1.1746931304079196	0.7091548128868863	0.2632831431228934	0.2786263699691836	-1.3597366126315487	0.23704645987594614	-0.4682949927360226	0.537534388811552	0.969076733834186	-0.4511031421858231	0.48460464701786504	-0.10407245825998009	-0.5376229801682209	-0.3607964962559856	0.430922780655299	-0.7506910102651868	-0.9629309995308307	0.09499411510571656	-0.887507195907968	-1.0358784324805397	0.5010485493081366	-0.010388652945524705	-1.10620801359498	0.12813526732157024	0.3763833537914323	-0.5900356150572199	-0.13691143449454377	-1.1593546347996488	-0.9314533664868145	0.3032165180827155	-0.12472404288326432	-0.23227757011880334	0.10937685956094406	0.5893006661164799	-0.6915635457001647
DTXSID6035152	-1.3357231411082662	12.041096686643057	-3.868483001594317	10.495517210997791	12.425450310089385	5.393546626422055	0.7094657057130137	1.1350975335523592	0.6388977067862383	-2.99460527149395	-4.248847797891996	-5.693033101452305	-0.2020061792367346	1.6054723686469803	-3.4462938151205433	2.7387461660744545	1.2419785219474944	-0.41554666962711345	3.122860181139366	-1.1223869481091486	2.6883799637477703	-1.041001145538829	1.8636738024356734	-0.11071025773519907	-0.5549710461361693	2.8849003034355003	-1.084870122227337	4.173770263690613	-4.330315972374798	0.028660042148553208	0.7742605517809626	-1.121704782525583	1.5650837781212306	-0.759253425584374	-2.8038771316858955	0.05252598523781645	0.6155097929196365	-1.0111311842414459	-1.60504768586171	-0.6794718941936259	0.5990105472851287	1.1175086125944103	0.3296647936398734	1.0012165723348814	1.2139048857207273	0.6414965773817012	0.6184005805146805	0.8479259130788354	1.7344535525280351	-0.5042095324671454	-0.7848557378331613	1.7238765356583492	-0.11698482292707535	1.5219945468946792	0.45157691300783903	0.01760917789681185	0.06002977742689254	1.1890072468257546	0.331022628887643	-0.6391480356779781	1.0439241740246046	0.192965788758084	-0.28472353872365624	2.03136525314335	0.48255778058863624	-0.26601805295111214	0.14325907268738514	-0.07562217236777419	1.3421265887210219	-3.1196532479399064	-1.1008954972607	-0.9333592666754413	-0.9525251294105441	-0.47989315245510034	-1.4027533357167137	0.7723145248797797	0.7613025688281464	1.658474793547233	-0.30637313345004363	0.22334535653178827	0.12753297001126035	0.30882818908474485	0.9845441766046545	-0.29018575576874933	0.8528252046058488	-0.15979066841442574	-1.0279157017943286	-0.5377422444901415	0.819283882917096	1.3792687032551465	0.6152682814210283	0.45369458445019945	-0.1958733755356129	0.12986107025957597	0.1352712066661284	0.2872251318019262	-0.25692733750588775	0.8108964200122435	-0.5330261973165309	-0.5030082223288513
DTXSID6040371	3.8556184703760747	8.151319429690481	-9.538529602823388	-0.6213549293113515	-9.16070418134349	3.368182663587591	-9.396816716172898	7.632699238374546	-6.178410757144871	1.478984247509113	1.8500850369950945	0.41863273968432413	2.735087643024791	1.6734417489929254	-0.7713192904041991	-2.3929914259376592	-1.5064734611591202	-1.9469347097636867	0.12925002967051327	-0.07825499561246627	0.3727631588457581	-0.4340868777428568	0.10643725788894577	2.1343206018486476	-0.8033037519621022	-0.9380768612750308	-1.227559176355515	-0.40101331046928335	1.002099469514963	1.1454829457563123	0.7925383634024548	0.22048092222992433	-1.6954788298333927	1.0927865871647044	-0.9751695492092963	-0.12241254098981741	-1.0659767773452655	-0.7033159412286494	1.9704681081630722	1.1443851096244582	0.37225946012310707	1.5555185186254061	-0.4958489936208168	0.9687236472822093	0.8224741378901949	1.5629117188851327	0.8701292905193379	0.7270304319661005	-0.2342421651324104	-0.06475344635993059	0.025559496249129583	0.7517194638866515	0.7247546807008205	0.5668396564704279	-0.3172430389548407	2.1416782436379433	-0.6759635074457415	1.8823191908533157	-0.399858878490024	0.6485411525296315	-0.45825764905649824	-0.026784852631895884	0.8901462840639207	0.12137723276424153	0.38841785273128965	0.9928223732037935	0.930615471161876	1.3056299472561577	-0.023061932483832225	0.23447950117883617	-0.6610163152109434	0.654417043431053	0.43489450870117485	0.22051587313431217	-2.0369637447710556	-0.33007647397231543	-0.32273871212002087	-0.16900919323359756	0.4305369712079443	1.273456205597351	0.1445417926301448	0.3614827439241112	1.369962236338303	-0.6866873756824837	-0.40032389473504115	1.904918027016331	-0.777212104622887	0.7315675651631862	-0.6058552689051245	-0.4665696135312917	1.4342521424688779	-0.9056239874869283	-0.05260734296294664	0.15954858383573703	0.7534414626527617	0.523421872554432	0.3074252061750825	-1.1704828858573315	1.5118204011430016	-1.0754997690113937
DTXSID6040747	10.385216969709191	-4.261258989542801	18.273972209155723	7.997662591722429	5.180293158807714	16.85830680874033	1.7125535190641317	0.7131989541414182	-3.404227302226979	-2.7859779976709227	0.8318147646634453	0.18604288768665006	-4.02807877475312	-0.1842157536432672	-1.3941533663410113	-2.6978700373108055	0.622770544874437	3.371813146724061	-1.7211704707351374	-0.742615131328733	-0.832541391354991	2.4548821946689694	0.7241355854710916	-0.2840641191019219	1.575754549328775	-0.5955737467813059	-0.07680282854061249	-0.12890008488099644	0.04803963303258537	-0.7030658787173223	0.958322571579012	1.1361162745873792	0.2813660888529429	0.8625042791572433	-0.735745569923823	0.425736461751084	0.485553814283405	-0.060108289465596564	-0.5166490054945847	0.11886212153902503	0.7581110416981889	0.13616137252076566	-0.03639958312880428	-0.14959896685826493	0.44153972586630713	-0.8162145547079643	-0.21773314919840003	0.20662177321815506	0.06020398461032035	-0.5340062868458982	-1.139569636873119	-1.0948417474411758	0.1970134047645144	0.9125155142371587	-0.0027559868092612775	0.5049391229831982	-0.33383734511349444	0.4469212824575708	0.13706738547073558	-0.21236662812213636	-0.22222006446422637	-0.2610268127430843	-0.282339422016786	-0.6262376239655135	1.233928229271444	0.8261109408011145	0.08551548697125523	0.48807101628496347	-0.2200747044728427	0.09174568804651619	0.274013265403389	-0.21811822631682012	-0.027701735666364788	0.8538734144263287	0.3254559708151698	-0.8793023938589537	-0.424508123629372	1.6308465807876042	-0.21847194560384703	0.031905491077602356	-0.34216036706925546	-0.13669926438679117	-0.2775455240539408	0.622576248649793	-0.37974250311325725	0.57520523503229	-0.42692760811611474	-0.04283677833088225	0.1469033172388472	-0.7014081386654538	0.18697259600325222	-1.1511907134101564	-0.9986151819903777	0.5667527770344735	-0.12854148020539952	-0.2556414788311778	-1.3981553289318036	0.31309618553682517	0.05336557138127166	-0.3351172995909985
DTXSID6041210	-9.146210046159261	-15.484384304704335	8.962466813982154	0.4728634024891907	4.859550981693873	5.926597785557444	-8.474078069683195	-2.4456343844175086	1.3175215339985935	0.10751339843873506	1.3936068821458851	-5.849277235644348	2.1812208101305104	-1.0508632767304509	3.753010194538396	4.064498068898677	-2.017253671642708	-1.7976830442276968	-1.1706188352566649	0.24833686689539358	-1.7896472695750556	-1.0968754749073768	0.4918421570224255	-2.7894912742592646	-2.7173622540465834	-0.4240219716810481	-2.0341973520837993	-0.5503055152776519	-0.5583597250920724	-0.5985677890762535	-1.1414745456944937	0.2785332936114701	-0.5867481464662679	1.7168525962852172	2.62479734509782	0.7605698686358692	0.2343789888882311	2.416959794332993	1.8305346006114562	-0.6407073561840094	0.9658197794703406	-0.006885369184490535	0.8098478772357443	1.0799571067999596	0.4156601939232211	0.7125391217451423	-0.6420398841493472	-0.6892518583491375	0.01438411882083214	0.6533336475879545	-0.8967760903714268	0.8533102108564176	0.24383763651115198	-0.6233775273728897	0.15606371754718504	1.398851579229066	0.7348000799708115	0.14406120837166383	2.0980896162688696	0.005940419276933547	1.8481576152292343	0.4704801029244269	0.9909804127650133	0.11611386208298136	-0.8907141816881367	-0.44344074837449926	0.13837311898475335	-0.09249753946693903	-0.29733016031208065	-0.9714572419160197	-0.090739604195835	-0.009271932375042742	-0.9602402913101102	0.8750434417072606	0.6576791209596973	-0.2318700548995489	1.185343141880912	-0.36320086393928014	0.22656835213532506	-0.15190582348393245	-0.33419472433633857	1.8558531760544184	-0.07436439252848231	-0.5256257160797245	-0.4333367935215227	1.443231027094699	-0.6948356021287697	1.1347833380648025	0.15270781925846147	0.5789077442309551	0.06354842327207576	0.10259810994577519	-0.5733373472338944	-0.07335622073027678	-0.6963459518658542	0.4205202036651834	0.8458626084271086	-0.1472162109766154	1.0170712774810986	-0.22393351505829595
DTXSID6040795	-0.3527400298803131	10.375516919542804	-9.24896539742044	-0.4717713836446014	-7.678004752446323	4.0745677848243025	-11.44141528968052	2.3912684008703198	-3.9755735771217346	2.181132820324576	0.9794694213076007	1.9809455556784101	3.7182805497801974	-0.20335369417377336	-1.4594505569647178	-4.793699924005633	-1.669076532561863	0.23720134918041164	-0.25035023127059025	-1.2380349664900285	-0.5986287885669874	0.7768942656579642	-0.8442382601595567	0.11815821094519502	-1.362018719531301	0.739725269418153	-1.2843009861552148	-0.9303002101019052	-2.2063532349744195	1.6466877328968588	-2.4563630002836154	0.13352515170473597	-0.6037761783630519	-0.6416154202492914	1.5909489001345674	-0.9965322897181346	-1.19702218261888	-0.3307205216164045	0.9623502632388098	0.22529509274183573	-0.10188329396203753	-0.34594782118730266	-0.5901991085395769	-1.6790851701244152	-0.1617098532689461	1.815364644081552	0.9675136508985082	-0.9413133494425304	-0.37882405621974324	-0.3308190634075259	-0.43918755959751193	0.279600244159917	0.3216899960411181	0.6670242401874152	-0.1707825331544775	-0.777187586986201	-1.9293462112288404	0.5345399208795921	0.515041340258957	1.6038090636866358	0.6513084383643521	-0.9937998500711083	0.50702879290535	-0.6843896367556613	-0.9507940429977524	0.2787011579200149	0.0834222351408457	1.0474138019355894	0.35597200618230224	0.11506006715145375	-0.5926491262208181	-0.23813981259695277	-1.5703311377405798	0.551010095398233	0.029257269276050598	0.7080447577253138	2.0878219581300845	-0.7836570235181827	0.5189420707667388	-0.4268011960736887	0.06835458420816716	-1.052176863170096	-1.246951321591873	-0.40474668737182645	0.2963398083996261	0.8680288243115448	0.03722306633012675	0.4106309646754473	-0.7927109051576655	0.9819107622074272	0.6781213998678112	-0.6380146038829355	-0.4148160214057417	1.662938266444005	-0.2897720005480319	-0.01896736937716214	0.31040824051183	-0.7310960525640924	-0.28536480352731425	1.1644028482797397
DTXSID6041422	2.995081793784796	-10.016191116957305	-11.202334402436481	9.277209078148736	4.5275752597652215	-2.5408938833336934	-0.6752162821319924	1.9770076695572498	-1.020853824698803	3.7095463267248006	1.7861174587122788	-0.7423066967358787	2.105263449811062	-0.8902410273608793	-2.513191359853721	1.805034009649175	-0.6306336986712742	-2.1770866997287603	0.2889511559320432	-0.2303373327125373	1.2379997634807376	-1.4601478896048983	-0.3076719517813343	1.0699441871231914	2.255428142838408	0.49635610183396034	1.8608999718341765	1.292138008056173	2.604286837963277	-0.7248010625952283	0.48211051080350725	-0.3265061417841501	-0.027705866256979125	-1.256097586818518	-2.2041057106204525	1.7782565724725803	-0.3741247314816187	0.1169895512891158	1.6808623376905052	-1.8873912104372712	1.912660130309967	-0.6323320734326511	0.4269572188013625	-1.0687369128937712	1.6510037845287897	1.9691417405415583	-1.3658208641732976	0.7000554099277652	-1.3406579516004895	1.0818393984711456	0.7463790213063786	0.011792220190357703	-1.2033604943775924	-1.2347215822429516	2.4800182101638235	-0.5919584886620495	1.395960761282109	-1.5786522811640915	-0.125455479062027	-0.3676725581558935	-1.2991801002110508	-0.10107964974639987	1.1104395073697817	1.5986110652076553	-1.736553621054526	0.3412120910861629	0.2800909668091055	-0.029606691960492336	0.24882306521409184	-0.7851152924449978	-1.6317006033540715	-0.9128434504201729	0.4867591411932343	-0.6369219512166786	0.06153439952964181	-0.2070570330617447	-0.07754194383240683	-0.1676541813439374	1.0036798813819638	1.5234808294796442	0.1865100105454202	0.6755250762666991	-0.23385796155533664	2.3240499936170282	0.033948730649930564	0.16338243548317632	1.2485461597182805	0.34080127346686306	-0.028037918431375097	0.37118977359413885	0.21846761497852887	0.0892604928123739	0.33254440399234364	0.007120314735633294	0.23942834264913587	0.24403379916832058	0.13738754258992614	-0.2806522641663328	-1.1434429558516481	0.5410539331522835
DTXSID6041682	17.645155290680258	-1.820246846566692	-0.4215608198879495	-9.23129981456006	-1.5319883458057824	2.595493680769989	2.890011024048098	-8.36848677351772	-2.4977348188701907	1.472290060423083	-5.030737991752684	3.0545014769588708	-0.9461590065416238	-3.759585699997607	5.527865030126449	1.5214821726389054	-0.36515891374626175	1.2429874565539696	3.2142396578631685	-2.4561088620333265	1.0511499627337797	0.3433940928162955	-1.7063407056680837	1.7601403232445105	1.1551533230225157	0.7279050814384196	0.7065152621603721	-0.7957760274911329	-3.265556784282473	-1.9448066181515107	-0.8530490810819127	3.2584598841784738	3.461817532689528	1.318008552094591	-0.01270880588106372	0.7068874768592708	-3.9447211708111976	0.8841870138104101	-1.3531216961748538	3.035192762494006	-0.8925649064007569	-0.2862345543208477	0.1181260821322886	0.4447458013899972	2.162197072553308	-0.628137299891043	-3.2464363514891836	0.3385658294611586	-1.6111250858640853	0.27511115464335867	-0.0954360341702195	-0.24111377785837745	-1.9154740969775301	-1.2450610304790266	-0.6326741100394296	-2.4401040525224134	1.535922911764346	-1.6144924432855556	0.47877576401399635	0.40282815242101744	-1.128481895902703	0.5884259317354389	1.5601489035693277	-0.019192019262206494	3.236603406887215	1.407461460514304	-0.3046404840702971	-0.3132115580743861	1.1032631722860544	-0.5203499726157265	0.5279139686355948	1.4205711028268913	0.1909248162243578	0.5588688258621914	-1.0374868692810644	-0.12865107987746463	0.16306244354764754	-0.8052523854708887	-0.046091083699025266	0.2209181638838915	1.19449272625526	-0.2866516027038693	-0.5983064636929144	-0.31991328676090947	-0.7637624489906066	0.20944016183497055	0.6361461185864397	1.68174363094546	0.17573183948868262	-0.8826133403427017	1.427998557349383	-0.3796015208637387	-1.144181667789944	-1.087301723579027	-0.009756190817464474	-0.3927990260192191	0.08353610878864215	0.562182887463421	0.3954606167896025	-0.1383418453851458
DTXSID6041715	19.78951358763016	9.46092411986621	-3.466000294789314	1.3537030296402595	-8.108496542955965	2.7851812079028546	-3.4900172183655815	6.117700110279669	-0.6813438710104567	-1.8516716343468533	0.24530507356519282	1.6083579807901986	0.9364364446391887	3.943714182070871	2.794061128408135	-1.453639241401166	-2.8213450927215287	-1.0445484987471598	0.7242603424902105	2.708380186237914	-2.0798746601262597	0.22408252304751378	0.6056344586044106	-1.1592448662556982	-2.718885437587612	-0.9288251627129605	-0.25924835265326535	-0.38465342433823924	-0.1816497798868069	1.019501198245169	0.8929811471746442	0.6935052571687654	-0.5488636819543876	-0.5665061204932769	-0.9801777272007832	0.8431224720104296	-0.3456878996960679	-1.6693781784381527	1.2101568156564684	0.9939180353378047	1.5181570179961261	-0.8086048032747449	0.6636640965914478	-0.948978386636195	0.39813083214802814	-0.15479879752408965	-0.883701142232287	0.43586856812229224	0.5456933043019281	0.9015695956330545	-0.9032522968087107	0.04754211636649975	-0.062189431595463134	1.0200714483207443	-1.6360577439388706	0.7536858305411712	0.1641422914367266	-0.43751813726248134	-0.7011123463431826	0.6854169047919031	0.4988014021856624	0.20041113815466144	0.7784307035463804	-1.2797810035881463	0.4061500813252147	0.32453420703887387	0.31396338102662985	0.7204401941249187	0.25304390450907316	-0.2232937522869581	-0.45919591713506674	0.7800218129184975	0.21365806863044595	0.052033257922185695	-0.7507065911383205	0.46798753666293247	-0.6241420052354327	-0.6462788569636027	0.23228138873756843	-0.4357963430800652	-0.5626606230872686	0.08470911443833458	-0.8964744364577173	-0.4539440616428428	-0.16688774303011888	0.02119742059886721	-0.1993295025494395	-0.14826781832198255	-0.5389808468302469	0.9956866269782595	-0.8466683274324937	-0.5248646923732283	0.22926345266051307	-1.413411449755842	-0.14927204794488902	0.2315720674198407	0.5218215471357561	-0.24611066395708875	0.38785164500493813	-0.06351594325335826
DTXSID6042234	-0.895081171921017	7.773810460104532	11.879746142475557	-2.436114015588376	-10.570810568846444	5.475078772740009	16.722442806144524	1.7985080613031768	-4.559173144518194	1.4085784160270705	-1.1984841784145353	-0.576838530442668	-0.825431908128451	-1.2597784118570934	-5.743622666246004	2.5666307969549442	-4.964227278193894	-5.291740155799675	-1.2819341164968292	3.4068718661313055	1.2522689375416334	-0.31341181743589197	-2.849179391557843	-1.2319229170870298	-0.6499721979218961	1.4469468694950685	-3.7783585738269387	0.5267668508804085	-1.8327123635724392	0.6015867227060148	-0.740850013945464	2.507335270602481	0.14157802218052326	-0.7638798996851648	0.46142240615468316	0.4903692122488133	-1.3415195699583184	0.848319092570615	-0.12143107005651847	-0.2599462558225997	-1.5443364118744707	-0.17676937136611293	-0.22210476553659217	1.0642577813883234	-0.899420472849171	0.29145119270689224	1.2768253736857094	-0.23493302689045828	0.5375486897246617	0.19847552550145342	1.886910915520827	0.26045485662063816	1.6486360250061094	-1.1069558233395669	0.02468135907565463	-1.1592485614772698	-2.2813332016832217	-0.07733119500208574	-0.47366012008814806	0.13619561991320503	0.09943993133127564	0.0332141608924725	-0.02408257137611633	-0.32365704415402563	-0.5192528930433569	-0.6408951827310897	-0.12326726684454746	0.2203263342957423	-1.0282499667504095	-0.257849751854242	0.7985104474712847	0.0602335276355756	1.18069404269583	-0.407629280509331	0.1624005933090961	0.7610611900535202	0.7486910451361539	0.13350884546951344	0.7820325022957757	-0.6955709313196065	-0.6430094862521376	1.258589137277678	-0.8992779555229359	0.7013015051438618	0.8152037104625041	0.3081547211265659	-0.4818410324999028	-0.6188194147799018	-0.30417574940360464	0.1801103453567498	0.19955791537605858	-0.24020700662565264	0.16778652116744575	1.7429104797244108	-0.11882600590935904	0.5172538510148754	-1.3809733661782744	1.1259835921599346	0.4503544595842713	1.0259116290370542
DTXSID6042074	-10.152740208648542	-13.144176635795333	1.3508755228356133	6.205926909389605	-3.8803872077069057	-0.954449597542049	-2.9030556234972624	-5.312830445681897	-3.962508485402371	7.213768220873235	0.9507002916260902	-2.6210354619872738	-0.7354900420951562	-0.6813235991387855	6.0847732999718005	1.9422079528986023	-3.1100344990398185	1.6563246182922788	-0.9387494226337374	0.26543079502945754	0.6969409422920703	-2.1098895854146584	-0.45467691625098516	0.5827929747919364	1.3608625267017718	0.9192384466261508	0.1905478333229746	0.5720763651965867	-1.570008828077048	0.04624189528228477	0.6608932848900022	0.03888573677311037	0.19881977546618604	0.4455837724168291	0.8229151469696678	0.596331989816937	1.128767783315153	-1.0131912947038644	0.2785531113951143	0.3991194584472329	0.34366645618304187	-0.9951686630274074	0.16326961574139642	-1.4336510688693724	-1.7970482436912327	-0.3675986926064611	-0.5802729376283645	-0.7786373334776144	0.24054928275353069	1.6603310414035741	-1.470475532476621	-0.31573474799775353	-0.20219684349137915	-0.19961486959609312	-0.38907633817397963	0.13494801522030725	0.03978830383883762	-0.457800303572164	0.3195660853121078	-0.012631513969650593	-0.6118239286903819	0.3151015833578023	0.5532721375384746	1.3791178515647788	-1.128003907300605	-0.4511112999508577	1.9881040094932179	-0.20911339699430934	-0.8118786478763137	0.1977348476293939	-0.4246494613779675	-0.6758380357287259	0.16405735733934573	1.0485679794786162	-0.02906420432016474	-0.444484308166188	-0.2528869841732967	-0.2864846965087084	-0.13161531000567323	0.362806136772264	0.05713700159513792	-0.8905077256547217	0.2254261309285493	0.5625015779992435	0.7681815545085876	-0.2809140933902489	0.47875830296356	-1.2129474604111583	-0.26275517380352237	0.43911580691239493	-0.4248529049904118	0.04965093349920239	-0.33040628863779364	0.972325799785481	0.5905233263266014	-0.6486499661239296	0.26165622689740586	-0.4622833431676403	0.6087978579028731	0.4145578138930333
DTXSID6042490	-5.35412076234153	8.558668032466507	10.519902481320813	-12.325935124152814	3.0156521428363194	-9.937352441466992	2.093149733690727	-1.4860575285531945	-9.30540441930727	-0.9341148450848524	5.100588075182405	-4.693882583211254	-2.7126773736617737	-1.3449309532275315	-1.3911989382219176	2.0177577691238726	-0.8085791732282558	1.8370110965180373	2.2074593986605002	-2.365266574652306	1.5866533646860561	-1.1457436031067372	-0.86019151687574	-2.2046734585404315	-0.3510992888006317	0.7041912125161056	2.3465134829895455	0.4342079832646915	2.3932054655309054	0.9518215814783866	-1.937850290825153	1.6345320668085157	-2.2147222862248306	0.2812128774285103	0.5339148713291315	-0.035197700261334654	1.4863720644356846	-0.5218374054909586	-0.0643986478651249	-1.8543170817086843	-0.280524968699784	1.759760051338191	-0.2308336072500454	0.16842197362098535	0.6354213060621412	-0.5544013580964487	0.6309889269557976	1.5692743869855297	-0.23292419721460486	-0.1487181081330876	-0.7177093022252614	0.09218836660960993	-0.5517013135434569	0.5086777266696888	0.10328698102567144	0.4917811626664552	-0.3887866802517356	0.6166391343683217	-0.09987161935557412	-0.07427977590711192	-1.3178910198573788	-0.5248628542225446	0.19734341561719523	-0.36323162627407646	0.7617137102277952	-0.24911320286202404	1.0798894333059952	1.104849941455801	1.0655720380700302	-0.36027778380105185	-0.5284539288831669	-0.640153300571016	0.6457855252633169	1.7085223478122136	-0.8111818814197373	-0.5940705863018687	-0.01823156978739167	-0.16767879169898128	0.47567253583667085	0.7013377935374323	-0.6637541178846864	0.7040469919513505	-1.0439287020003258	0.11500873826707361	-0.2862867101687973	-0.16304495832102747	-0.4082225614956001	-0.7471897350189491	-0.4417712462232099	-0.1544477702085653	0.08715890303741163	-0.533644797118066	-0.1147774834203329	0.14242531188775623	0.38057421933353486	0.05801817564259882	-0.5841859172025629	-1.2921150855758134	1.2277123909838683	0.08894778976943789
DTXSID6042494	-6.937487615574066	7.376988855233494	8.44050420472581	-10.92633257869128	1.6520595905965072	-7.411904254904998	4.608003073634887	-4.276753595516869	-6.428381805490819	1.9254466407461992	4.750380907188245	-3.178747902322337	-0.8369356908124709	-3.2567607457072567	-3.2527845122554764	2.889418488292183	0.5026402356078673	0.9795745637668344	1.4778312020625872	-3.4637726730426808	1.157974603349275	-3.663267479362019	1.3021565897063498	-1.48651267693956	2.4380967197711927	-2.7487448024655867	0.3088992638681279	0.3260107776742465	2.359557054385862	4.748399327490786	-2.8495477863976375	2.3451255557272304	-3.3950042887321468	0.8038113304417771	-0.4524638436193443	0.4977842214914531	-1.0398413024898305	-0.967235252005632	-0.2500848250151233	-2.5998150600734355	-0.16457919919924704	0.9602868176939489	-1.4675243256147659	0.872855746412821	1.1201926685172028	1.3284999705177762	-1.1122395248263226	0.40775170910172137	0.684856590971249	0.6201910108272117	0.003924874495976855	0.6428715502478806	0.04041948568599941	3.098417669556726	-1.2179112654088202	0.6424974357060883	-1.0891174185638524	1.7487324600115914	0.18882852815968762	0.03189210959168125	-1.1590011651912535	-0.3959425783600786	1.6786598346868877	-0.1619481558144924	-1.18783253275077	0.5568872383667136	-0.5262609532512161	2.131667849343346	-0.20077551884482817	1.459098127453039	1.307917241561995	-1.4874631870636046	-0.8865411623572266	0.36502868323168214	0.2741346740554641	-1.148280763937844	-1.1638703991946815	-1.6068498237422735	-0.9149991009782346	-1.4363411917985593	-0.4287223098086266	1.1773788950536954	-1.1314550244312684	0.13682484332250358	1.2004820270035779	0.4102705206356813	-0.765723432540121	-1.0611013993354954	1.4084907150945445	0.7316016735650974	0.11615319256738486	-0.04224277565089637	-0.45644581405775786	1.2714949377542617	0.7366767364773115	-0.608067152406006	0.9265982846496148	1.1951452687110584	0.7442870410990261	-0.20532383555425351
DTXSID6043709	13.945914283236123	-5.650883658247649	16.920992800012655	4.852877326353592	0.11709333386246881	16.84077391559443	4.566205333156386	2.4069087219925143	-3.832523095850112	-2.031272517640451	1.2964928358778696	2.5077920586237212	-2.258751462598145	0.04734752766258668	-1.4964138045969282	-3.3096333388564636	-0.7089814056381026	1.4701047466637558	-1.3036226768927592	-0.46770635818659445	-1.0446712585860947	1.0553596478417222	-0.07560138321437464	1.1898277020073407	1.7178195814609143	0.5411555905960437	-0.40657254892635203	-0.008845966773114798	0.09981351108394729	-0.9540895685491781	0.006162251884247663	0.6601807556291954	-2.179762721731218	1.2940705662881113	0.8534375965609029	0.6660292659608983	0.5582064444610869	0.5821435356183093	-0.04549188603878361	-0.192974610232791	0.396605930131602	-1.1001890014967732	-0.04745716296486376	0.5877541040465867	-0.48432675486732946	-1.0787521482086881	-0.10188465264131179	0.4711308353510361	0.35058597216609916	0.45091567275548855	-0.4839455952645554	0.032892164530721364	0.46632571453627364	-1.5429001832892588	0.44958987711077164	0.06196218051880212	1.0707395635297807	0.12119586144231684	0.014341214981729297	-0.020816004503642932	0.2730779273545608	0.4980975541028068	0.8540504562345067	0.6709812724867334	-0.46745717578673573	0.2524449439683643	0.08855081555410203	0.23654136016717672	0.23350254618281593	0.33384375827137935	-0.06626207968563254	0.7891049371584696	0.9868507534736374	0.2291819678987583	-0.35741873033168653	0.16634160109363869	0.629128292352057	-0.08828722691139015	-0.30637063956490146	0.40037927961576153	0.34767527586690183	-0.2249092544724616	-0.48315080480843003	0.05619962517659613	-0.3802900644688142	-0.19021471855254662	0.058322312845486356	-0.11949848299820161	0.2976872478084086	0.474184680421197	0.05804527054471973	-0.3501389320125845	0.0365461389102879	-0.07093853959542926	-0.13408231263110576	0.027944193281473934	0.9888949360650873	-0.21224153901385712	0.1815410285006673	0.6221957298097577
DTXSID6044303	24.382690422831338	-1.0014538189718012	5.368819275158784	3.0332719576837706	-7.200893048929551	4.661125911511991	6.32749880752184	3.1418507992393447	5.729249275124307	-3.349412920507518	2.3500946315894153	4.407325377096228	-1.539894852367341	-1.5278216647275498	3.7804421945414246	-0.513235252929582	-0.020322515408847625	2.225991012456581	2.0512779195768602	2.9148070970669417	-0.47264472596679064	-1.7198919283362497	0.5295107405364119	-1.0429046795058543	1.467613421462541	0.04318209700072465	-0.11178634763100717	2.0076205270878646	0.17734988838407664	-0.6345384081377983	-0.009912541550976421	0.34511658524224864	-1.6553546284193403	1.1699408578879655	-0.07294559251328332	-1.0211990704815932	1.4260339160584785	1.0270968996678553	-1.1043503296708828	-0.9248869402650596	-0.7053295044824018	-0.25131359557363564	-0.6154978377157788	1.8054115473256558	-0.911477746545679	-1.552463833906961	-0.2880601449812164	-0.13545976769534182	-0.6029549425038694	0.2259197489401214	0.6477575567353643	-0.099162117434811	0.6694358471483982	-0.4262418082689589	0.23062694045032808	-0.2045751009565449	0.4388347349709268	0.12853433026148256	0.3004421377967317	1.0275183817173383	0.09209541879906248	0.11256178104376259	1.1004311092249164	0.6552157207096796	-0.9230699829061775	-0.2833839303868322	-0.9087933256833927	0.5139971833857946	0.15031418782045702	-0.023337063840254444	-0.8006937509235221	0.34648140036279185	0.5858785862970548	-0.8904336250953082	-0.4710308922863602	-0.3143922424507869	0.4227891093534984	-0.07525389261227708	-0.49795660480407206	-0.2962325206891125	-0.5764861948126587	-0.9027249792190027	-0.1575910532190304	-0.450938606896688	-0.1213284711228928	-0.6096436446492701	-0.20827557019377865	0.4589472196173028	-0.48607559413063733	0.8306936621750612	0.7614048225688516	0.49227207043939314	-0.7412471017618601	-0.1359051400177573	0.7381619753072278	0.06492510061903757	-0.4069628022494351	0.4635315091462515	-0.7782748362294151	-0.39287959695551594
DTXSID6043915	15.23623387578883	-3.1126720968548973	17.77889246959292	7.033478887204172	2.7151727112089827	14.099983575539696	2.752756968872764	2.763957904193611	-0.4070103528002185	-3.0298457462220107	0.9530966409508278	2.7204786082448735	-4.4566016499136225	-1.0621383264607371	-0.15267903150750226	-2.5040064367316193	1.5215051890844193	3.559693232470275	-1.9321058953351729	-0.06172765260595591	-0.07262876307338341	0.8371773849284194	-0.6871779618098135	1.2488512673547574	1.27360782573568	-0.007376988428550099	-0.20273466507485263	0.6883250907367663	1.188528411472052	-1.1255492310070596	-0.09912763354155794	0.8395390784439444	-1.708042098421726	0.691577954907924	-0.6926012160621449	-0.6823007227041855	1.5794259245141613	-0.20774978939839242	-0.9606636395925945	1.1687658494564102	0.055300107536828416	-0.10108322637053052	0.6227912810399195	0.7107478036999739	-0.3766019220701038	0.47952478235274676	-1.400538786371092	0.6409274877535215	0.24652188322518817	-0.24269019243103818	-0.7667304386192638	0.9657399235070331	-0.10231611671382602	0.21216738511323588	-0.33819529098602663	1.7568108208912672	0.5405792077537135	-0.725445771109191	-0.3524426345547972	-0.29899917708933	0.685998333682215	0.371939328163229	-0.2941283634927609	0.4134817951444195	0.31789965888008	0.20104237050834178	-0.19545450465075764	2.408781216301835	-0.8728147371934603	0.13091218971571908	-0.5465052304140835	-0.625288659026723	-0.7797382532727172	0.1309163587588609	1.1128767683830332	-0.40022374149564277	-0.5009122379625308	-0.0565047746513124	0.41981321835822133	-0.48704570252439305	0.04012115414469354	-0.5214337115694078	0.5048455534374389	0.5004401069891948	0.4531888258581493	0.39301536230830825	0.5752695824680826	0.07047425677302577	0.5460913926002152	-0.3863877212201471	0.017277545450540884	0.0377982758335749	0.28819042904667125	-0.6001344725448786	0.4381166196113908	0.04325345140437888	0.2804519630461167	-0.8578793118803816	-0.1655061107249245	-0.7431534889185791
DTXSID6047103	7.2700230500654275	4.547203571335697	15.69990942003453	-2.3020731732356894	-11.227941184271861	-7.813165474630324	-7.568766479601322	5.210731289258136	2.5079677350172487	0.0846346449540677	-2.1900224468566023	0.3912928312499828	2.7827371948353585	0.17247955159238454	-4.105095540073402	-5.940611180929293	-0.78760513992463	0.053001219477156865	-0.4556705198595095	1.0492845030934368	1.3175067632085136	0.423398426397342	-2.3579596030229544	-0.09055044182130598	-1.0266598483749418	-0.5049832764886377	0.0944588634320487	0.28714745671464936	-0.24167968517561325	-0.18740827854845957	-0.6886201613952648	-0.6039890159105364	1.3817966224023726	-0.8044205252094607	-2.4422684028815818	2.4874417975890912	-0.2620657355930722	0.07499780910234381	0.07958763437904294	1.069680081525678	0.8642357610200656	1.5738144962889609	-0.5030785305024078	-0.20804395819083002	-2.4825798182801933	-1.5595364258014477	-0.4012283572614198	-0.09261599945563165	0.5727377418385429	1.828773408061398	1.5949480254086337	-1.2898286531134384	-0.1254450866433144	-0.4169495170859401	0.22948587307637033	1.133359039248173	-0.4283681118735936	-0.9189230634504293	-0.6044550186156319	1.0067768625308005	-0.710646267677933	0.24646976184861874	0.7778681831268348	1.4131062620011976	-0.28421910171481746	-0.8179644332833316	-0.7934745734302521	0.07349152682933682	-0.7995642864600995	-0.38286180002105175	1.7733747162922695	-0.5262036981042381	0.6317611382544813	-0.09872778818739134	0.7333169884233598	-1.3284895229163036	-0.3231800878933535	0.3069790113491206	0.906361949319358	-0.12144208633207819	-0.7721224261995208	1.7184367281055204	-0.17148220759438562	-1.1817619720624073	0.028512188356780578	0.7003827140818871	-0.5821922332932864	0.29626002592710077	0.06189851955197846	0.29767125829076085	-1.0312895270448237	-0.6557851930479116	-0.9104487084028903	0.5423328553528601	1.2636336451307946	-0.5302340055722508	-0.014080436255007264	-0.167373219108292	-0.5538401163472978	0.16006147112691096
DTXSID6047280	5.252814686303944	-12.035018444806738	-10.37983219146573	-8.52828055674737	1.8039309510760693	-0.6636487554623607	0.14912033825896392	-6.860456852422434	1.414785667081627	5.3708321552336376	0.3668971636652462	4.639515545290529	0.16906170685293062	-1.191095240369766	-4.781469753381247	-1.4153598230804367	0.14884414637895133	-2.8418049791135043	-2.691554549604989	-0.4092734538434813	-2.4630675514866858	1.1878958375921016	0.4404099312200041	-1.751093504971692	-0.3148691595503513	2.783478559154041	0.9999355261599815	2.7260237076531144	-2.556328495509826	0.0898165022992977	1.6655561114334514	0.5377136571845345	-0.6246257735737124	1.0737366738892844	1.1208050832973495	1.487982304417904	-0.5410733274731762	0.15160399385909207	-2.2555906043175717	1.3446978744546876	-0.032061425858720335	2.351032093620601	-0.6498862573446708	-0.9330941425228961	1.8223718039401948	-0.2428723502492165	-0.7469592300393784	0.404664806192712	0.46665608334660075	-1.0360078256080099	0.6328617210170074	0.40234761395380875	-1.1248358575148145	-0.023196186487796627	1.2325465203596657	0.4441766348589907	-0.050841659548910276	-0.11375924018149552	1.4069837258645714	0.05210721547519202	1.9643324340742112	-1.7287184501016872	-0.9386808813226994	0.13409781964985767	-1.3992226002339025	0.7989882849960985	0.26452693679137645	-0.5776163058385471	-0.3665081362158939	0.7510626966835328	-0.7346032947131117	-0.4457396432766075	1.3862605312006488	-1.6039259358687885	0.24334622303115774	-0.43444874413833096	-1.4919663894917023	-0.05920977921204876	-1.5248998570167713	0.44782524296306747	0.4592395224357405	-0.11245253293164739	-0.41025116430638453	0.1821607055656199	0.6860501285430473	-0.9333100073280538	-1.3653490841430334	-2.275198569195186	0.4129761638005596	-0.545496906374683	0.029974033289453587	-0.2168513320318359	-0.3510553258114374	-0.4820313901784657	0.36553821250632773	0.03531509837974923	-0.1219072029491598	-1.41248457381797	0.37585799943319903	0.2164372399375545
DTXSID6047286	21.046630237718652	-2.703445159218721	7.907187786398931	8.781228312387675	-2.234746598973856	3.9569084071857006	7.029042621163505	4.2497550466347445	2.141855330493632	-3.3128865994865166	2.5896585385113124	3.017625030100116	-1.3137886174556355	-1.3815213812883376	0.0022614556705358524	-0.945913314623729	0.9397706116212924	0.9800008636209488	-1.8696733674517751	0.8002687608601227	-0.4706225604503378	-2.1525677714903986	-0.5728224766101216	1.0159774166288051	-0.005855388830962491	-0.6346177536880968	0.6501668779743919	3.1800304827700856	0.9451247649256633	0.5159205297266284	-1.1104869754786608	-1.2510634950763908	-0.5663316671066615	-0.011810912539311555	0.09477404625934267	-0.6549957696876162	0.382861284881766	0.8472540192905138	-0.7623287543029622	0.3219634741908312	0.28152355765529974	-0.6881119765845634	0.36561478280047655	0.15824560204649465	-0.4583249031920957	0.40029442927321585	-0.4803200360376067	-1.9787469713695518	0.5474608763180919	-1.994227900227659	0.8151602750268576	-0.05425411949819469	0.7998399182908489	0.23121054961114387	-0.20489330763220273	0.7698444417202843	-0.14487321687881885	-0.616850718305803	0.09313389369284297	-1.4420948800931028	0.6491618361318929	0.9965698819637931	1.2240617539995748	0.47959878887463764	0.8246493535620784	0.3427073675585505	0.3810913375697146	0.21612853607099233	1.9583487705256784	0.05415092418773948	0.534192502343131	0.057131650190318975	-0.3884728941845986	-0.5375679610708108	-0.48526991026095445	-0.04166003306432855	-0.1966713571867354	0.1827835528399349	-0.019152367900929283	0.34724281216704095	-1.0301528637831843	0.6692073615220233	1.4486945470193016	0.48737702984817727	-0.08370266326283306	0.8098350523480075	-0.015022568547984762	1.7087678505743829	-1.1852758085188781	-0.09616788891844844	-1.6720025365400724	-0.08053648252035424	-0.2685873048139713	-1.049506049880458	-0.1203859272060705	0.7729013852318618	-0.7117104603033195	-1.3860854649688283	0.28607200428927926	-0.061846241890983554
DTXSID6047282	20.14770115584804	-0.373954392173408	-6.911575934506116	2.993314973820018	-1.4959776980849584	-6.965158665083624	6.101070457803335	-1.7348910461714326	2.342467452138183	-0.9351075270867869	3.168799830338024	2.6482897294589134	-0.04533927827318034	0.7701565874347776	0.4858303800872925	1.207971524258039	1.5348311786008222	0.6334895001251356	-2.325464713758598	-1.2478970181233004	-0.5112406255539766	-0.5505339237966074	1.867326902318799	-1.4016304961490982	0.36926967627944257	0.5101320891644154	1.3737594353535192	1.3551245239233154	0.05479387463409304	0.9905417888631521	-0.30066180348953664	0.14325627835584828	0.6485022577091079	0.005665115083842923	0.6446896377629606	0.6811860248835733	0.40001510291672776	1.5293477170162164	-1.0734812358378727	-0.37957383975574593	1.257857645704511	-0.6875444507729237	0.25620617839094517	0.08225710472841972	0.3788958143513065	-0.2706296370891134	1.0112328078139556	-0.6522533708809193	-0.7590583929461903	0.2253987888348865	-0.4957853412597593	-0.32441893551581347	-0.10254727605111609	-1.5283450742476092	2.115626101001298	-0.5306308896718753	-2.650506710569243	0.2096260277308881	1.2342453080535474	-0.14764091973587878	1.3086066499982776	0.1662728752750207	-0.5513228259042596	-1.1204395201795134	0.542593761736281	-0.12727318973817164	-0.350075911975389	-0.23435773936295884	0.8567166334803545	-0.7065836800548103	-0.07264431410838558	0.9666828881176945	-0.8636213706308324	0.16160241596937738	-1.058913892400882	0.1825264192692099	0.7008236313079719	-1.9358492567019627	0.6230026043792802	0.5060459508909246	0.05576865723960274	0.3979015790644167	0.7942812162391343	0.09708098444245622	0.3514438894822983	0.5490894135003758	0.5279562522938279	-0.43324868247878673	-0.057428764853971886	0.18253783436152146	-0.9316111768642868	-0.6763012402512696	-1.2089411991658288	-0.39976670369214945	0.5257640100164931	-1.0233520209127942	-0.3478427825306522	0.45227033613014633	-0.8081758133636795	-0.12287267396400754
DTXSID6047315	23.95282170164388	-4.225206434613687	-1.5485406427956465	-0.9396804540353919	-5.656542371253483	-1.2789397559485802	3.9353752751833806	0.5930692521120389	7.775073200518074	-2.5076523890137725	3.910646666768652	3.6092748121427394	-0.14868873165528967	-1.0035050567142343	3.36374555338548	0.6478620110948047	1.9156291916896144	0.817180310854395	3.255754966670918	-1.1432827211501113	-0.1530712595515286	0.08307854824125935	1.9424572409362613	-2.7722404435216346	0.7282272665295381	0.536627593884931	-0.6445323208370791	1.6333683522359874	-0.8316679161843299	-2.066420886930216	0.6913804383815804	-1.1043883835468271	0.122433576608308	0.009208674567444333	0.0541343086592713	-0.6207035130277986	-1.831881116555509	0.008540554184337423	-0.5703407144264332	-1.1501478327355334	-1.1930312504884553	-0.07774580253679717	-0.45483336209850983	0.6801970429488973	-1.0377246111441403	-1.685611693378756	0.9283772929256666	0.3593576517661357	1.1754964641954817	0.11424096636704266	0.6755781149856896	0.6226525166210358	1.064961389383854	-0.04533331205938216	-0.5927482861419606	-0.7780882712340267	-0.9154793434037384	0.4066083555337634	0.7157001351092663	0.8192774083583939	-0.9762925368557509	0.8856056656156831	-0.8294035958041632	-0.30475051488947724	0.007568209974808401	0.22607512580216704	0.7747834240625903	0.11191981949103705	0.2568088054937139	0.27717468934371564	0.2041875063792512	-1.4745840522771523	0.8829979732256186	-0.013219908803564351	-0.1405155127867754	-0.2692453937225809	1.007161621066942	0.6462987129933182	0.5400655277847566	-0.2700073555471675	-0.5564276806445636	0.08553688123147324	-0.4726454487366781	-0.691555140292981	-0.27881919149311735	-0.5350455042217863	0.2399105172406921	-0.20509335119362204	-0.27462587164292396	-0.25014594652895983	-0.3259511510057574	-0.49529529857180216	-0.6805291066685535	-0.3552049416288025	-0.8649206144551999	0.29807000233090775	0.6916759308108438	0.901984547102858	0.009075246700894164	-0.11699403538715368
DTXSID6047319	14.962607418653281	0.5987477435894105	-5.677531080370931	11.024539473821307	5.0061189002454185	0.6226299251462974	2.3783699033134145	0.09872937002334044	-0.7387190084316738	0.21786140359001693	1.8590699389887826	2.4606519073900928	2.8229844725101394	1.1585391978583819	-0.788742565013437	0.6874331914450581	-5.080691539407602	-0.13716505124995604	-0.9346756773795115	-1.3696627424330232	0.9751876359229644	-1.2869188818363042	0.7390689910641238	-0.13080562108054045	-1.0153163198958945	0.7691897469123583	0.21005547860869483	1.4304698455187173	0.9800830647299769	-1.8670506865447514	-2.556454031471555	-0.3430903341834715	0.1359282141651688	0.481120425521602	0.9705418817473346	-0.34811230734326465	1.499488589168443	-1.1077635380134363	-0.6014136687103452	-0.1513496185898371	-0.25437753321144396	-0.21714097063763527	0.3890976129878119	-1.8358651916849111	1.0235566126395559	-0.7560975002736913	-0.7432789629013815	-0.52905637497263	0.10522885021653179	-0.37251054242350506	2.097975916702824	2.212891286713093	-1.306605956921036	0.4217530457194835	1.1369186582880952	-0.5712971538582889	-0.28267878693075543	-1.0817776358939677	-1.0241630510651285	-0.3260670671746665	0.128973950266643	-1.6760367628509079	0.2035090430112211	-0.39814772879951976	1.5656044617933882	0.497122455501035	-0.07036452908334477	0.05390037025435227	-0.23957065577517186	-0.03724886896150717	0.40173034216789455	0.09312422173835412	0.04542760655146995	-0.1630057480785911	-0.7091285651650397	2.679778694625588	-1.1238592186745344	0.10067292276155257	-1.782267609553548	1.487181294046084	-0.33070169009224337	0.976015059170363	0.08418340649861134	-0.7859354702503891	1.7724699603917877	0.17586067244886636	-0.6130851039852447	0.03641976356221061	0.009596116823583897	1.0001140119919265	-1.0576781308681036	-1.183595672583482	0.13960506159969582	-0.04486401699959572	0.35941585912337637	0.3251486251483598	-1.3910142215809311	0.4699121218933915	-0.7114047492471202	0.899672880664152
DTXSID6048208	-6.248514712435995	-4.954667887450132	-6.675538515391259	10.421278957377382	3.4161459560125724	-6.998306879833393	-8.618080427319814	-2.757961105025027	-0.42061906512078173	-1.3019526041166316	4.52409013334827	1.8990212817161345	-4.871271018940062	1.2769873770731421	-2.5485135416612934	1.102286539946329	-1.9708077837295792	-0.28335248634727733	1.402920572440241	4.966590977476377	0.33991994527856034	-0.9958190432330224	2.3906226344717973	0.769071643417309	-0.02988402800911579	1.2293076614050986	-3.4726586327605777	-1.9443585324289285	1.6850943351220682	0.5122048744053005	-1.8080625820844145	2.09055021412521	0.47319989934480056	1.023896243195715	-0.9256191483231853	-0.1893675084727978	-0.9146441171366498	0.9383183673346606	0.6792504894966425	0.20819268990253958	-1.5440376877571167	-1.3980518054589646	-1.2677174762973709	0.45758724878407353	-1.6172435200515962	-2.3592381891386602	-0.8733807042505425	2.941248212009499	-0.11970238995803893	-0.3523067922285709	-0.10181000180214166	1.5761589767263509	1.016932066833324	0.8735507569518329	0.11662189554340446	-0.4979061781311819	0.016597688267986313	-1.555680356481997	1.0808777655156958	-0.5657529814610655	-0.5775460251210922	-0.8790316782458317	-0.06720486303319903	0.7605137397327295	0.7901203317931855	0.44285019696813394	0.4204102054912401	-0.7176916927931656	1.0104897279752763	-1.1414707200240242	-0.03273247476160316	0.14069966501142572	1.632640664776987	0.41985792629769497	-0.16409093909357073	0.6360543072923146	0.220959704961751	-0.04403300967766602	-1.1426734621499384	0.9756393285116578	0.19919371298179833	-0.2215297805504727	0.45540052406080517	-0.41650061914688186	1.6932886161471883	-1.5695338253193332	1.3217416001311224	-0.84846283670912	0.3171313295739025	-0.13950184419824382	-0.530815223186646	-0.7946373570695988	0.8509697676333762	-0.1411943598330995	-1.6168142112048765	-0.31825116171355305	0.9821877814960073	-0.8541206817820746	-0.203894114316516	0.46214064602398414
DTXSID6048175	14.396746593952065	-8.923464754434342	-11.797891356602342	0.03590124578277658	-2.6049336940537957	-3.081159700335358	2.974653996234043	0.7055875420043046	3.7639810939670992	1.8630025239391217	3.5311710056665255	0.633850533666469	3.137747354563632	0.2519032475468414	-1.366322619397803	-2.341778355253492	-1.2923230028452841	-2.138566064505053	-0.06406075405691516	-1.5428803124615744	-0.2702980855902112	2.8673214705077084	0.17078018660238703	-2.2901192881181465	-0.6075284971478172	2.196132824568321	0.954055906489456	0.5890417540642386	-1.228027542928765	-0.06010480220819578	0.7187288052690132	-0.5040444841330386	0.5758632732897925	-0.24203370571120417	0.14939577451986027	-1.0907629887729444	-2.4882524870428337	1.3507778469680767	1.161209415332115	-1.3247268128904157	0.05879160921825506	-0.4231489395739487	0.5571622913651313	-2.0253904035490544	-0.4884581874267131	-0.033635947981605234	0.83579219587012	1.1311113153894867	1.023046218582535	0.7824656333271414	-0.40292034067938753	-0.6112058856790193	0.2334041702992004	0.0505249568037295	-0.8485155781616295	-1.0251039074908008	0.9611585322816968	0.36620456873207435	0.1442887128964421	0.2923832621452095	-1.374222832080111	-0.4387246015833034	-2.4495876015548563	-1.9825686244128407	0.49274227145923544	0.35944187487468426	1.2877319050244043	0.2849678429203508	-0.5153088737372372	0.32880533564582903	0.7626183553653963	-0.5970147349583139	-2.53317931578162	0.020933330511794003	0.48322211970537665	-0.3248866814189829	1.1463709178979646	-2.196697287229063	-2.213387890872224	-0.40299417106623403	-0.8443147716187843	-0.29896362759541834	-1.8139706705621992	-0.36926624535380376	0.5868715961052513	0.10758599711632344	0.025506558889338136	0.24496651247087642	-0.006560322266076542	1.7803842294523249	1.2745959250225019	-0.8885808459793075	0.4664710631280616	-1.3752317530300318	0.25672394629138523	-0.997769012730884	-0.416668780035709	-0.8506868734579358	-1.6203538252095835	0.2988742702180776
DTXSID6048171	21.635878532395814	-7.328495484042538	-7.101388723904109	0.06382974245890798	-2.6076176040496013	0.09948514809853931	2.5245590210481064	0.049665012142449824	6.203949417092551	-3.8057336745645802	2.604287489003372	5.018705447272426	0.7396241004854426	-1.2815140103045044	0.0436241421426169	1.1968049104704703	-1.2077470982315437	1.2353457265522576	2.5093726859372314	-1.3709386557299112	-0.16671543718627121	2.225741218386716	2.020724389392017	-2.751093382061741	-0.7915968480459141	1.0740868187682344	0.06108355164646232	2.014484503133969	0.32927012710055686	-0.06104199696460715	0.19637657881733428	-1.5889861406017483	-0.07233507527218275	1.0898300655751285	0.6155432907949526	0.639402869725161	-0.9181592612671343	0.2228666880953782	-1.2948725230061886	-2.2083874286301675	-1.8863245460583071	1.0272836740778477	-0.5320962483383448	0.09885576463117678	-1.2268019376327732	-1.0440949261401702	1.488991510529055	0.30663221660938556	-0.6301337264348744	0.4178000526113834	0.773632690574676	0.6786331404097506	-0.6339387912526989	0.4351279036267909	1.1471725509971002	-0.7065675412797208	-0.9876763324525859	2.212444895810699	0.027117080008253	-0.005315057225320511	-0.7049662819827269	1.3725088453929482	-1.2950414423904397	-0.7798586422404366	-0.5590314079984655	0.14211164261140996	-0.09074576825046231	-0.21344780744707628	-0.1293928259380784	-0.8998914724450763	-0.6922205545005273	0.26579483899169226	0.5107317535141369	-0.2609578390060681	-0.3886875582639343	0.27829193423161797	0.3214706554868242	-0.9016986105258198	0.06936937670386312	-0.6838613567110634	0.14370126914846454	0.36147712353110467	-0.13318706651248688	0.8707593787319746	0.6361125104228267	0.40769366979556804	0.4784859857787533	-1.7039411508633762	0.050085280574233795	0.706801667460005	-0.11554125724958915	-0.02330987921089208	-0.17108150889894097	0.31477288709526824	-0.559799357891062	-1.599551718292021	-0.6482158411466188	0.4791022541910513	-0.6833359600560632	-0.5567398236741447
DTXSID6048200	-6.665635450716284	-5.686053185631452	-4.18448738724247	12.269648098792537	2.9154591507312166	-3.98413392048092	-6.381636054880978	-7.498065932524875	0.3077304555320262	4.609846847038231	1.222212994156543	-1.6083529001613588	1.3110581993574906	-4.912839525560038	-0.030057461704591053	-0.13294515364225018	-4.286295404807505	1.8182962772547975	-1.3687805562489903	1.8953333848844711	-1.7720464828461766	-1.17065141105578	-0.47551922068565605	0.2966752921015706	-0.10701534627053257	-0.11300542438451167	-0.8969599586009154	2.209829711643089	-0.7552728979723111	-1.1061141274085975	-1.8695262075538488	0.5097126173443448	0.4240028832208568	0.3584096997104841	-0.12422444671193132	-1.6620247145313143	-0.22405065362049867	-0.2825068820620033	0.3421904978504554	-0.45843735365739474	1.580434750686597	-0.6076727958999878	1.5526682965698577	-0.5316498628141818	0.5770321386973153	-1.9153046336905089	0.5587062791568537	2.517767878658688	-1.111743474691756	-0.37998755122693445	-2.696070758951734	0.9656451326462115	1.298124784016492	-0.1228692225179787	0.3859740905735926	0.23625622264887766	-0.16498690263400656	0.8575128883127219	-1.2680597375988407	1.5078757657669033	-1.8424439710144958	1.3294253998243402	0.06908056263672964	-1.9051856036747274	0.16374693612249433	-0.7685247604979055	0.7173750176283007	0.05557862210271559	-0.7361350814210555	0.45128833619396663	1.3553106875536316	-0.1733946363294738	0.704568445874161	-0.25369375496141866	0.9363582169319015	-0.08818086631419825	-0.40987971587454913	0.11802437002085961	-0.42886500251898646	-0.586946502759005	0.3585786378311245	0.12883124981243446	0.1674284077427772	0.5719322522575181	1.2757872591889736	2.005144561938418	0.2913592107628971	0.49371998087405966	0.22654862181409632	-0.4214303766079195	-0.005548572083392203	0.7264253324794971	0.811200885692834	1.3225618095374077	1.0269134249832477	-0.8336707946241089	-0.7823695232116126	-1.0940404540783608	-1.3710184278400526	-0.4389135338573032
DTXSID7020005	-17.73085131105481	6.24589072993301	-7.376062869288181	4.791916125475733	2.247281899618682	4.750958780790587	1.2014984590523157	4.017838988189157	6.432081226269203	-3.929894409390884	2.403485939018961	2.419047456686937	-1.1901136287539478	-3.0740890226380087	3.069632389729881	-1.536383095957863	1.9460552495002443	0.5631055492378576	0.2816163846532787	-2.22483035955461	1.6591387873856125	-0.7013115950422383	-1.6241910702587148	1.0437264267603465	-0.913515855755513	1.177395943924511	-1.7831552729257991	-1.4270002249979163	-0.6689175986637915	-1.020024872232126	-0.09310281193346397	-0.24901788748220383	2.19900415685532	0.8373362878706228	-0.37955523815210723	-0.03086383084898684	0.6480275407232393	0.7440074064875135	-0.817628622527772	0.7564094955123096	1.1365776660192086	-0.4225458011807989	-1.326004915056292	-2.025180283867211	0.09456042603157991	0.04873596603304881	0.27933506561153154	0.1762327559987119	1.037788632834783	-0.16634934581191402	-0.10648464077888213	-0.1946716183213974	0.7325276847808166	0.6756904435900376	0.509831083500101	-1.1946366627950327	-0.45313240456005843	-1.293697608590826	-1.0354553909640962	-0.5846460929035958	0.29917186927544814	-0.04447187345902641	0.5644309603560762	-0.1522317553227588	0.7352677749492038	-0.17433681436326004	-0.9654141047435504	0.19148215835625662	-0.7094345677088273	-0.19839101338672918	0.8518875927179036	0.6496624378176725	-0.28788550438550076	-1.0965503056530124	-0.3416719253592253	-0.39849630256911933	-1.0543691211680761	-0.691110984343153	-1.1375859875199419	-1.1367232753523615	-1.4519322487275315	-0.4390831964121071	-0.5311422079614532	0.30768147465265294	0.2117486847386947	-0.6648116004601151	0.2218696347268477	0.3939657514558643	-0.3649861906586824	-0.2256831047630097	0.5117161077995119	0.3596257288432856	0.994154335440858	0.06578311653235572	-0.8837808714222664	-0.08642738183862307	-1.0533235895444333	-0.03894365357774731	0.19341379418857807	-0.4325161320950833
DTXSID7020267	6.649547014310434	-2.8004136258629786	9.632790797034723	-15.944949703123246	10.085497073551682	14.550464375135409	-2.1442177242768623	-8.825877151657034	1.8450885382838695	0.3601467198562726	-5.376226502624674	2.9514203156059393	-2.3191297707532357	-2.8651110471974786	-0.6844918330240911	-1.4278404235277848	1.7230312599856206	-3.5671095342924564	3.0316628621779085	2.167933330310996	0.33907849882144214	1.8654936572702476	2.574701016047647	3.9222025161671086	-3.5427498200700374	-1.0499256870770752	2.446170045394485	-0.32404674257007665	1.4123533955340701	0.7606966857844417	0.05484042690418268	-0.2697427622335672	1.110732487871507	-0.6823070492154293	2.7696932381787756	1.7799685969549834	-2.497572981727502	0.8155493506815035	1.006684528000796	-0.11829430080356523	-0.8124129261829437	-0.4348885952154484	-0.3563313680227975	1.1193354659390091	0.3999664305056206	-0.3158700248347081	-1.1147369568233565	-0.21863907113273331	-0.38022003846840385	0.9965635395588553	-1.8554688640068977	-0.44223192468707234	-1.3333706902257174	1.3006015508938802	0.6468171981687814	-1.062052221419477	-0.2662938405067756	-0.47458206235624	1.5498096854759935	0.09775104578429637	-0.5720962784114859	-0.05551205554048701	-0.19095210176803082	0.23955459975043383	0.7866454556234727	-1.553109609718927	0.16428176208639866	0.11379325113155189	0.35465815028538944	-0.44512611613052105	-0.9290723846872098	0.2740440540121664	0.2736788653063458	-0.12818472018556035	-0.4135172337139223	-0.5632140544426595	-0.5694361544807531	0.64473548278087	-0.352404223095857	0.19303171085520818	-0.2546267586490314	-0.0179704436263424	0.7828339844953681	-0.9942211545687576	0.24682760966184883	-0.9061020542457401	1.0473820320121567	-1.0806762536670043	-0.8711720018014708	1.1478091619394644	-0.01887589034872868	0.035411269691184334	0.6387188222992182	0.04328580730547052	-0.32371999820038816	-1.2948853236456768	-0.2257453142478248	-1.2252623688725985	-0.730356203256227	-1.1083687941172264
DTXSID7020348	-4.780819317694798	-13.151383843896728	-10.907808441760855	1.1805245330135683	-2.3654896534904486	-2.2947322083648567	3.4566940231743617	-6.856367149393424	-4.943185131303143	-6.40413564253799	-2.355469927693002	-0.6285652457293888	2.3352279165802963	5.194978483078153	-1.3148657409413183	-1.1513537693819147	1.911724655632783	-2.0905401040592313	0.2035467080962244	1.5925954650600238	0.5277045627712013	-1.2139470381082662	-3.2029040957946737	1.1026252737148305	-0.5430354197621141	-0.6281909357259801	-0.26257589686814936	-1.7083454201983712	0.3532448258186271	-0.1409787541579569	-0.8443535457257455	-1.072446512736898	-2.142477838449424	0.5985313995162743	-1.5360998374665944	-1.7358515446440799	2.086352791617997	0.9523356074503075	1.1872982764050324	0.3852343591726778	0.1438442292390638	1.1807112384867793	0.26065201424119633	0.5649410152160161	-0.7469684290267481	0.17268541912911317	0.2779131443426884	0.5723628748422802	-0.9848208914221448	-0.7724250555946798	1.995800697356656	0.4348408033304818	-0.44351158723973766	-1.5148582854993706	2.396530460195955	1.8938130357866998	0.04612405305153251	-1.1273491307855321	0.5981556822477313	1.0445570170232532	-0.6385004184801295	-0.23740568629306594	0.554712596619325	-0.13038629288515846	0.8343505436612079	-0.7425344347547314	0.6698605209868445	0.764183718685973	-0.20678557795305613	1.1856011610012793	-1.1079588729502772	-1.507347622822875	0.8434515243545146	-0.9616936507406071	-0.3536093928787809	0.6126233643116217	-1.1057323951383011	-1.34965810706708	-0.2508612225099809	-0.4342777028243392	0.4938346089827689	0.3581791568834719	-0.5907865987130964	-0.2152655848110813	1.0613248207629595	0.6639479493899766	0.3098773838912728	0.8797258561993753	2.169860777951065	-1.2576581027893157	-0.7712413598747356	0.7035561153044974	-0.4948707835018348	0.05192460308093788	-0.3441936510222264	0.3388749843497508	-0.6425499144361209	1.0249319727104427	0.5810644345895226	-0.7094436289381272
DTXSID7020508	-18.24792454269752	10.405691301306872	0.3821091064350988	3.366663783923235	-4.774391615355626	1.5973576260802163	2.1487677024030987	-3.122709278616931	0.4319773862556879	-2.3872776006014735	5.565765282790573	2.0557916419124167	5.184802927406306	-2.919179587129073	-0.8614175134347559	-2.7141042529370756	1.041115791856309	2.358519506340801	0.3836578529157633	1.196211455307186	3.256066153821037	0.4623773058853752	1.1199037642927958	-0.9687280787784722	0.4346661534521208	1.6472702510022021	0.793315274860004	-0.502696247551924	0.5986274844510263	0.34016944143185235	0.8833587471997408	-0.3931465293875976	-0.051009841796804116	-0.8559080341263203	1.3977159142112348	0.94055353874819	0.45280804800078717	-1.4804918810463676	-1.6006091247401726	-1.8855728099784672	-0.8550605472773264	-0.39315915613388375	-0.34092779538891316	-0.8200422077539262	0.10147154748135129	1.016157670840576	-0.29757535522061723	-0.8653229401762794	0.11930629181368066	-1.4257284272957178	-0.4899794392199633	0.8277209687953057	0.5733644944002996	-0.7821920409631278	-0.38759152728693524	-0.2086434992487152	-0.5500515940718526	-0.41831078340229766	1.3923687998597627	-0.1754346376712565	0.339376762587695	-0.35054394373017805	0.13858090047402852	0.7427872277992136	-0.5956174265443888	-1.4018713275813623	0.3589879732302764	0.24116524384790286	0.17723086262594864	0.7021164152625298	-0.03941777886664916	-0.12609411371943088	-0.8526857419614329	-0.3819929649521185	-0.8250277468498812	1.2693437599882589	-0.5783304576935577	1.1323714553511188	-0.02676679642086705	0.1891531190025609	0.48581757379401325	0.22103908424621724	-0.2468126222107586	1.1546866229553798	-1.0007366258573618	0.5671479077624292	0.04510009003923129	-0.27985045002779224	0.44913027157946683	0.1197192317259567	-0.17063161949206226	-0.8976379269111051	-0.3111998433315277	-0.9470165635611122	-0.5603266983518029	-0.4518500417629572	-0.3021424068030361	1.7235044491591998	1.095211123046884	0.3090787847633974
DTXSID7020479	-1.1631592124801924	11.817701166419095	-1.1291953690461314	-10.57544726446844	10.714084389700364	-6.6039782165111465	0.6535336794183623	3.1439685424753874	-6.990618617791506	-4.40544154862482	3.031379922861611	-3.604578645689517	0.18125242123992275	0.11223791558152128	1.796467132523204	-1.4935949480541433	-2.2930883076255575	0.18901985103844318	0.34434971949795967	-1.7798541208429373	0.0949682173789705	1.068614754435905	2.258296264017712	-0.4577066649294543	2.511228029496535	-2.308955743181851	-2.240697947946657	2.6255675749619694	-0.8159052653933612	0.7144234758767998	-1.8298994948190241	1.1809984335214248	-2.277175160217872	0.16011384231142312	-0.1912809337227314	-1.4736192948194722	0.015295292185087246	-1.1679752310151952	-0.40678978305683317	0.4968905951956189	-0.18385330287615448	0.3104970234217207	-2.079542229618447	-0.357274404490587	-0.6516170239475803	0.17528331642767647	-0.38177792974539587	-1.6600186661052985	-0.42076495606324366	0.9939621412217611	-0.5425026771992894	-1.52962524927149	-1.1654139243153656	-0.7316470114115359	-0.4031112154574119	0.7831183149209398	-0.5060367136521304	-0.09874258976638647	1.5208395071457688	1.345657325171519	-0.2719752196346251	-0.05077547934629585	0.8637864205877404	-0.014574369820370496	0.3463920929617472	-0.39067932651440235	-1.17763674865838	-1.5291647156191188	-0.6314304061956603	0.3258506123225933	-0.05207836412650347	0.13957590015204413	-2.1855331257895525	0.914292854736292	-0.21439612407175965	-0.069098859762623	-0.8661043789754618	-1.4590814105898144	-1.2152455468246934	0.3279033690612602	-1.2426335362756027	0.5302670967577879	-0.07457375888202154	0.34632745705478657	1.98280476243798	0.5630516073280186	-0.6123540028721894	0.5564379793018064	-0.620269865006613	-0.9533667722720397	0.0921775446687481	-0.7525403055794704	-0.085648359718833	-0.3160483965361233	-0.12703029559062984	0.1727272866449352	-0.308888092152873	1.7969183550489987	0.39285015940549384	-0.0069051971609066145
DTXSID7020683	-3.0037420751910933	0.2983528971816765	1.4465433978687605	-18.80368273857053	12.574244392924278	5.696668464427526	-6.731816296837405	-8.743646011505689	2.980239688199217	2.6921346305378355	-3.7207217251241476	6.074327318155445	-0.33766027140110905	-2.4682719420431765	0.7176300044834114	-1.1729013455276316	-1.2840136249889633	-0.3816864607541321	0.8378648450722183	1.000654541178566	-2.000854777995416	-0.30637925187458176	0.15944019030445516	-0.871836197931614	-1.9536202155741158	-0.6701812282504828	-0.11444806666985832	0.6022242709749117	1.9601252423739657	-0.6781298548959336	-0.060826938246924304	-0.502238299286942	0.9128755429368255	-1.2529473719943263	-0.7004301252269871	1.166893485410002	1.6741867163442652	0.2927429830166519	0.24294310891958232	-0.8629867669790869	1.6067376761734087	0.2533281229810094	0.06281294851347319	0.12620057582675218	0.680283623874707	0.4511190753542664	1.3888119074225875	-1.295527583160542	0.3963707207752445	-0.4442399392497864	-0.21236481001959212	-2.257690431955983	0.29902756484260384	-0.9577662507369286	0.5620345777040197	-0.21703997352627521	0.5401697122254977	0.5965726535997782	0.3488130079260294	-1.156955105859271	1.156222250523884	-0.3006507313999832	-0.6352643875596193	0.3249013444430209	-1.2147010938174856	-1.142918610112487	1.2581361191270632	1.1727572620327522	-0.45998603308156677	0.3224623841629078	-0.41346568045056725	0.5331976224544102	0.08023112940305012	-0.45321318322751697	0.9289352474272419	0.8405982741356036	-0.07913057447066676	0.6146834209483775	-0.1582783165910952	0.5965511294118787	0.08399348635144867	0.11580431075590633	-1.6364717230858885	0.4458339718191796	-1.1355145750099178	0.8267139763792122	-0.7122104994327839	-0.3502954719529189	-1.135024985156388	-1.2071669658548723	-0.4733394067964101	-0.07850386824777435	0.46316236748393336	-0.46376809343540465	0.05273079846044631	0.35217214340667585	-1.3473961110451538	-0.1107054905027704	-0.39650930421691644	-0.48222337537621857
DTXSID7020685	0.4431273010499857	2.3372871532344157	7.6470558597251275	-19.89550217470003	7.493756223729441	11.941099755666453	0.31541620786586616	-8.630129323863867	1.5836486048091047	4.31483484300386	-2.8137418361972157	3.0094667236281114	-0.2784355153092156	-0.9280539865641734	-2.2755181575508443	-2.8153624448796206	0.18547212737246843	-3.6675748717492977	1.7032994857589916	1.533965155176819	0.37608822367854183	0.7618927393935692	0.04821065913448667	-0.08682159338443707	-3.845401825281752	-2.331081296862491	0.18910730541851606	0.46761546842482626	1.9811038439999455	2.7604413842351434	-0.8417836416414488	-1.5963123570691815	-1.3128525767754886	-1.1788058694287769	1.3134343711916123	-0.3443100457688057	-0.6756448467096775	-0.9360122023260582	0.08119426546283488	-0.5723724479303252	-0.8923287707700001	-0.9550521853235933	0.28019806852560114	0.02373856994213584	0.9206586077719435	-0.27925482716959266	0.8920030175436047	0.5567170427380073	2.213985827942154	0.7785150165364836	-0.10499877235302373	-0.06565824549792085	-0.5869968283006168	0.5756834537207244	0.8533052234956274	1.5240725812836677	0.6098213363391071	-0.14843678781300815	-0.9314950137641097	-2.052777216478722	1.3519120275934402	-0.15033637484708195	-0.9231485383404059	-0.08019593998022935	-0.4072991953433428	1.0665118885051492	1.8510977019461223	-0.5715651753036076	1.051216645703794	0.942273184487656	0.16481170205108936	-1.2438545356380577	0.3363460885444123	0.6672596995202654	0.6350765862171942	-0.7534173598532931	-0.2482158219328527	0.3531689764236658	0.05773972495953982	-0.7278826297709273	0.427379640701294	-0.025480017909116612	-1.6487749858918	0.6224960714314002	-0.2947307658868733	0.6518555994669161	2.1839082594941175	0.4820527688198639	-0.24045918692851673	-0.007408952014576944	0.5248959986291389	-0.5606254599207543	1.1125208289637802	-0.27683745205704713	-0.014504523008097583	0.1543606308795452	0.3504867680427943	-0.3810186890696283	-1.10051371904527	-0.084978562143827
DTXSID7020710	-0.8876970084343127	-18.313660153368446	-11.688584530613351	-3.4174201502371657	1.4416927986561072	0.09026443087628624	1.1056075743071558	2.3602476993924677	0.9447890185008774	-4.392209528648815	0.5446823644930807	-4.755207765267004	0.7341696557453147	-0.02396440980330418	-2.203252168632659	-0.6452259813901239	-0.1928981949588512	-1.193612244870557	-0.41149666011691616	0.8730829795164239	1.2651762398810553	0.9944952211662228	-1.2757561246752196	-0.39806120327498734	0.9543138813481868	-1.2086660675558625	2.729239566557032	-0.29247840459512575	-0.42724683132688224	1.087877693988488	2.612449267009259	1.6458896024062664	0.005463589946004604	-0.9129690378222985	-0.1438552493579053	0.6749168424265426	0.20534969733912306	0.5116304817240156	-0.07368336749705558	0.025855168496818855	0.0530954466032177	0.12934089169100346	-0.595696518961291	-0.753628561247365	0.918968797920779	1.1086836232679154	-3.1084432804569153	2.317140497985147	-0.4968634675748566	0.2251325757353329	0.5909192104985603	-1.342719253498194	0.8680138862696289	0.7891992160793743	-1.2103725175032314	1.4507697426141486	-1.5801755340647206	-0.0680949627888458	-1.2384893786400744	0.5243790871364085	-1.9166097960566681	0.16664950384243155	-0.6778787062806639	0.7821760093134665	-1.8856566189232156	0.9399094646826139	-0.04051240268755229	-0.8090176163867611	-0.779950226657364	2.190541067653456	-1.0950500041292313	0.26356656034934234	-0.6724619569020504	1.4108709822972507	-0.8223973592265147	-0.4023836142509498	-0.2513918839669851	0.10251525586814135	-0.16086449358680843	-1.1113188014150932	0.0711354095006732	-0.1540035049277465	-1.3808282592293553	-0.4246612386811495	0.45440178410478416	-0.10123891471867165	0.610564250628901	-0.2226806008611426	-0.10287668896935258	-1.1359354665302268	0.3569920183524689	0.21106429811161784	0.41058747345014723	-0.3013282587197049	-0.14471710760150297	0.1645577990761971	-0.49289333666815277	-0.4869549950069405	-0.45842603694352485	1.0243983119144295
DTXSID7020764	0.390140616715497	2.624745070575554	-10.508854451980067	7.6553950614432225	12.00477617665577	-5.780095474815103	-4.024637029915411	-2.4696384308899155	1.522802405369338	1.5044152001319762	-1.484490033417963	1.9473262556322188	-2.622339851364588	1.3204121952647645	-4.7169963231896865	-0.3150511544448307	-1.0080489303521682	1.8985373351877395	0.8682008408263444	1.3936357748129278	-1.1049570326509994	-0.7820266261417202	-1.374329726655211	0.280714328533869	0.36602219188006285	1.3269999229601284	-0.8169715684060018	0.558662756686021	0.023501710702983312	-1.2087585452596767	1.7251528649032406	1.4820983999855462	-0.4757733723046037	2.777107749911091	1.6424198361082265	1.8226812344409316	-1.496526250392196	0.1605432877837897	-0.9693454503199855	-1.4845724368721518	-2.0031662425908854	-1.3821462366249384	0.2704102556997042	0.42401306293925245	0.1674337086327684	-0.5258201772222671	-0.6652579004795719	-0.8935364554405751	0.07167769875639084	-0.10329639803374575	0.831174931871198	0.7647464870705126	2.342727923408418	1.2936345880884823	-2.8032776532746615	-0.9340183777601627	-0.717878084108731	-0.4497297336966457	-0.2632002769044094	0.3506502366835256	2.2631947618864685	-1.375740567159225	-0.36752061882016157	-0.8098021008391991	2.326434352575978	-0.9734275854477973	-1.4245816624966807	2.254843052344924	1.0666355813111956	1.087932068654834	0.18590131569724117	0.7462112081248752	-0.015128547383015431	1.6881597415610217	0.49208633254268624	-0.7486460060072115	-1.2547564541044949	-0.9165234959913374	0.3690331053334513	0.5369548343111644	-0.21026396338360137	-0.3406310742157959	-0.5266564570470599	-0.5337189938953983	0.7746906149410266	0.1721876122801959	-0.4029254657377341	1.056303743332384	0.16261762993167808	-1.2519362866795918	0.5597388554460048	-1.1222723408639756	-0.6380818218973667	-0.06621526662431684	-0.148028063252673	0.33505987731028336	-1.0402982436278343	-1.3833654613199329	-0.6314816458633491	-0.5885730947428961
DTXSID7020768	7.277788053308581	-5.717429293349915	-5.702274905203593	6.368680227409946	-9.230238709168825	-2.1765506458447312	12.054909390918997	-9.052777594052563	-4.935596837731774	0.8790876818161745	-7.50835843060343	-1.8854880232009743	1.9216388298080593	1.056237596408439	7.378344557101961	-0.6189889525241689	0.8260065221186518	1.7595801345335071	4.947926720899135	-4.905136060495925	-0.02848726411850668	1.6319887892097844	-1.686972255246763	0.6761958886778241	0.6802015828818138	1.9707624399890349	-0.27220837866693987	1.342690779097958	2.2829293507330286	0.5734882697886511	0.06776744439410952	2.1072173061399617	0.8110045472121359	-1.0631470336961075	-0.729036623926495	-0.8023052641391466	-1.323479764972495	1.6701460883920307	0.5525311025351651	-2.1488751166733255	-0.02073755497986644	-0.8336883567449586	0.17226668793156183	0.6164108035714494	0.5312590542024536	-1.1936702495282059	0.42962633840098724	0.09854526417016961	-1.36527760002972	-0.3748348257004549	0.6749059207806403	-0.29018812798278226	-1.0121896209304242	-0.18854717336943164	-0.6758060678689708	2.2929043059881486	0.11128395591034476	-0.1617515032105957	1.2361330655379146	0.9809100245782104	-0.4678038793329734	0.06270796593924564	-1.807559901945463	-0.3372681759048125	-0.20427079117253338	-1.741205105792155	-0.749598307971382	0.256545320502559	1.0756955450044878	-0.05921293237894945	-0.6479858566391148	0.3424474346907733	-1.6906879569206605	0.7906065046543075	0.4823810759039284	0.852364106656486	-0.6225202540288017	1.6663334282444597	0.9603817691238693	0.9582990100274825	0.6020567617567067	-0.37958014776602983	0.3287412080588195	-0.7492008437669637	-1.0052845394484065	-0.14610369826530772	-0.19649121095393624	1.0087491163667601	0.5180524006111982	0.5159783325621471	1.2018422683071641	-0.4423876903182466	0.9156294023209706	0.369676299781819	0.4047492167986909	0.26018753194016897	0.020958067112363647	1.253523689876164	0.4789080540508155	1.5208479562027475
DTXSID7020766	-0.6730762978700249	-1.47638736372876	-10.649117902729415	10.423792067618848	11.317185423059385	-5.973643848712168	-2.421653800059871	0.3027569722949144	-0.7927279884713206	1.100512128880123	1.016939549252216	-0.5112836941453088	-3.0585484538377683	1.5662392653880381	-5.791124012637551	1.1062543879044824	-0.10616140080815316	0.3613641036507928	0.5915323979893845	1.8528318710772547	1.455173483901339	0.9323649443891774	0.26557369911742607	-0.7356337254758573	1.353954023447947	0.26273601696479454	-2.0137558821851487	-0.7032970209303225	-0.010776247465382228	-1.5260391733103178	-0.5352622235646607	2.065833523431807	1.3210906424149862	2.342766060403963	0.6358357656727142	1.9859923701921618	-0.7157532975991693	2.4255444163831394	0.749237764909586	-2.4423479128442156	-0.5069254535147741	-0.7775698143014973	1.1631105194650906	-0.20234103031881287	-0.46763863272223016	0.7819582864161062	-1.4153652566145314	-0.703315579733019	-0.2027968357600657	0.730397733118436	-1.4757329709231546	-1.452868066417081	0.9146989951176043	0.4304881614367916	0.27991772936532394	0.07862561729636587	-1.0371501332407522	-1.7194534614504913	-1.3324346619916962	-1.0811024444101116	1.802787555591573	0.7157037675555624	0.586609429507538	1.4097214475905155	-0.14723848744181084	0.25434900596847265	-0.04085865405249544	0.7830828663776137	1.227925846271252	-0.7488557468450892	0.027553752825283957	-0.43606917522429545	-0.1878641172866976	0.2604732956065626	-0.178559884846022	0.2410239040155713	0.4362918881200674	-0.19993587008845817	0.8405078281423533	-0.3040624999704798	-1.0903424159018513	0.5639272846895089	0.8933009018833555	-0.38632662797681605	-0.3694901784907128	0.19074067192943567	0.3439323756801598	-0.17753722696651955	1.3182346176832813	-0.7128092109617291	-0.11784506556108461	0.7494136586360342	0.45947299327140767	-0.07711929870536213	0.0407193140864728	0.41240523241567517	-0.7718441405792374	-0.36224939499028785	0.14052060167277924	0.13265518657881817
DTXSID7020970	4.231128030584113	1.6180731432441333	-11.693282267166847	-10.29026205494398	-7.978930721170397	3.6124627285432753	-10.033319307318358	-4.636423736806797	-4.507588149444043	4.571738021418767	-4.323991086331381	3.7243499262642743	-2.584027992804912	0.11557299396973485	-3.857841454372348	0.11836598776627077	3.020323933388148	-0.38069079791005467	-1.7233363067708805	1.0270423434903615	-1.419068343502215	0.32588205192005487	-0.272747912033817	-0.9422242181924901	1.9869623328080166	0.8013573880391152	1.4373100838360207	1.5016841648947468	-1.2458384597819072	0.8664457341031655	0.5280726825907947	1.0409134786615803	1.022365360941071	1.5057735519281286	-0.16552919028738858	-0.36005426364686327	1.6409539440935728	0.6101119865868692	-0.8083165833347509	1.4369484558081258	1.7188025392625577	1.4670479051197434	1.820458471196355	-0.5317583654406668	0.7226288992392185	1.219059431648076	0.8308103485901416	-0.5688834030757693	0.9137308120526719	0.7820500789867547	0.3284361917364111	-0.5954033971500661	-0.5561134865034796	-1.0147592420055966	1.1195011590560295	1.7137680950919258	0.872834550641237	0.9541327562270892	-0.3971814046591727	1.4788514050623967	-1.9259358887222888	-1.7835154703505356	0.014247890693917159	-1.0066649939370436	0.09064507530388476	-0.2992607847793976	-1.0226544553578774	-1.6330222364076206	1.869161580697953	-0.928466716151884	-0.7910703563156665	-1.8666449329035562	0.1531875206553021	-0.6159513748028008	0.6782141310611651	-0.7540833210791456	-1.0463328266279879	-0.25428317041593373	0.9676279437961333	-0.37901757431340266	0.48973256944465016	-1.0557480721386372	1.097794781884971	0.005320033759616729	0.06784636836966529	-0.5355878150604262	0.8964093559970757	-0.7890401484646801	-0.2396805680603086	0.08844591728037396	1.0594967927219452	-0.34212043686897714	1.9046498147962443	-0.23389637189495707	-0.6124393876388508	0.9053018377483739	-0.04770349159395432	-0.002296974942058154	-0.43257086120464233	0.045427846578192745
DTXSID7020843	3.0599343894031596	-3.548201714892109	18.935983404337474	6.1672373446371545	1.2017589342354937	-11.774413806743434	-7.779195106838602	1.0044846542497068	6.9865645089660955	1.2970516670142869	-3.0783662165517542	0.0580312253365288	-1.497956842787206	-1.5609026695821642	0.8714077086297628	0.9362956948155591	1.7699546826954102	-1.1714470526248324	-2.7976688772406177	0.3029416819071568	-1.2305316465416194	0.0976275306533721	-1.53023398715915	-2.5427477437257346	-0.006724963542586679	-1.6363798147768354	0.6475294986387886	-1.2599777000387058	-0.26199510073445437	2.040610000898589	1.32608208732145	0.6306442107071468	-1.9020525079703998	-2.9799711787448273	-0.04543784208129557	0.832144847943715	0.31700796058922837	1.6599615477966205	0.12876167695288177	-0.3420385222588998	-0.5165942533196751	-0.14303218587552363	-0.43870364999031486	-0.9703589670386068	2.318403035587423	0.21466008607459375	0.10627267793118918	1.3101489885941562	-1.2555976192912137	-0.6521405620523637	-0.3512081708778313	0.17976997825120938	0.258745877715665	0.6927754834882245	-0.28030752361687	-0.49076912072678647	0.435315628356937	0.23932249402427921	0.3767302320695387	-0.0035879413263259084	-0.21137869320728384	-0.07931468316810218	1.741219298825692	-0.26763651234420177	-1.5152826415501002	-0.9480843395428497	-1.0733379091934354	0.20943377231597704	-0.23906257579473236	1.1999054390126014	-0.5104864341898306	0.8324338016046391	-0.3280516403937599	-0.4394445805008907	0.8441691260743098	0.5535954383420264	0.2217198346464409	-1.2813909550825706	1.5687506857776332	-1.9923217250214953	-1.2123279530127609	1.0279846999790363	-0.0799687484212595	-0.5630496837514356	-0.23257481379212114	-0.4016964470347818	0.06869085293465306	0.2709189665588276	-0.5484890394980617	0.5595287173954024	0.2807243905357376	1.2672433282059228	-0.2510472327075413	0.15530397351948236	-0.1105436926651524	-0.2814993678026171	-0.753774241563443	0.6066748077824311	-0.7963983059159107	0.6380425687955606
DTXSID7020845	-15.79381969740426	11.67330758078037	-0.0696146687402324	-2.507055695011295	-1.1990875902191847	0.9078152848017167	-2.8303837315429154	-0.6850316252492187	-2.536222048912152	-5.150828658772838	6.7994239316883345	1.0019497514768871	5.564022598070551	-0.9157732012867364	-0.16939349667217676	-3.3526347455903007	-0.31757224456203087	-0.3927188532825565	0.6601341596441159	-1.1658435766262096	1.3777932358008922	2.119354923069655	-0.3362235443112311	-1.003594250032815	-0.5827179335587989	2.5608937021231735	0.8278925518094655	1.4834559956260889	1.1875829698270617	0.3805165617879379	0.6775710379909888	-0.04368871311185547	-1.6553659290748122	-1.6723584587327545	-0.144109549415836	0.9761577133115079	-0.8129336032933739	0.5581297366511832	-0.7387087121281816	-0.4841360919871211	-0.014419780320932201	0.8222526472487639	1.4821451375486259	-0.5355080796343658	-1.708231470854321	0.5565563996811661	-0.28415361516499227	0.7001076896352467	0.8625254927372344	-0.6253159892317929	-0.2369903488081681	1.5594387795319422	-0.07457535516432594	-1.2073948931459557	-0.15881898678073023	-0.4081656064776189	0.6959447857555904	0.268578729486852	1.255365355127392	0.6326704398219797	0.9522188560012234	-0.5101391116944106	0.7606111298826403	2.804317900073512	0.10509838713990392	-0.856907540555463	1.6112582138359937	0.598736501737355	-0.0748211219465909	-1.0510446949376384	0.5457765653894422	-1.0243240952004462	0.35482657472970114	0.256830967004611	-0.2563475578882428	-0.1883760539986393	-0.597823426202935	-0.6526858042744874	-0.5691596916667518	0.31209567343566735	0.3392836814918628	-0.08153924089943118	-0.5399113537273489	-0.035387900400120104	-0.48637795407755635	0.473782955806083	1.0972849677082728	-0.16235963901836592	1.025466483343817	-1.1787539436263985	0.5608886636166873	0.17062621899597122	-0.2969933314837415	-0.14082201672163044	-0.19826688860321529	-0.7663833650060972	0.7235899896212412	0.3103623322183297	0.3723345977755718	-1.1755310687290086
DTXSID7020895	9.348163802682254	-0.37107810069948516	12.399589654914937	-15.176693506414654	7.786916606127269	15.509783951417702	1.1175667175609612	-9.328171527859059	2.236277003296407	-1.021338184893731	-3.2260815288474145	0.7572222697177007	-2.8528497684974816	-1.8060269936806286	-0.5679023672232071	-1.3922317071706978	1.7637994817003064	-3.0264418589612037	2.6971300253139523	3.704786302977361	2.663028445071423	0.5446609719786988	1.5447205102166532	5.192565113901653	-3.485577503501517	-0.8458360432902634	2.7692420234572834	-0.35726300726639215	2.2767663267698532	-0.12411880903409168	-0.05476070875172786	-1.3848443538467374	0.7047597697289979	-0.7131024974213915	2.1984801770326685	2.6101224416213373	-1.3319173159249054	2.3691361625099554	1.4018770317493996	0.8628920715488781	-1.6716392335200148	-1.4169319426223996	0.396973863933513	0.18945807795728362	1.1359530765312207	0.397768412548913	-0.8854930831490858	-0.462602183859685	0.3082335625629013	0.5629644570815784	-1.6300873844158428	-0.17204652597550923	-0.37692084923918123	0.9880704728897289	0.26956833673599784	-0.33742957820846176	-0.41615197813513843	0.5423437991228468	0.9842050837203374	0.5107611624714559	-1.2607772810226086	-1.033923054976558	-0.4077736923420204	-0.5990524999178575	0.9823581068798717	-0.4723497196087511	0.7899275793522526	-1.2006144539718235	-0.6608409337905106	0.36109026312528575	-0.009719374770998001	-0.9235986386284859	-0.7564977417781277	-0.8297638041576799	-0.373177120005172	-0.4619761685070486	-0.42131086072036517	0.5184453975603318	0.20048962696585632	-0.7630175106680592	-0.831327439356166	0.3442392036969008	-0.24050514352605692	-0.35431481177070345	0.5384394901910965	0.024412742767750472	-0.31635608202814824	0.5586448051440073	-0.4191751890852262	0.6730618960374734	0.07866097241621649	0.18500954323121974	-1.2417826046094855	0.14337182066359164	-0.18535293814261855	0.16882493262913695	0.10878496132284843	-0.6099631205700563	0.7333742547079481	-0.9725496476654028
DTXSID7020972	3.9211138117822033	12.594679969018781	-11.522449187616754	6.390037019602858	-1.324302293753212	3.6314484779644483	-1.773689507151886	5.438942958879602	0.021740190109180227	-1.768925997659295	-7.543561336204915	-6.588256880242763	-1.0310039934997448	1.7178848115532521	1.121642966188161	1.2889603657430233	1.029422826143305	-1.0084139831676628	1.0259661806174583	-3.131843880939583	0.7986413708461174	-1.6909052774415434	0.18229589504654697	0.6556184158469843	-2.5981851296957714	-1.3003931282825703	0.2647344395526859	0.5582710719542747	-0.019763604569765454	-0.18884708031226563	1.5878411416285168	-0.9403107291226147	-2.1290811241378815	0.6931655284523708	0.5947837555794985	0.6258817926742533	0.4250778664905538	-1.6189719003727765	0.94257352986103	-1.0129096428222915	-1.1887985401892665	-1.282411097411592	-0.17077435586376558	-1.002052282859616	0.2550904882723644	0.3256643530151012	-1.8741878312192548	0.03001444896868967	0.03516861840273956	-3.562258110574506	-0.49174230605406827	-0.45942548240675063	0.44031591454759916	-0.8390787609813098	2.646158691788068	1.9356994773371492	1.2104507069903505	-0.28722203209776015	0.04008120439747579	0.049427207927938144	-2.0221560183193614	1.0595266611044303	-0.8562294999120574	-0.19533776805011227	2.407495098371871	0.5096905199541292	0.9767606114708974	2.6336451752549417	-0.06129376790717774	1.2617920588300293	-2.309357240459866	-0.42557900629535	-0.757637966151654	1.358878645629046	0.3346798519313708	-1.2301416114278814	0.7513325907156371	0.07759439736986776	0.7206790902492466	-0.0036731186249647956	0.3654720096278652	0.35050305029312456	0.49492409290328054	1.0161488131119825	-0.5531610232011823	-0.3803989012688937	-0.4949422248875561	0.3916549157199724	-0.5681323200151467	-0.29976418786650083	0.5006503330247024	-0.8019454770915861	0.19523130171999564	-1.0890528345109929	-0.7515079808488854	1.092364959030131	-0.19601140939801018	-0.8035583972305408	-0.609132255665326	0.5887289416916137
DTXSID7021237	22.880868870608385	-2.125869486232828	8.333195229590784	4.983638112742543	-3.0174368049590266	7.156577945512856	8.294161323076995	3.930967052016436	0.7052223897575228	-3.7946130670317153	1.4570185354615877	4.828495258342646	-3.706354418389166	-0.787662947033922	1.716319542482864	-1.8043383722719797	0.57015181290109	1.9668559544647026	0.4369770627107024	1.6306436005076785	0.7387044200048339	-2.003030030448092	1.4283408008656069	-0.6046490126180345	2.0987285195341974	0.4682720230610576	0.5205766061134304	1.6927456207070741	0.992590129190295	0.7879562917012354	-1.7724049745655477	-0.24097013268485987	-1.62668824214779	0.09497882000440493	-0.7844873057712006	-0.8442816328263447	0.6485507848370172	0.2285078661961583	-1.3731986575987754	-1.026321402964077	-1.1129084212311464	-0.4467348970538057	-0.30271069958660635	-0.26547874600205645	-0.024738808745317142	-0.016199714617923817	0.6882732651177556	-0.8036190615098215	-1.4878048738428071	-0.7810605887815518	0.15323804760665247	-0.7924958756648027	-0.2601559293549787	-1.5940239070748041	0.21383095370594749	0.30650609852709026	-0.41669211108485804	-0.09566529127818277	-0.8005551976329127	0.5246938458665337	1.22777267223562	0.27490363545630453	0.6696950556564747	0.9071874931323558	0.997495725215401	0.19267821516503575	-0.009318405530785214	1.5289070218332863	0.13142935544012077	0.30578230812741625	0.41312859811972763	-0.33124749007694615	0.747297961544543	0.007657398033539298	0.3809054753949319	-0.7972864911474933	-0.2952027993896692	0.12476345817273352	-0.07104499021440974	-1.127590606096095	0.3877070478886405	-0.09861720692471213	-0.34715129803857725	-0.404259060059125	0.4548093082060855	0.41754804835309817	-0.019026668098859036	0.6046982812864135	-0.12528775622162225	0.6110516539405052	-1.0723390524100376	-0.8137126905305563	0.05759642188020072	-0.1002777797493841	-0.32431797965433	-0.335464341131531	-0.28268198528174104	0.36722748219626067	-0.5901367658690364	0.47933843268409126
DTXSID7021029	-17.71609200985568	3.7211872892008815	-2.273667763963366	-0.7487211689494041	2.1248009501063323	4.709060109398795	3.183133971558571	8.184235276678532	1.1866427842209704	1.2703261210621626	3.9744233732026406	4.180527358477004	3.2645632751236167	0.11581918794318818	1.4227928098851055	1.1820483247968594	3.6162051220467184	-1.1663652295774911	1.5251922582703716	-0.6780670594208004	0.9135730850516349	-0.7026557297663288	-2.1697285118765883	0.6261735084092455	1.4488397546445655	-0.37114903074805833	1.312176365706755	0.21565711773803128	3.070405707933699	-0.21769157203590542	1.306484704282025	1.1562810864147526	-0.4281550046157886	0.6170632893904643	-0.7641341099029259	2.7609868285316157	-0.26679051104101625	-0.2988727421300295	-0.9730260355338602	1.1713307414070875	0.0329031576484687	1.540274494493538	-1.2246382485744314	0.020511971383964083	1.0968751278454216	0.6617891468994174	0.8243461922980232	0.3087990016631305	-0.3400632022467188	-1.7103137529496082	0.40537343415645	0.7726399495220782	-0.49382566105621	-1.1139869025878233	-0.3552375635411603	-1.4404297318876018	0.17920361976674712	-0.3101044606258443	0.3871186890569952	0.6204758532587886	1.7086797333243973	0.5025316005349959	-0.402580360043232	0.3625770504235981	-0.3700992415456102	0.3093680024857543	-0.25038218596775785	1.2415915348221032	-0.2448362105318967	0.4829224720321575	0.5697758770440056	-1.0599310437638612	-0.8480377005765345	0.7463075280291959	-0.4555939842328014	1.0528763727594963	0.4757614468898169	-0.03794419478190962	-0.5291301478036124	0.10035436050375475	0.6336551338239191	-0.26766038659881775	-0.6816559750902368	-0.2891826897327923	0.0477339120689041	0.4215188621585442	-0.6243543663170572	1.2103867780630198	-0.05233977435242908	-1.0786118108613225	-0.005282474888584207	-0.49780810058984054	-0.2331139046969543	-0.3764460885009603	0.5863896739534848	-1.5649158650105894	1.721975487271652	0.623379768004573	0.2764465495308356	-0.26424720955937847
DTXSID7021100	8.848393174780899	10.083917162072677	-4.204432314800594	-10.210551858924891	-6.695770372694319	-1.3881606410441532	-11.194237287396103	-0.2733282186857672	-9.77338819594153	-1.1648997118774729	-0.3565084805998717	-2.1552981457190885	-3.9679715522942054	0.8063212650958614	3.2022048444916766	0.5487919256225836	0.8563923619302711	-0.6417558324768998	-1.7009961517812302	-0.5484624409756647	0.8155449208619527	-0.16918416332717595	0.7318845603942491	0.39900685855872664	-0.6220418678458813	-0.49606645899559	0.2483397050737809	-0.3009251744868446	-2.0175479249789623	-0.9160525726314104	0.48400114444615777	1.6340932033401563	0.2084915415770401	1.8207956369508387	-1.0184935251151452	0.25032205952433756	-0.477019270492657	0.15830154004348854	-1.542290792453034	-2.6900463123723637	-1.0020300046932658	-1.322704060122272	-0.22040653429398963	1.1409947169751962	0.45474624840560435	-0.6210906655876219	1.5543876225821642	0.5575081991511724	1.6981108338851696	1.4249878305398915	0.2540010831812308	1.4648840446614464	-0.11677431099177975	1.0649811537033507	-1.3538345767433766	0.19241338490467838	1.0983509024811398	0.9993113904298526	1.4583983998665961	0.1980151685561898	-1.4003986619641196	-1.002131318339692	-1.4798473872793036	-0.28411339530946356	-0.6941080204972889	2.1409460480981783	1.5605757473593878	0.1579180139817404	1.4314637962370005	-0.7176653132182701	0.017843308554761506	-1.0853211779162706	0.6169821397565243	1.4510838076788977	1.3515119510944968	-0.06542508142052991	-0.5493358713084355	1.6384197771319098	0.2679597388120507	0.8182779620989199	0.6183434113793449	2.471589159313255	0.09468199445888395	1.0076530422649177	-1.9934810615964622	-0.575080736293669	1.2071238743858692	1.8155599814312715	-1.0699262151177626	0.9712265173239221	-1.440283367430721	-0.050007049694950755	1.2654870483001368	-2.2801266847463695	0.33154097655605486	-1.1606781597846454	-1.0243815154062719	-0.5756360812537308	-0.10604144260371401	0.120428930156581
DTXSID7021364	-11.867787461684873	-14.366175065341142	-8.272968335747407	-6.596191211034018	0.7876290415820042	2.0527829008773866	-3.2498762534229364	2.0522730419187583	3.0671484218748293	3.2587360981988795	0.4608930972817265	1.795155252588331	-3.926227527375125	-1.2742036337336842	-0.07655079767672654	-0.976211107149169	-2.8651429000180855	0.36780576489102107	-1.5356865456030522	0.6954540681210872	0.5630082417234881	-1.7096161117866446	-1.9738251966852711	-0.3766726896614448	0.0030190850400410502	-0.4314544768291167	-0.3368309401485949	2.1341138788716965	1.0260525250925339	-1.2458354751847018	-0.09882545883417375	0.578857831825381	-1.8072416225549308	-0.2505689255521985	-0.10217430941677579	0.5702414241441556	-0.23915860256336413	-1.6141673169292092	0.6667135755757159	1.022671850757864	0.32853394238228484	2.0956038158287473	0.3874860586397163	2.2154331116012345	-1.126061494146236	0.6092525572664491	0.12187249569991356	-1.1071698118219195	-0.6147246638586209	-1.3172376626317335	0.8397557490586263	-0.7226791913707643	-1.358500242523595	1.3170434885974396	-0.31891221918027474	-1.103081759570916	-0.6967734561393124	1.2179159184095658	-0.3532404775550725	0.530704599447786	-0.29661013161376604	-0.9906191510799027	-0.8207598513116843	0.2706061873732274	1.5829656841970579	-0.801349867416327	1.0006314794170528	0.023323714146895512	-0.5799614729805856	-1.5218805970804532	0.0667999705773805	0.3317297287868712	-0.5545022299498737	-0.5765371202015684	0.7284664458163151	0.513322416843978	-0.7616975478830513	0.8162004072573366	0.5454979388509628	0.3482264981551811	0.19211478681947997	0.7936646186553609	-0.5047577014944732	0.5831759425877259	-0.14210402154826174	-1.2082554803099266	0.7966168394404469	-1.066551697920496	-0.0644012859471386	1.1452467689356458	0.14874622617185715	-1.1265393583470762	-0.5236440618579975	0.12165544959807542	-0.6072870813208341	-0.6674188612217303	0.23971230823674286	0.35938795952121083	-0.45027299077377375	-0.7691366119043894
DTXSID7021239	2.5290511977666736	-5.5989889796185235	15.374412014800996	7.689618193173226	7.805151781218431	0.7991213068037394	-7.91996372506078	-4.832995858167748	0.7286873084492588	5.857022682559242	2.8150604964436243	-3.6186224101012066	5.731011020458099	-2.9836209036812495	2.5758329362046832	4.9661008105469024	2.061620014761658	1.812433366676212	-0.5359343153330283	-0.5469681770090544	-0.7203117778312967	0.5504500099384438	-2.3018931369237983	-2.243326592687886	-5.263438349071108	0.0860731275880787	-0.12269423156090636	1.1888907192157376	1.750214667357219	-1.2026816522764001	0.44613583632823023	-1.1984100432821974	-2.1670927077817357	-1.060954045632902	0.8804889680289457	-0.20685317617978824	1.5545033025992925	1.3369151895642517	1.9363298970835565	1.0996754547464147	-2.0488771547965188	0.9874723286556218	0.2871859684835075	-0.6890623491519121	0.7962046395726585	-0.9677590182150884	1.2117635644517126	-0.007622991670488958	0.10719561000372131	1.572743153344844	-0.6222362822430205	0.21020357214623067	-0.3830070487822905	0.10749043659881276	1.625759016105547	-0.6327521424573168	0.6803625500080309	0.6218935692462179	-0.27639400369788947	1.5944201819936836	-1.239933742450724	0.44928558887029973	2.156153283523447	-1.6316725621342734	-3.5425227616130703	1.2220355590799188	0.40904028284385063	0.2590713871131342	0.5695072183699054	0.07273421104977049	-0.033310936015919675	0.7921534750673914	0.355187166476311	0.05677439541397437	-0.6392927202537412	1.3043040420920085	0.4984379602633085	-0.5112548010891609	-0.873137647524236	-0.599999806596387	0.9405437106028842	0.08494284323948192	-0.7812585563208309	0.03587482551423024	0.6746980453173084	-1.3398557859691858	0.9422501561446539	-0.5695447042403046	-0.7710023588155774	0.9494866030579243	1.0504207030900876	0.5273299299304871	-0.872325651589066	-0.6209446377771809	-0.38947897860350195	1.0385271535221015	-0.4862958508072832	0.31643569978010033	-0.12002231578080463	0.30955048662678536
DTXSID7021520	-9.844531941164895	3.663826606261985	12.461317956582466	-6.791824306315235	-6.739692350137068	-8.35263981412385	11.407837377211646	3.98027597809269	-3.741721574252245	-1.0302813384980687	-0.3814320748444138	1.38687516092055	-5.314586133180965	1.9437625165648107	-4.9237446398522176	6.079722287167975	-1.9092162635531387	1.5391327684628224	1.580453453518255	-0.11275399196167785	-3.0376054469904714	2.298474788851077	-1.9868160587049073	0.2521900908014472	-1.5727000640387117	1.4678194169597112	0.19197173005954293	0.963725946654145	-0.7314651821739161	-0.7538733526556455	-2.0496242306195867	-1.7551520177035507	-0.721874348466344	0.8128850100594365	1.1496601684108492	-0.4028600328243889	-0.029649353530990154	-1.5005901461072169	0.7500346094902819	-1.37486523618995	2.0057940187211374	0.5324538079119596	-0.5660180472500626	-1.2513038843915418	-0.766659790283601	0.8654920740638834	0.9371590348051576	-0.407983363592823	-2.0729808309830133	-0.848370915720775	-0.15333037433260435	-0.27146101607309464	0.6520647559519248	0.5475007547037963	-0.1569433785397538	0.33697988132312306	-0.7056894720053094	-0.256148879802295	0.6944398536810488	-0.6447792110447195	-0.5176814092180446	-0.37944186148316633	-0.18019312683014163	0.5486914148111834	-1.0166009066314283	0.4237511179442219	-0.07400867891959677	-0.05401848619975543	-0.9349664232367471	0.9142575308458647	0.2088912531007063	0.5423243395894658	-0.5430029765887603	-0.6796749585294216	-1.2731954070651383	1.3121214807104304	-0.6855958262780374	1.420075474084442	-0.9185817128835767	-0.9014220093436145	-0.2171418283102537	0.7058589224026582	0.2800726755935857	0.7951370902474559	0.07669847543934644	-0.7509921341828256	-0.9881948387225679	0.4325891400181558	-0.5494555498708026	-0.30140555503128413	-0.30258960599467655	0.5976001747392126	0.6201074680372142	-0.06729399742460149	0.6294530603163643	0.3680771329324719	-0.7377431300694219	0.5561750266716998	-0.4242056192014708	-0.21063505162436527
DTXSID7021653	-17.65910807111294	1.0374973006820791	2.7884766408466044	9.78991766193607	-0.21746965227832035	-1.7592420060200191	-2.7348018795727125	-2.27914566571161	5.016891412477439	-1.9178139038378887	-1.5693763856120835	4.313523597807965	-1.6697954320004733	1.975289853952963	5.620550121154353	1.1854228732363323	0.5853945111762763	-3.2784110008738154	0.09120296842873868	1.832325629427768	3.679276639475819	1.0212907068957908	-1.4548139558413387	-0.9189343720752784	3.264610899858864	-1.1528695785600085	0.2983624886434051	-2.028503561853546	0.9197387031712404	-0.6605355827034983	-0.44153506558389766	-1.9801125593272213	-2.0764535738095575	1.010370922613695	0.9219170068623642	0.13568159187588694	-0.7570729938710713	-1.5480058145280702	-1.6383194136497172	1.057938655521213	1.6359383221993353	0.44157259438325025	0.1012430945280312	1.2481471420872399	1.0577776078758077	0.6858654691787059	-1.2445304798008254	-1.329435193517476	-0.9057398452285353	-0.5895534454921901	-0.05730809533222923	-0.0679930436081775	-0.5617964302517324	0.6997724884495259	0.3727876647188488	-0.1516452057302091	0.41936293617816167	0.019068983327130026	-0.7346813985806029	-1.2719496347074657	-0.06807181166650843	0.7249523495602951	-1.650616694902919	-0.0031773439396457193	0.8614127047815339	-0.467192733748278	0.022970446847653377	-0.7551458774446624	-0.1424918193986637	-0.007567831402165133	-0.897400893542291	-0.07466784607206119	-0.49818711920068426	-0.154478696240837	0.19952914003997438	-0.03305660973893417	0.7655400533153197	0.12553552131803145	-0.16878559393409054	-0.3793791548503202	0.9925448597379659	0.7719994558291341	1.4413970143155295	-0.11149740970151154	0.9792434857628611	0.0677167010480313	0.6820260802487921	-0.5069953197825021	-0.0835098984111024	-0.8536792791533577	0.4424795594229777	-0.06666179567334633	0.31566744278089764	0.3207960060815565	0.5575740802509709	-0.3823775109529421	-0.2159057395678373	0.06374186771456003	0.40736843666813655	0.3063950485358132
DTXSID7021788	-0.2659575283366361	9.97721845059704	-10.00302894564828	1.7820020432749304	-15.202851537279265	4.903058720884921	-2.9488706602419392	-8.028313922654718	-0.9474987498243035	5.035885323182984	-0.036915612817979955	-2.801188848278172	2.024069400121654	1.672353902657086	-0.5116229554938867	0.3994357873585325	3.035620885795706	1.6425250242288383	-0.8625360811579275	-3.3909889264588053	-0.33373677820129705	-0.06763622265463559	-0.6906683635470547	-0.0063316271733854755	2.3865490344002493	-0.8080233363610373	-0.830625216271395	-0.5611428605743428	1.3713104323487861	-1.6247162682570118	1.0989282677862562	1.5808586512754517	-0.06432170528944992	-0.8112036255242049	0.39883778698819244	-0.4727464788405739	1.1174426705136487	-0.6489954931943123	1.0885173460834356	1.5502275339678993	1.4907643891718314	0.2319397247879015	-1.6103891922239155	-1.3835003380889015	-0.7747155311544115	1.424045661167913	-1.1680095208377832	-1.973144434576978	1.019909906840467	0.8564700304738789	-0.6811150075349874	-0.46132937661169965	-0.36214839540532384	-0.562524707638666	-0.43810474823611584	0.2088587112062176	-1.7525496956113584	1.5337961573793868	0.8550216152448595	-1.3796629308014212	0.23223809331550815	0.29297486961796354	-0.3414631367241983	-0.21399219450605622	0.9057371109623878	1.0367396206491668	-1.333610760525907	0.4482181197986214	0.46804646295702274	0.6813036063223613	-0.1213499417671411	1.426748353282799	-2.452328046249873	-0.09441908885296443	0.4350818709915	-2.06024469919475	0.4336918950416235	0.21430926800172354	-0.08024488681986391	-0.4847530285157043	1.7244754764233643	-1.1991749699380696	0.8051966029082953	0.4522075866549206	-0.831294354337752	-1.2661776737408372	-0.3562444964658167	-0.7150948446246168	1.5268574855811696	0.5818896685603793	-0.2833504089908112	-0.1602934190235293	0.5318160678511505	0.30293475517023755	0.3725318753915177	-0.30489939315702996	0.518872192239969	0.7114960281668126	0.35349567132567755	0.403022249019067
DTXSID7021946	-11.777478378814546	-3.6259864603068284	18.1325454764902	-1.4917309305978723	-6.9333428478057	-9.383201641310844	-1.4810560782546207	3.0836585555003198	5.346733161729387	0.28274557805504574	-5.645808470237673	-0.15899675290701853	0.575017029447532	3.3800979420283355	0.6230616633026118	1.7771015562707897	-1.842392910125828	-0.9518779441661847	-1.1087786396332815	-1.5569717668378742	0.46202720202605957	2.3995011860361184	1.6244716567484565	1.1938910408651793	-1.7062495390545207	1.619040148304875	0.08924551437623501	0.8390581346460798	0.07282535667917442	-0.06114207055949135	-0.998046629236766	-0.1926958816744086	-1.7924927507402404	-0.6543078219233798	-1.3877334274119275	-0.14011534984007915	-0.34769887766203755	0.1308702716709256	-1.0402088295052632	-0.5619248319790435	0.012617309300415287	-0.06839038223108324	0.16600734804491496	0.7112608714898192	-1.3983630747965352	0.1796636469324014	1.212774712529146	0.23294930489448992	-0.39861995903735564	0.7813826704250866	-0.12903624953595919	0.30721999699362484	-0.42748285606581116	-0.2078597099902678	0.7563207805595252	0.05910211769308968	0.4488307454063002	-0.778000894387406	-0.5800443355198526	-0.013412138122216047	0.06416791399135839	0.40755571997664813	0.021219150676164505	-0.5892938995370497	0.10058164342957891	1.5248291925223547	0.8276092867981223	-0.49098043261485674	0.25259392255406	1.4817473714078435	-0.22830269190398592	-0.3866042619377952	0.6809113165222914	-0.6928109799005859	-0.950280778556862	0.1501686651744896	0.31213407174025964	0.18269211185166853	1.0460504617327384	-0.28229329825388966	-0.2096354189000546	-0.30325177429779976	-0.4912503149630421	0.8517201582942812	-0.18071376872660655	-0.0036025750663931013	0.7620518032058167	-0.5555481291147135	0.03184457245674756	-0.31726844010435373	-0.36072191831596506	-0.7794683862233351	-1.029041758706089	-0.08824764051833797	-0.1518389487267321	0.2809850911331621	-0.6688475746418968	-0.26940263981215595	0.023835976303706215	-1.0215190966885217
DTXSID7021948	0.593282220396426	-0.19942944107215357	-9.135794252267353	8.927804644193898	5.935544747350944	-10.470889073678435	1.5874616641811174	-2.755976772190362	-3.738434944002531	-2.0212838145534615	4.689525949384901	0.11898321133046327	-1.7720365701305272	3.779734400708186	-3.602108929970014	-0.6230770379921459	3.3855110094941523	-2.165135260371219	-4.644958475726509	2.6583136388298776	-0.953568969524112	0.059672913518701465	2.0106515419310966	3.419518204452805	-0.7280376616036173	1.8820157807513969	-0.03545638993547374	0.3293394285472432	1.8811917099255695	0.5560391681849903	-2.5487700292002957	-0.7340351577910162	1.2555317584314476	2.6264983604755305	-2.0944196943151603	-0.6796714598555672	0.21921543168145963	0.02779208273500226	0.2290316790715054	-0.1471072348108579	-1.012149706057759	-1.3898861286216586	0.07601973040998093	1.3309562304253735	0.3284967036629255	0.05229556649784923	0.3943452852274992	-1.1594158480087886	-2.003460842268632	1.955143180119029	-0.680754330192851	0.22692136459344472	-0.5962992516277038	1.3550996959900043	1.174598793153338	0.3898097955513751	1.056038115130244	-0.6458250593782024	-1.4308630355591143	-1.7289487821913987	1.5464705314737839	0.9471481604394011	0.407229806058943	0.6550054377617855	-1.075456202489516	-1.7083331319687163	1.180400515289124	0.521302479605702	-1.0642208640154105	-0.3934603480825059	-1.4445863166719501	-0.5236752756717388	0.542859658332402	-1.0813271634184225	0.7846838393226295	-1.0181380136970248	0.21169814893261646	-1.3655309367464938	-0.9433235055145544	-0.13150316078841076	0.604369753779368	1.5181211285463159	0.7730404819689173	0.5164909565311618	0.13070468617486714	0.14362512868045801	-0.5848822971061157	-0.25356659792244435	-0.3750416834649173	0.44131434952572446	1.2026377683530454	-0.8364288274200723	-0.6207318396626443	-0.07658136081911335	0.6906028431379241	-0.71130809424047	0.12245478413703065	1.2167800336381476	-0.9763892679711768	0.183217146306588
DTXSID7021869	-12.795529905951348	-10.552903284131617	-6.8612053106262385	6.447802290173655	-6.646713901392797	-1.1931153278186943	3.16031652631295	-8.07101785166842	-1.950270109767073	3.133959806730676	-1.0396352049949478	-2.03714210362693	-1.8244399657789443	0.06626836035364002	2.5127650548823386	-2.9868881769656803	-1.8732163328818823	3.4640472908912834	1.1510536692753561	1.7951963857095006	2.152846676621623	-0.9595644369775443	-1.0760060448843767	1.955287106042263	-0.9094746863864567	-1.390224739461079	-1.4223393790608903	-0.13809029860217734	-0.8086300023381421	-0.3192410819016835	1.5389270661673211	0.544618820422612	0.01599046357475745	-1.3019875338890492	0.8056187110089633	0.4515955688405584	0.390915970271743	0.9250815125067882	0.3557282653986018	-1.3110229771042698	0.8553008104488358	1.4102709270122253	0.1159927932017608	-0.5827557288498766	-0.748495571097344	0.3174567550597197	-0.0907835543405519	0.3877905805351061	1.8320068849922706	-0.8367343951940088	-0.32262203041653353	0.06734549794075491	-0.2754281987811396	-0.3081335492932168	0.4843844942349479	0.1710073654472347	-0.3047473072021434	1.4412015090019352	0.8667337718761907	-0.8239156167186535	-0.38880801602464987	1.2605780145772207	-0.6412209006092062	-0.6201995748774558	-1.4343066440990522	0.22247446635192086	-0.7467366911662133	-0.11685495780889339	0.25202377265074793	-1.0143295730019932	-0.11656019891703863	-0.2072419502451555	-1.1305190200717385	-0.1808012542584575	-0.17225612810266125	-0.5647478717024624	-0.7282906253112639	-0.13540145711647308	0.3945634488914967	0.25809545394615824	0.633964403233722	0.052949205411817094	-0.34053099014885324	1.4111980150043983	-0.42426753997808314	1.0087234823444835	0.01620945167210271	-0.00019593408490831718	-0.9385012554538715	-1.2307798421694	-0.09292466993385705	-1.4678382948265893	-0.6015817975776824	0.5098604381589916	-0.23974381463719074	0.12606170868608424	-0.542376696068813	0.12492882192856014	-0.4522700754738292	-0.4460345493528487
DTXSID7021940	-14.152428654202868	-6.550872532883673	14.432188663928095	-0.165152054083092	-6.83662653308709	-7.3441878909798834	-2.8441381707570015	2.292398266693219	4.211064943078085	0.718382666321771	-4.89392541018997	0.7703229619366174	0.6760064303691952	4.792902018234832	0.5638589130034151	-0.27976660695754846	-2.3686415417233135	-0.39777504046957507	-1.4163494551792386	-0.9040775535960462	2.324193865388036	1.0439891600557558	1.8552330631845577	1.1778085557220617	0.0898114724633524	2.3323584308373957	0.7003760526072581	0.7209073749455505	-0.5970882784613879	-0.22015671839066897	-0.14042003517514773	0.022423099491555788	0.12186565778842218	-0.18260708368117623	-0.21109501360958807	-0.06221481609918093	1.3594959903259405	0.35934543086877324	1.2699118695112577	-0.14239758486844475	-0.23657823381226337	0.713706619578165	-1.0733646632887153	0.19174927814332066	-0.5482306481078559	0.23796320407058297	1.1426540207601827	-0.49853112746741596	0.8153072249606805	0.43947137917050133	-0.6215862787734289	-0.5788549469342267	1.4456935453953095	-0.9566898215933812	0.2895234412523658	-0.012499421582113729	0.6779945323039488	-0.4236514363649665	-1.1286932901373394	-0.28279865206720123	-0.36098741364130127	-1.2699216116932528	0.8575530611146753	-0.33797815505061435	1.3352967762078207	1.1055687074461455	-0.3002169422262332	0.6628085401061508	0.9458626427500264	0.5544466868780293	0.6574529105412851	0.41647669876381216	-0.15864090688962404	-0.5199378028342599	-0.6755134000247868	0.6763445418589877	1.1171196240133845	0.4242368829468362	0.595409548989746	0.7173757345287348	0.4157055780108993	-0.5346521363556941	0.4533675452035548	0.7084331098998353	-0.15304911112952949	-0.5626225769739601	0.7217859666119525	0.31806788756347953	1.5075359471403087	0.0033319130857567304	-0.32866695293501397	-0.33614171340315807	0.47445495535257015	-0.4083559751922389	0.008907851168735334	0.9355291434876027	-0.8159043345399356	0.1355333576610222	0.22411689059479484	-1.7023053728321016
DTXSID7022043	-4.416250859694508	8.614026731686694	-7.828812365169888	11.959632274780997	-0.9190186594746632	-3.1787368333339354	6.539447971938565	-9.767126172986067	3.310923844549783	-4.336928381959814	-4.626187213196034	-4.348892059378358	3.0246041333391873	-6.472403407397568	-0.9165119048385943	-0.9081888235700468	-1.3630664706791955	1.6548906054915404	-2.1196383131359453	-1.402604960187051	-0.9253364107890366	0.11760390749369679	1.2251083115769739	0.9020708331563083	-1.0917401211009485	-3.2358326930093577	0.7395372758181362	-0.19864467555786006	0.8816572473430868	-2.625440195570342	-0.34848760637904885	0.19704921555724178	-0.3911699477650644	2.7117407026290694	-0.2016977777722507	-3.415212243645513	-1.6849988392946766	0.6705796532713518	-0.18706212329226973	-0.4435221609995819	1.6463826521771256	1.5447207172521216	-1.1820310171846062	0.271310258209675	-0.49813332093154367	-1.852447054553224	-0.5819180433367362	-0.025030355281939566	-0.5293679609183644	-0.38981712616419345	-0.8124858513717038	-1.366944089977904	-0.002538780571102176	0.0386548043099244	-0.9928002247517699	-0.08984800089004505	1.1939916788211367	-0.04366613873585225	0.032144498321797645	-0.5585987812275616	0.019078662637435642	-0.13317599959026677	-0.3568689175180557	-0.4461437780234679	1.0936806642937997	-0.1641715030520598	0.446260449495569	0.33000192998476857	-0.3436921998710889	0.07146777166693973	-0.3974133776433161	1.346873996264799	1.1656003904944803	0.19399416427677205	-0.5331698517055272	0.19207706645261105	0.186292310228659	0.40028944619203294	0.29300696459607295	-0.025958139097930922	-1.7339217860249567	0.019584066167402683	0.05134378144898689	1.0927738636326758	-0.06032163516893734	0.7885343731895391	0.6487255616329243	-0.12944515571654902	-0.0502644995873798	-0.4662053536490236	0.44927936340699576	0.2671956087375372	0.007189392642137798	-0.4683196373902038	0.9550711000673244	-1.6001007829813287	0.0024536122382733073	-0.5410862483158843	-0.9213126641797573	-0.3092043350303097
DTXSID7022049	-10.405141189834545	-11.546652694376707	-0.33820784944438625	6.765705038156824	-3.9271916881303817	0.04666758056790158	-1.3719960915851037	-7.685821637188057	-5.163958423873125	7.586608219602548	-0.10611540915362487	-1.347907760698099	1.4857556754101817	-1.174887684112437	5.634811379289077	-0.42369107196502914	-3.8005040782357122	2.680306667971033	0.8516650212867789	1.1560961485743224	-0.7432329955804658	-1.5724599004316202	-0.17333014408540057	0.9737152281195727	-0.001520595687574783	0.9356748352121766	-0.8011711620978207	0.02290824163371339	-1.519721124625808	1.4768617126361003	-0.25503681154876656	-0.24461689697719785	0.5222215842228644	-0.9978637803494078	1.3337441183013148	1.7728134942181581	1.8127577042350886	0.4618598378993487	-0.9171968356332653	-0.6014384243126635	-0.6298280742357327	-0.9291239834040627	0.2910293836979797	-0.923633003418435	-1.19082315316657	0.5754789011178766	0.5485772904727303	-0.277589975551397	0.21214180714957082	0.3495202740368489	-2.0547362904415913	-0.07773788721173205	0.8975758272799806	-0.09310582333746352	0.9343747599727159	-0.07799186539960198	0.06446262405895413	0.11613419675949481	-0.6900888689787384	-0.4617008695324226	-0.6186613424256625	0.2615797226019055	-0.11305565955736288	0.6755967776337422	-1.0203122225501011	-0.4348795369090956	0.336536284021047	1.1510668316728718	-0.5905665942886696	0.08676479982358201	-0.26341794501148214	-1.098957422440698	1.0448999777441328	-0.009749040022743733	0.44941180396352115	-0.6332026634770067	-1.101009789833441	0.302273194692721	-0.5053153583140578	1.1706192085686788	-1.047797526956542	-0.0771489280326316	0.4333633337166232	1.4795357412794803	0.8066773022053194	0.8864658305115486	0.7206094139541435	-0.526286669324391	-0.618585610886805	0.5313700971166655	0.4151130659431594	-0.5948915717617674	-0.3600419480439341	-0.028719405818868282	0.6531392073057478	0.43470451802108745	-1.2159867613401814	0.34996951534506876	-0.9151320371126846	-0.3593425837552152
DTXSID7022253	11.375390532046215	-9.907086588563246	8.766492812427927	10.109147413916928	6.062662418473689	-0.8862529109215304	-5.220207577137117	-2.724922850937236	-3.2939405807444997	0.2789013997037644	3.9542128920262245	1.424094531182139	-0.008039297968933037	-0.4321903950855854	-0.09236148095240646	2.7035363874337612	2.076555203087747	1.5221168256916364	-1.815221340926733	-3.6768983980103958	-1.4581100780567076	-1.113065103314765	-0.6179260056323493	0.37259071299708507	-1.3183302965651225	-1.7036445790438592	0.22721895812129997	0.4008599290025722	0.4756563211949693	-0.1561862280990162	-2.170432990191145	-2.1964070230201003	1.1518445493497285	-2.700320562427094	-1.3496411048057682	2.1529566998001495	0.17619130179554132	1.6805835305890269	-0.9872359401400417	1.0075353048127578	-1.735565482691585	1.3093764618604946	0.05411491962849672	-0.9183569161184615	1.3228337000827155	-0.05410670142199641	-1.6757768742107002	-1.7296357606714872	-1.7607994914729979	-0.8524223512154829	-0.19179536056430344	-0.3472474343758014	2.2278040242493446	-0.14203810973001538	-0.31115371838241074	-1.6153980844625178	-2.36481474661873	-0.1218236059694266	-0.7885038259694247	-2.338424770307244	-0.8641728990274506	0.11049968126767025	0.7147280737816673	1.5240851969289995	1.6454986611889293	-0.236111290098599	-0.31366367125419475	-1.120819105775419	0.9721951205281985	0.7848960130507543	0.8961687463406702	1.1801427461126046	0.1063592589819352	0.2957350314298463	0.21172922130099814	0.15057032638235388	0.8387641037567055	-0.5165137115081033	-0.11511169758949474	-0.14853682652536962	1.1629566939848401	0.2837717089643271	0.004352324955004182	0.863565897458526	1.6846635597538542	1.070594660543345	-0.24364411178294823	-0.33639367112136365	-0.44735009935305725	0.825625494068946	-1.7212226106894977	0.6642840515225813	-0.17282394615406488	0.52643366861752	-0.4700274090725757	-0.6001514056850462	0.21850388610765495	0.34996469388073304	-0.37209435209477587	-0.46652784702849065
DTXSID7022413	-6.674855546484041	-8.794968377046594	-2.8787427627001727	7.740649802888879	-5.311793071791685	-5.592117835972496	4.158871693299323	-9.213732524612727	-6.624316541205134	6.035428886760487	-2.658720873072998	-0.9656770935164453	0.6803065271144321	1.9755524059845606	4.705404067744069	-1.7497440354705398	0.5327592792442615	2.481588144370519	2.1100215333526435	-0.714048764454152	-1.5751545566830603	-1.4156438583750184	0.6340565630980872	2.254077863429315	-0.33983230959612826	-1.5067892032307464	-1.129321382908102	-1.1088364511195143	-1.4528189879209132	1.8272900190616923	-1.0476133539854806	0.6809833488277347	-1.3404946073687714	-1.5787306446118607	1.128931783258222	1.02299351544555	-0.08776566359429673	0.19678091994570363	-1.992847740216035	-1.3347323810376768	-1.0905003349970595	1.0957185462808394	-0.7265996244430342	-0.8693938463255838	0.12345928941854789	0.9909358125977258	-0.7332840455133066	-0.3371877618940517	-0.14497964792752918	-0.05379478908887213	-0.5145648480304137	-1.1674259502937774	1.4356375990221362	0.29086368440913185	-0.20526612882347575	-0.5591669930592313	-0.3243508690343878	-0.21349071143998727	0.06468208170338594	-0.0518598038259767	0.1606813656883254	-0.4257173474539953	-0.6944953996326118	-0.06828491893064448	-0.6893325258962404	2.0697544823356715	-0.35602041910406335	-0.25115304571633057	0.5272024170090022	-0.7092256829931999	-0.0844136948521328	-0.9617471654207166	0.531985771975745	0.36918945546875653	1.1005016149596951	-0.46800455550835035	1.103293078338448	0.5945395041004885	-0.3948766613601042	0.9588816272436084	-0.5171849585321047	1.0466917486456129	-0.37705522983911927	-0.0328300526664351	-1.6219935391858145	0.21570528175339104	-0.45103478352447124	-0.42060751244786876	-0.7488964627305402	-0.18456917506003176	-0.6115308808430416	0.5069929676221149	-1.11487770767696	-0.6159756559826368	-0.9417258916846052	0.20974195565102638	0.28563013189981257	0.8574404880550438	-0.09546422824510667	-0.6237718084167573
DTXSID7022174	9.033281625167689	4.309176693990365	-5.883902410186611	-8.367092258618662	-11.553064510332856	2.4436702143072115	-13.06486615726437	0.8038507421776533	-8.473213498019007	-0.9816641068792766	-0.21983709822817327	-1.5649793921248185	-2.2488668404119583	-0.08363770932185345	1.518440007424031	2.3438061375934773	1.0282509065358465	-1.6833398443494003	-1.5423167341552033	1.7880676982477672	1.3925418146289736	0.008533656994670898	-0.1096315274726619	0.9831507179414445	-0.38296427362255897	-3.240682619264689	-0.25120848187198236	1.0892698171193207	-1.1329227291513997	-0.38672165305312955	0.6850849580654	2.815048296997306	1.0118488339709182	0.7904801400770526	-0.6663731315483927	0.6231511101255964	0.8060262205614989	0.7943758602817176	-0.15296224501889322	-2.8717181445376	0.8363761735288444	-0.445227346183974	-1.0566443076919505	0.5354790598139473	2.1725352254138146	0.886637606673033	-0.3062784286812526	-0.6665156666736762	0.3440348735471575	-0.8439063397836478	-1.2597691640261957	1.588611349261625	-0.4810387484515998	0.32086962813990827	-0.42495822390267785	0.9356233336756123	2.22233891323057	-0.16552784677891505	1.5550917696254647	1.8290736478982579	-0.14941595499240096	0.08678748382281361	0.17502357670405178	0.496641206280775	0.28999170582749023	1.090357054061863	0.145924361784647	-0.9978914651594791	-0.9628208530849364	-0.07641496839800502	1.403542560647007	-1.2526216527418148	0.93610688994205	0.0656642616013151	-0.27484927246258295	0.007063921324970613	0.9030781197983568	-0.4182107948391787	-0.11134815402288023	0.8891263623822506	0.8799079583135266	-0.12051550742605524	0.4955270187389395	0.3508349696053604	1.2767613487513	0.18074418615937143	1.6682904105902328	0.7022413959562408	-0.5603585187760799	-0.10812817084387649	-0.20730156815724657	-0.7752543706795365	0.2686104471009749	-1.0440875921942714	-0.16531758565708532	-0.4389241081893076	0.22114476443058767	0.565478913443318	0.39373927862954294	0.5965042394396921
DTXSID7023192	-15.469374046525289	10.982355598918533	-2.4821518710529724	7.908252899280855	-4.3383043855971035	-0.6442460120436202	6.428785352004843	-7.15016216868518	4.124434049611968	-4.89035829423605	1.7279675501725995	0.3433093062791634	3.7860830556772056	-7.391054783470514	0.21885851115007096	-0.21827137564180576	0.12033843691165648	1.1103561797613306	-0.41097671317193446	0.9193510689763575	0.5659978953792205	1.0293337987896898	2.271556412368669	1.6620838713750148	-0.3456591386648335	-1.771807474121177	1.402989222993177	-0.5621006485816548	-0.07820958127403896	-0.8892730536237603	0.18129515021568227	0.07987921135798685	0.06014728625122124	-0.35264645566149627	0.938824880347464	0.011398418117385144	0.24174648877995045	-0.3666478650681579	-0.5909285909868353	-0.7231187567244854	0.6057329523446836	1.375091209219919	-0.9630512204964532	-0.22257399332421032	-0.1568324660539332	1.050678835410546	0.6568427067605176	1.2361866549660983	0.04782945965432196	1.1504815118672524	0.48391249397778885	0.119518183375618	0.20089688689753477	-0.22355526611422846	-0.5429083141915013	-0.18148189103950904	0.15098918341970502	-0.4321404860736358	0.4004673747891563	-0.25292776358769975	0.7562504269250829	-0.5840647963469968	0.6857202511126236	-0.0941012850074728	-0.279812826686444	-0.30152870976467155	0.5102428768841032	-0.17958551757552602	-0.6173938036758321	-0.3982131432392436	0.5296438623377191	-0.12065454554775414	-0.6076142502734195	0.21276250942050348	-0.41357865792726556	0.8542986402866437	-1.0190771403486578	0.012430969309225019	-0.19695736052697393	-1.07167520989362	0.7470367205676863	0.25993593944404003	-0.46072176465563036	0.7515372509342709	-0.29014320055110815	-0.39686276529170184	-0.26168858016895913	0.08734788149674509	0.030100309408288214	-0.07946834674472084	-0.14901308640449853	-0.2481893447142481	-0.8281467903236962	0.0862506286495771	-0.630523666058243	0.19559854593781345	0.210275767999242	0.0488682178312189	-0.2350922478772039	-0.229690507049693
DTXSID7024085	-12.716509243486248	10.71662558763833	-0.7365650489743951	-9.993758634915618	-2.1756216035468716	0.6151629235291383	3.2016855653402727	-10.11136258335349	-1.588363285167877	-2.3920452520086233	0.2514275330541495	0.2103434165555636	5.305911218898176	-0.6473329055416999	1.2974261195778918	-1.121108909638818	-0.8514254133468312	2.1226904512779754	-1.743765729276403	-3.0342154838047244	0.38685029694704054	1.4501823933245654	-2.004554172986599	-2.990174470056602	0.7698835898315506	-1.6477852995188533	-0.23404129125761702	1.5805766568501678	1.754730785029186	4.699823688046234	-0.5233283364733913	0.6455435427340129	-1.5150366596639078	0.3530436188444502	-0.20373813800619459	-0.4603160026044098	0.4182524626276949	-1.0787131467738422	-0.012534536119800226	0.0785488710964539	0.3475031287400388	-2.8307098734309597	0.419476946240074	1.2531078087480352	0.9800193033202089	1.7352456888642651	-1.4590622547629466	0.36322834797632036	0.8777817654334441	1.409838582232755	0.8417090760759258	0.6071718698912808	0.5000668981555534	0.2705076811966036	-1.2341275117362036	-0.12433150158823267	1.3929447384054485	-3.345404107745612	0.6503321599535165	-0.9777542229871444	-0.5311239840989974	0.9340356678486963	1.0157063765806043	-1.3036880875345556	-0.8256191193316135	-0.6000718549780355	-1.6083454330309284	-0.5742845818237012	-1.0203194566774811	0.41042803899151453	1.1145225129819099	-0.04103639383520054	-0.9942084260006503	-1.346818155515683	1.2167683059771774	-0.726774914764027	0.7511985082620493	0.6730175366128159	0.8977746636574744	1.0289742933149202	-0.8554007364848392	1.1226816332112235	0.5748946163981759	-1.6028977967081397	-0.052849299364252776	0.08542961912563442	0.17605541934736232	0.9182808081204348	1.564423959089904	-0.7403154142626602	0.2296038927908961	-0.3020893788771908	-0.3377794767536787	0.21933287821984285	-0.9294353018563816	0.2968919469800587	1.1989496272074593	-0.24689561499927215	-0.6193098013936239	-0.8604398961725186
DTXSID7024087	-19.846241508404027	3.555456749126547	3.9549692795138878	-0.6178293647608254	-5.141256180647051	-1.9616292844527776	7.406784915646346	3.029822694720041	-1.295335010517727	-1.7741991309677902	3.477071314043796	5.251368021057613	-1.8012836910750005	3.46815868553678	-0.4072283877997645	1.9953926915204259	-0.5464489697866811	1.6776657376977409	1.7906945212390015	0.7165358777957413	-1.8725667018459107	2.7618358228412045	-0.8100432852136661	0.9376103838312698	-1.708971954830973	1.890421624617284	2.510236536665974	-0.11839392661818895	-0.013388231878676375	-1.4706539108374224	-0.4201812324792004	-0.11413141659958896	-1.1705531670141556	-0.07803292707445987	1.0600817269087504	-0.41483449972592334	1.0091290481826243	-1.1760109527576512	0.2758539981394242	0.7572417683314666	0.40347478202153897	-0.7871663773771813	0.16744105199558218	-0.9501682530362495	0.21751009337842092	0.07975176436328231	-0.31330169106295697	0.9831303669219988	-0.803808737319472	0.4633610624130716	0.24625338922434964	-0.5942448998229364	0.06636698239514705	-0.007874619488818426	1.4336091123050794	0.02991737915909512	-0.263310605655224	-0.5835577187977573	0.7776514723683444	0.4490672309580845	-0.3584063154561809	-0.001039287875721095	0.36964326753124166	-1.1678822568683762	0.03216577618480241	-0.7453104670427083	0.7268304453839073	0.4526454972208392	-0.15539425047148397	0.7774365464686843	-0.7735158855326312	-0.46993558467424756	0.16255508631122478	0.3867924662754833	0.4150123567709514	-0.5143623406239869	0.6919118196528792	-0.9955806129924714	0.10906861132284174	1.4916319300877707	0.25050073267622597	1.0795094038897814	-0.8192674357674729	-0.08932712666215539	-0.48146557678202456	0.400845281051721	0.1191153722984802	0.7040087960463594	0.5945106382627192	0.910116164155248	-0.01653009210481667	0.08496029437746704	0.6619288340504665	0.16821100413160597	-0.5252469405939135	0.2320191596321105	-0.16566168953973467	0.11050695079731543	0.7730398779084925	-0.5859611899389173
DTXSID7024081	-4.072030458517572	8.290006661335662	-1.6652187674609755	13.291307215173747	-0.3419301143319206	1.7016398717650785	8.553701597511004	-8.601316496381187	-0.6327883056389567	-3.4746338619019075	-6.014736828977464	-4.1188382724196515	2.6711657846365586	-5.522386444396664	1.2577334962275426	0.7599740616102818	0.8752018849690627	-2.2321755181553735	-1.2568838965705207	0.05589462400337431	2.1367440035645693	0.16494037407975265	1.6628493915732385	1.1964876715486559	-0.4766693384975099	-2.8522423945348434	2.8197759870694243	1.1857023350127665	-0.6187672394170953	-3.0783798843405603	0.01984469177056198	1.2210779390392164	2.737374615049392	-0.6509772288714255	0.8868300123978837	-2.2674886668530103	0.24066701245278835	-1.533609562073133	-0.448976502975453	-0.3077370792351877	0.6371713262951043	0.034951068202716956	-2.544665755090056	-2.4507533203811978	-2.287943079830934	1.5041572113173374	0.5263947306778981	-1.0707461024986245	-1.8490601851909831	1.324263266843181	0.9017913858171418	-1.5880935721646343	0.558193682823352	1.9299045753596056	-1.1889583987127224	-0.4598180772056928	3.5124410256358622	2.049680526365245	-2.565157862951052	1.1887078822207446	-0.20345182740524823	-1.3099734155807208	0.6038623977726901	0.46625214729192677	1.177277078489858	-0.2013737892642847	1.816434328229641	0.5119994594556849	-0.08238775357887697	-0.22454006531354176	0.8752378427249545	-0.08853235309909811	0.8316396735573626	-0.8649607836297233	0.43331653311366414	-0.1181107164413153	-0.30124380859127975	-0.9588043229637755	0.1291316357948627	0.7034406111309695	-0.5696303045031644	1.6986367816745411	-0.014250492497458517	-0.777881840234362	0.7036953965239475	0.3475794618517183	-2.715618087119136	0.016465600206270296	0.15901108101351238	0.4958242125480149	-0.5468637810220236	1.1303880782498656	1.1167531469496172	-0.27476017176809253	1.1377404823463537	0.07325838410994391	2.034345986861927	0.6867768297736687	-1.030411045936611	0.8566315401249129
DTXSID7024031	-19.67544073256953	-2.9842434123555313	-2.2523995123802214	-8.39624498761147	4.773758594654779	4.649042587948603	-3.191699958099469	-1.616018321546615	4.982731423283187	-1.0531692690482952	1.5548940982182324	5.602224693959095	-1.81188132207008	2.427185976297023	2.4999882276173366	-0.2829563787674578	1.2468358552956116	0.8141136826551797	-1.1343430946061956	0.747510212836737	-1.5435621630463676	-3.0929556318451126	-0.2507574595576095	-1.4389061404580503	-0.7803490422411288	1.3009545006246348	0.027220044076142487	1.458155533505867	0.20022716291522938	1.1738391798159817	-1.239283508433325	0.9591937811018593	1.5817497870820039	0.2416633995440166	-1.5299629808906028	0.7136814486738134	-0.43317640152124787	0.5301973165371009	0.0808573973518333	-0.709475570338118	0.9908229044975789	-1.135233185775402	0.08620197722147581	1.310232006576935	-0.2731567640571849	0.24984092305469746	0.13474638963264127	-0.41010408559238715	0.28793539694877274	1.098917085359443	0.9614888780322332	-2.0144584896973132	-0.5809500011893172	0.9408569508470038	-1.1363219350317988	-0.6556651518978023	0.20141279723858463	0.0495800176251561	-0.03612329270634842	-0.19904528852313472	0.2542584899901861	-0.108988220313307	-0.10744850335222875	0.501877317744854	0.7020170856052831	1.0610048731428123	1.496756874893742	-0.23539615888454476	0.38516857710692326	-0.9191856917729372	-0.09169854727450973	0.8607207444235327	0.5929549475993404	0.6378616409910806	0.2770076463535276	-0.6026262672501574	0.16679342321926038	0.4665034512225141	-0.2230727973092549	0.6755387259326158	-0.2182171710140894	-0.6045382224337033	0.22895559924266295	-0.09708469431152267	0.4571987780369046	-1.0015841838055077	-1.4835892850362444	0.4425180247766114	0.44974967131990995	0.0717464004069122	-0.1604001124539552	-0.558037034166536	-0.34660383070785084	0.31639129874355404	-1.0143460112253673	0.5040097228574048	-0.4463671348725413	-0.32535558950957855	0.004691192829189803	0.17215749604396438
DTXSID7024112	17.32747969948963	9.895506933071168	-8.035322960033216	-3.5834927567573462	-9.199243211088575	3.0402007235014405	-5.803941953134804	-3.7717632530805565	4.706282298877445	1.7175518555951026	2.9503351906945934	-0.7280108127919099	0.2336284310097454	5.827920403868395	0.7900084599127297	-0.18828960319541727	1.6622835108503393	1.3080642500285016	0.2424167749747756	0.42108671277840765	-1.3916582319136355	0.744303766062139	0.4618105051815152	-0.5318568661942501	0.8387252038479567	0.31766754980963224	1.8768410776324105	-1.0601492700498154	-1.9432265301305174	1.2033893890430414	-0.731167652938572	2.4984929161178187	-0.8982421800929609	0.6275379329183796	-1.7625016625038143	0.13714108685683826	-1.1903861245490062	-0.016872047923739048	-1.3486875547860044	1.3163854623766988	1.5286072015039935	0.7214480487679389	-1.15594354142612	-1.9200140564151238	-0.2933633070228617	1.0734120744434654	0.9981637274451713	-2.2273918159879895	0.21738339209354327	0.5146334024249586	-0.5330658510798729	-0.9181150062986065	0.6691198889483254	-1.4144939985831722	-0.35391912182025315	-0.8270294706790138	-1.6888794478806943	1.4445331805635824	-0.04741147934088199	0.4641998499455465	-1.1579676629616253	-0.5015610062455353	0.5469590964216592	-1.1908813620393957	-0.9231136892148161	-0.8604443794766963	1.1054989486501754	0.2422604263937769	0.7990517607875204	0.48613786832847034	-1.4121365579964151	-0.9424894082661034	-0.4014795005328203	-0.2614197750173127	-0.8062362353589875	-0.25995568111860806	0.43792251627771894	0.7387729476237119	1.4573022671636027	0.11738495510324416	0.3984186545832612	0.11652681164378495	1.1424732560506334	-0.22185306627273182	0.6231333537166637	-0.19417903191422697	-0.7124615173979127	1.5823686429381791	0.728840534641229	-0.2518766131498409	1.4799422158891256	0.05990600084039805	0.02926163335146547	0.3081623929021894	-0.11077837511849759	-0.3291546692001145	-0.10269986129485897	-0.16450261723238396	0.4549986067940552	0.08020178941563481
DTXSID7024160	19.093072747878068	9.84512292493185	-6.170756184942211	0.28382435655095495	-5.195068341932172	-0.10886499689794309	-5.200134538743955	-2.456441336298135	3.505009941320742	1.8673220394138053	1.7894778099183264	1.2448486670575658	-2.246876020196979	5.082943027032905	2.840834082982633	2.137055801165018	0.9862510371634603	-0.22307656215829869	-0.3926641034387573	-1.1826746489569073	-1.1313111198063317	-1.6517493462554578	0.8137322241994508	-0.300805816964236	-0.4432682532474216	1.0868042796652386	1.6093544766192502	-2.12158280664066	0.04134560036492858	0.47766849092594377	-0.8365458346351262	2.4851137956076643	0.09410174353136064	-0.18098750615877368	0.7802534676176454	-1.237260176476787	-0.3650418796944957	-0.9841367953150825	-0.2764544621180751	0.4691752754870684	1.7656835262672945	-0.9321687629968142	-2.1267102848013133	-1.236492283173022	-1.4500305450427229	-0.5880453073179622	-1.1741978590704598	-2.023722465756317	0.8864439379819262	0.4974104577769061	-0.4541749352459082	-0.11897973370730246	0.15915601848009142	0.01091027603898866	-1.039329642563464	-1.7299490363023344	0.4770946187859165	0.5770255924245422	0.9388133324544358	-0.023152010782554258	-0.15376608181067053	-0.066425059895227	-0.169803152967695	-0.5483670474235185	0.4558675376109427	-0.06312705047017664	-0.06943011807934095	0.36472872230877823	1.2235075337549806	0.6765089780713601	-0.8010494711301835	-1.7050651340635006	-1.162423651086648	-0.3434698314655796	1.1998093687513314	0.05900195030207748	1.4516742830734584	0.624594023564498	-1.8042607310542806	0.44216325331528733	0.1742229504341203	1.4498528358510776	0.31812358285840864	-0.23471780275591117	-0.2359852516019053	-0.532163902431441	0.05577745486399351	-0.3586680559506772	0.9728912976549816	-0.5246666185766702	1.257721736845491	0.1991569758956299	-0.9993610439369185	0.24671219597913976	0.3994855513580595	0.26552405358400955	0.2679715361558931	0.09524632480207368	0.3155962973874613	0.6189226357678351
DTXSID7024299	16.103230039100698	0.9539019688031137	-5.813384013995602	5.033213174505414	12.418296332899377	3.4042626401945215	0.1776191968259727	3.5687215699183525	0.5708103703578231	-1.0201469122731255	-2.452761839851856	1.8198698509098796	-1.2569220507206222	0.33266793447546994	-2.9491892018093235	1.9807712488238558	-3.8990434869745525	1.5668334577599092	0.20835893840449635	-0.11284646988197758	1.927826209338659	-0.3465589204004182	1.276704602522754	1.1027005446233415	-0.184227938267208	0.9444412165238316	1.3536364898074675	0.750369769590151	-2.9075912487165985	-2.8915280743308465	0.42837369143892984	1.183331851148448	0.3454770089224191	-2.95137275851786	-1.5390042864948994	1.7252578103389455	-0.11222648119223444	-0.5535350579979769	1.2285098081069092	-1.8153920227515727	0.8592011664341428	-0.8025296777845105	2.264580582579911	1.078749325760866	1.7087036432108174	0.1766010559200079	1.8057507076549153	-1.4008764298194292	0.10814580751997306	-0.1896300174961614	0.1471677187334536	-0.4810837248685415	-0.049693499652004224	-0.11739586597106265	-1.7267036701319214	1.5158052683016563	-0.4360137859733715	-1.772987936454622	0.4396013254489808	-0.4803245309438201	-1.79307166217187	-0.8943190523923472	0.4867158810307292	-0.43138548198458904	0.36896702658332814	-0.5769524742805346	-0.32538729562821517	0.43264514828876316	-0.06804829819551829	0.36365584680078417	0.9770012522247098	-1.3590840342893955	-0.29037905851594564	1.3420558744438307	-0.08350478455015217	0.3037051158164285	-0.44304027391255046	-0.3195655972410883	-0.8151659917604539	0.9741633457245747	1.13798687848325	0.1664947919764093	-1.0128134709651397	-0.3018538503402031	-1.2883001845081532	-0.037721987201381306	1.0144864875742636	0.3817205266133251	0.05166010460932481	-0.07279254446173357	0.6207973898192951	-0.6785592729927478	-1.2293858367957171	-0.3238645856095909	-0.8629416201346457	-1.4406365636849623	-0.2259718929907512	1.050324196382457	0.1730835462173677	0.7024630233426742
DTXSID7024241	13.374898944613474	5.431314276158776	-10.992861356501658	-3.979393577358935	-11.193661924926925	3.8783306317720623	-6.263535587722749	-4.102499234922399	2.392322306823975	5.633129509182066	0.9711427045357364	0.4457461988695769	-2.1570979165343824	5.369684892908087	-0.5601482071583281	0.9907289811008041	2.7588656600190054	-1.4934254340726565	-0.7765419694242792	0.3694728821127145	-2.204371672674949	0.9545663933296257	-0.20654687308130626	-1.0328842821297655	1.1926200430924319	-0.3817746558023153	0.013934226241674586	-0.29659749295162324	-1.7047680250890975	-0.3660565700179341	1.5064606465153922	3.1818000875770442	-0.3598935259519508	-0.6953029822931853	-0.28312219444870973	0.18531328705512645	-0.09567347642942085	-0.7460156557175583	-0.7522501604358474	-0.8654398956526023	2.3737597615721855	1.8011801144899868	-1.263406534662218	-1.1913676598321474	0.17870493234960763	0.49918523556592925	0.0918967134618059	-0.4055987909251731	1.8477835304450276	0.010349357973184193	0.7110697075385304	0.4776289096493866	0.01942802044768547	-0.3754660220062788	-0.30825889374158405	-1.6472859010315655	-1.1804311780985601	1.1094907404175647	-1.176999755292429	-0.03956412308910108	-0.52398000750089	1.3143109777273185	0.3078181879431728	0.16345788342993034	0.1943744230948045	0.43084037197455205	0.12136645815301488	-0.7337891798632686	1.5557716631672343	1.5189167434890558	-0.6265669107261507	-1.3840406473970117	-0.49563424055389704	-2.085361997305789	2.2177570814361287	0.4726629768184789	-0.3337172809472131	-0.6814681152553069	0.7839263854539489	0.6777210230923925	0.5378630995240892	0.6687407029317026	0.3837298937851818	0.3773722430805304	0.03257660208546593	0.403951535840488	0.09534367940144538	0.34593062842315914	-0.03478087703788785	0.8784534680151549	1.4474462257840022	-0.608537267543961	0.3773150108150276	0.14078495991668713	0.2549020298387697	0.38223079769062185	0.06273519384874687	-1.5971819594640697	1.0514064793155695	0.05909728746407527
DTXSID7024873	-6.694585113959058	4.547225986349708	-10.750871820848865	0.42426641869692316	1.5165561275182466	1.4227573595051053	15.193673079805727	4.44846954848261	-0.1677602626794952	1.9515235958888293	-6.329695275034412	-5.1033360022715755	3.29868584434226	-2.0969205975659557	1.852269834039289	-1.0679335525660594	3.5550974328455482	2.3369874668846897	-0.21126938111430746	2.437415539325616	-0.47584004889883735	1.9758914069667353	1.310809223117872	-2.9966046077204744	-2.305272580327586	-0.5646967153335775	-1.6722281941810073	-2.19514731383376	0.47670414070007605	-1.9824535564024492	-1.656683379634486	0.4306525156150992	0.634160625567828	-0.8405195104996143	-0.7271392988335217	0.17207461295988166	0.741322413898473	2.759714407108249	-1.7397996903771937	1.5269211634989999	1.1068710171009855	1.5904983677487479	1.1447208138668485	-0.6894635399529241	2.433044565586534	-1.5910241227441695	-1.445118486445004	0.9827206491182572	-0.3941037878888977	-1.7003935391048137	0.5533842469020372	2.9064153909423833	-1.6941807797351671	-0.05919743407363801	1.3141193893763257	-1.1213469701303085	-0.5133974506662885	-0.09869378934465914	0.2797152882080093	0.38681322505231763	-0.48271199078441945	1.0099051345767247	0.8155092043498906	0.7184990137357603	0.5685382799601058	-3.3353716979669676	-0.34745640251695736	0.429782582722039	-0.31985816793164756	-0.22542326971852475	1.1500489273221999	1.3276003366299136	-0.5767309880769187	0.4449048611136319	-1.080819649337112	-1.9768559610745977	2.156045401257039	-0.013759767452316137	-0.013594487797492788	-0.4292151390185739	-0.1943296219529	0.566998747032959	-1.404341374472133	0.34478257089589426	1.3954275479947207	1.6520382202706398	-0.13787593475670265	0.19164940225333094	-0.10532727100897941	0.6608799998775006	0.18662987729592126	-0.690603606118466	0.6654943841133774	-0.4700224886002246	-0.16222156920266856	-1.2022053927800709	1.073793901053378	0.1378212341511717	-1.3728123168560225	0.8762676103700661
DTXSID7024245	8.466738558757779	8.69792373305155	-4.354386207077519	-1.4230195846425937	-14.426307902085279	8.71415200482353	-12.802424149582686	6.802504997113919	-2.912680035975848	2.4232238367718897	-3.2985393690340388	-1.289904208335425	-2.639621996347124	-0.12279360262393553	0.6108032080866355	3.234484219379627	1.5272137449865548	-0.46568133105548826	0.03217903489051873	2.204871616626624	-2.8209124629726166	0.9736951407658244	1.2929895887546088	0.7825290450611804	-0.2109873421222036	-1.0316792854412558	1.2348721643746057	0.6460338625850305	-0.9306069830593627	-0.47216991138595393	0.6098129800152361	-0.015151452671086958	0.8712123327201491	0.6752517023476532	0.24509211556034133	0.7805510000575139	0.6349195914995934	0.2684421477447992	-1.045038051735563	-1.250361065980376	0.6997922780764816	-0.6526418321203958	-0.6048803672898454	0.23470332391063187	-0.21797770625751825	-1.5194199539575586	0.6087226805181474	-0.15766153074405584	1.2090042125575882	0.26840880688891394	0.6956161532309985	0.7828672659824673	0.4153445992595891	0.49904807872804174	0.12728654197770312	0.004985909792356829	0.18056067359886485	-1.5744784107210563	0.894961245988408	-0.8251271642555784	0.31503197204004485	-0.4512921518481547	0.10921387657661671	-0.5904214022742685	-0.044444254862362274	-0.7613859341638952	0.2786861261678604	2.0535011315818067e-05	-0.6896236592420483	1.2884771538872524	0.20603101087594572	0.2367551449797887	-0.6050116689740765	0.9701106904380024	-0.7429753935893988	-0.4515021245024004	-1.043598025173798	-1.7516329697102333	-0.2867743462595282	0.11487315240320785	0.27204275441170667	0.5435538695563273	-0.8739206285709874	0.20947702054460368	0.7374543721549871	0.2010141690969246	0.38499889660921266	-0.6398389787738925	0.2854992650730386	1.161281521318139	0.43849685658030835	0.4678017302430541	-0.3288934098536909	0.11538413147452078	0.681749935657823	0.2785286946171744	-0.35852462933852514	0.942854271213708	0.5632971772093565	0.9367759516779914
DTXSID7025217	1.3367894479471654	0.9097140524102205	14.58595356188653	12.544935071851992	5.480493362882089	-8.588349385155837	-5.4479165098857045	-2.133213519468418	3.569711520330427	-1.0618768468870823	-4.275004748509162	-1.9183100931885657	-2.5527005969930374	-0.11110520177140647	0.6197292773876828	1.4401986340158206	4.3660729095534005	-2.8585897082427154	-2.4373799913330454	-0.8457916132796621	1.0576928170908566	0.9214019543277491	-4.775388801056176	-2.1710710434801745	-1.8146992100532044	-0.8298306178282117	1.6332989786907568	0.46333190388740536	-0.6880751928703055	0.6443414074032623	0.23604492213960893	0.027680674480472334	-0.14717223311557948	-4.218846783749874	-1.30152796194577	0.8830291681501674	-0.3401497771785146	-2.49152710296715	0.31594991842396813	0.3136345788921328	-2.0236446053829775	0.01312831137279802	1.0927745355792045	-0.271795000630386	2.265436288391587	0.3027194351746087	1.1361697137179778	-1.6642635494785984	0.6424882423341456	-1.582653330537656	1.2662022702800806	-0.8679542732921577	0.1393318213718962	0.8472998389078252	-0.08300327831102831	-0.5021167016947313	-2.0551903074339215	-0.34105730713015764	-0.6157529537811778	1.370176752829242	-0.6231095774646014	0.38484136551214754	1.0212676122515914	1.2732330285948383	-0.8466682079864053	-0.28158191953592004	1.177653749263059	0.05530951875219212	-0.17139062348657458	2.3146235690756263	-2.0750717723549243	0.5979030130136617	0.9089759030010152	-0.4799182011082244	0.3203997813030074	-0.849909416807312	-0.7740767049943728	0.3651094340679905	-0.7897680244173533	2.1071978831254796	-0.7706697752599581	-0.1633844672133918	0.08559670452102477	-1.1177065660462857	0.9279817906889626	-1.3956934698383288	-0.35152975539930703	0.5588210606049067	1.0565999377224777	-0.6108333116298142	-1.1564363493919474	0.6470801134228571	0.057432562907843036	0.3337242806660298	-0.5245192106838295	-1.7484401457863565	-0.4229417916561791	-1.1315451068165012	0.19974574450217103	-0.6779349920106352
DTXSID7025132	-4.064979447508026	2.0178252755151966	-8.948936605019565	-0.054259346235058306	-13.549969792046786	7.206191859476668	-14.666383893979752	2.05772705010839	-3.6404999836123353	1.8062253759930238	-0.4233139316968689	-1.1064401181086154	-3.489523387029956	-1.8457320452564137	-1.2766158157238106	2.231472566091236	0.8313031509902781	1.2805582063059295	-0.09017173906664136	1.3513757698961952	1.3991604235772352	0.1381488213185561	1.3136956459996227	-0.09888882171238186	1.98190779425896	1.0258338756480845	0.7437056915280538	3.401747261423755	0.2173266138298244	-0.39367538803876406	-1.588886118207585	-1.099415978477754	0.684053276405416	-0.4351395656858136	1.2587201423144108	0.933996990009539	-0.3864431995696919	-0.0020515085889318456	0.2859649758079438	0.11111492301396403	0.6995725390764767	0.9905143996231166	0.08954880525202023	1.5729166471963048	1.0675849459816615	0.5253002117072649	0.8921410485491704	1.1332605888272578	-0.11836051320981171	-0.6518037884712695	1.9771907948211953	0.6452558036998003	-0.1139189768360908	0.7051390437481903	0.015832409801877244	-0.36074831135034674	-0.25406584842483837	1.0314968155109776	-0.9073049477872805	0.42957646579834313	-0.42239397997209926	-0.6764026926495048	0.16942430041951415	-0.47966098650532385	0.9110797312848844	-1.241365040438188	0.6338185307529112	-0.8799234265603981	0.27030644119537034	1.5638736311828594	0.5314491768043392	0.5576061980842104	0.49813583427815045	0.5734649039648603	-0.1011783183360827	0.6115564734617811	0.4341932848427428	0.3749008646404376	0.023032208615424262	1.8330178791366676	0.32574002905935734	1.370431699080802	-0.28617098828521553	0.8192578549607855	-0.9019391110187869	-0.07185174512101551	0.030276230357661728	1.1493094857241237	0.29884744511066236	-0.4675202491332192	-0.024865220176106168	0.49073878797484355	-0.216513392029548	-0.35542896983891453	-0.08465814195901505	-0.33737757862642387	-0.1696954577822018	0.3615512875887314	0.021240491000607715	-0.032955520353755895
DTXSID7025055	11.284958526054222	0.15581899502917795	19.19555384357626	2.5549342382532796	-2.659615337934307	-12.496653935037779	-2.7310873004349747	2.1927073770588734	8.007371042618677	-2.0196095088312394	-3.674280789667515	0.6409386477973895	-3.182304691007577	-4.059627532760786	0.05577435237086318	-0.621223957550138	2.869541959200724	1.587130449633527	-2.9828021827283817	0.8869369640231186	-1.0435581376665881	-2.003828018167435	-3.7665630453630454	0.5942301391512497	0.4820841772568572	-0.4885830636388729	0.3037755183253937	-0.6339288148900707	0.20315159980854644	1.1165301596385984	3.529957361393514	0.87192324327278	0.8833874569377053	-1.3688916059146237	-0.561830894080859	1.5757767793036317	0.03647496512156034	1.1020276296136866	-0.8040296171182635	-1.1214988105656496	0.5934996886073317	-0.7668329827734726	0.5829761901077025	-0.5978409950271754	0.5905883524023797	1.7887084185670932	-1.1271898728800769	1.6591138608244176	-0.5380858963535845	-0.8447196084919179	-0.6461090017132509	1.2047795295997983	-0.7221071397718893	-0.5557830906181249	0.1478028396715884	-0.4610934729213955	0.020479852578324534	-0.06565877716724083	1.1561538312734885	-0.10743364334778573	-0.33633327072458347	-0.420580407984172	1.1300795184827654	-0.08293419753837426	0.0031018782159351684	0.17040725993785316	1.7568545733697676	1.048419013881254	-0.10919820151243852	-0.05478538969919297	-0.6925745060083784	-0.1850824721606152	-1.1373181080717445	-1.3418198730602107	-0.7093783137533143	-0.9368873341460822	-0.9919291584637625	-0.27383650407700266	0.20451639506636327	-0.35592605828569923	-0.41878447614090275	0.1697915636918179	1.4846141447946763	-0.4530645433285259	-0.4248591295055844	0.07779832350710757	0.08485952232733145	-0.28060652470008957	-0.0691264490874126	-0.27441087050837737	-1.196219945224891	0.12473069116632222	-0.6698576602368191	-0.4237952681386879	-0.09998328699202358	0.4594173874292241	-0.5844044321900729	-0.19726123458620276	-0.8435606358187514	0.07811013447959973
DTXSID7025427	-18.08966908231948	3.8509108481152836	-1.9588583899467147	3.294657967256346	1.8568489084675315	4.185179010438694	-1.0138705298335806	3.7530413527870445	3.0607702284311245	1.2490363253396415	4.121171963484301	2.705683654001374	3.6306788563061616	-2.4431748181400996	1.3703766740293712	0.03487926956736557	2.2743439528725276	-0.6057079346164527	0.2924658340394904	-1.397144333027446	2.0922211740361365	-0.5932767300101137	-1.1347448911424727	4.088924317388905	0.12712982345857543	1.7278789110841153	2.503996526951075	-1.0969498482550564	-0.7066660226494542	0.6646636825283274	0.11879472611485094	2.0679084835735275	2.5034850600572844	1.3387027857639104	0.7552145100983324	-0.6343922976825835	0.16717783397480496	1.1309521489057608	-1.4526332470383339	-0.9290127585856173	-0.472799671687932	-0.9679979974528422	2.0088043206206474	-0.47128625697786364	-0.2630295214898519	-0.27491385482479885	0.25050204315551117	1.8711315199033263	0.5851551151403319	-1.3096457038199096	2.2560934451005092	-0.04260012427907383	0.439640554371537	0.0033777917756642227	-0.08582210546042406	0.30596964286474926	-0.6222447693391325	2.16919681163721	-0.11685904590592086	0.5123995552554907	-0.5139410412364059	1.6199743839878473	2.0728348756152677	0.6133615973430318	1.5420553391627698	-1.3393414798961458	0.9133787474583038	-1.08746543289804	-1.0094970215391952	-0.06332154762175524	0.4958913741289142	-0.7630248223407645	-0.15665952229303343	0.6947824813721049	-1.2717246485864027	0.2999339865462258	0.5706125285693359	0.8936827487471739	0.4878842726004454	1.4362300156024463	0.5673047185676223	0.16224246590978617	-0.18501310291889636	-0.6302426852623838	-0.22379589961480423	0.7366041930653346	0.20480288014887407	-0.5038397584617355	0.16770305166944247	-1.4463490298024206	-0.19817290842986807	-0.05656752743275847	1.0827105992579376	-0.506404801695315	0.379583943967753	0.11395313350577148	0.19586000961392072	0.7780174370986936	0.40689870694321223	0.529785052860672
DTXSID7025429	8.893931298396396	-16.749388882650674	-5.68495729493589	-3.218550954661427	-8.12816647155634	-2.61286370184632	5.4200351579104	-3.6156974716443653	-3.677078608265358	-6.510427691293938	-2.194738137653694	-0.7368078794588371	1.2329778843679315	1.0476772144041429	3.2893894081462536	-1.8296754592178774	1.4734663809550086	-0.7276726943393722	5.229766844668868	-3.6543196546033023	-0.6463081097095597	3.275195879759627	-0.3510747177098132	-0.2902292332921161	0.636731657381945	2.0562124093283596	-3.166423992535935	1.0258475215835463	1.3807320504655078	0.6122568874443529	1.9966691952753095	-0.8103166998327636	-0.8991120448981628	-0.4585710642590177	1.3921314312335995	-0.01312249128113311	1.1612431699336698	-2.179676401923062	-0.14816287661705801	0.05722508172165917	-2.5788972225945024	-2.8227131462218775	-1.0191444828750416	-0.09543530398292312	1.859875526841246	-0.6595621965702162	-0.38700205164566565	-0.09455453196794775	-1.2433204378973235	1.2107612053086927	2.521483996232691	-0.005974559528485849	-1.2619214136035592	0.09348531934358785	-1.3208964977054574	-1.8556068730278823	-1.3846908200739714	0.6252284875543141	-1.443600858442537	-0.47184618801271017	2.2204953461043497	-0.0465507873597502	1.606727150109759	-0.3408821368988668	-0.013296984172052016	0.7880417887989444	0.45439986674723454	-0.5199998236925365	-0.47026781448061844	-0.009352573615424494	0.6501833734059355	0.9794084101756624	0.5523415622750562	0.5919777749006208	0.5243704587278715	-0.40892785765658285	0.35684017537013923	0.5618156097138339	1.7170654065495194	0.37042081340624167	1.7059547631450358	-0.41055947866807696	0.5071737901725923	-0.9663892484849695	1.7145767035854873	1.3381301562171433	-0.001823047108046296	-0.7773134982263059	-0.27990643874424365	0.3483244415878489	0.039678402637702524	1.1447390065631884	0.08589752360431502	0.5094010469459149	-0.19597378681040273	-0.1997683731624445	-0.5603532721259425	0.009988728907395557	1.1622986597129614	-0.7895242731920572
DTXSID7025895	-3.575590579685761	-19.021541634590484	-10.333027166469382	-5.111921398000041	0.8545037036111347	-0.3637541826457823	1.862727679436265	5.046535577436797	2.341912108013557	-0.8860626236337563	0.9479329884719988	-6.220083507712545	-3.710987039041094	-1.6022018738998318	-1.7564574899178587	-0.4408720059652072	0.2664798497120084	-0.6309702042020608	0.031012130694435088	-1.2301178232159955	2.142009720471275	2.44149419503474	-1.9764290942489549	-0.9839249713594908	0.17874065297441954	-1.732537574736297	3.226696781081261	0.41875551310175385	-0.43123285257544813	0.5105074830481611	2.7404815544369487	1.2824796555001683	-1.5844582982309197	-1.355395834273488	1.4047557536205075	0.06425935126533497	0.5697811813495992	0.23508694823266021	-0.14862890702868836	-0.7162546577442309	1.3102875580373787	-1.7089732748271271	1.68336533037141	-0.807218793710609	-0.5390221891965696	-0.04277645446999261	-1.294209442823463	-0.35033955794770943	0.22322105403565204	1.876846239295265	-0.6520603494876883	-0.38436044360039956	1.5878192143278644	-0.8418316152614709	-3.465775392650364	0.409184011821062	1.1015573825049059	-1.5852293009683254	-0.2644618601427225	0.9403865815956739	-0.0789903022777143	1.2668393966969895	0.7258250762496178	0.6242452495049575	-0.8002844013584657	0.3257694176849874	-0.19092831609934457	0.7474065447267978	-0.3722805965202537	-0.02649064544588767	-1.292035504497499	0.6398294904698822	0.21323256359461223	0.09430824038991081	-0.38579544667206134	0.23421296564668895	0.8734152664434642	-0.9751978754997066	0.1979591206348959	-0.02284959143516509	0.27507873622137546	-0.5165366326940365	-1.5740085890797335	0.23812024243030863	0.8305463381219462	-0.043204498874057744	0.6635504786184133	0.43279456980045605	0.3431658582629329	-0.2891887243246575	-0.6327179695453243	-0.21506547570986687	-0.26099852558304676	-0.8346255854775437	0.6279235655520663	1.174910329037733	1.3797989997964288	1.3800251002508148	-0.7719831069478641	0.8087859978843713
DTXSID7026102	3.661103132730875	3.128116244472058	-6.019117376755293	-6.698040196496636	13.18692336498112	5.527428623993568	-5.396232952896552	-9.42220829202778	-0.692880469208834	2.260425471643076	-8.776866987206235	5.644643480083618	-0.24195004142001178	0.34104220887835485	-1.941118410650308	0.7878977272617261	-3.273041831768996	-0.1698684549791732	0.3705965911557418	0.4793513844926468	1.1681733672966348	0.10680719085064222	-1.3848870371669189	-0.4714714146197448	0.1762007556837775	2.2391000985249616	-0.4261307828288135	-1.6041326320668174	-0.2938714497573512	0.6438198889590356	-1.6078591483124405	-2.431836301839212	-0.09077807028256668	-0.805402623160947	-0.08601761070821577	0.4079087335355119	-0.346754577364536	0.10003452244753573	-1.6133653548067208	0.07009337494315088	-0.8809389969611848	-0.18292121944649004	-2.6869987231485037	0.46902902943302915	-1.1150053817262147	-0.5230367851948178	-2.3097601737290425	0.010244556761073902	-0.988640732557509	-0.7476907162130231	-0.24008022153827516	-0.6693230446643335	0.7794620101114871	0.4606736682052838	1.5042716715059665	0.4196695857474926	-0.9156335502083093	-0.0006193425164801893	1.235769091876376	0.03498689715059165	-0.6450161842957639	0.4913853274848541	0.08045363290057939	-2.079516427782191	-0.04458821288289818	-0.9580113812769644	0.8478152696892247	1.3861354150840401	0.6054905625579443	-0.6293210278877829	1.432745137814173	0.49239047521212465	0.2074688438882829	0.5144063227850173	1.7927939216990976	0.7320550559207535	-0.824447282157721	-1.6084814354566452	0.7113842184288195	-0.073511870742931	-0.11925883618770537	-1.2071305272574013	-0.8776535384254276	1.0311915472939288	0.9644839772583758	1.019823371025567	0.5411844121332934	-1.8596825772661123	-0.29671073052631375	0.18366011285956393	-0.19531524798078428	-1.133710075697399	0.9144435650657501	-0.4547787609753119	0.30875273687892646	-0.45381237027943133	0.5188402708111617	0.20381539798101572	-0.8246328658991648	-0.469599232701751
DTXSID7026285	-4.253210303746636	-4.03160721879401	-6.694446871615475	11.85559057638622	-0.9415981048411746	-7.855930330768313	3.1606723926698503	-3.1485349009607475	-4.858566003465718	4.896984548990338	-1.0826318002233748	3.060754067074594	-4.508638370102709	2.8298118204995966	1.816642627013335	-1.4922416504202822	-1.4272819048827734	-1.499238577201685	0.2527785546066071	1.6817183599708854	1.3772154384539723	-0.9505491134444964	1.2687792715058714	-0.11971972524389934	-0.5610050697056457	-0.366112192874261	-1.9074212382070033	-2.24609156333913	4.844610913932909	0.6396045364541969	0.5450231636292302	-0.8859805958753904	-1.765230008654981	1.535888725787724	-1.2543225360828008	1.1602574473149023	-0.3400471383581814	-2.1121708118351785	-1.3376800719255504	2.666409141023931	-0.699165468527513	0.6425588564897328	0.9765869816934336	0.19625015035980356	-0.6295524854713688	-0.024949744691560614	0.8462224737793572	3.022734277515749	0.616074197188558	-0.6033263302352143	-2.1243006603676116	1.265287870407253	-0.08241059903623114	-1.1241203945344145	-0.316181630727324	0.991747664103141	-1.1832905842184316	0.3607985459871363	2.4695730803427347	1.2467917443767575	-1.0555969547661501	-1.4211502138606376	-0.7014890350595702	-1.1042581295349019	1.0152102769581408	-0.5078610353373054	-0.10156089841036416	-0.5760932557679164	1.0131613224671299	1.9467738861412298	-0.08956959764886556	0.21057562208074143	-0.7141871490218525	-0.0968118589455777	-0.39609269903066	0.6234114729679128	-0.40676641266927627	0.0028511648714795983	0.13547653070835447	-0.39806993410080027	-0.7380688779040886	0.34047827481963083	0.7016690498006143	-1.2079873446751557	0.26399135418504915	-0.4548153182016368	-1.1579360185983523	-0.20427280176730642	-0.47696789469225864	1.4379415814419514	0.23984623960422166	-0.24486592177750868	-0.06372038211709852	0.28463738126785515	-1.015777489553941	0.32880276270573094	0.827532501043978	-0.5326498473962429	-0.5518803697993941	-0.4211170271479276
DTXSID7026156	-5.36206400072304	-1.7105851339063545	-7.632147022221385	10.435987780726412	6.375322717202175	2.0307189091410223	-1.8367867237220252	7.326592147407611	0.34906786761101133	4.233041059313962	-1.7515566011738315	1.8682677606210907	-4.410984016795853	-1.5355441713867923	2.079098114381731	0.8528855405546577	-2.9962570924327494	-4.2564758004804295	1.8762183859180288	-2.731339854256769	3.1500853990601363	-0.1801710916053902	-4.2645286371137905	0.6763964511987924	0.7711360260709603	-3.024695528011697	-1.7313020491704878	-1.7971425174714575	0.18913782357858241	-1.5779567860217525	0.498561049599384	-0.6489582069459604	-2.580035993555043	3.355224292938228	0.11502958121237593	1.6627893559317701	0.20813961665870767	-0.16474742182971644	0.21943643275183422	2.2831184820919814	1.2339211020080707	1.101892290190102	1.5798417930226194	0.6539530828566956	0.866799693484407	2.4528736164660865	0.6777013202881881	0.20649906174443064	0.8036159538427095	-0.923812565467679	-0.5160412503874421	0.08380374967735511	0.9322903547885779	-1.5739964762091638	-0.04072796571736168	-1.3225593743448347	1.2430707586648453	1.4580231015264231	-0.19823145563162417	0.9684809868903778	0.46675581204121763	0.9875374895549194	0.712523444358333	-0.6254171051611853	0.9035077775059899	0.12440517806871881	1.278388819312372	0.7875951605403104	-0.7884805509146804	0.17790699773715166	0.4049237447719016	-0.5233977269733225	-0.3464537678268911	-0.3155745065159833	-1.4669700603142704	1.939412201168667	-1.3067609605516683	0.19696745746016095	-0.07489941423174756	-0.12442508830786554	0.3826924728104939	-0.4080327361480229	0.6916009796308337	-0.6676579661127959	-1.1862262968948134	0.21352198000196948	-1.126675733090264	-1.254162148788914	1.0684457337098379	0.49323908503521574	-0.21146958862282125	0.6079004053964576	2.458764521479229	0.0903887470793742	-1.2158590498109871	-0.8235155109989997	-1.482198657421764	-1.1998595754583463	0.057963931808985354	0.9081910481920571
DTXSID7026029	-1.956041661002272	8.399074532208337	-0.5133507768613859	13.301935508232589	8.315967744792543	3.2168026316871714	-8.914460159338915	-1.7558670765114561	-2.9983904734186098	-0.2862557458815018	-2.7531899429333078	-1.185846046865385	-1.3611665399891564	-1.410346846228376	-1.43674956826385	0.7177518383223619	-1.2143671900204982	-2.9007934221709406	3.1602401045838358	-1.2691154247494103	1.8352316038236192	-1.791570096175025	-1.3176859045521692	-2.070755428065142	-0.6294681782182379	-1.0334477281907002	-0.5730510759581667	1.4373566597103307	-2.9112806028835596	-0.5116704295951848	-2.6966082905344866	-1.3566778816638319	0.10622848355533404	-0.624208481820917	1.1871035720675267	-0.7336544665462903	1.937627128688722	0.6302518888675531	0.5286084237357207	0.0817853946164448	1.810569237510049	-0.09887190330099226	0.9720491410739827	1.015603119742244	-0.6154385191628752	-1.3125367351982755	-1.75776460783691	1.0732192955908866	1.0493765579516339	-0.415152079175275	2.283673268259154	0.80166274791856	-0.11199240855484997	0.4336379297604107	-0.05370137162769709	-0.23469072988186612	2.102072222350173	-0.39511416993373494	-0.015029095502383984	-0.7700179962718081	1.0682238060712372	0.27945264610607584	0.2148621270761514	-0.008620625804100513	-0.9974093177263174	2.335952355788625	0.23809899874353346	1.5773951886184272	-1.7082605061216176	0.7920181790432556	0.408552940541155	0.442044698248613	-0.42231255697481623	-1.808913287344967	0.18887013735335204	0.6334745158620692	-0.7870397939968203	0.7809093831533988	-0.7425574000717943	-0.6964425501973066	-0.19830855768513153	0.7081327365480379	-0.15591227048277587	-0.6538509354351725	0.4108510703888368	0.6645435083090314	-1.8744785963160224	-0.22433224600996426	0.6051365707373786	-0.11355765001440613	-0.22400076274234712	0.1278877717376368	0.4202151825887814	-0.8276922832229333	-1.224944734607662	1.1889263495309381	0.5732175052410301	0.17467769635005467	-1.0223796122143072	-1.317504105261583
DTXSID7027047	-1.5496699178939557	-8.976337212345914	12.808077480374742	9.036326814232758	8.596012654970565	3.92500022698107	-11.131087104719342	-4.181127213630424	-1.5768462622286514	2.8595628519533824	2.210377168245302	-4.060832853110028	2.7699923932038892	0.5524146142778039	2.6561776973474123	5.366662956914247	3.2832127814430536	1.0423260813875772	0.512270130486139	0.7981455086988605	0.21440735423683974	1.7324045325803978	-1.3624562746449944	-4.577439207983485	-3.3362454164015776	0.018266484641704585	-2.8922626162910623	-0.6076674773179594	0.8278502705701093	1.3619597404776662	-0.00416104185844223	0.7780564963372838	0.4184819923854655	-0.3381910787923509	-1.5288738005611222	0.2686471288939367	0.017672879012486088	-0.5656823841629128	0.9372182688910446	1.1493896095186362	-1.168710393317197	2.1756792992660747	-0.22403646012916248	0.12368342851734164	-1.0236181490263996	-1.685193600089144	0.3888849521300315	0.8486686065681381	-0.49950306882310014	0.11807999127272177	0.24885476977698343	-1.3339517885618966	-0.16836476976753084	-1.0871656925818727	-0.3324635454932829	-0.6963280978256856	-0.3179350861762342	-0.10325240108000419	-0.728898530107486	-1.2727728191985834	-0.31899332814643694	-1.0322127943544785	0.7810881888492216	-0.18038882228701658	0.015278871643210935	-0.3762292298979247	0.5602417700535642	0.7118265119393861	0.16475677454526552	0.6175870639897948	-1.0439584638230064	-0.4640907987041862	-0.6790887977316281	0.07047736023406946	-0.2782645003058344	-0.06938109780685865	-0.26005388636943183	-0.7185724226924997	-1.5031454512719329	-0.20029639550713743	-0.08042493236955571	-0.694180091768795	-1.6260582890250106	0.34209387738266744	-0.47452026638004047	-0.19984583794809657	-0.021693377318862065	0.6493216528803811	-0.024604950465214284	0.34642450648751205	-0.6956223132347102	-0.7752245447679132	-0.3674813041953922	0.39393286359532476	0.04822776569676195	-0.6367264438989945	-0.30672867798531916	0.3776710360789066	-0.3248358730169768	-0.6599572654441959
DTXSID7027205	8.511584129664898	7.798421739020478	13.742563341561564	-14.008624861357468	5.3422221301931785	-1.3015048475670516	1.0731652887406442	-3.140979096569736	-6.526655694506234	-1.409763495143313	3.9367484467078526	-5.8566767478295905	-1.5265812740844513	-2.174748173413886	-0.7031931236520617	2.462691432537977	0.4357162242825636	1.1728551633433089	1.2400008641507463	2.911557804582963	6.870838064584769	-3.420000000335066	-1.375391496652702	1.3781282363086875	-3.3704476575000264	3.8800830767606973	3.2706606663394826	-2.4557354891744954	2.7206847782297947	-2.335781051733995	0.4372212827977365	0.3267391944089057	-1.431190165178121	0.1730622730741509	-0.7948946686075998	-1.7810005247304672	-1.082411623942347	0.582684078470315	0.8309747037134726	1.291041484349771	-1.1709369738151305	1.8505665874462374	1.4432781112282778	-2.660960220992895	1.1228236206058548	-1.6510713628758142	-0.1277882532243251	0.47164673183499906	1.9663300190356598	-0.7574612762014875	0.061949007818321765	0.294793171486217	-1.0552217783118762	0.028566991871989984	-1.3724376163233887	-2.094423936553633	-0.2937249057618254	0.9702041238504306	-3.326019257821253	-0.3757531210256913	-0.30287592340098635	-1.0116096860067887	-1.3336313263015325	0.4130805540795283	0.659191352242019	0.24244786017523468	0.3904876015661972	-0.8161282244160253	-1.9329398356777643	-1.294327136184753	1.6092557619759393	-1.2531487159771584	-0.12125378411863429	-1.6821877446734321	0.5903434819515808	-0.9872900008190856	-0.7565652513554825	0.05386393325248642	0.1047944127252382	-1.3838442929622137	0.17028157305746483	0.4023998724704931	-0.2681996337375659	0.6189081998840652	1.6135153183823894	-0.5723025037165511	-1.4984411304874707	1.1196805740518871	-0.38486744274298745	0.7964802222204964	0.5608140454780971	1.454196800666974	0.7821530182515787	-0.17966026039670682	0.20059723045463806	0.41927523481005263	0.4265613558012466	-0.3007036052096548	-1.2825609115051793	-0.6517569519378508
DTXSID7027461	-14.031035456560307	4.947003880617652	-7.6470373525138555	-1.5577158883963738	9.240136807484662	1.6321304261401224	4.506706322019843	10.320814579717094	2.072461607284596	-3.2062418893313342	-0.2640011194517287	-0.749722159714989	-0.27683894934625847	1.323196533547996	2.223807911429854	-2.7757756493610914	1.0337917906361567	-0.5433385540852321	0.5880067806375364	-1.312601869689318	-1.1996900497727345	0.04625249666339387	-0.8381252148376489	-0.08404857839081206	-0.62872220272598	-1.2497942371569797	-3.725590561361808	1.8098075548544639	0.11562866035956723	-1.807758022903462	-0.09366817113275232	1.3857516863988135	0.7857290003232874	-0.4818051842265504	1.465634392456001	0.9742702616672453	0.4959667684375016	1.2815086493654773	-1.4769817931993734	-0.6971457488257169	-0.735825689522171	0.05135964367101312	-1.6948148986190583	-0.878145109950104	1.0190018554850993	-0.29188823977464656	0.08063975754484333	-0.20540910805183102	0.042740656062117924	-0.4419275635996099	-0.9774880764905082	-0.2947045837121119	-0.6851350009209612	0.522544918787647	-0.9610705772651196	0.7522474270886701	-0.5548430374367382	-0.6993005535959912	-2.301164654512815	0.1761348473000742	-1.4543897978885636	-0.11798891994459627	-0.2072147169790852	-1.0313000589812142	-0.29241208392761636	-0.20188459773926473	0.7486658596612327	-0.6552812692456459	-1.5515242716503037	0.40915639282151545	0.2865341097004244	0.3408428604828033	0.818529726269629	-0.9592980049823855	0.6233407387665217	1.0207146679430843	-1.1529330129294069	-0.38715591084939427	-0.04464397730407738	0.007025502733576032	-0.6652715582186599	0.5914019226401662	0.39394333066487375	-0.06405168912613662	0.1065055791420094	-0.037086881296968875	1.0732067620236485	0.8101283797155595	0.10270695543749671	0.4648066708569438	-0.20790875645886528	0.2041478427054785	0.01799400773801512	-0.23022046116710024	-0.2863106621625106	0.46663795020589055	-1.2007760647897718	0.03365212916561323	0.5019353347434997	-0.4191870758388234
DTXSID7027540	1.2691212626889548	2.4275798869184415	-7.212206133726609	3.4548178503783338	1.714534557541777	-5.306358629488906	-13.03078369808337	1.4789114188617298	-0.24639407176109782	-7.909597445406199	4.590545428556199	1.1457087898743137	4.456518378417732	2.0470884128703575	-0.94399256558429	-3.146161482591007	-4.81303972994532	0.15535671675510748	-1.0953720314915874	1.8191556296143405	1.4032105713449088	3.074633878528528	-2.525093004846113	1.9808390361406896	-0.09399651796742499	-2.5837388799348755	-2.974571197569695	-2.460689370357013	2.2364603962956053	1.8917685129394424	-3.7637645010606597	1.0293996442741393	1.406639055349227	0.2527505156888826	0.4749614828593552	0.33886980399977823	-2.452970800143422	2.250808158325626	-0.4659367603147222	-0.3878452270195058	1.236146073320651	-0.5404332252257504	-0.8283006210265442	0.10162763618009295	-0.10319367368655318	-0.1654112201080194	1.2546967205290889	-2.589118567921278	-1.0030663142385712	-2.0300787543013943	0.26000928817284924	1.1414303713710061	0.0835582710400883	2.377860836304974	-0.9597207024143446	0.04560041573719856	0.973898226345711	0.9701940380880537	0.8038703239957541	0.5853461059271406	0.3734138065912351	0.3242997165844797	-0.15181025346200108	0.39290500837231995	-0.635311523255094	-0.34512144853021226	1.0820090332868757	-0.416318573283598	-1.2133257147526986	0.21814524770826127	0.4071243087741416	-1.5622340550984644	0.31634139501734604	-0.5845964097856727	0.585928264260022	0.8045736690703199	1.9781923302220754	-1.1454447972989517	0.039818183731296974	-0.8514916965505613	-0.007818160238350679	-0.6448424149652466	0.01762871193164423	0.21502071974609485	0.9565790503964704	-0.4593077986191841	0.10113941112511178	0.4103293450450045	0.19823135722109267	-0.4781531870253968	0.42284438910647226	-1.6992027180446798	0.5830960986230403	0.27136364200668966	-1.3796326518186062	-0.08100687008770756	-1.528104522604218	0.941024751761926	-0.07931605066501773	0.13710826755851444
DTXSID7027625	12.437455872803026	-1.4310511528294336	12.754485574878613	6.359509913207894	0.46584611475501847	-14.587432578299868	-4.575504692588118	0.4495608331577755	3.7632203423416093	-0.43185529041671245	-1.255798184586332	2.594967769750024	-2.081608257713012	-1.639722658777702	0.07462718705277395	0.2654893406398252	0.9017514527793904	2.346058451916645	-3.0227013560988567	0.08527098300669572	-3.1414293586604405	-2.0722881487590454	-3.335160914438109	-0.9041211766503561	0.05522075206556227	-3.5797363396584374	-1.4859151702139108	-0.9482536232254718	0.6478449932534476	0.5978124246142846	2.8685185724010114	-0.010495473457132488	0.9432255973375722	-1.9675116287446839	-0.03856094123415813	0.5945556252266284	-0.8835535718279656	1.9085205249293118	-0.8205994025150323	0.14605685960808346	-1.1485443272667226	-1.9920233985894882	-0.902844504631848	-0.4166762549342736	-0.41502027120714324	1.1357143406636128	0.27649214928331745	1.2387484550498546	-0.8361603737000558	-0.6759056036218103	-0.2903273284045946	0.7582472368484858	0.6368760921706269	0.6416967911884495	0.8187751160328998	0.5052205225672932	-0.7297517394238487	1.1073907153611942	0.004158360078857369	-0.4772829222819983	0.38720181904621154	0.359230878014325	1.0134044786455314	-0.0291088780518494	-0.22607705339982734	0.6769732737836875	-0.19987642413061235	0.3323093559784243	0.3867598303473529	-1.1153670988946156	-0.8060547314191937	0.18682644966651996	-0.8909138612771988	-0.4588917886693476	-0.7999748611957711	0.13198058183597122	0.3512342303730292	0.5289633073616531	0.5164152584620141	0.3955044447116154	-0.48827432249796554	-0.1419365657255285	-0.6094161342814102	-0.12260016612279653	-0.32338915942047414	-0.12248521001099276	-0.034257510392243784	-0.4017545385710506	-0.5490566139607664	0.630702279410757	0.15946175243543378	0.3553132900835398	0.7843633876453313	-0.14029795641191292	-0.3604003296726954	-0.6057617142328275	1.1617537335844055	-0.3094876318398648	0.4521355821001443	-0.7142005369541744
DTXSID7027833	-12.410208675210967	-17.474788374197736	-2.9021914660982437	-1.6307090215141054	-2.3885030396011575	1.8257863442070439	-2.590979246011057	2.315784471064913	1.975160288673017	0.8593387920067247	2.407292091240027	-3.6090455812728703	-1.267136438743192	-1.5202899167110397	2.12834507812885	-0.9352049329051491	-4.263935719715443	1.3874074946037003	-1.4005766858573971	0.02391492057226025	-0.9303647498685981	-3.9256638989079873	-0.3220924143836173	0.25975712133643475	2.198212985344399	0.45267839018157635	2.488744380690211	0.0070671092627355775	-0.4080184039378374	0.8531726330500871	-1.0227307863151598	-0.1187529152291824	1.036804567791089	0.0614583195866417	-0.4032790861726368	1.0838188933836128	-0.3272401938864142	-2.095123213469457	-1.379827418003046	0.9042567688324782	-1.5436524968073482	0.7145554613841291	-0.41824443407169465	-0.6619677473636201	-1.3046973720682973	-0.04524494442747201	0.027215458826637187	0.02596970632480368	-0.3895462183183379	0.9143751976356881	-0.40623046843793853	-0.09652877660480376	-1.2320769005415735	0.876997539283981	0.6971238098736532	-0.8871050843165407	0.5682454827032545	-0.04444973712658784	-0.0799029451542608	0.028286463330123954	-0.3624151788140643	-0.5860878141724946	0.4407890025617854	-1.2296044265111565	-0.03918690080659106	-0.6536633914365437	-0.34722030091117084	-0.6173496595057361	-0.9977352951730564	0.31497624315472333	0.034797926146970685	-0.5959419019727314	-0.49413494015734466	1.3278406959016427	1.0191096094330312	0.35730594436760993	-0.3403610151352082	1.0979655169608078	0.10865822079975734	-0.701571610334318	-0.4864962798561947	-0.8254558644212189	1.1215764282786145	-1.3208574731899998	-1.3129210882676317	0.34942590259535666	0.49189368627180025	0.19081621041662483	0.014974607624050132	-0.6079812017120654	-1.333607141030858	-0.7095360035374304	-0.398945421491876	0.3112871297703958	-0.26408168950346694	-0.7719456515332018	0.06438905313501869	-0.10090042780434808	1.4929360744629319	-0.7672812546719465
DTXSID7027756	-0.5995112282163375	-15.381867317072423	-11.742933799418827	-2.798735985973198	-5.136241905230488	-4.829659314510852	4.07831692537467	-4.234169783772677	-4.060371248612339	-2.958165810695124	1.5457102314767792	-1.9285857414122214	-0.13964618034457144	3.0388348455898218	-3.2559773683009734	0.590525984401233	4.680977072122017	1.214770747513471	-0.9408279394720825	1.1508367111300943	2.7924011754193563	1.663993409856134	-0.18505708441955776	3.1563668245283925	1.4237836928235037	-1.0686981565110283	0.025252659445801955	0.34189760542819536	-0.7890280188053425	3.9127400649355915	1.3179306239447452	0.5721431944171879	-0.7887494223980651	-0.2736018571078862	0.4587590329385944	-0.11830367620939466	1.070386324680417	0.1120314171033965	-2.139058203150459	0.8497819340707127	2.5361497162425417	0.2552873021464498	0.2624235816177821	-0.7878771638857738	0.6867823871161125	-2.617184470228752	-1.3024702429686272	-0.32161969105116606	0.5999396710502378	0.408373579994136	0.952898915201909	-0.9014655355105493	1.522694535925099	-0.8014646617857514	0.6732277845804735	0.8716534973027711	-0.0639946076556915	0.8779642699201954	-1.1838587851433786	0.4928672999753494	0.401983961081398	1.8668882906277728	0.5523507572109677	-0.4981287969105106	-0.10281452981806406	2.3478820258072695	-0.21441163699858384	-0.8562298671335573	-0.4245393497624939	0.511317901809008	-0.8402444630494947	0.5039920062692718	1.1276282756478098	0.2869607674656611	0.9286426440453518	-0.4798742941526655	0.6268682404479063	0.38634938873099023	0.1456583545429926	-0.6225141028910178	0.3493592024387827	0.21652792484518651	-0.18566744511759484	0.4719397217228544	1.0766542713668408	0.9367266556866692	0.41829026065256636	0.12616475791530624	-1.2549389967543578	-0.1776077371850023	-1.5478597494910828	0.09091767868071203	-0.4623070479107446	-0.613067017465043	-0.20634233601321522	-0.23695026184096346	-0.12570628059520617	0.8102552134766027	-0.13509347300008023	-1.1417885402334207
DTXSID7027887	19.515091063083652	0.8950086859665494	11.537753606237608	-6.6209813059878675	1.939025413179075	-5.712057446882133	-4.065081372808974	-2.644395527003157	3.3982636019778356	-1.5980457078890782	-0.8265250038818028	4.072032974425136	-3.8117034110445793	-3.194800640524985	1.990612226621462	0.7986940190618474	0.5922501562003445	2.197865119509675	0.6951873223877788	0.21305786435642654	0.3429841953181571	-2.8989360892702294	-1.9626452181007072	1.7917884965416733	1.1187319093967378	-0.21061108603878564	0.9252280448617086	-1.2992828979399864	-2.3518883315013257	-2.41242352983951	2.4765060236825542	0.7610589463580139	1.3420867788632325	-0.8029141538022807	0.3540929838223198	2.589812725607428	-2.5592754949539627	0.45138817696326533	-0.48610600391884007	1.8385251671072365	-0.3330116580597917	-0.2602819129649522	-0.7147856693975616	-1.0707585167186966	-0.4627465312291689	-1.0436888583834785	-0.36445232871242395	0.677993277222348	0.6114347618940332	-0.04911528990788512	0.6539440790652357	1.896297477536822	-2.06256183805164	-2.4273337432842865	-0.5726746831164558	-1.498646400069485	0.45850066675516277	-1.4061638402829162	2.6577304678530376	0.10532986284429355	-1.3290522100840108	-0.06982543010787566	1.7657145042761182	-1.534105118503746	1.2978457529832443	0.4303599597648429	0.19468403973182302	-0.008602200390608127	-0.5764989285355339	0.442838469672516	-1.588086872398738	-0.3045244588028606	-0.13881084525225268	0.5312940433056241	1.2057952922435866	-0.1558742795239869	0.14665931498899873	0.4100063613716429	0.8417590279686273	-0.4561474545561781	-0.5959216089872146	1.4047474664503665	0.7576436190917143	-0.19125710392463338	-0.40687517197528406	-0.04334835711457629	-0.8645471513730129	0.053894931591055927	0.20017013645209905	-1.6128712227450406	1.114570216132204	0.4367810247237433	-0.06848929469294676	0.5712191711316434	1.9630180473981946	0.5934232477243135	0.21220914565822974	-0.4241883787688512	1.033742531810256	0.7633265856582733
DTXSID7029162	1.3032491022693486	12.543904537173878	-4.0347465459699015	0.5938575715330302	15.8748470476596	7.699021375411084	-4.403880018098245	-0.8125117248354139	2.3820532785909427	-1.4594131581340348	-7.059325687414676	-1.7474855071197986	0.025289893938940333	2.6041536694675465	-2.8818967782238727	2.2975437084795662	-0.34006698820435455	2.235187025567486	3.505641350443912	-1.5866505103390196	2.568407305171482	-1.542171962342953	-0.2513348041368967	2.3004009408824824	-0.5859769341463776	3.326392471225202	-0.5472214727295396	2.1205558540525957	-1.7018664574817657	1.1586397562761617	1.9730004616881425	-1.94773760650371	1.0201985302427223	-1.3511489224492506	-0.4024591181951949	-0.7523525634753043	0.7162832825154538	-3.0883097394881345	-2.3834988332766938	0.6525136694237222	1.247094683418462	-0.3737073613308894	-0.8429502003375642	3.1088544424862175	-1.9610117410872185	0.7314046764741329	0.10981595506274645	1.4036427542202463	0.4028104558248449	-0.8941403218388633	-0.4806373753105116	-0.3371479864707884	0.43671168924243364	-0.6460455326473828	-1.0279884599397973	-0.9154010396505392	-0.8633036769093803	0.20984508336611843	0.5923570582590899	-0.411949239663355	-0.5484817682637881	-0.33588567875954484	-0.20379046008855603	-0.4024096647634692	-0.9939400108431976	0.14512654983804069	0.531843200593515	-0.264861471826654	1.153649332958658	-0.759495475840636	0.5441889641313759	1.6217871367770536	1.2376614137349686	0.17617501154124485	0.6459778214205275	0.06645650961571525	0.057706140920171164	0.19795176832950848	-0.7241846182024447	1.0864901682278711	-0.5245274787323988	0.5498123815058724	0.2001428554464134	0.00628657773834598	-0.0682427140962551	0.5599925782802171	-0.09723703786911166	0.1513523077892881	-0.7071051972358282	-0.11921807046447674	-0.008337109165782527	-0.20269841685747267	0.04834854917329622	1.6741637836535834	-0.02744598498290155	1.6103611206240405	0.326178930110747	0.7814696382572872	0.1630502883855214	0.33735769747937466
DTXSID7029320	5.0290038063658615	-2.507165952481037	3.2905289096571284	8.925601455274169	5.166519099420328	-12.763898334426013	-3.580030413901051	2.2657877521611036	-1.0695049869890902	6.221218592359457	4.242447161779584	3.6907782048675624	0.782567814614041	-0.1511505408542569	-3.3661904208766957	0.41332123323883596	-2.3229602190101137	-1.150303102837002	-0.9992544638456573	1.6636977257659833	-2.340114803189272	-0.23814589888415638	-0.14398541131867304	1.1077365559500842	1.814338131690731	-1.5956818389221477	-2.3795757911145095	-2.307136252875848	1.946996101203271	0.25705741551262684	3.081391904738891	0.830653253377633	1.2144207827558322	-0.29981293745294146	-1.283820708791435	-0.5766158573325197	-0.8807808315739103	1.7103096943397746	0.5560406229183135	-1.1958965250260816	0.4498176417221678	-2.359235891126324	-1.399432867013659	1.4542843891476165	0.5595316187947248	-0.5971473919310926	0.39619649190640904	-0.19865265756159842	1.4012261083966981	0.9458769783638097	-1.6979044204410163	-0.36435285374612386	0.7890704769607616	0.38947647942436087	0.5449493612777973	-0.5590833192733146	0.5482590671624807	-0.3185552838680193	0.9736594387326386	0.9267862476338186	-0.8239673487926678	-0.8581981684456703	0.26437643433515423	0.0030220798297324277	0.1891736223482198	-2.0142611502763383	0.19676169384167985	-1.4249216367139848	-0.21153449769549917	-1.8029448230398095	1.6429948268003707	0.5504181021435335	-0.17825812054950696	0.9794458371168872	0.05622829011465998	1.9538152496677	-0.6024817249731904	0.6770343543809092	-0.872496528988148	0.6767515557983953	0.6939042948138638	0.9579465267078283	-0.5120713965897923	1.2999408782738935	0.15106161932334156	-0.11042497225625007	-0.4010287078850616	1.0287839036152926	0.39744647769613883	-0.5782370473371529	0.3073934651922863	-0.2210750287295484	0.5816910661890151	0.5729958370688869	0.08491409240742234	0.16385197061995338	0.7343519557770888	-0.26846044959355664	-0.36808523155426004	-0.47542574680222555
DTXSID7029904	8.499076477668355	9.765561907360869	3.225837780686037	-10.315141552459199	-5.2725865256368465	5.679872741001912	5.098089644602246	-13.65687485874285	16.0297280950815	5.43066620249386	8.055078092443026	-9.104223321859973	-2.065247192413232	5.9856414525902215	-0.5880744657908337	-1.8871770609801466	1.145836344271219	-0.928343723996721	1.7788922838609427	0.10955045387993773	-0.020143474538060053	1.5179088729776908	-1.085483661729053	0.6351482157135976	2.742646751526912	-1.2963521080069864	-2.1457916701378554	-0.19376552205990524	0.2633963959237697	-1.3821618518858871	-0.7313816560970607	-1.9528737755919874	0.882546794905868	0.3898500171515824	-0.4971241494251704	1.4561766703907557	0.39293714423458026	0.8852137017794007	0.25068723707856105	-1.2561827259704261	-1.4089850552734309	0.2412822359012084	2.3070269649848996	0.7125034826863416	-0.7792447025993818	0.07744923152886153	-0.2993946059949076	0.7587734388898626	-1.772992966997233	-0.707674763460421	0.007056812629547344	-1.1701966431553479	0.5517564792637006	-0.21177769008935696	0.4649343552469733	0.7272305369340265	0.8088121832684215	-0.3478711712382155	-0.10119238174271208	-0.8035177906837322	-0.16024490617372633	-0.8859316675287868	-0.09911791058130001	0.015345633700294571	-0.31066451799498407	-0.6434356109053663	0.036308352072852865	0.2635977142013315	-0.855988595037595	-0.5391076059979151	-0.06771434585345494	0.7381231081063282	0.19471475402562843	-0.11447910263741842	-0.5100819715768566	-0.4195135380773499	-0.776008035137625	-0.6936225548405694	0.3678146476338227	-0.035773195140525925	-0.17702981985300648	0.501725249425887	-0.07798138803741983	-0.16888527350489616	-0.13892357965682278	0.8445016173477299	0.2620405365079747	0.8614522002940712	-0.623219079125324	0.4564040522798292	0.40910165540702076	0.8686989511555592	0.8689759154959523	-0.5680151857134434	-0.17097068164838292	-0.15335962531705294	-0.3752443720022878	1.1515681105900342	0.5864534591450908	-0.3042196031547498
DTXSID7030698	16.350252582699188	6.979596400024768	10.864895818396516	0.600666100143958	-8.270539458092188	12.584491516580883	13.551509117910008	0.7245649789257798	3.415911301460193	-2.209972536102054	1.1462536553796507	-0.7610677761765846	-4.229249946472384	-0.2272487588137876	0.4798305570313096	-0.03112054796169699	-3.351016232221253	-2.7815595348343134	-1.4184411825369283	5.600802819375483	0.9302639518424205	-1.412496105898365	-0.5199349975677847	-0.7494498465152739	0.1441342479893949	3.606971350428156	-0.8599914922021494	1.7050482454578422	0.4356149692120184	0.8082773715388649	-0.3192834375892536	2.3864407257782636	-0.164226223875102	0.20465093961995418	0.10438225767802085	-1.5127848823923147	-0.6331572650138355	2.250912784171899	-1.0931365450527188	-0.6953209634718105	-0.8433733790304472	-0.10032474253668314	-0.9979599115561057	1.5742210313276752	-0.26952215300499177	-1.5167978515154241	1.1144095951165365	-0.9242380228202658	0.20637114337017085	0.6835328616975599	-0.4819556080487393	-0.4917671204253536	2.911326467765954	-1.8216180474929984	0.9071788533211944	-1.336396431936277	0.3076123168290987	-0.1948749602800666	-0.6741080250339188	0.4945529863436583	-1.1927313385709706	-0.5847041947829736	0.33229017159036817	1.281338673960396	0.20461027996185518	0.7495394448771255	-0.5805437525926868	-1.269192697070522	1.4083874748926635	-0.03255787306088759	-1.032314898710406	1.03699760814757	-0.1429827570424932	0.376888290661156	0.4878326463317072	0.14151447732022734	-0.5096507044476152	0.5448638415700852	-0.4934533908611353	0.001399139431699513	2.0499520819031583	-0.5329657227458675	-0.8322419493990134	-0.08992817979125031	-0.05586866377263822	-0.8485214255607751	-0.7827232221339618	-0.8059230566609492	1.0299823521692149	0.7666022686829211	0.8643092639269657	-0.34673013370934636	-1.0973685789748513	1.211667018479024	-0.060374868322591646	0.5998446274931234	0.00878298872827266	0.07535988101992225	0.11825656409886645	-0.8438161090272165
DTXSID7032004	7.710066745826769	13.544046195806278	-9.556490310225355	2.290165660356605	-7.667632660920003	6.7113282032630295	-10.720060916169	-1.9372703372330013	5.0035255931542695	3.8589854089543367	0.2328431996166725	-3.6889863257723357	-1.0721439770879362	2.628062596149832	-0.23942714325667533	1.4534129636269641	1.446783384006609	0.06216898390530546	-0.9275621698579964	-1.344992029111971	-3.064961755217487	-1.0628895993794352	-0.5285740102429171	1.4524267875777486	-0.2689141818396961	0.6769450138787131	0.65177470205325	0.2765613961016548	-0.28823336010468115	-0.9143026906582772	0.4888958951383288	1.3613037998427737	-2.1423231522160977	-0.20320663853617082	-0.08137279120309675	0.007917998887859108	0.6770327988104438	-0.7549679137313536	-0.8106684569852176	-1.1166912010387497	0.8422305384068999	-1.0496622293065436	-1.101108232316677	-1.8009122308009857	1.252324653781254	-0.4949645835251612	-0.9384663624627788	0.8398887320348598	-0.18628824870660335	-0.2133435113286996	-0.2570316066915798	0.5217331628888738	0.7477977269015518	0.40870653233987986	-0.8514442779088195	-0.23401667665492018	0.11463592668548482	-0.8216353536080114	-0.7757462693022784	-1.1194926874241067	0.8465972956848025	-0.7524258124227993	0.8047018819292593	0.7865777848035959	1.035217404399089	-0.00564442555912309	-0.35209493795542857	1.2693842595467972	0.4298822127239134	-1.469358174694628	-1.1525060017185704	0.47190668659206153	-0.5642561787700437	-2.4625325127359856	-0.8921112222568566	0.4205019918681002	-0.7990695499558477	0.6461345297369299	-0.6539571345316139	-1.1230911073324628	-0.8676504661654575	0.21452641025882946	0.732794667527617	0.7023523137355983	-0.14566756931303787	-0.38698281132800444	0.2804826270455344	0.4020714176416653	0.10229326921309488	-1.8046642581067698	-0.21239823153903348	0.3473461717595077	-0.8921450323413025	-0.7935099963275266	0.25053125524966713	-0.35816103165511987	-0.7809526461494636	-0.7194952705771592	0.3080338006107422	0.6360952574204954
DTXSID7032345	19.436511126729165	4.176140848416608	-4.0210024741124615	2.5541870069968513	4.055377209666165	-0.7977410694617278	6.873281964176382	9.689790258558673	8.540658084112408	-0.34883646859235035	-2.7187075127791505	1.3877150181209192	-0.07292656113059856	-0.9643366263729577	4.6647790311662725	1.0357537876959153	-0.13184237601274326	2.8728373189850673	-0.9012449286279445	1.6090813225723215	-1.1675783725138418	-1.0257658371251357	0.9579415208179956	-1.2548519571317336	-0.47021609310464985	-0.2013350676409242	1.9444512220460684	-1.6078039138058156	-0.9274201733566138	2.1793018180191592	-0.5860189908709141	0.20165845314333924	-1.7490293121751401	1.1928865828215809	2.8459590015175715	-1.1396319409120255	1.3701978849635335	-0.6060444229012225	0.6970715193899826	-0.3471647024520474	-3.270932660600046	1.4808054522562515	2.3129311710872344	-2.111441301677066	-1.703578836694155	0.10497493759681904	1.3967584979783418	-0.3646371250841713	-0.6653413191732949	0.7506313372634661	0.8263149131143683	1.3558153471187717	0.3789669758765729	0.7088551516374125	-0.9305551529221868	1.0228961814075537	0.7457108550774006	-0.3980653250651258	1.5662545777569443	0.04089435466387935	0.5102131201059893	-0.7007793584783583	0.016157806207694553	2.2842798802790085	0.48250802784734614	-1.2573736451991737	-0.14997109786659438	0.1483072940303594	1.5198739124632374	-1.425592060490611	0.3890430133738514	-0.6275084512810712	-0.1543105361680166	0.2548606196128838	0.5893724727590486	0.7093987318361372	-0.7909674912534296	0.060458604601446336	0.419628754571667	0.258831746288784	-0.8464818113005554	-0.8195259030665774	0.6667834665541574	0.26655109181835995	-0.15733490785090923	-0.8937349425338719	0.9443982752032389	0.3504800475734893	-1.7924469895670347	-0.847237795259372	0.295053363192149	-0.06897855556532063	0.7173439661375481	0.1745495485743487	-0.41088632907137707	-1.0274315144366053	-0.7285795254974554	0.9442909742114257	0.47151400263439935	0.36274468431991586
DTXSID7032393	8.350826418474753	-7.40939821725493	-10.937270177769076	4.972573266286785	0.7005712239987925	-12.58441598255021	4.477374049418357	-0.9635178001955513	-1.0935440884801804	-0.41032968157924155	1.5564541412416617	1.5349369157173485	-2.686966979610332	4.08586643343936	-2.5548476408917717	0.03089493123669993	3.4245728929734947	-2.492102114070722	-3.4952844070750526	0.8191228437613649	2.204568713278736	0.7958208148495011	1.1269215176307574	0.36919572265725487	-1.4979565139165567	-0.40026445851706877	-2.0360814672539185	0.3195077658499931	2.3284561889262796	2.184856366093821	1.5566682079341692	0.9348127081977035	1.4970852498308487	0.05901869462886821	3.0616216193706642	0.35267278432199584	1.1405249963778616	-0.11101303348807041	0.2100352556402001	-0.2562474399065798	0.08768219470012527	-0.33441816458483326	1.4647455922991148	-0.5298442195573023	-0.42199979596866605	0.3982905925348426	0.627352977700383	1.0120374228055107	0.6079293175008226	0.7567547517740002	-0.6784089040983925	-0.4490102816440867	0.8602249448059303	-0.447003208199213	-0.4579493904606256	0.8949725812299087	-0.3678913525904542	-0.47735593020705447	0.8473206200759545	1.5883639747250093	-0.17229004558192465	0.34067338113134954	0.9752318092537033	0.6063699899988877	-1.1413149236316444	-0.6228530702239866	-0.3674915028807059	0.1663090366755491	-0.653614428366297	0.6206107160564571	0.5264146590869514	0.48494398685280193	-1.0945102459838822	-0.5953264999404748	-1.299636848973409	-0.5008289049126858	-0.17704153964935354	0.9630153922114972	-0.07022304990243794	-0.09942030717576979	0.05738417534944308	-0.35430475529659367	0.15332315962614676	0.08389151068394866	0.31602807463943755	-0.18594733507737127	-0.5070945027226353	0.45593129590594605	-0.3224875625837558	0.22921125594845845	0.5530960591311783	-0.4657546944481779	0.6226995260533141	0.11430439587653099	0.32644598132993335	-0.3407042385775022	0.4712066570500297	-0.7838439361883058	0.108937924583415	0.5458085956006854
DTXSID7032424	12.038887010671017	6.176327693244618	-2.411245947465992	6.37448153807647	-5.192834692334818	7.765286122236753	-13.202972190218457	3.9411613474726863	-1.623616111964994	-3.892187216603917	-0.44011202804174554	1.503004194895884	-2.7467050885147257	2.3774015100081387	0.40506124068706656	2.5761835841131324	-2.75300776734087	2.242509363644459	1.3837793032668748	1.9265564953705752	3.0399577752767595	2.2785039116538837	0.2903685305348476	0.7741594653480485	0.6211786560402821	-5.064436079741812	0.007931826631815847	-1.2720909409308647	0.6270664982335612	1.5918071223998314	-2.831932932589195	-0.5469720078061022	1.3687391295791633	-1.6610462700116289	-0.960436954069513	-1.0525861895047868	1.6720811897899712	0.13340091538993218	-1.820412363387057	-1.236094092563869	1.6149544374948994	1.1262668989621576	-2.4581349259043783	0.8346118970714232	-0.04441491412247722	-3.4142888484452616	-2.8219282628331097	-2.1746854925427552	1.4273667312528528	-0.8107529415868684	-0.22348966590812536	2.3081431835612487	-0.8450977906800593	-0.729270145270163	-1.8399657073820381	0.5276072413689097	0.7517303129859177	1.7046559638969423	0.09611313839967009	-0.3350210040119814	0.6604351615207118	1.6653746084864358	1.0972916810594588	1.041248831129645	0.4777476643036119	0.8413550425017339	1.7603577510934225	0.724028575653358	-1.6997302780867174	-0.8051074386171893	0.08907611772846806	-2.6371620461032013	0.2082896287208713	0.7561452424828696	-2.1687447893846308	-0.5573720438315819	1.2043981159390231	0.7949267523623983	-0.669220466701012	-1.1689954660300266	-1.0676838201403336	0.7440413332879551	-0.3864622961994413	-0.8061322857862534	-1.9242315773134917	0.09965931455874132	-0.5436500530814559	0.25307795878788875	1.4384529087887137	1.2725785362185253	0.6494410567899334	-0.20561905150456047	-0.6547226678233375	0.11319961218643394	0.4949607711908021	-0.5025368177315508	0.4885698340811591	0.7954000786202575	0.3424317180656613	0.060328711842646134
DTXSID7032553	13.764436831205959	9.681058784648608	-4.865008057037862	-4.170532596978175	-13.40414250481587	8.531100304759896	-9.710228146411344	-0.21459618576658604	4.310517385954851	5.02303688747846	-0.6830889896939775	-0.35808173202222526	-2.1256447455163823	3.1715320477295323	0.8979936873964891	2.6495126524328034	1.572545044117232	-1.2916014606844994	0.9966038808371593	1.3154511419044197	-3.3814191154446602	0.24827129310921445	0.9531169544918789	0.6613522270079889	-0.4112706440591857	-1.8762831147115893	1.20459145574499	-0.5426333583461224	-1.5896318838087646	-0.20257382932868118	0.18381846217243297	1.2939270246307513	-1.87470063328337	0.7595455296343941	-1.6611603056273743	0.018311800281336797	-1.4789771049829445	-1.694115088690775	-1.8978641106576497	-0.4928160443444532	-0.19736955299740014	0.7144482762975443	-1.7368056962713658	-0.8116846653504455	-0.9137846129408576	-0.24619446360369784	-0.07358080128468229	1.0760757275724464	0.19222806908983878	2.4925540290187964	-0.9227311475857491	-0.9639036529206232	0.4852305707140718	-0.5970059088383737	0.4841858743775996	-0.711727609692627	-1.7978779335621322	-0.7822841976230763	-1.3909483768352402	0.07907469323379877	0.19038053087210505	0.42176536048857366	-0.9615429970378051	-0.20193386028195948	0.5064470719492202	-1.29860635740208	-0.4640328976245316	-2.115391661115793	-0.11503264000180825	0.046386426664006025	-0.485609253155774	-1.0753942341800602	-0.25794225272986987	-0.9379763827791905	-0.36255237471842117	0.6681258994514643	-0.35197828187331714	0.6486755746507646	0.841352429544916	-0.054058290191053814	-0.09993442857132194	0.6860463016006229	-0.6263171162737133	0.5372073097754112	0.6654075276130901	0.8424719562130084	0.30283751638521944	-0.47573044146897786	0.7275013755365585	-0.24028721075059026	0.2777561680744241	0.2553137017094299	-0.1763022160935448	-0.11074075036155392	-0.1616452274018751	-0.02199647346024957	0.11322323399584788	1.5471173695273541	0.35528727078924655	0.8468449666770307
DTXSID7032470	4.857749646329053	10.272895877177124	3.983710662587197	-7.02497462215186	11.944615845888787	-8.688889705392121	-4.618412533616991	-1.458580289216502	-8.168728043076646	-2.153900777174507	3.409804440701712	-4.227594831666073	-0.4341625600311135	-0.505859823185871	2.7757886603451194	-0.5304755637352577	-0.043846509375159846	-0.05904925224127649	0.5129045468092943	-1.6610538549211444	0.7018260875569312	-1.8115493440109551	1.909410123141747	1.3771405323872885	0.5842814462829977	-2.19661583290458	1.7505531815023647	2.810974287307338	-1.9393502216068104	-1.5566733135997186	0.0157001527543535	1.027060330326949	-1.1826209949384645	-0.4076233391258248	-1.1069735681533057	-0.8893612220383834	0.6498964539581525	0.8770280502714136	-0.15254679214164446	0.6559989325831802	0.12973051449068015	0.6417122406550001	0.2527128297470694	0.2420131168078253	1.186771314539622	2.6649291408765308	-1.2699181657146963	0.1008912663536088	-1.2791914168606886	1.295947827562237	0.4985935415615408	-1.084722905101034	2.1565797463338447	2.1219104782201175	1.695966089566697	-2.3359945207370023	0.376611496957368	-1.0428017183900156	2.4238668663943086	-0.5846795226930521	1.9390186874387023	-0.042583179188344644	0.4367413760132066	-1.2082210800976685	-0.0754016523935755	0.35588931592722167	-0.13245695163643678	-0.46492772507940433	0.3349308285350705	-0.1485417906464613	-0.12726567629846952	0.3027357390258472	-1.6505808465869745	0.6520861791627138	-0.31637735010429247	-0.6876922730815206	-0.4954953873352934	-0.28960013964092945	-0.543913249691518	0.5905184993958793	-1.095930842174305	0.12412271284610271	-1.9319647454599371	-0.202673214968157	0.4491187238691556	0.32845194724839544	-0.16714514313159365	0.687670052074761	-0.6762016322785331	0.2679037600646844	-0.5960421835550114	-1.2851868032060847	1.4639726283394987	0.8002433987945547	0.5408034194570582	1.009626582944892	-0.025142609494392478	0.3938860900386548	0.33121141357803724	0.8073301592650541
DTXSID7032551	13.993809754855882	11.814664916379698	-5.7913448692106515	-7.796816655921125	-9.449635858799082	9.039401774757728	-7.2414486604715025	-4.485701560774875	7.699133818566973	5.765019623984917	0.05951107825197854	-2.7379241932532157	-2.1499954147363867	4.4882424570066135	1.5255514044835117	1.6607503326833006	2.2218501112130347	-0.6904275669842811	0.7011145727551455	0.31927786403661085	-2.0190789046105246	0.6249556501889592	0.40929812003596827	1.2491207984966797	0.8677270331226166	-0.9401039742296441	0.9691932095286823	-1.3292219874745657	-1.0934551997988133	-0.7016346234100553	-0.4316861362029761	1.1472162349366966	-1.1588049578403756	0.12769493166832935	-1.8763610055810742	0.331546425683915	0.24008048509615149	-1.9176484130060298	-2.1894725985518795	-0.9330634591270802	0.9529290480357168	-0.6767852784507845	-0.8812295874770533	-1.8771979983775133	-0.40540653350959127	0.17799359180248814	0.2660090141896732	0.9011153570341042	-0.7780473365269541	0.918278807837311	-0.09004599757897037	-0.29347707929971784	-0.2244856700529188	-1.346778307222089	0.9105338598808691	-1.5888386492486468	-1.2388517898930904	-1.5518711854729716	-1.2697247988249416	0.41163533935176844	-0.7727622223138452	-1.9767115410735903	-0.1427166215295716	-0.39892631172512727	0.39822591513617345	-0.8289323523055738	-0.22072970068502784	-0.35924145904345356	1.0634765923995821	0.047343660903405776	0.053975612067635396	-1.0131281708051971	-0.010263534344034552	-1.9428763932968827	-0.8376457079653838	-0.8012822540497697	0.47473669739082247	-0.6044353124923821	-0.3049554965378817	-1.2236684617992069	0.2023977019126395	-0.30428605147587245	0.2574912687267436	1.3575006692612464	0.44052700142919343	0.44071642573265285	0.8158529578102469	0.10758443458888245	0.1628902779206767	-0.789274748206314	-0.48177152959824604	-0.15811383983762092	0.9861701944602419	-1.2248868512273403	-0.1851734579261181	-1.5352703181807072	0.5686613312102404	0.009744030457587767	0.16944044363628316	0.6376023078759183
DTXSID7032559	20.229489205210342	-1.881133106724614	-0.21177603851077093	-5.258683734550908	-0.6385390160374758	5.114317142009147	1.9840224837752507	-4.357446552250355	10.313177022788134	3.7123599879724907	6.274507456892403	3.364340868066298	-0.4057371308795434	-0.006501772867835279	-0.34313195757903103	-0.8789319104771214	1.9780842227057827	-3.1905805878532765	1.2533969663982558	-0.2556964226452416	2.098697581862377	0.1981873736160431	0.5196548696928159	2.701619248748665	0.33025981754991024	1.3660961777071685	1.1129567081043445	-0.0064249894237336175	-4.134535848433794	-0.48649807519499966	-1.9983136460724962	0.6962646938928803	-2.1298679297619487	-0.8469747414763075	1.3881517522714093	-2.7082498606766716	-1.20969430535892	0.8396908577114053	2.4836624780576413	-0.32033513707436895	-1.0998427458686677	2.2101175743380796	0.16492760803515402	-0.07191087141058496	-0.3958141080209966	-0.7178101314209357	1.9506364435304848	1.0500653283543753	0.676545759645091	0.8010395023089176	0.9844317470813677	1.8475795136390933	-0.09826298125619497	-0.41957281912896266	1.4811480804704955	0.997870758751525	1.7593223768206758	1.036131567019821	1.0117577445580004	-0.01752678956552853	-1.2909470495434812	0.13269861392806245	0.5960687066604415	1.929684459089657	0.08564020350884997	0.12376026913943067	0.16955421384619085	0.04521696693386971	-0.17240368386284566	-0.28450298911811867	-1.944373413451923	0.006844460514152455	-0.2908808466252355	-0.036145747663082727	1.1329350949904793	0.6899042024339729	-0.28494265222244797	1.8973340454867251	1.551738594114364	1.7515649309697718	-0.8631195240387938	1.3016985574623152	-1.3260791954989668	0.6092563473413042	1.531920179506769	0.06039576921729204	0.45770114899082986	1.5431066624797385	-0.08998081578123349	0.38173869853960474	0.8003013504505875	0.1891668441789587	0.920160207307787	-0.38276478005095976	0.5526368800144188	-0.5810205546690898	1.1194726180754244	1.0543162519873812	-0.7275301665222093	1.0503100975714181
DTXSID7034383	18.319477863517363	0.4980892813954347	-8.717225487842049	0.9939369339473993	-4.978339613659254	-4.507609049171782	9.07889843793403	4.678358982566946	-1.1060827074843598	0.03772741244128286	-1.0338839183483874	0.45442455470168697	0.47244531088127334	0.19193740158886854	2.609932521980232	0.21158646270830972	3.820202508924213	-2.636708399447228	-0.612882510454335	1.4130833756738141	-0.7444728167450928	-0.3490248400022169	2.610321832918671	-2.6407504056114535	0.4912793687052581	1.7625999608666514	0.22823762875052594	1.0927698226809635	0.5532008137549929	1.2773250440047557	0.3025225240155416	-0.5019110588320986	1.2585215364189994	0.745069349065599	0.19708001736528244	-0.057157345369556224	0.19679215131557265	0.8584220567401062	0.9274426983963641	-1.243393598443691	1.1897421859636226	0.5968066080587423	1.231116554163072	-0.36022228526255373	-0.0944939504941468	0.44898177576163084	0.7943889691050181	-0.5321460880132525	-0.5557093864065688	0.8411032688487454	-2.4835099947605066	-2.0489370767222157	-0.7314817048087381	0.384091988542289	-0.5245561652750443	-1.058616559514364	0.9054385752222245	-1.043709720211769	-1.3663645155696869	0.07626257704501728	0.21504786592597094	0.6482700840218176	0.01313560876959026	0.4063958815514447	-1.158893748033047	0.21661745552339506	-0.8383779964051045	1.2817507953310259	-0.6416049056950721	-0.8366670764211082	0.16999125200282258	-0.39583392516391935	-0.04446148792411929	-0.43112316194836925	-1.1281790045442426	-0.3927178650942649	0.8563244638182014	0.19168275092493078	0.9203508750098319	-0.31581677139977615	1.9048158548390635	2.2657565268612836	-0.1963389667636153	0.5602862585961854	0.6603830536269747	0.41464779120663947	0.2838322689162113	0.2848292642850716	-0.407723702969191	-0.8177342645098357	2.2406968035462684	0.3011005865884784	0.8876609643464968	-0.20266175386097604	-1.076949520330166	0.47758330855529096	0.7565994461376955	-0.5723312935607194	-0.7260758440743931	-0.5441834330819129
DTXSID7034252	7.6744217457339765	1.5964965087458585	9.355093419512585	9.11388065733582	7.71082237124929	0.7313611073630764	-1.3570503920998538	-1.5243071274406734	-2.8276763998221384	5.338155735252441	-2.1830132283189267	6.404590053613391	1.9040446886333204	0.0632880133998343	2.221821926845845	2.4970854751450426	-1.8347531671000392	-0.7449528875741626	1.3152017659547708	-2.9712496180960155	-0.7056974427207579	-1.0791872400642362	-4.9933729242513865	-0.5745197659639564	0.5580070143618241	-3.301631075021178	-1.344106559332289	-3.8149707047887125	0.39638697885195545	0.03452042677712773	-0.8382490366384867	-1.0949779854744817	-0.7273196983778998	-0.6649860344505472	1.8715391718026164	-0.4844402004392456	1.7532430305297706	0.9268450920117769	-1.0292419310561693	0.8645941841551407	-0.09221019071399726	1.4955237730871953	-1.4464664724884082	0.5443860299950438	-1.5776125518539346	1.2648054809608957	-0.93852458466234	-1.8927063707064509	2.3012975743685367	4.531900338009937	-0.8403501574278195	0.6524118006300154	2.9715548503250093	1.892765920716208	-1.6726360328115464	-0.2521234414515656	1.4133367618281039	1.897189581005624	0.3005596731546308	0.17407786055828653	2.085659821223703	-2.070339748246518	-0.50462079821348	-0.36170166881341503	0.6834239267547485	-1.0919050008582245	1.3498491824894905	-0.37710391776484226	-1.3009330447447653	1.0027885163247219	0.9763173372692735	0.845740926679654	0.6877095436032996	0.6747019164826072	-0.30530779264762903	0.8349142828921502	-0.4522869057868819	-0.7667224392856538	2.0673772700164315	-0.27580141641134326	0.583728585409488	-0.739408613476163	-0.5614610638898228	-0.9900800265197269	0.6821242733574039	-0.6155943937564217	0.09182063583037299	-0.48931158325480384	-0.39364183540688524	-1.1443971931709307	0.6697530558878604	1.111574284037095	-0.7452998514070743	-1.8538885810311143	0.8542344428641299	0.39117185143059074	0.007954047235038623	0.09198548544411242	-1.9835337729356048	-0.9425260439574789
DTXSID7032688	13.831478370999772	-14.143773392679563	0.9209886611688187	5.169748289923442	3.5590910723680453	-3.436863045655641	-3.001129671465488	-2.627308587152253	-0.8830805417799326	-0.7894598750483963	5.292492825153298	3.353315276503219	0.9897995114494936	-2.752892293183659	-0.36849661499650277	3.824811580325761	2.2414217761045916	0.3500107130383696	-0.6677761476816231	-2.4552052883446587	0.07405563140534684	-0.621156116112376	0.3776350722470135	2.3622303335052743	-0.9075718687811871	-1.2384917060057334	0.7570469053131224	1.5976579707841918	-0.41477432900133754	-0.10900885465421763	-1.1367480701711092	-1.1722100907820903	-0.5098736086029859	-0.858401022769967	-2.3114316977596245	2.0806168440340755	0.565683559764067	0.5580440635908672	-0.08361104708212379	0.464234586949006	-1.5504006207646253	-0.0008332250610491019	0.44129359613122154	-1.842183228328195	1.4849946866865797	-0.6452466689705424	-0.47308092169521715	-1.6759643053312743	-1.8935669544771314	1.036212161369851	-1.2419534965062036	-0.636264473914078	1.480564820540792	-0.3348843715205117	-0.02780649624713969	-1.2807470271093675	-2.5794579528371617	0.2718772683284837	0.7626660731451326	-0.19126036635262092	-0.6021905255108577	-0.13849428602328823	0.16433935506132283	1.1057784168611626	-0.38649446093885126	-2.3037431900847816	0.6677968189888539	0.3395269352916768	-1.0456520490600891	-0.40689939320061325	0.7435356980614662	1.0679252847336294	-1.2096934762819704	0.8904118149943929	0.026325057095831852	0.23800856098939988	0.1488260018044654	-0.15766674661207705	0.6064334363790206	0.8649043477613606	2.116604020941529	0.5164690043102064	-0.11643618089958166	0.6124379411312407	1.1427441773156755	1.929192170746238	0.6479115876274145	0.810577225835508	0.20227234481197118	0.5520366535689823	-1.4936782829302522	1.5232547414561992	-1.409988343362659	-0.98087131638639	-1.9499301711416153	0.011099453698157022	-0.03162614338809469	0.20265365959456338	0.2648034904680892	-1.2985664195340227
DTXSID7034549	-1.4773036505336763	12.625356398169394	-10.647828688704454	3.122827593030989	-4.850727828150133	3.32534565559509	-1.0571856098662205	10.622011121577952	-2.0167469307225954	1.0404410984900856	-0.8845055870025746	-3.082659358963592	0.6314032217957589	1.308342144330667	-0.2987880350369408	-0.995207929349217	1.9351210108298544	-2.9089482540271256	-1.2394514795641738	-2.455336478962698	0.04612390601866327	-1.3944566101981284	-1.3622522187769222	0.5370537315690588	-2.9841384677195197	-0.029985051878408185	0.27931069249743073	-1.070264085051481	-1.2485705931731041	1.231481911568416	1.12013138329418	1.524766951457766	-2.1217842090476715	-0.08071478752301721	-0.11848600112519946	-0.16326812936539611	-0.8040866890765211	-2.0664374447822382	1.7914475495573106	0.31344011751067746	-2.669628849578346	0.3989989148581713	0.13992429868266404	-2.2575723261865654	0.13217775477652138	0.10113118309701948	-1.0883053139718728	0.8606740395618143	-0.3537821213881678	-0.8436655009484761	-2.2917679469340424	-1.2107163251877753	-0.27281154430109383	-0.5203738049602394	-0.630930053234342	3.1806290710415954	-1.0296603149588817	-0.08281447850372212	-0.1224730138615989	-1.9367988353878456	0.3068711808496136	0.22273534528768435	-0.12271988179508189	1.5003050049887867	1.0386130398236841	0.09200469178319348	-1.0311977313200498	-0.6858820732971537	-1.0669262440203438	-0.4781954575292073	0.5322498784665348	0.4569466895500849	-0.8876795282499239	0.37089650885990266	0.5149974114567555	-0.19471851867400966	-0.25513336621561883	-0.4913550500405982	-0.11429473201522339	0.6278701775077019	-0.11128362114521825	1.6020861658694967	1.3012137559388495	0.1428358656652751	0.1920410215937644	1.5407812310315103	0.0853192797874972	-0.3123207244327683	-0.3236208829431291	1.238855727344626	0.5694668431728354	0.6245746547616042	-0.833339053397514	0.9488184920191443	0.12043915761886315	0.7917598013877636	-0.1391041285412999	-0.5373059165779818	-0.4034994685270225	-1.7676520696827427
DTXSID7034545	14.854026427863168	-5.556389951251908	-6.1053554578145715	4.328418503886409	1.8597048398894622	-8.560064138958232	1.2184705873667576	-0.10755553174276232	-2.1841778598650263	2.375306663199632	0.12284124521162314	4.9853574775887886	0.052028977869613864	-0.24694221167141206	-0.8237684958090413	1.6324634532194693	-1.6756635422024988	-1.910227099034143	0.15109758640643253	-2.840789849695817	-0.16253799579066372	0.35827217367348496	0.22533717827395067	-1.5141234960293648	-0.7342390701512562	0.4191603224896835	-1.3827084920486696	-0.22857748085953536	1.083574809740701	1.5862153363140798	1.984696196529883	-0.8651230026974995	-0.3478909860999139	0.4144439777852734	0.659961517739645	1.1900134227941592	-2.950819581396045	0.2723692725969713	1.2372870081568013	0.868521282232571	1.0980948131054977	0.3372280016352543	0.7209235025472913	-0.9567127463150099	-1.4816452011471832	0.114675369647556	-0.9671302688423957	1.81933525099183	0.6861859328751929	-1.016662096593235	1.2112703771214912	1.1806217047164942	1.3752912581984655	-2.4366425878140507	-0.7976372249070582	-1.1005346402548883	-0.9870407438896424	-0.5019838998383226	0.2801227726444998	0.440805070686718	-0.02491652824655856	-1.1050894035377972	-0.15801870290539397	0.050417768889094	-0.49263841315651985	-0.5051473057644544	1.9865523571977042	-0.07889811846551686	-0.4412805627200497	1.3402492112257771	2.307320890281976	-0.6095423030153373	0.844443942524886	-0.35557430183072436	0.7547432198642743	-0.7666676175004472	0.40543784726340576	-1.1605867451091476	-0.5482581273643263	-0.024313323080288347	0.8259334727438037	-0.5576942797211724	0.19679279824141804	1.002445347173691	-0.6016195984972618	0.12690505776088806	-1.265858362504828	0.5220578806779194	-0.12159707115777707	-0.10946612014767568	0.06333501494729953	-0.0894380551874527	0.8272561395171061	-1.671716673661836	0.021768080324366418	-0.7719770798466367	0.44436119557554393	-0.43824829724139974	-0.14692988912753385	-0.595338396432729
DTXSID7034676	5.02254059180312	6.166845816550847	-1.1035977998809017	-14.102937561229343	12.542084409924025	-6.592336770652475	2.072364355989091	0.57776454756634	-7.4407991142591845	2.520318631009302	0.3256424865813554	-2.2925400607524975	0.9446554000378988	-1.010407594426523	3.113814355989053	-2.0266446733972785	0.20927652153295323	-1.295852316655238	-1.9619199421468227	1.416569752543458	-0.4390507573237031	-0.24703696178424633	3.2556018104683453	2.74338720081451	2.457022725257672	1.724316998521434	0.0422250305354071	-2.0541995683591248	-1.105458643837847	0.00946781817063736	-0.11568782196737841	-1.5482687844925285	0.4102633761480061	-1.238228807018564	-0.7284535098801214	-2.269653974512151	0.10733252540603266	-0.6091833359409424	0.819564913128739	-0.16611323131126954	0.11120426405991087	0.571560213083095	-0.7700880306873498	0.35734711670994135	0.20360112715143835	0.5945915686037637	-0.5853901788561587	-0.5706468245086043	0.32712139069086	-0.8286312518572034	1.0954866028247778	0.8401746941564738	0.4939909780071499	0.4500016333881327	1.286591632380849	0.06267995597821355	-0.39679606805502543	0.9814065854989567	-0.8018676901606159	-0.23902277437374467	0.12949517387904613	1.766705559011174	3.255529871199523	-0.1412574316214612	-0.23538428074619935	0.3930178130027787	0.6166129828501921	0.4490399322204366	-0.9837866773095598	-0.7135282683512721	0.7922942963804914	0.3122114391233059	-2.0155101068562167	-1.2459730782361063	0.7552210135291104	-0.2756001518961559	0.00014252740730939824	-0.11837434010036937	0.6259347201276875	0.6602218234613091	0.29799908385297535	0.42379442685003227	0.33863770345545074	0.1636491496414774	-0.5545294788755714	-0.6634816754054558	0.2884055793012085	0.08348768994882644	0.7798729983364238	0.5091459094501369	0.47426570351750696	-0.8245816304681548	-0.5435412188808522	0.38148824896228506	-0.3757816195270272	0.45369835121736346	1.1627571694779868	-0.6129761161871325	1.7842929488390853	-0.7639221389656199
DTXSID7035272	-3.591820644320776	-21.17142790551484	5.157295430685953	-2.9208768490296046	-1.1959453526940067	1.8888986643510335	-7.34878869889439	0.24070183005996196	1.56538881789447	-0.15928282892382464	3.1164680235424473	-4.501843783861841	3.4894307367493957	-3.293846084413668	1.086323322057856	2.7897009982526333	-3.19785755568164	-0.2570482583790941	0.42382818284360024	0.22304517084358477	-3.499259055533442	-1.058516611224831	1.3099813803728386	-0.039862902626159206	0.647519400194545	1.5651649663362064	-0.9871155845098321	0.4298927332935387	1.3660011906004077	-1.532111148919768	0.23137430964344874	1.1836437568442097	0.17714233397631884	0.21986429388564077	-0.680843487803969	0.4208251006723955	0.9492516309096243	-1.3515021671579592	0.057728568279460504	2.173599623269778	-0.24115978454914205	-0.09700107771041559	0.35125748417529756	-0.8753782507785646	-1.0265176285371824	-0.15807880513044986	-0.034305819116310546	0.5371414369003297	-0.22685489672357542	0.8590893290580037	-1.340140721979228	0.13937582211849564	-0.40728061570651863	0.5113985841824751	-0.6228420816290774	2.180093756841059	0.6415164021268983	0.5359265508784838	0.7551672680356194	-0.8040994108278757	-0.43650987321316265	-0.5345660102675177	0.7068558279965419	-0.5283536229868461	-0.5892229664470311	-0.8502092151317765	0.7438636970010263	-0.7818177308696678	-0.4650055598065979	0.29716186389233373	-0.6124200600227547	-0.031506654751819074	-0.6423976434887847	2.1134453264792596	-0.043209247296163746	0.07589426033627852	-0.23523425511898058	0.43078809707028726	0.7339105656551244	-0.9335975798621384	0.3557806905404756	-0.1534057718886446	-0.563687323408204	0.004407605805136463	0.5745396922186166	-1.435962362186964	-0.1035721802622757	-0.00039690453833111125	0.8674600313826113	1.1226375531995099	0.33720242345038337	0.22905964392597497	1.1561660000780114	0.8466240603332069	0.20812901367425335	0.13650327645965138	-0.34028977342500677	0.2446340709417395	0.3524271417484837	1.116480513770067
DTXSID7037262	11.260096540059655	-3.8360599880435884	16.986662555646028	6.8914474398427945	4.1438188335378525	17.389902125377187	2.4419041784847484	2.902164332797806	-3.1147559791909947	-0.8675568465981164	0.28771756642106266	2.7408838085258163	-3.807225920681735	0.15908372584867178	-1.2866128868606632	-2.806437952334418	0.024112322576053623	1.5075978811410695	-1.339981565166486	-1.4049480533610441	-0.3711564253354088	1.702015734508299	0.5434929831402598	1.9683589991710917	1.4418801879729066	0.09963784076915536	-0.38173954492715306	-0.582023111017809	0.20300607578253058	0.06582028292133744	-1.48563389562584	0.7454463272390485	-1.7377147584271362	0.5405519880645763	0.8508375738714165	-0.8377194313346844	1.0300730902791224	0.44583659496884825	0.612097073043572	-0.516902514400554	-0.3994301069685306	-0.0010041341566813787	-0.5303134212082163	1.2081449837031522	0.25257000434056665	0.19783877691871438	-0.7252726988624063	0.5061939760658317	0.658469400031281	0.7094815694875196	-1.027872592333726	0.20706688952108016	-1.1734002268595576	-1.6450318759297962	0.38209151480375225	-0.8894492085523865	1.3684421723670244	-1.2349963677222604	0.9789044532291079	-1.2665169337105544	-0.8529349525111211	1.3524593252772175	-0.405532089419722	0.47158693339857527	-0.5773702583768584	-1.22357926677084	0.6587602281634811	1.0611929867416734	-0.9305200687396813	0.428416631115439	0.6145697838550733	-0.36926016973158515	0.056733742068849694	-0.8877152275414707	0.3711286331046172	-0.24500064156213455	-0.02804086370431548	0.5397274763081952	-0.23593988916110104	0.3822516702188975	-0.31072000627562424	-1.1936278292178684	0.5506181995732292	-0.686252533076909	0.5814317084498489	-0.26253330641897965	0.03016738065295873	-0.6443887106379014	0.35052291930989077	-0.3196549966140775	-0.1211356699703981	0.3257602685803906	-0.9662269320664149	-0.18087227866998118	0.3848783975689329	-0.3132756348722898	-0.22925382380545703	0.06740303242380974	0.5890817769733233	0.7759137240964364
DTXSID7037551	-3.3739678051342645	-1.3999706551309816	-14.169559830559058	7.123563579277382	10.50017348605925	-1.554008891174951	-0.6739180264397147	2.8402939027577894	1.9516316425278686	0.42217512358225917	-1.932661348219042	-4.062562318840538	0.36819777610844223	1.186783901030581	-5.664792247162356	3.508698724247576	2.1741822853431274	1.3340200417117718	0.3072235438882878	1.4683422733168539	2.679494994075603	-0.7483822651475004	-0.5250734631127312	2.3813014483718	2.1639912045170995	0.9407664021074973	-0.19909279157392956	2.7997572437467273	1.5915902650541334	-1.50265651427592	-0.61523922740937	1.8242531092934218	-1.3274507337560266	2.6807755926772554	-0.23795175569100896	2.983449066519421	-1.6724216421582196	0.8669191749071543	1.4514751678778168	-1.0802931669531366	1.2664924657580312	0.028073742567707116	0.14669052350611486	1.3496656130674827	0.8812257992519488	1.1163996319972416	0.45281870276154584	-0.8176218307405156	0.009318296608059932	0.7489272374576954	-1.198133659832463	-0.35909166105725815	-0.6934088776238287	1.7638149244716583	-0.21810537564124535	-0.0965447200898899	-0.7843655882513234	-0.8164794544307445	-1.0726372579705474	-0.9405712946066165	1.3596459694570036	0.7783825708398728	0.8935999764890951	0.3620786657112618	0.016467959590053517	0.7280540360719266	-0.40036626966147815	0.3396069081743121	1.25227511375603	0.17469133143670593	-0.106950097398424	1.5654133754286674	-0.057322894839894535	-0.3086528258279763	-1.0528679843426714	-0.0980051709502314	0.2471453265952684	0.3495365443158415	0.9928308563277957	0.7293267982808134	-1.2067737136710095	1.10059361332665	-0.36853255027752424	-1.0477176029950714	0.218547425316788	0.4352379426874035	-0.23538487828641438	1.304193301964433	-0.9149406498876618	-0.1103782688559243	-0.13812241454330373	-0.7746860293836577	-0.331058201113631	0.10308299454914774	-0.4287500344852318	-1.046710209088971	0.7617416419744559	-0.021867034671014023	-0.2523957449240429	1.4067508981293617
DTXSID7040362	9.08861997079567	5.601613794827269	-12.749978105474625	-0.8466158606328316	-10.366580670865268	6.5691348676565156	-7.895902989371338	1.665419256212101	-3.114419380428017	4.045402227682234	-6.9456589059363925	0.9792334266514443	0.08007560792995659	0.023273790546729886	0.940758544718766	1.5861785939189967	1.7444251224686045	0.19839138729398603	-0.7634209123392783	0.6031929163361527	0.5538130196613255	1.322710621123687	-1.804855496901103	-0.1289145712441901	-1.2622647782531342	-1.0389463060358046	0.9611339540812932	1.6493717873007676	0.8198130160753019	0.46289666737534124	0.47088305267516756	1.7690920118143065	-1.743455322503384	1.8728272159026724	0.014499748911744206	-0.9700873804293719	0.9584212173082146	-0.9727738260605044	1.3801051355259415	-2.4984172256449586	-0.7193524721862428	-0.21011781133394603	-0.4325032912323497	-0.4820157062458944	-0.28254483445807455	2.676144061265324	-1.0494564513808022	0.6607169251643144	0.4151445929594184	0.7750524717820699	-1.1431276718261234	0.03448186317400682	-1.8634802247850466	0.39102754054235545	1.3631510261627224	0.3098482479689135	0.29706812483433837	-2.0810568932634004	0.07441954966908582	-0.41404211125225776	0.2355397507198227	-0.5651161737741509	-0.4655573500530043	0.22913707866296984	1.0814297294217083	-1.0649586615527278	-0.6528516756233401	-0.9914958324521488	0.6615467642125514	0.4328420751352843	-0.0618753666973507	-0.5704397410744148	0.5527937524922094	-0.005126001196828814	-0.7698728878446428	-0.9186201294356153	-0.09051686727110365	-1.296906008776779	-0.5578275248664373	-0.25996242436927175	1.4153410443816665	-0.20719676321889544	-0.3963377864605101	-0.2623536228450383	-0.3201477543377204	0.6223842744965611	-0.3897375432228661	-0.4777127066453488	-1.5008949261105031	-0.04420797457831143	-0.2330809382296458	-0.3632217867842286	0.4390602928231131	0.6596359071095896	-0.06117090426393174	0.5694087802450895	0.4961914079137135	0.1529290151076291	0.23209582500919207	0.17597906829039414
DTXSID7041544	3.8540719458645705	-10.873975777513891	12.477175990881282	7.514673556318563	7.603109029990744	6.084383642505584	-9.87275202187794	-2.389628436050071	-4.537556776258599	3.099999295207181	3.778905123884889	-2.717031428682899	4.60584995285113	-1.4813387333706023	1.359265597513651	4.914610868375394	1.6041160122226972	2.0324972424454977	0.10079230633818434	-0.5851701450181881	0.47646988875633617	0.25647266491851856	0.41997585592338954	-1.9703134160961053	-1.9121486174890843	0.2064475099324349	-1.5772307204001055	1.0460920559357016	1.3783452505244986	-1.0008033506829823	1.0193196993616565	-0.0725063815168754	0.5435171336833878	0.5692685446175639	-1.419389086948696	0.3060810536385671	-0.22140056867079128	1.0210671910912414	0.28951186673023066	1.5182125263188184	-1.5698767671363134	0.7757238120431152	-2.0816448043441325	-0.4643569930252409	-2.126660036883832	-1.106457696601779	-0.08634356365209021	-0.33027484293420106	-0.07146873641921907	-0.26847440840941034	-1.0801127631362055	-0.06531919800901657	-0.29324340106594643	-0.7253818678533841	-0.6047969688259287	1.1138489246410124	-0.35452519148973016	0.5160290928553528	0.3586209423334467	-0.07815067442492264	-0.5146264195350687	-0.20369403021590898	0.8740273207385681	0.11028313334864578	1.2679012678264228	-0.09770134398630859	-0.330460877855169	0.5215778183686223	0.6189835840784818	2.610473297030535	-1.2747959818835937	-1.2151072372586706	-1.4254504652445792	0.3037366000462526	-0.25354068225048343	0.2295851334746516	-0.14455923306636087	-0.36290857167899726	-0.41167021493436357	-0.5501844138441879	0.6111020911320175	0.47199919475843816	1.2079871294287592	0.045846479503771215	-0.9109470725156127	-0.7958908314154431	-0.07001963477828214	-0.6006949277964153	-0.6400386797409895	1.0398439605442928	0.6029892883600187	-0.25241772139775515	-0.10061354460514049	0.21554523169273446	0.6809771610459227	-0.2238401129989775	-0.49059496754659676	0.8616445796122136	-0.031279084912742054	0.4769627266971839
DTXSID7041675	-0.6859722173710381	-3.3949939486143155	14.26971694873152	12.048281620332364	7.9579123743945726	12.516027983520576	-1.1951319762038248	-1.5306046445285577	-6.553541143362001	1.9987168229235501	2.035723620521892	-2.1497980844356412	1.461228634072371	1.3919586284451302	-1.3914383915726125	-0.5141766300878859	3.6934758093889015	0.7779618774077481	-1.0228173614270752	-0.15929069638910787	0.1387941367885064	1.3045233473628897	-0.3634421724654784	-0.875571733160384	1.9151286079131609	1.4925353476832184	1.1499039515193925	1.0319131640984744	-0.4610452167147088	2.717500538308566	2.612550492959752	0.7983271145173553	1.5937157155117865	0.7243478672300167	-0.009035468604374578	-0.8722870593910482	-0.7537345050768012	-1.1755843597912534	0.8881784521017635	0.37260465526821723	-0.3808617097422596	1.0673411077419357	-0.3787806116660858	-2.2233651539176096	-1.0341779153771786	0.3970675671425928	0.5686216731487691	-0.12248412581387098	-1.3817206439351166	0.9739899176670332	1.5138770030262028	-0.026211856351040834	0.05174646975758664	0.7714572479492572	-0.472292864621973	0.175241787831744	1.4297400099724356	0.1814023384499965	-0.344103713291215	-1.4390490062833257	-0.012424361515486745	-0.8896168946163622	-0.32467994953049145	0.42888861910709103	0.5786172529266315	-1.2353382859152553	0.9360961871587751	0.5335170052904101	0.1554386379124986	0.2796011671229312	-0.5908687632344397	-1.1987396322523114	0.5879145360933684	0.0700453814625094	-0.08129658140924276	1.32506762629741	0.013107595500267175	0.02192018722640257	0.5228601796582861	-0.8424375410588546	0.3160343449344762	-0.3360601385037599	-1.0565358292415301	0.7179481961988392	0.2565062213162767	-0.7161502163736757	-0.31517585672478066	-0.5952906873161221	0.2817959028379661	-0.014682281110342112	0.3566928696304737	-0.6751705825107578	1.0060974583442197	0.3269704503132708	0.009009838683971117	-0.262414042504534	0.11049517101307721	-0.23393430305128782	-0.68470442778007	-0.4069399025149895
DTXSID7041623	5.750519164266677	-11.175656767475793	-14.408423533864173	-5.298401637284952	2.9076173211263914	-3.7252945010400644	-4.390654925390831	-1.387342014394932	-1.731636241835535	-6.679189019972586	-2.4946536939962103	1.7187548807183788	-0.4148404288606862	0.9748506845448509	-3.6652462505393357	3.428036526845751	0.4629426998856344	0.3002093708626012	-0.10405172902526541	2.9363840388109033	4.354090339047197	3.6021397359621146	-2.449280179294183	0.5867630974030021	2.0599005257558174	-2.2517738294132603	-0.4989572013576719	-1.7768966839927272	0.7707224694140666	-1.6314212764770852	-0.18469814245409671	4.065102045402961	-0.8837726750703279	0.327358365914697	-0.36829553996633896	1.3936939064815572	2.3734978622279863	0.6530149519651948	0.5480004754117789	-0.1023781263813	-1.0145293708818937	-2.966138594980871	-1.5614525829911359	0.9470453676464963	-2.239970391204285	0.39974881718389643	0.41874614775397884	-0.6357857309717868	-0.9624553661848946	-1.0272404947111287	-1.3183601806299914	-0.8602857676558656	-0.04427923898280652	1.100182721184475	1.3764487915037713	-0.030780695896852284	-1.3408275893445722	1.0222962253309698	0.29263699825803546	1.6207606733876587	1.0668031505197804	0.006210710505233444	0.05337302780829897	-1.351944156309145	-0.1988793236310657	0.033448602116968845	0.9201645041080967	1.7878365744257239	-1.4287383292693594	-0.0831188959459793	-0.5949821049703523	0.49856753678084836	1.2095545220652506	-0.1346928804667966	0.8127920451564987	1.068163116842761	0.5534592500104414	1.5431378720424003	0.24164289700003222	-1.552090512660147	0.9333364096944241	1.273736860142195	0.6134752265228506	0.7933644071460363	-0.157353534832197	-0.05938250232573394	0.12780597946547465	-1.2679309050906675	-0.6105205047259702	-0.12895642863107173	1.0778438017401724	-0.7457874347300935	-0.5694932606216423	-0.009312665068182386	-0.09302806523747911	-0.9474538612846354	0.7102619222313422	0.5891595543863306	-1.1424475739351279	0.16926426500078615
DTXSID7041889	5.524587784195356	-11.527426254077277	-11.904112892222813	-3.430360304050058	-3.065048266636923	-7.4013005938164	1.1449587286368712	-6.905946400969863	-4.8102695992901054	-5.251573948068169	2.1703408024816673	-1.3954592351198638	2.88389464991801	2.345971881114134	-2.1887965949080046	1.7433671271746884	7.3054752815774044	-0.49154701480739277	-2.5198739734053284	1.275674770063465	2.9006227362104715	0.9109416352327396	-0.8516005425134195	1.990971666739254	-1.7176660942799988	0.3092117934741038	-1.4771960061887195	-0.4269500185875653	-0.6615046908649244	1.7619866056604545	-1.8949702693623875	0.2937025224532609	0.07011692378305834	0.7683278839617094	-0.053460615288464054	0.29671921448028343	3.241993712662855	-0.20245015920043472	0.12790995529993276	-1.3546390133211	1.5391061945099909	-2.1082664098931585	0.16183837639013463	2.410684677284513	0.14635504291267198	-0.8268002199979186	1.2681540032155783	-0.19717260260365568	-0.21353874070315199	-0.2210973290120908	1.029829447931087	0.7432368651772217	-0.7662828211658067	-0.754487607281403	2.146537397470035	0.9216289373382014	0.12832032508550922	-0.647823948973078	-1.2913757301181967	-0.37238533805831	1.0109724591812175	1.8723070413761835	0.3278308190315727	-0.22744006114829668	0.4438791744382457	0.47283569695543226	3.1529217150625413	-0.6649420836020711	0.4415673581443473	0.25935242088704236	-0.4540396614118123	0.45222456787394916	1.2589358134691804	1.1468055141856903	1.5963495077324685	0.23660410834854198	0.5744694431535541	0.1187522829676664	1.0911881333675535	0.1360248173428967	0.10566457719400636	0.03465903337314699	0.8139964013445701	-0.7900001148397828	-1.3067915184381889	0.3587424352510018	-0.285922885142157	-0.7217447163583335	-0.007141175273612479	0.615299047062504	-0.2681243066368619	0.37739889401315546	-0.18116029947098408	-0.1751179460337587	0.0991349876137742	-1.2708984251125364	0.304988635588477	0.1952522573944181	-0.3751088654803122	-1.1245131190491569
DTXSID7042190	-3.128425435957625	3.402340516762708	15.621121766696218	-0.2729337076773069	-5.053019134340531	-6.224246102209643	-4.7238982451467715	4.9454353802071	-1.51148913027648	6.327959641846448	1.8101510758621424	1.020301703810298	8.157491683076724	0.5250326846816781	-6.254340364366701	-0.7471067872682363	1.647260169182673	1.6335888374563514	4.39813681989102	-0.3299606549558175	2.8163593715928363	-1.3276284679535708	-1.256286474240301	-1.8910590731977268	-0.5139516944080589	1.1399464839969125	3.0593043288163884	-0.6578942461919884	-0.21490033944957457	-0.7540845810214931	-1.141074702076136	1.2744151940826838	1.8552521378954085	-1.251208559431737	0.9994949523770382	-0.09278080727763535	3.295837727315911	-0.04364924068096498	-0.3668852728300422	0.2463289862887555	-1.5806226864778519	0.1389524590453834	-0.6286826475032471	1.0250225277367886	0.7466901021938994	-0.5508930889673074	0.24588699335662775	-0.7680695226632361	1.1696929849629942	-0.05416514853779182	0.7980141444419153	-0.6796284136300725	0.23284539911141194	0.4107347600490379	0.40804232617408737	-1.5623152373802591	-0.660832466877303	0.10596340661819731	1.107548705584573	0.9301728179070065	-1.8126878339689965	0.4253054801286849	-0.7215175572301471	-0.8743419292021294	-0.7017628997161021	1.67719855994762	0.3528572410505406	-0.7060335390891133	-0.7763077397537084	-0.7198251152684126	0.8912676649839562	0.6259226170948482	0.6300720671294223	-0.35640961212322203	0.1368745637340483	-0.39534766940261035	-0.08250675564021216	-0.4366020295059298	-0.6175469819513022	-0.38343572873374	-0.5773469265699185	2.18269721027837	0.0908071681600067	0.19554444871877966	-0.05549361686645609	-1.6463622190202754	-1.2342973138231885	-0.9667464575705647	0.7536783833724715	-1.229711979857356	0.7696980066841607	-0.7727148664842094	-0.6998331934650788	-0.17211407947791882	0.6615128087643637	-0.09405829091271688	1.2608576044673043	0.6036720774380363	-0.09963373887639936	1.0545279186322576
DTXSID7042198	3.0378633387810092	2.9307322340768023	-6.889521206595743	2.645459306464437	2.5572904568918413	-4.347157734666926	-12.037576085240353	4.178072270952206	-1.61293386775685	-3.9543984924942484	5.6517841229975465	1.610574914718724	4.317189232901981	2.1414636325717824	-1.2505963700467246	-4.261750234595848	-5.677674890625384	0.46213941010261955	-1.8126460991190219	3.7980831904566483	0.22385213087159855	2.8200081447837237	-2.7018161956357956	3.094508861368054	-1.5784026936809878	-0.31712267923479265	-3.724774338744597	-0.4479735099229745	2.6581208587018583	2.3694436502859757	-0.7331506042614262	0.5186027819854444	0.9778418611817654	1.244225551581384	-1.035548369897473	-0.017143329511437384	-2.421730445479727	1.9206548491201079	-1.180212411477992	-0.9203901114793471	0.669216131090148	-0.6360427826333653	-0.4347024762118004	-0.6028643169996852	0.2959532108592557	0.823905811430492	1.7065495083268583	-2.0893298547197485	-2.100035673948223	0.01322843254207583	0.5502931922661368	-0.9539092958095974	0.5360339000108508	2.266158995270068	0.2377243642971074	2.12499232194191	1.7793717133529139	1.0509350153550432	0.2196026747915045	0.5023197183279651	-0.07172247982251985	-0.20400849361380863	-1.247925688482154	0.2039176881922134	-1.0925560058993962	-0.45974571924547813	0.6517425022003891	-0.9232833997418206	0.5976409019665339	1.0352865928953396	-0.8637470032142742	0.49340504051435596	0.7160091635296155	-0.3586975488171265	-2.393647750226594	-1.3950826039850321	-0.39006442051816614	-1.3052050324038378	-1.2473522859275523	0.018311375531990564	0.7797382534425443	-0.897024683657303	-1.0915179167298228	0.5381420422332348	0.15566534752718758	1.9281843333420037	-0.4875661686323771	1.1154628428795694	0.03536900522548521	-0.6570549126992132	0.6245799954496167	-0.8369319261494038	0.7961367299409747	-0.5396667709242668	-0.4166920409130132	-0.6398311779328216	0.22541894611084506	1.1813664931186225	0.5586355339260818	-0.8553718327715416
DTXSID7042061	-1.001962643677082	-3.953565806957089	15.442005805081928	9.955473722838754	8.844536814750587	13.92291000062609	-1.4470841908215955	-1.0060866026398567	-6.110725467354918	1.4257096616306155	1.6740622594346393	-3.4415658182454036	1.3811615410786813	0.6429835847435864	-2.133242371985597	-0.08453428811770952	3.8173607145719144	1.5300814988035305	-1.5310397772728812	-0.27958942344468296	0.07534326927757944	2.6566930460686793	-0.18297490697847246	-0.9034083871240943	1.4952289469751678	0.22315079177416666	0.5745787455602411	-0.3524389671859362	-0.14482665909728046	0.9482431848383652	1.8342936250057194	1.4469499998809379	1.9694987022109964	0.12236546016565607	0.6999921895921623	0.029384124024818457	-1.6547730266210614	-1.4549783983351487	0.9149450146797343	0.7635249911591802	1.4808618590298877	0.8616452664461826	0.37145179037126475	-0.3172827957216286	-1.2552291729863136	-0.31264258539738216	2.0873840583117764	-0.020398591934817176	-0.8878322615469405	-0.1821333933823981	0.7977213947366426	-0.07326677190153894	0.13954507834179516	0.7462567806361201	-0.8172988718375425	-0.5095749219006126	-0.33855472276890247	0.5901340537545519	-0.523965562068636	-0.9773109916993828	-1.1822950526027414	-0.39498154110483036	-0.48585693873591146	-0.4720915922851712	0.5365597522759595	-0.018014923342483113	0.3697140831414929	0.2011187053025116	-0.36526594858752565	0.2676398949535388	-0.22521819090052714	-0.6495408754039086	0.0004908592910921187	-0.07112783414213492	-1.1116572198568913	1.7544496390196613	0.500969933959316	-0.5234638845460873	0.3796513461593887	0.3272449607951623	-0.25504222611254485	-1.177522203325206	2.297633827303644	1.0173055812317728	0.09672700008584692	0.6975405565111157	0.20673670005261477	1.2271534989421085	-0.42143437716523396	-0.4674037075506615	-0.49608957328381287	-0.32738269380342294	0.624731132022065	-0.057395712249269586	-0.9830749961683821	-0.529899501664622	-0.6168964080301009	-0.24767966742802333	-0.07122946619242548	-0.1375982385690502
DTXSID7044390	-17.14116030268799	2.9255339821707396	-4.836328851095315	-3.865731595919587	7.435499937720316	2.3983292756096968	3.1277357690491967	9.500464775325494	2.840235976678567	-4.420337206539211	0.6793724219534761	0.27781511163093087	-0.12079880721062246	2.648012040103045	3.296145885059947	-2.328491719460402	1.4759447022143037	-0.9046196227957487	-0.36030111799346354	-0.5123594226321079	-1.107821613482005	0.34493977009371357	-1.3146811730518209	-1.4075632050573403	-1.6070135170727116	-2.1737790362987566	-3.4621833845721155	2.6314486523054583	-0.06888262975536946	-1.6962521158456312	0.13239962162832802	1.397078368953928	1.1951633218808235	-1.9832849806420771	0.3673367783849574	1.6055423906453852	-0.6362102446620848	0.7120767093619219	-0.9770326873885512	-0.22196772947800608	-1.3915930314460463	0.09432982665084541	-2.587878689374954	-1.4981155971231301	0.11799525912617163	-0.7276793382271903	-0.3361385836646224	-1.097645274926502	0.7901239992319523	-0.4872084557538306	-0.6654826568104237	-0.8534786784390452	-0.5594630730814364	1.2882592744872807	0.31812238676262133	0.6406469112318298	0.7747385084177708	-0.4753879320262213	-2.1150329605720684	0.36247897760208747	-0.3494111965820744	-1.0856429469431068	-0.17932113499460542	-1.2720890836811165	0.2576313102877831	0.580580736560402	1.4688513535399883	-1.3195970656574518	0.09501566858251108	1.388138174363712	0.12123459880707309	0.6410488626942868	-1.0230407071928735	-0.7627947552977201	0.4791040160937977	0.3841105879621776	-0.8400322079274524	0.22034088703553403	-0.642950960655809	0.6608799458370336	-0.38915661187017647	-1.4045762085010676	0.09072452763389174	0.5788894149954225	-0.4238107152119385	0.7044134099615511	-0.36535205589888664	0.14682043450777826	-0.09787338319267268	-0.17907148392172265	0.395869060986044	-0.2236303316043403	0.4535626212975128	0.005835463187487428	-0.11839317164084484	-1.0178356546813536	-0.7164931070869565	-0.2177987737053893	-0.3005447349662456	-0.5782507224290697
DTXSID7044718	21.145064738217727	0.6959203600143031	-6.816043137250365	-0.4326127675589477	-6.3986061236062275	-1.1933120870598768	-1.3097738133537362	7.345149720701277	-1.5146958614967474	-2.6432597134745017	0.8700777755430041	2.689332805373443	0.7565085143691201	0.6849340510089551	1.5169635755908149	-1.5467469593353107	-0.1293863361857004	0.07287396496510229	1.0616236429948886	1.1219078591588434	0.5147570718413269	0.35573228107005966	1.1931844252721717	-2.9427253144340053	-1.6966792166918183	-1.4957965453749482	1.093195962558972	0.8742245830030567	-0.7296144711409711	0.6940705010689068	0.11981901401852542	0.6626483084253493	-0.1464028966466912	1.379568757240881	-0.06845669688482232	0.6262522972601805	-0.33297889074296594	-1.3881973231065106	1.7739578882302076	0.16481834620897579	0.6873124918317397	-0.00018704888087489472	0.4328091766091507	0.0971018333322327	0.15045235216541736	0.4995511179896763	1.2640056774488515	1.0252869205750161	0.14777517100841894	1.340576764748727	0.3042811849224177	0.444621978502067	0.8785621779112464	0.18968135980023196	-0.3420567512633719	0.5336249829216559	0.05611485622452475	0.35399768136034326	0.15363669819643408	0.8684096260233168	-0.7986834968543824	-0.3411351918357542	0.5625278985147718	0.6149802520360004	0.42430760722477934	0.7054533181826769	-0.14009401029941765	-0.2525864238948072	-0.21991371168630425	-0.30899318817012916	-0.17588152430753196	1.145588799352665	1.126873112468561	-0.17525247181699152	0.3407610413973406	-0.6588115641142734	-2.022306425777158	-0.06652936082424701	0.3594838488336887	0.593782100861966	0.1620044404501144	0.27528020543662773	0.22144212743477962	1.1596794017062337	0.9223026324835177	-1.416210508377139	0.060098871941623326	-0.9092871399631081	-1.553753874763248	0.3335534447730158	0.19757617161630503	1.3516022807484993	1.0452807808730855	-0.2448458237828439	-0.4319417198548268	0.34023931804044416	0.4095856014050559	-0.5373817715224563	0.526175884112564	-0.3612781131640988
DTXSID7044928	9.11129952609684	7.882687555200665	10.692307723804095	-7.972927476243805	-5.790777537971117	-5.6816487343638205	14.157955142384058	0.924626742214681	-2.3832363857052568	2.0766298907069247	-0.004830347701802969	-4.401519692758091	-3.726315975741595	-1.856494097425512	0.7367708353771474	5.557873756329838	-0.4421781157711072	-2.696357058436511	0.47817353493709286	2.2796341611221	2.0010519299802674	-3.397015450396913	-1.4996106654935804	0.05807739645847255	1.1305486881947207	2.581199051473069	-0.7963026721662996	0.09407107785003224	1.0963530616411645	2.100120199315409	-0.6835257886379441	-2.3879979077124824	1.2448445017643364	1.9578004613046613	1.2758685406721024	-0.17572108889243576	-2.4469056691396998	1.8370959345249984	-0.5889030938300396	0.09709589206031427	-0.17275200316728692	0.4304737000563422	-0.08349553156657454	-1.0728741102391897	1.1354712029237173	2.0027476359979848	-0.9277820402877254	0.22179711673265098	0.9471453223320481	0.440503461172898	-0.07568382154897217	0.9824797001652658	0.5382164871577718	2.0862831075109107	-1.977063465118232	0.0019267729660184247	-2.00597517789049	-1.6671025145425236	-0.5417936589863188	0.34834373935001267	-1.2085003782228116	-1.1342204997277756	-2.042754701612877	0.3441780009909251	0.8093524017010925	0.7402874819787526	-0.2294306365788899	0.27923619996853494	-2.5215502477399117	-0.18906334438740996	-1.3429372679518001	2.2185065577994223	-0.5573347664557462	-1.6555770076042333	1.3918442717759207	2.068287208732062	1.207465101905321	0.37535351304965753	-0.47231381878436834	1.1583728379698106	-0.6723006109244923	0.2258530025947932	-1.0496313979771759	0.46796803953283644	-1.0950894183704667	1.3649459615841861	0.2056303666728346	-1.808398969744759	1.1012403132547612	0.13637988942300913	0.30497863533562736	-1.3401979463663907	0.81625227957658	-0.8599568281761532	-0.7757884014993833	-0.42370865819394127	0.6731804964611543	0.6788728594891247	0.7284438453954133	0.3398417716165158
DTXSID7047306	12.271845786640995	-0.014860217978439973	-5.58390703641602	13.730100857815184	-1.1341727194699294	-4.482841912403824	5.509521371492142	-2.4264442623922102	-1.1125894202207909	0.687574189749637	-2.2868487327649794	1.4640157793861417	-1.2173014225637533	-0.9283589810107366	2.437793919583354	-2.184436660316874	-3.057078649491034	0.2681991719598213	0.7666367381455942	-2.7536846381369906	-0.7803349507568873	-0.24652896127519136	1.2975560936660173	0.6819983475677237	0.7702208422114911	-0.7923836849124752	-0.3597299954808224	2.28377920702712	1.6786589415002282	0.7227371066137013	-3.1208357146071997	0.5229278943607243	2.9760030539443783	-1.6275816687790603	-1.0280327613998113	0.36093202584178447	-1.0908476972348577	0.4781612861540802	0.46802418039325	0.34795901464954104	0.5239445752675029	1.9412138281367914	2.1447029259783825	-1.0213418620844346	-1.8963440916774217	1.1642342610140446	-1.0066086915158232	0.41109985401876853	1.8291582632199583	0.08936917727317421	-0.9944546099852855	0.6387567224832525	-0.05050315394732257	-0.06576792157387888	0.9040340947281242	-0.8127540348871043	-0.897913129406492	0.04013549533964181	-0.9095317559316537	-0.875910060983116	1.073873420729128	-1.090157249957909	0.3765111987114534	0.6140059291109932	-0.4326297710064554	0.287428653128348	-0.7768913462786747	-1.5283712308630872	0.3394451783958737	0.7163151834307824	-0.7500861282552547	1.6174933197030774	-0.5501448606093489	0.21040428819746496	-0.7286422460191196	1.5066948733462624	1.041754035827412	0.32316721480234173	-0.4498623794179191	-0.7998524116393774	0.6728886510922456	0.2509786003785857	-0.4310204976212327	0.1540180469114544	0.4737699591126532	-0.4290158854054655	0.2297608769873536	-0.15978093722633147	-0.2764218835259306	-0.40963654278377315	-0.5851204129449649	-0.3186761549133235	1.354815015969599	-1.5597376724056282	0.8855358576603725	-0.3561702604046237	-0.19880671701532873	-0.9513393311122131	0.3543886656322624	1.21753775300967
DTXSID7047358	25.09623067024078	2.25766765977309	-2.033091255720726	0.4039275022183145	-3.3760151161659993	1.6910185016869292	4.730492257189004	2.830587757057108	2.7273063922813163	-3.5973114288170036	1.9006445146972548	2.650514174297081	0.5381865327796105	-0.8750450510349915	4.099375643454239	-0.2513365750295716	-0.05889926139087653	0.8140592229001026	1.8620890283940275	2.5923771004524427	1.05070025949285	-0.6711889264845744	1.1692188997700759	0.017188084939021967	-1.1504905872930322	0.19993500896100383	0.9796518542969539	1.103637678759291	-0.334319697933989	0.9578944459955301	0.6978608392190755	-0.6251145418676752	-0.45380148853933666	-0.19030106561923113	-0.6066197187285739	-1.18716542126593	-0.20201398528754475	1.632895231941948	0.5113733328261744	-1.9782639274574427	-0.5581846378691695	0.07224971083007438	0.9325872616394794	0.7506042822816783	0.7235838932611366	-0.19902465175251086	-0.4490664193089348	-0.8363780082953514	-0.839451908475279	0.08984576369351475	1.083564343176895	-0.4422981208800222	0.05480014778339367	0.43647151801935685	0.5509183021105915	0.16854766714295905	0.4868226889014358	-0.0698665221824091	1.2455380567710161	0.33758854717266895	-0.7880607104782416	0.32355278979786883	0.5894713796143749	-0.21703408187096226	-0.2303127601450435	-0.05737805753965858	0.15927354108510328	0.5442163909784326	0.7779182674156916	-0.0073626866679906994	0.7141556269479775	-0.307430040443904	-0.32001185391438314	-0.5073545274605169	0.7214812028608812	0.4071166560656137	0.3319803726596885	-0.13424345877101515	-1.2240918316555263	-0.4816360008591166	-0.9650237351758619	-1.2310440356627117	0.4894494540674547	0.6174916777920592	-0.588177913566558	0.07262500075064623	-0.04694577123754643	-0.3260428674956431	-0.03146923117444232	-0.643121220772679	0.34553084399565054	-0.18467911993591754	0.16295723260811323	0.5322409767315035	-0.5801721985627679	0.625930756483281	0.7879265659633283	-0.6874602556503371	-0.31682128578530694	0.020357288150512666
DTXSID7047433	5.116566206353147	-10.396912105425963	10.870504756858114	9.670615484274851	3.223502767056866	13.948102879164122	4.504666224848966	-3.6180187501729364	-7.273078618777641	-1.8250095570253368	-2.890936621960673	0.3120708179790456	0.30109179351252663	1.5461505646846958	1.1794315308639463	-1.9708046098477976	-0.009665651339729232	0.714689376666419	-1.0346614524603854	-4.201912342626672	-1.9084848995129904	-0.34666935193497067	-0.5368010528056121	-0.2676334844091613	2.8768180029372	1.1020862369520505	-0.4182694726048405	-1.7178489116821105	-0.22330268055212968	-2.0568836948147426	-2.6464166571578014	-0.3068516459559799	-0.7485906666482581	1.3875181205217897	0.14975944437788943	2.469419546717197	-0.12311723687940464	-1.2184763248489257	1.550611545599384	0.018501280307915154	-0.7205904028996815	-1.15769108447464	-0.10508193160863655	-0.5906605404666782	0.4349615161342501	0.3960960256881665	0.129312030526768	-0.23600885511279127	-0.5135627884658227	0.3362784238165983	0.01537552240315673	-0.34377167153499727	0.006044478784982889	0.6034647938074302	-1.8479920988996545	0.3871693263021481	-1.176139791908489	0.295800585512099	0.07747377463299268	0.655744722108659	0.39122551284548185	0.46853089023352934	0.6140860282038645	0.040265223923032334	1.1771971903116094	0.39882065591345817	-0.27599882668693193	-0.6037859319051005	-0.3174079566310701	-0.4797534347891989	2.0747136101909254	-0.4260155006911762	0.9825250586340886	-0.4492612849375866	-0.7966561933335518	0.07597412520333272	-0.11271856889294264	-1.1767875727428985	0.4582664959760085	1.84776075004052	-0.217104272942844	0.5791607828344558	-0.5357796633388522	-0.6426265443449779	-0.5130242913940851	0.15286390345315864	0.6338632997499459	-0.919569910117847	-0.07060893695121039	-0.8373163603280043	-0.5860903261562463	-0.2173352439463055	0.2853529401124748	-0.38332494090215985	-0.34182409830592	-0.256912532403601	0.0787727557889854	-0.3156419018646591	-0.9847350921390386	0.23686976792491077
DTXSID7047487	0.5866709501371699	12.857347630456857	8.064375313613699	-0.8306622948989951	-10.692432001543697	-5.979865400263205	-7.797557305480643	4.597461533075991	-1.8018158616492708	-1.0302644694151113	-1.8666194764989696	-0.5578410303274047	4.682492711048454	1.0237529160566676	-2.7575035786929663	-4.949808725542642	-2.692796208837885	-2.7505741857336083	-0.6360452740359176	-0.561516732785843	-0.6520689002832294	1.6315549059765693	-3.3013217469019653	-0.7957052891782503	-0.8011816246497536	-0.4150909637114821	2.2510401998134073	-2.013622396281792	-0.663687114583025	0.13215478288276025	-0.20690623832799326	-0.5287724671814104	1.238273066726563	-0.9700067294134054	0.21595542115405567	3.5324299435953	0.1432300775824575	-0.46367586845115044	0.979593002047101	1.358206259305488	-1.7354900589984135	0.7794501570810287	0.13627123640663372	0.7658804758633075	-1.5436291746345305	-2.85789673909802	-0.20360621353999267	0.20277899074694983	1.504147437095711	0.12067191509134716	1.098131494479811	-0.8388299792265855	1.5794814062628946	0.6054922042929314	0.48147881926908814	0.839458747772223	-0.5166207846732301	-0.19056896779287885	-0.23642445876724985	0.6772847880415531	0.17818110578476998	-0.9995727121397358	0.2547197267874199	0.2146319414555538	0.3259928513313428	0.646475524696011	0.20718039902219948	0.050246069222956526	0.20729949425295993	-1.4608025884789113	0.5045642632247478	-0.083604803991714	0.19304172976082712	-0.358479342286394	-1.2182698747658494	-0.6814041435688979	0.2668131325528786	1.0170915253899564	0.5902150035192555	-1.0854520582806284	-0.17304312444738146	-0.8063628298127263	-0.9678568059446552	-0.7596853731762331	-0.01779423688434547	-0.06434323464550952	0.11149601863458287	0.3827867004742116	-0.5878294276518203	-0.00857765313267891	0.04828967723690517	-1.0916231594575596	0.25062000338635065	-0.34980313761068144	0.1539966873246606	-0.7673908456381137	0.8773274814388267	0.1753392628493411	0.018541485782463625	1.0487437952233214
DTXSID7048166	19.20617641673096	5.2667889420768645	5.176655885808039	7.762108721322278	1.956950148039588	5.568515858477662	7.406365587523779	4.373487819314154	-1.2306822836876379	-0.6731500780133658	0.8012920497343754	2.5194536376480885	-2.3993516053868484	0.169128136475587	1.3467980239035509	-0.30944791146244655	-2.6292198923919794	-2.10873178673946	-1.6864509994621797	-0.634240117338961	-0.5392809528810781	-3.7310352281763737	1.3292594290569388	-0.10280201777494227	0.4216288018260002	1.1547103650311443	1.385128682735761	0.6348602673471023	-0.34150483899154044	0.78543917624292	-3.294240258494484	-0.1957482536815843	-1.4515848780369287	-1.4664110776416304	-0.5933986259316172	-0.3750042112497149	0.8348457119885161	1.0314351391909167	-0.4682662884588451	2.049893952738801	0.9057663311273785	0.13131714962978655	0.43038860129008266	-1.910749987394879	-0.0513897938035537	1.429042955988267	-0.44709496118675895	0.023040101704175656	0.7282933054192501	-0.1278708864217803	0.6821668727963217	-0.9369561586611582	1.1199470269128333	0.523938469717727	-0.53115839124826	-0.6018640204198966	0.8214414797006608	0.3710425361856773	-0.07319955844935319	0.2693278555205949	1.5284117197356109	-0.0995178634542259	0.8818306800995799	1.0990137763128864	0.771505215444298	-0.28753827536745974	0.36827611004280786	0.05559029105601735	1.1111825524393808	0.1281231907365444	-0.19383792676993253	0.17225345290158625	-0.9300452484812342	0.550611048174863	0.3961849716253033	1.0079302080521373	-0.3984352701261358	-0.4658365751782455	-0.7541693820349901	1.3473539631047586	0.44193635418311117	1.5928949928556362	-0.5179569045879698	-1.4964291625486836	-0.5093950426157475	0.22667264352604574	0.2044885880667254	-0.3116941070089634	-1.005286706386287	0.3054148507296007	-0.5129282343371228	-2.087937943380531	-0.19327953290946692	-1.2857342920764543	-1.5139009658678833	-0.05714639893687909	-0.3143847897776879	-0.4153320376118784	0.07678983802039727	-1.0122843045284378
DTXSID8020040	7.1488997339504845	-3.0777524974730666	12.459043955295375	-12.943115923941868	8.945513584654478	18.01807890736187	0.5246558716055966	-6.377488857895832	-0.23476165048237804	-0.5717239208742633	-3.109878827430288	1.9374000244646177	-1.6298634265438647	-1.9011828165259979	-1.6316082203882378	-3.1461872915551474	1.0291229423050618	-1.3159428536712847	1.543263219752083	1.926365160503423	0.0929617524850631	0.1664802503894079	2.950770676359394	2.5459547556260844	-2.571359620848595	-1.0266147053367984	0.9030199157845804	-0.7971445353422301	2.1069522541850993	-0.6917141829655533	-0.5051920194726116	-0.9405468123460181	-0.18668642338358366	-1.272612489558867	2.515722393094312	1.654988551145217	-2.361571721622744	0.6958101557812476	2.336423361931003	-0.7827348376822009	0.06487312416047643	-0.4448552086434653	-0.9207459422164287	1.2808294228181603	0.8906968870947649	0.3571297691990029	-1.2728884079308194	0.2875532429107104	-0.13326979847037815	1.284873278165502	-1.1949950361257546	-0.46454011735260353	-0.22418890689802345	1.9574535803902844	-0.29098475821127856	-0.9321484618746025	-0.3893612237580083	0.15023812181891663	1.17726035420311	0.38369183742644336	-0.795413407753292	0.013111452208476834	0.596809148792031	0.3244153758905756	-0.10810216940448521	-0.5334839384765715	0.3246368840756251	0.22842581605758125	0.8095686459465125	0.2613619509907912	-1.6610933921147115	0.3540684668034348	0.35042607915009627	0.8506318587964786	-0.25650748221200187	-1.104891232744716	0.9158332016434753	-0.7388698484502099	0.10708592372593345	-0.8044604808821757	-0.04599549150991384	-0.10625243326964742	0.11704041920846234	0.45924118534695485	-0.8286923536831193	0.2850395156326188	-0.28584302962561753	0.4949210603488983	-0.6174698849584247	0.10437176545621221	-0.36252907979111376	0.9836078841213707	0.3128783126353181	0.7283468604987189	-0.5686287817781671	-0.5153599318056651	0.6519777509434053	0.20870672118746392	-0.24815064903596018	1.1572336918524693
DTXSID8020044	-21.75613512015347	1.272114697638486	0.25272821439550935	3.393069542844385	-2.0030678319679427	1.9175967435010486	2.9573443715736247	-0.8433687984535958	2.0444082432009	-1.989690368015648	3.152082289778698	4.041413791240517	-0.9792658991431601	3.4592918167635336	4.6416195720209235	0.2581985893078824	0.7197385976870562	1.4375834702510382	-0.4732547437132	1.9097567205164223	0.9646026946669763	-1.368481212123672	1.0558456338084672	0.6995208903704561	-1.164341119578742	-0.18031292097772963	0.6295897482179049	-1.5867552259249849	-2.5126662711372125	-1.5868061910004474	1.5466636310086077	-0.5236125153527892	-0.09729347795902074	0.5154392322850869	-0.2202346490582617	-0.07776947428544263	-0.20168024398729434	-0.40210136016785564	0.14274076320458096	0.042999481637066135	0.16422514222007642	-1.014002615255782	1.0665882555825767	-0.7661868727443271	0.07765599965669165	-0.3606701487036037	-0.6942402458983229	-0.4826343333019155	-0.18062767591966436	1.064021928175016	-0.18404914576370027	-0.07151442689559599	0.9382854004570557	0.5797016608038457	0.4752362528261256	-0.9531069634030089	1.3658067606763453	0.6127026136003173	0.7854477794624207	0.8868221564456917	0.1266158234149617	-0.03182762408852123	-0.3510897029369496	-0.0120408941460709	0.3124204602064105	-0.02302652791426968	0.5533575959448003	-0.21797888531524626	-0.6289158656805233	0.5705056696897918	-0.8537841256256425	-0.6909412997513377	-0.06507027075930459	0.05516530289257054	-0.4422215694465413	0.6607948974693041	0.6628523566447283	-0.2076768881809681	0.4022063587013766	0.4456596299453286	0.7013379285172574	0.6127885109271198	-1.401905920107743	0.20319629672251274	0.5375300602901303	-0.4220044888185357	0.7427421981604913	-0.05443123323628108	-0.24599506265042495	0.15067179662832628	-0.318146176117387	-1.2340222086606065	-0.10431297742878323	-0.22915546200437473	-0.265938050127303	-0.557635596728807	-0.5900817544363318	-0.264644356115606	0.12989593535097538	-0.14961056205686787
DTXSID8020127	2.39321573431883	6.876689563567462	-2.7673436310833415	3.345595664776034	-2.394163557327039	10.851555598928595	6.347920955255021	12.865035085252641	-5.3632957930245535	4.264174945173264	-5.605387690203683	-1.5658138363012881	0.42094932991385653	-2.563293187101075	-0.5091444763095536	0.6941944652750379	-0.3029254296852855	-7.169099017605526	-1.4024318369629099	0.056677006221969035	0.8513287899030341	-1.3653207833617582	-0.3540204860423823	0.036867443946674745	-2.1894955561951663	-1.3649822380237169	-1.6376196298749106	0.24213902563617404	-2.38315078934506	0.6438422565902532	-0.25952491955793094	0.6023589330283677	-2.707436592081814	-1.218786922982536	1.101672682711589	1.8343813835540352	-0.2297458565110723	-1.7620563426453488	1.0343116982069624	-0.6478435537933974	-0.01955977992156303	-1.5096357015567508	0.22064273497775022	-1.5748838611132432	-1.5333264178328443	1.9293454935432361	-1.3899047813361711	0.637893758418448	-1.4366380342792833	-1.6185417714983406	2.3899414513077297	-1.9727578773118748	2.4316543879526153	-3.4289557265038093	2.168419481336865	0.3222282252121516	1.352883640745684	-0.19740376299052054	0.5264165326834225	-2.336142744419289	-0.6484870530890973	1.8093542405202891	-0.8141578818641307	-0.3733794927839038	1.4278089512839878	0.2766769029365457	-0.25928648326123505	0.5548136678230831	-0.4853150051666716	0.4163471580894803	0.5934170989872884	-0.17682375164832773	-0.8212318901389819	2.3645132893156537	-0.18017592616134712	-1.502465726652574	0.45700911876420164	0.07817510648348319	1.595144981637513	0.2767905147839912	-0.17196562573126792	-0.6713225516606984	0.2038114524463753	0.09505801615826778	0.3122801453962019	-0.1782734929788783	-0.8301515066886053	-0.7736735774578936	0.6678313257696749	-0.547979372508675	1.186977589532245	0.6277672152500067	1.0928551869250374	-0.7951717955256529	-0.32345673530771113	0.38771379677377815	0.37886030776715673	1.1229013792524194	-0.6708995698756103	-0.2702765045596335
DTXSID8020121	-18.15221777282712	3.331327712458644	-4.897692518751937	-0.9816817119248772	-3.031725057702297	7.658226475988681	0.6671790533292536	8.148429084832756	2.0906983996773	-0.09366435951132596	3.018883947763048	4.975237784576466	-0.7258127920152838	-1.4118641942697563	0.4369486272084457	-0.20055689655544767	4.249723761652607	-0.2689271348068563	-0.42420446087326535	-1.5386529993245626	0.7140672435762413	-2.7985561938581878	0.24683583689735278	0.6653773729470702	-0.8745471406954228	-0.6175166156093547	-2.0569565700475745	-2.6637207841150214	-0.694665969536604	-1.0236545344399353	-0.22594331430002831	0.32949100807382764	1.0441758633712963	-1.8194643221793991	-1.7733478559427769	-0.16458877251253687	-0.1989099849854775	-1.0634722672177606	1.6834051409418154	-0.9146582418497043	-0.7572299049747405	-1.3776272761499624	1.1794227009246059	-0.8184752143930987	0.13564389005074795	1.726089515791596	-0.753944949206394	0.3844494226968959	-0.07463224365391584	-0.9192160044027458	0.5644922756448318	-0.28990000718822956	0.8800152469605402	-1.0522405785438924	0.47544926736825616	1.3157944553952812	-0.9284479442984584	-0.27922495539698633	-0.676268128974382	-1.0278752771484698	0.8287497586558837	-0.12184683166246497	-0.16612139217977837	-0.5873333880343966	-0.5634104807195629	-0.9397502727187607	1.9054039512150611	0.07745557807800704	0.00711562476364628	-0.09919994164785911	-0.3464980432520754	0.6759826071198661	1.794815815269234	1.8637821539269739	-0.6980057161509927	-0.705399016039918	-0.4333374723219455	0.4383341655943272	-0.7222457795338311	-1.7619270599109786	0.7301650409273336	0.21160251593529075	0.7675003993474175	-0.43236066661871914	0.39307663056733116	-0.07162655844443384	-0.43163560653563254	-0.5603528196233345	-0.9834531243004359	0.41613542507910584	0.6640978620487302	-1.19106303774348	0.10159016300855517	0.7530346356986088	1.5572503349439404	0.42826214150937997	0.5013521139910208	0.6270854163353202	-0.22051936396342378	-0.0008021394130904495
DTXSID8020179	-16.499455587024922	4.7681617018268465	3.4749549579043366	3.318399879717533	-6.077127655194133	-1.3520357818357054	9.646791726889468	-0.26148093917609494	-0.9877403484615577	2.0216898970308055	2.8403934969704796	1.8565479565791567	3.5244754053686025	-1.8556216222888375	1.1369060414301835	4.331904674496398	-1.8748380711304042	-0.5195843775564718	-0.7875692740037089	0.21683978430773604	0.9840423603412748	2.4467529943433677	0.792875349907646	2.757397769382047	1.2788291877183167	-0.12739760989553822	2.930124110810223	-0.7908341903198649	-1.9565801822204487	1.1603370816304908	1.3435727894342164	-0.28767444951213356	2.4369717467260825	1.5718626988339344	-0.03833132684625954	0.9394064489020585	1.3749585089960155	0.4111554344932736	-2.3605948218678963	0.11016031526979458	-1.1502079677807617	-1.0420062692473484	-0.5825016095994799	-0.04080215576339584	-0.7602738456543218	1.3702724708943304	0.5611254006696964	1.9511972035916956	2.218589322491651	-0.5297372242626655	-0.7255501140452999	-0.9585573450743479	-0.5334699679164232	0.3387097090074308	0.3719038591005522	0.11660346730875074	0.7357313769211354	-1.8246941081435186	0.9406306442207372	0.6382274784308498	0.1082441053813676	0.20229303172567561	-0.6866730818696377	0.24543500430114318	-0.04135464363164389	-0.43479830931459873	-0.015295044749033168	0.6497725705419181	1.0687283883637693	1.3588714651640619	-0.04606335171418325	-0.42812783635028406	-0.07484520769740226	0.08858773492542252	-0.0977270112000975	-0.6777267011138939	-0.7574980053850817	-0.11140327660080321	-0.7910842785583001	0.591962897475351	-0.2541477450699245	-0.6974259898747729	-0.5642990911409258	-0.29502579516972643	0.8048426183842562	0.9650509522119946	-0.3868365795964934	0.7790237434162424	0.8300613397171581	0.15414832907520054	-0.27748451307394933	-0.15666318893343356	0.6367944344152987	-0.4942096683390356	0.98806050990197	1.0154331178287423	0.2701672280772866	1.0672731385890224	-0.08281386243518879	-0.15428781479159645
DTXSID8020337	23.36027455996613	-0.5870699502225116	1.5980153055673951	1.021743339511387	-4.392995478592841	-3.095634660277736	5.048323308100361	-0.6428956870825792	6.333842406952347	-1.80537791264086	1.3855590628385217	3.2250713144230767	1.2682018857583763	-3.2301454349797307	3.4263979828269666	-0.1870134751440385	2.198916639850659	-0.5377650493281092	1.0337236135612524	1.4901616189396458	-0.07120643073768325	-2.213442735768449	-1.4623629197759824	-0.7406152711198049	0.33046660169003	-0.3472815599941088	-0.05172119437047352	3.304648549575113	1.1259002011887196	0.2886526477963991	0.6504973760896894	-1.2753465245782154	0.2830192720004792	2.4542988845678355	0.6385264292148448	-1.903550582315433	0.9980876325877809	-0.15563905724199043	1.0856017764426613	-0.29005495401500875	0.3060275010184866	-0.388989934119691	0.6251504038111507	-0.016941937500194588	0.051789392898515724	-0.9450044046553321	-1.934591929404355	0.5131387152351419	-0.35391841649489764	-0.49473265033391767	-0.36444222057555375	0.3988927298449111	0.9164585917720884	1.641809416546029	-1.0118812242288935	0.31965827311876893	-0.3920750456180796	0.45378277918578314	1.8099604267748208	0.25139615593038966	-0.4942279181073497	0.23889203003287635	-1.9888461209067847	-0.9447272943881754	-0.6965996060979937	-1.143300466367212	0.5559418759309344	0.8052102276133097	0.907442868220505	0.18940938983071862	1.2827954692814139	-0.6174726915345929	0.12805500411417525	-0.2698540874925042	-0.6492648304219237	-0.0501679234088585	0.4470150570953291	-0.7404574114003184	0.006112395391443476	0.7421732232951262	-1.1542185268301997	-0.2791150330886938	-0.10155430456629463	0.5372263545677265	-0.8012614346751223	0.19518794534075162	-0.7928379363689345	0.31797275186995316	0.15864097269584063	0.12145627568630371	-0.9598754340313235	-0.17578563097833486	0.1419783128746265	-0.9614922817865735	0.042716149871567015	1.3790093849050362	0.4450853668768456	0.16542848372637964	0.2928496192152417	-0.04855792785196796
DTXSID8020381	18.484762741800736	-8.135746486876428	-1.7258383147692298	-5.384226801345773	2.004482600254224	5.010584600717802	-0.6787960930454819	1.0328296759638662	-0.5846086478303085	-0.356321855564723	2.043190373900029	7.4802360226947355	2.7348186242832626	-3.3142809520670036	-0.5631261534713544	2.2719551273845493	0.198163836622091	-2.631034888017394	1.468446574979996	-0.6937098624216754	2.484448246411942	0.42022820198260913	0.07751497844841139	0.8184680465892007	0.03260038509773728	-1.2720751065377383	0.6183164394390326	0.3730857950491162	-1.436169547722987	-1.126857485932847	-1.3056724865900826	-0.7671249355756368	-2.152200507525058	0.8050937474853329	-0.36510124988550635	1.6733741387722358	-0.05807713653598978	-1.0032345295247056	-0.23393912381159307	-0.8003375572948693	-0.6798187304382561	0.9755977154095726	1.0123651101482194	1.4517165674708843	-0.6511178103009029	-0.397483201609734	1.8530453996904508	0.7417947209123847	-0.21670854581367294	0.5211897352794478	-1.029810814121912	1.7001311024375265	-0.240046908940448	0.429282308638387	0.06598434150170294	0.3616343324723698	1.018969570591545	1.2770194607144914	1.2479682528876441	0.4674248196435192	-1.0223324056802656	-1.9024310015083572	0.46570090253295104	1.305273842715043	-0.4419310589020099	-0.839899834839288	0.025840829123185534	0.7708842539532188	-0.7191445269586985	-1.068170381545423	-0.5772679406171436	-0.8716488580063309	0.7226256513496113	1.50721721828385	-1.2965899944779187	-0.29039720394098706	1.1827098597707517	-0.9170072254820412	3.08102147983989	2.42755632247266	0.3186602436542432	0.719614086383588	0.3437796583356841	1.5047938560565919	-0.7788353088476686	-1.1518852713132417	0.30364678432434317	2.3440980467665007	1.097969953778812	0.5814906594324479	-0.886554735514744	-0.12395240896846126	0.03517465280008147	0.6986239648216598	-0.16053841994934065	-0.3336801581052822	0.4688400588799727	0.8878891732233753	0.10081683587012408	-0.8450598403534286
DTXSID8020466	-12.557861128967815	1.863083349851834	0.7168045462982705	-8.826258204017684	9.059545120076697	-1.658257047635401	0.38375221034403983	10.794091290463198	-3.160274776843182	-0.9774968053864095	1.0853115666479105	1.1998036245657109	-0.40085471810209244	2.737968915809378	1.7865380133377013	-1.4261265986937632	-0.8657185195940628	-3.52180918890057	0.10214065126730273	-0.2932387545854112	-1.786669771685652	0.7591206984698602	0.07390199878641408	-0.726833718553898	1.7590883836603157	-3.6453405247443262	-2.2941359497749065	3.463014944152672	2.54707341564489	-2.9017933931407622	0.475051486597041	1.9816425449281079	-0.9617869576441143	-1.6909304572749106	1.9801520849072682	-0.9356037694647588	-0.5512285597856653	0.3438773326108004	-0.10166132357246478	-1.8145659402254282	-1.8150136174627232	1.940701023645058	-0.7550996468916754	0.8955225384449745	0.04503607767806622	-1.1460507574950323	1.0774805625221622	-1.5963922309708076	-0.4844716679609225	-0.9806223563493957	-0.27910402355293956	-0.9904246427768082	-1.6001661105181175	-0.03427547697243922	0.640197504912041	1.231333438419842	-0.5360192161493679	-0.5521323912177507	1.0306476702708918	0.03839207081222788	0.8702220304348076	-1.8172796708228574	0.4708693589285094	0.03371730499599555	0.9971579689702563	0.8752963390958652	2.0711310906444886	0.7725672732264824	-0.3700869163943937	-0.2784352944661334	0.5321979252752206	0.510688132509125	-0.12008998312159519	0.2565307427256227	-1.1452375606554215	-0.08041905336754959	0.42429171913227237	-0.9462254097045182	-0.3352911877657853	-0.1639796217315457	0.15744940982666494	-0.36847906191271745	1.6305401910169008	0.6983658143308064	-0.8182336684924911	2.459607101241822	0.29804322106523606	0.9974868757698784	-0.009955405977295537	-1.140317825528185	-0.6028544910915378	0.5115157815684461	-0.834672717320726	-0.7680406220729511	0.13947566327101912	-0.7886023146502025	0.8856311722345491	-0.3789676482498958	-0.9476944856128071	-1.1291400099956936
DTXSID8020462	-17.5511796784282	5.732078711875347	5.565528432808469	-3.3890056631982164	-5.804389263503583	-1.4152105610128456	12.175745177345389	2.7001506301701887	-1.620140965844866	-1.7924619886421518	3.254594556886402	3.388520735867845	-4.418541102611707	1.3667696087357628	-1.3117845219078916	4.961357797799362	0.09666163652695846	1.150949432474773	0.9486636456367978	0.2739227161716936	-2.451505006498702	3.8022434143880104	-0.6161359542029272	-0.07612188462160949	-2.654641606753986	-0.12660616014654105	0.36633727531750176	0.23762614599397489	-0.4032323895607158	-1.8398993209538275	-0.8283699684262408	-0.3566361840621484	-1.0657241068794605	0.7621943931169833	0.4700341979046669	0.1016896249523229	0.16046338510774905	-1.2063499755623102	-0.45167190250716477	0.29921370623346927	0.3901093315526391	-0.2530383400486557	-0.7827737908988354	-0.654898497200181	0.8699619202885017	0.584649261302878	-0.4398017923022517	0.05643431368767572	-1.176874271879077	0.31258582354367176	0.7128048017511789	0.5223094234720345	0.8310393972913308	0.5023602725009527	0.6227043968607611	-0.27984492051303755	0.3980594425529286	-0.21473086292092816	0.09284559663225414	-0.7634011321024166	0.1688035279514698	0.40999963125640565	-0.018215642915557606	-0.4077038824911299	-0.36923380748870765	-0.3793225295002882	0.0927197362114306	0.00043855355887831955	0.15524776211038208	-0.021768102797701975	-0.789749633067353	-0.8581856597527969	-0.1533435110603082	0.4693385648980507	0.8749375518348257	-0.3417901509090124	-0.48275278900242874	0.2151290754688676	-1.1443579946206275	-0.18855964337303002	0.02416101308839191	0.2696453198355709	0.36430908329050066	-1.4155659335821311	0.3781667693059432	-0.389966030902884	-0.2959315240180372	0.25212382782983567	0.09704625261628662	-1.0632415446429726	-0.6585179787017789	0.4790735086883012	1.4945377988321806	0.2225995604650975	0.689758729251863	-0.29483098142942366	0.033563556792943705	-0.9795485812518255	0.034596738754786145	0.23761673580912276
DTXSID8020597	-20.841499375903453	3.598152399102799	1.4077985695772457	0.05513624178178865	-4.513809335520358	1.482595774897512	7.921249524502757	1.7129709055804825	1.2477050624981836	-2.884978349441788	2.8483748035419914	5.94838118527808	-0.2796986129652316	2.549533739931114	1.3158434782916932	1.5595804046124313	-0.03529572561397075	1.4951475178106381	0.6551729875762486	0.6311002901872764	-1.0629174069224758	1.3183652576639782	1.440969351241165	0.5512280906284159	-0.9430807263455094	-0.674810209690954	1.18097813185905	0.05623122438855197	-0.5597427138930618	-1.9639433346680306	0.35708802793056776	-0.1912153810882647	0.09989312943953221	-0.5372753791841032	-0.948018585641566	0.7972276426855939	0.04411255797048115	-0.528291274195909	0.7940917836261437	0.06582458182565157	0.45461611922157114	0.019293719631848005	0.7890136778009176	0.179406181080441	1.5441070046889296	0.2061027918226046	-0.5318047725146058	-0.20511253217592904	-0.12362321989912488	-0.03347117188506506	-0.8744141593835285	0.4972907311396683	-0.03886521505124697	0.1328173956910449	0.5761542388955434	0.4034005837774274	-0.21700056145408908	1.2493372172391273	0.12921553058934382	-0.9493259886765479	0.16135739732444077	0.24772071599410506	0.8579785116236249	-0.2343308220760496	-0.6334231927017879	-1.145376373445516	1.0627680204088437	0.33724112899441766	0.7515771330386546	0.11022707179367161	0.6398171256774807	-0.5428164461124335	-0.10196787245156011	-0.2595848901638617	-0.8795146893895232	0.6134918185557829	-0.1372854042279923	-1.253732500111942	-0.9843224471886927	0.42012190295814483	1.3405638389578065	-0.1570887171474961	-0.22578191860152944	-1.025406953295294	-0.03771363924930198	-0.5111742438143632	0.3987911984838675	0.7378206593711587	0.3860916077305485	-0.18334610696629897	-0.6662327440526898	-0.045636924804599875	-0.42551225871811726	0.28002667794537106	0.43780996294279634	0.19587690784106915	0.39060905465477813	-0.5096240239309533	-0.7302604131472127	0.3629862316384288
DTXSID8020628	2.2079042188113824	8.085685323080671	-12.417868516076705	2.071784449244667	2.331695881059965	-0.6078673217264436	0.07504084140962278	-6.9388936327127695	8.850861787855333	6.054562696842296	3.8237902843068015	-5.7354346910469	2.0097735230865137	3.4950468161875143	-3.74798076968136	1.0364800813837303	-1.208378751499735	1.174654066869048	-0.443163251539996	-2.239447824425901	0.22580749181732904	-1.1866865349291242	0.1102826890791432	2.154426486375098	1.071377362874572	1.8526837757119403	0.49216744874391166	0.20038229743851063	1.4231173222418563	-3.520435223719101	0.24074396140244533	2.316009406264495	-3.8736280126958986	1.1831197050874858	0.5730475564405516	2.7313628360713897	-1.5429141045084507	-1.4433018029153764	1.1383682425094521	0.6296128806613103	1.4351825865017145	0.42294036949036085	-0.5556755103147183	-0.7092745355684107	1.2070640138425563	0.15509594588927694	0.4407990250343874	0.8867677990691387	1.4728263676204125	-0.8155891461181444	1.1462820293040066	-0.7315671939525884	0.16271606458097213	2.692152638672624	-0.4347709353742513	0.6596903285255405	-0.9955569488505789	-0.08825054714648355	-1.0576662392258773	-1.1647949249905172	1.2821575043361626	0.9008287541936992	1.307341972251229	0.19158994102583649	-0.4645656846015769	0.6215769618011906	0.3352822466192618	1.5208578420761323	0.7307138807143198	0.6481150631138287	-0.22497341645051122	0.6715840525154557	0.9014064604042435	-0.9177051258870288	1.5769923982777092	-1.0497657264403233	1.370820120682108	-1.3320426890236283	0.9601643699337379	-0.05746499590777473	-0.9596949137818165	-0.951461952514036	1.2009284326346645	-1.0223570859610218	0.18496906222589235	-0.33196771112024387	-1.4205687684063992	0.05345184057689946	-1.1676160542325065	-1.2148128271483052	-0.5160197268594605	0.007853816747899874	-0.9291508826922483	0.24893739021107908	0.7384596823004638	0.610319343772976	-0.5917510275173505	0.15579663540488364	-0.8191509538668671	0.5258853626262652
DTXSID8020620	6.551848217522275	-3.100335383830564	-0.8411384840315893	-15.281185549518696	8.576473009369577	-8.23599429912766	-4.194681901836745	-1.8525421438191851	-10.175586759069084	-0.6294888890824752	1.9021703546832347	-1.0738544424068575	-0.20963248078466953	-1.9313453709008006	2.927440796517443	-0.8706726732986583	0.35866006572007614	-0.5486983572033979	-3.034922030166716	0.7856391915128554	-0.2569272232517192	0.20305153959039518	2.4516755132586985	0.3254253706082617	-0.17280474774027332	-0.8114995112525667	-1.040604444701714	0.40287055091838153	-1.9992379238434914	-2.6169382739845757	-0.35054483850327384	-0.13221382215918615	1.2852828677610029	0.33947926052919275	-1.4038921189216462	0.8992998436043684	-0.04640031403079131	2.0620595779114033	-2.232963891038087	-0.04640823951961525	0.17566151512237646	-1.7009846064636909	-0.5215245165432664	-0.10404248029771625	-0.17651330439288823	1.5016389447169072	2.078815307186209	-0.6184438336537026	-0.6030630837805881	0.09911384778400173	1.1453253880463081	-0.4944436796467212	1.680507404599349	0.8365181525357873	-1.1945568845939278	-0.0827373074486388	-0.19060294027459523	-0.008931868589204599	0.01538611576383406	-1.4891071266843166	0.18806922770164886	1.2246902049566228	-0.9942975898492139	0.4561544437943812	-1.8402671952895417	0.01585992542410529	-0.6091623547625041	1.4845917191827147	0.25087975550185865	0.9459544644935173	1.5239672433652403	0.8034595667174851	-0.9823747956680923	-0.038822102798533785	0.7337878260493687	-0.6118880584817313	-0.6398648378937585	-0.09218344504847645	-1.8358320431744297	-0.4601875164176026	0.6977972414575474	-1.3885416851542867	0.19170012871359793	0.11605008090388194	0.9557709623597972	-1.4067977403015655	0.949460790253126	-0.6184117428856845	-0.6161641839556713	-0.8623546269640363	-0.05238870579863509	-0.06849917962322928	-0.45292235725303587	0.8547783866066988	-0.5006359728578741	-0.8789059719702232	0.5702558527677366	-1.0788113698781143	1.6939819357648225	0.21213979007875952
DTXSID8020834	-18.18139603177588	8.569533326947566	-6.327209288596968	5.33073900861282	1.4936257739483878	2.6266618237068133	1.9880181742792256	3.5900196549337062	5.622506997867397	-4.540047497485283	4.382028556490038	3.2857580206274095	-1.6363612616936405	-3.2105708237297366	1.765861707985889	-2.5163946723384036	2.990495858737689	-0.043320550834590126	2.028301852181971	0.06388761010765384	0.4079901529100071	0.3136191396327633	-1.0273455625967267	0.6363235374584718	-0.7477691309139789	3.000298335373709	-1.662415248824195	-0.5037042833888403	0.13018470980375216	-1.3957094220557054	-0.5793142874166712	0.16587682010094656	0.5957831637120908	0.7552810334455696	-0.6093469620032984	2.5656083560857303	0.11083964342792813	1.7167856571853144	-0.3189837418783723	0.016700114562450553	0.8124968392994696	-0.3578680783209272	-0.7265630814602384	-1.6423559707554305	-0.39704659465426617	1.3816880426214508	0.3471295250726117	-0.4016574762368864	0.6218049306948956	-0.8779907468841985	0.3937000948841873	0.5628470436791366	0.3557848410962957	-0.4882972632517742	0.13859308848401597	-0.2292047294316067	-1.4377613276435603	-0.4819646623536205	-0.7701080813417616	-0.6088445367719039	-0.4924048502036471	-0.7497304276004513	1.8429974807776328	0.5924634703551415	0.4243766245863237	-0.08611013656099692	-0.6220891775790051	-1.316220646181501	0.4036938515345613	0.6352130790714193	-0.13939388272335135	-1.2377550272520856	0.6119980671415167	0.964740194048314	-0.6849814595547544	0.3595417114979543	-0.23088919607497627	-0.19892929971199338	-0.8783911421542506	-0.747663831155938	0.14140186195426435	0.5969784990553932	-1.1069674510149436	0.2798682392245508	0.6344569886537899	-0.5825638356065401	-0.350838759474597	-0.09245250668777294	-1.0676630486142415	-0.28376711560808354	0.08141849774699768	0.6302278020840588	-0.01414195056835	-0.6048175034784753	-1.1929102041329953	-0.4534949224206346	0.257207646842726	-0.5626377876425614	-0.7476292863306381	-0.6734065571615667
DTXSID8020759	-5.822723998555912	-3.170370996246132	8.820111351904654	8.708189283847652	12.061858262022248	6.373648872379775	-9.301194042357501	-4.892142324354214	-2.8529825189623215	1.6839786860719435	2.411798986151427	-3.882994414201066	3.167042004227138	1.72061397500359	2.392199628372018	4.624719146162922	3.431151631233158	-0.2785470402295216	3.1324751157815083	0.8394514442399315	1.256684159153441	2.0978972071758006	-3.1806393368021264	-4.901039315131516	-3.069672875277717	0.4743678021093413	-0.906200308093498	0.36018125938610696	-2.360475137051584	0.8183764795471521	0.4664919268241294	0.6188359530218174	1.0735533173359981	-0.6751481710394188	-1.297439802751962	-1.9832134553666263	-0.23975568066203504	-0.08461291418038751	0.036857055540197095	-1.6693110320913465	-0.5964112670074979	2.4669445343523213	0.737783576166319	-0.616284250061965	0.3872268810623396	-0.5700075648094797	1.1683465725784083	0.6428836331254852	-0.5813359452392606	0.7572644827132053	0.5191980054597115	1.6439258183746197	0.3779379249818389	-0.37978230137900193	-1.0939737860099097	-0.9044682218339172	-0.2605582564994094	0.35160522405752026	1.2432891669951769	0.5065952630171235	0.45816550152601865	0.10723502677794568	-1.2475517338730593	0.031470563404870255	1.077674477774715	1.2000198529186132	0.0359529572898619	-0.3721044434979025	-0.23396434215631287	0.24107901292343198	0.5894627390521974	1.8250653296757031	-0.6444440842507054	-0.8846343497476866	0.9814603216382862	0.42123466355060446	-1.7145081293124604	0.6857845880690833	-0.24471278453816017	0.4185187053728663	-0.010528212935368863	-0.42817685903998676	0.4712061267629739	-0.274763804939746	-1.0601705879983263	1.353052385460154	0.3791467301868107	1.2297559172523906	-0.9382148297372691	-1.0979146626250647	-0.6946377595914449	1.9717797609074617	-0.45609326671587624	0.24715271046701626	0.7506053225431386	0.6399066356295504	0.5364417177248939	-0.265192109629628	0.3093002638627183	0.5274527444438942
DTXSID8020755	-7.3383962571449555	3.3851563858642733	-11.754854322781522	6.108304771170037	10.584316121399004	-0.3566445526182539	2.1573743613580567	5.616556075940277	2.8395780818943295	-4.259845883842197	-4.248689465953485	-2.1592755628385416	-0.6344048949363789	2.571255166022162	-1.5680866172690542	-1.739244477428018	1.014189273171354	3.2990615800060867	3.686316154629267	0.36648687260488527	0.6853182160175798	0.26506195327999715	-0.2880007208749179	-1.6068119733212975	-0.19326735320865707	-1.4854778290618635	-2.1734937333219984	-1.5583963574232258	-1.4312890072880262	-2.086401493568199	-0.543517172242927	1.3873982995187295	1.339536235541992	2.246834817174966	-0.22011119749667515	0.9685586533848858	-0.16175561702426738	2.826110982709638	-1.8181716388096685	2.0777200376128686	-2.649055078259247	0.819674806429839	-0.2224839850907573	0.023842220477066727	2.380711079482821	0.7653147728454798	0.5087936746456262	-0.6807726155307697	1.0311639029423065	1.115614389365879	-1.6542667308062864	0.028475867852829413	-0.19695897638472074	0.8143533333413637	-0.8442534994890757	-0.2970906779538044	-0.5954584939216582	-0.8890315810580254	-0.5551468177453304	0.33429961099780175	-1.6812623597509386	-0.12377893711269237	-0.01912045979587182	0.8449214386452296	-0.09677878285749354	-0.5762376030476317	0.4939450754551345	-0.31534819555005916	-1.0398778629356584	0.39007766623578644	-0.6038815906529512	0.6485970774241683	-1.0017734700648173	1.0656884036730672	0.7473263647379433	-0.35508654909127474	0.6104656350157743	2.0168023045007484	-0.0641062399410765	1.2201721289432155	-1.4245874946285493	0.8416194053005511	0.815734295660165	-1.2437516905920332	1.2251085321499233	0.4343334262494708	0.654705483592742	-0.3211531442569017	1.1015073445295402	-0.5738615700703752	1.0508248380102234	-0.7093936828347914	0.4141951606802353	-0.13537036560221935	-0.6686249478911127	1.600869715879643	1.1290010352058535	-0.3071847257310565	-0.7937081113027104	-0.1691633849499431
DTXSID8020915	-2.261513873488765	-9.064846279291704	-8.501179879977952	10.073702840665119	-1.8592341961228778	-2.7229685738893696	-1.7623701716308966	-8.0938834645211	-2.8006457423563544	-4.374237170638478	-3.284358873235875	-0.37336161647927796	2.2283257955042783	2.047430158716805	-0.36790237665808256	0.1163213898854652	-1.6979310257579636	1.3684938248686365	-0.8127979803270028	1.3413150754445684	1.0003537954050299	-1.6166592330478764	-2.0711334017646443	0.4477246110864756	3.605394101281508	-2.133744644321885	0.9968901007302616	-0.36343092616636796	0.47098632797452916	-0.8113214806081801	-3.0536569218878933	-1.6504933298797368	0.480263519045994	1.3091485668969216	0.9223019182761101	-2.2413615536205214	-0.30486436359077823	0.2755084132480544	2.1268680811305125	1.8898964400210154	-1.4669282037286124	0.8618797838964791	-3.023965408663626	-0.24640361963396984	0.7395050249601101	-1.888658967175054	-0.49194499402625946	0.3301472053804062	0.5916977959032131	-1.0053868229318343	0.553620415377649	-0.4975492101698671	1.1472065728911531	-1.9561630448799399	1.38223285526268	-0.7197922475325905	-1.430801687735397	-0.5090635518482249	1.3765020117954765	-1.9967437450571435	-1.652530278664604	-1.4176266876971664	1.050811944341155	-1.5944463685750083	0.6446574493062168	-1.1966152607372598	-0.13995367701098493	0.5055126197230183	-0.7109164209950591	0.13140401587854175	-0.9305005368760275	-1.4116145892852643	-0.11272320880597851	-0.06836139529370538	-0.7559375100978909	1.3370101822444265	0.3572281608084384	1.1529090050530577	0.4359917018241685	1.4852557583401396	0.19628428645586948	-1.4168570746683538	0.5075781291708096	0.018280942068740504	0.052037387101872425	0.8695354990903231	0.8144971841670414	-0.3752543425835806	0.4373587930482384	-1.4568445101214234	-2.0257048566826015	1.3707832820896595	-0.14186789265612654	0.36390234994963233	0.7811964909626723	-0.1266436087101678	0.5602533288730009	0.19344155460293172	0.702539926153897	-0.5824534929557306
DTXSID8020961	-6.097017495014258	5.492747347176364	-11.398269253754721	-0.3134130160079778	-13.564587600523343	8.78442093273663	-9.736911590840567	4.040639819559191	-2.912431591862751	0.634842104948174	-1.8691167967402351	-1.9098296318033994	-2.1180531521097348	-0.8960723874263598	-1.0168054770173023	0.6984872144116298	0.6998014046570702	0.8227781009138754	-3.2239901655132783	-0.2263878422943783	0.02873259748302263	-0.31941466636070687	0.1319337876501167	-0.01848172717870944	-0.5983252837011108	0.49176109806888546	-1.2282622076775824	0.3804349620928603	0.8579822508455719	-0.37185401063573853	1.768298756362241	-0.32326534528909645	0.510187960371247	0.12046505875644263	-0.40826447355524825	-0.6286438722716376	0.25126503694343766	0.1194944344384619	-0.3885527498271427	0.1430096654546596	-1.566787869515759	-0.8047852712188134	0.20974211190358003	0.32732092885567177	1.2195040821869276	3.0003907271838135	0.9515326967884635	-1.265396706787532	0.08744292863918852	-0.006910744666183754	0.11326950275377883	-0.49474018052291596	-2.1116578774720174	0.9537971624980754	0.24847726457708239	1.31312406587306	0.06295407720433811	1.1515321144916395	0.3854960773704938	0.267490624779583	-0.73672874444454	1.4748380660132132	-1.1407529168242725	0.2512984567823714	-0.2186753201371042	0.415169161797081	-1.1188468375489777	-0.2506978185412991	-1.3279028873353003	-0.30500642553522067	0.1230983037842154	0.04455945341940727	-0.1801579995376496	0.7081164743767897	0.34291389727061883	0.7645880711787822	1.2037808742098488	-0.6864357374857853	1.2338860672878913	0.011503574670616041	-0.7545173424165442	0.23332365864203927	-1.974332573337062	-1.1775191627294441	0.2723081200201973	-0.13941361503195318	-0.36952909442188947	-0.04662354850217521	-0.11469793016094819	-0.9197523606388105	-1.8173911512036938	-0.4744606314360175	-0.21719751017215383	0.7780086294557282	0.9656868824077103	0.5979237056779818	0.7087725434518903	0.5617385277699581	-0.46764855102390757	0.1026322371236107
DTXSID8020913	-11.182918120393348	-17.98653138224185	-1.6066498549620938	-6.572645357052793	-3.4124310745929924	2.1971099477724354	-1.1256207597777383	-2.918440928362891	3.4219344807138157	-9.989764336520922	-0.8468788831032921	-2.562573942495337	1.3308606982218671	3.0775990540667175	-0.07000105987671958	1.2658011646104115	-1.6886628699918975	-0.24174293120732115	-0.23125803566811964	1.3966994874532725	-3.302548057987175	-3.4524219414894466	-1.9744420917268788	1.7607706480912375	0.19465942904193242	0.42623110017901006	-0.13898228675997287	-0.9304195315542789	1.319938062263494	0.1382608767960509	0.5568859344346068	0.3036762087422958	-0.6200497325719029	0.46783740423327513	-1.1706132277897923	-2.3576043430251366	-0.8226646982164731	-1.860520269780904	1.006081989404305	0.38109668289339377	0.03594662770481945	0.5117257744323651	-1.5940766226332146	-0.9625596365214661	0.5114994584673932	0.10595829849703486	1.3400028328213947	0.36475109607736794	0.6505537856932402	1.5045793102545735	-0.2904248516141102	0.5835758225023963	-0.9530293478198035	-0.5525217665134895	0.5006797163497863	-1.2066978595057667	0.21670347615816477	-0.021202062440740372	0.316555275155047	-0.6475164768682385	-0.40566775079638	-0.03040863975631951	-0.6173053968513278	0.23886406199741825	0.1297053528001232	-1.028540383885306	-0.6215591984883166	1.3269112201434377	-1.4115027925341534	0.2542070014016366	0.4009996663631798	1.0260752719165194	0.8168615167854076	1.2316747661733938	0.16240766353801114	-0.014004798617956804	0.01115093587030297	-0.10009386278274288	0.7875610502271124	0.43274108856822047	0.6827451025314939	1.0708298025772278	-1.2362094926256042	0.7947983072225687	-0.1182628688867034	0.3001419780913612	-0.5633805695096497	1.2614630959793396	1.027695038911543	0.5608440665121076	1.2904958716052244	-0.3646116352596926	-1.3412076831479416	0.7357919074907993	-0.7939523805413405	0.0933423810130085	-1.832858615135463	1.3183439222135578	0.0806000914068471	-1.34226673613224
DTXSID8020969	-15.33412799812861	8.944935273389138	-6.0343793185483765	2.924492170588082	-10.304189950413004	5.34097196944756	-6.900018936946056	2.721042978225263	0.4691103661885358	-3.2656849635686624	3.2382533871444297	2.2663954792874175	-0.8316902645525942	-2.440840417773388	-0.5624821073958242	0.6849428681972144	2.9902787535173685	1.0647661800174	-0.4481718945883968	-1.2720117959243806	2.5709796573911197	-1.252136455600129	0.9751614990186206	0.5011324130182419	1.1604267919910194	1.8965877206782087	-0.5799655744041643	-0.6473666024431922	2.1100284108685297	0.41605634395629193	0.5533881977502293	-2.378781842126969	1.584241912094832	-1.4120689818998706	1.6655257875217044	-0.2526235035898698	-1.2162778022349143	0.32329812556519394	0.6149019787966877	1.174561492521186	-1.6095269404447379	-0.1793070579319606	-0.24485426995765353	-0.6138968381636662	-2.178542685334823	-0.06402342465569956	-0.07277864725429055	-0.359546167551531	0.19260900377871967	-0.26152766855625326	-0.3118566660443778	-0.3958666970833384	0.3704569058839724	-0.6342467035015387	1.0605318461830864	-0.11857531955873599	0.15817772637496047	-0.6618056041978854	0.5518504226121347	-0.25651390718058886	0.13160507082392703	1.2312950343679425	-0.5715823599388331	-0.11489967453508691	-0.052459948023437085	-0.6009891699916812	1.3696216127677667	-0.08086347681872144	-0.04378683970930255	-0.3297766251015034	0.008077850239326476	0.6367045313414923	-0.034024142824143885	0.8391568351666063	-0.12567045742028166	0.9618796036259856	-0.5579385321368979	-0.9094657097835472	-0.358489890208691	-0.7872401544481636	-0.781816165991813	-0.2761618775507636	-0.5801260824652094	-0.40221579322428164	0.2183548511633731	-0.3985806062123147	-0.8758985007168171	-0.13411735657914348	-0.03263670509241821	-0.07920064433955645	1.3677486702903638	-0.2597677651773652	-0.6945252659666683	0.2836225068856119	0.25450944266436926	0.7393372330568633	0.5476079599751849	1.117148351892845	0.4194195505082909	0.45767645613902935
DTXSID8021224	24.209492679767656	1.1726027352215038	-0.12273475243009688	-1.0479838979141034	-9.183634821853499	2.757328588904644	1.3903319420577935	5.139751628318477	3.7794028547717495	-4.519155680181665	1.7483316966716278	3.464183937848148	0.29760532460585504	0.8262682721340352	3.409647506510417	-1.6659760485926285	-0.5094273141259652	2.589951170729469	2.666247407766237	4.909655916367054	0.5024271755584514	1.6931713647634208	0.9998522959271626	-2.3161344579594343	-1.995102510593997	-1.3367864375535785	-0.045974600500303255	1.3936548911900477	-0.9689341028409966	1.1740100085916336	1.0066512196678796	-0.8765768681735041	-0.2189283892172491	3.227624228912549	-0.5562891605862009	-0.04287968334176257	1.1044299025603574	-0.3180347443281251	-0.733154114493481	-0.7113538212080249	0.5896263067378406	0.6097187936578516	-0.0376863502493995	0.05681688256545668	-0.9582185201659843	1.0874851383721669	0.5207794864294474	1.682126019326447	-0.43731511697689746	-0.19407316478744935	0.3971976645948254	-0.22997470536346185	-0.5944766502378509	-0.6044836139767307	-1.3951291436138096	0.37184212830556285	-0.08434145766243499	-0.4111418034266582	0.8177471006465556	0.4558314069615294	0.3136711803340454	0.6512920650002297	-0.03958414773411868	-0.3350611125553557	0.046005351851792865	0.42862270538194797	0.1959483175859963	0.2450348081882158	-1.471929828445592	0.5238578902631496	1.1173072913308193	-0.5205625662470781	1.5080114867668064	-0.1716981382754927	0.02374756537362013	-0.45771671022827426	0.3093100380464803	0.08890854774756926	-0.24802160337174003	-0.5961316872623625	0.20103218648556476	-0.5623901768174779	0.7311519384809119	-0.2938547591311888	-0.042076412292993685	-0.19031880294826328	-0.3900961452183543	-0.5856495334302844	0.7506188623620819	0.862882328698875	-0.10179673324872592	-0.6004967021208727	0.698812480752448	0.5691267801987894	-0.17138859054601246	-0.13061359481216728	0.8614664908561634	-0.057067345450558075	0.4044428596218225	-0.5851076018436466
DTXSID8021272	-18.523182888866756	8.498840836892887	-1.4901467869867444	0.8646421969760104	-9.677241267323652	6.202449169919182	0.8696259826287706	0.5745260515325508	0.6758042525673381	-1.7776333983868646	3.574334559270779	5.51638348348698	1.302744115890064	-2.195700977263869	-0.9151207282370643	0.3039531142271593	1.4264310137873377	1.3452261652083333	-0.9207877810247714	-1.1884146905385686	1.3592799585147168	-0.724882455219708	2.2683118263894695	-0.528493737430182	0.924140035286963	0.2618790457316454	0.13006258809420487	-1.3324795621370051	-0.5596358645304316	-0.7532237486454313	1.9132596642647834	-0.8652335198599269	1.1020030952105526	-2.2252263091261724	0.4306563106931251	1.280374183669068	-0.882234595411659	0.09467323806523652	0.352431294220097	0.369123873743066	-1.629172275460644	-1.5746511056180927	1.653089844555221	-0.1656185525028722	-0.8895940120743107	-1.1492948673179717	-0.5285486343968532	0.18207561289847987	-1.2333043769416254	1.0130455091590491	0.1520174575961795	0.09499943949710966	0.1752236532406209	0.15444847783897533	0.563685883363172	-0.06993475660929505	1.0622760209777156	-0.4264714096770259	-0.6831443556506336	0.9336727989898611	0.24833338819402273	1.3585597200096777	0.0915157827458733	1.0700661860798686	-0.5763648013492371	-1.1379705145057337	0.6113692308041898	0.6331085939820565	-0.002262910550861467	-0.15143665344635618	0.5357412612053596	0.48855120645222044	0.4036618581319674	0.5423934290984248	-0.13672626516579742	-0.06074257502558128	0.4133716485300283	0.5623025546166215	-0.11888229980329607	-1.8581668701264786	0.12198767877325063	0.4332922405802338	0.20868686187925192	-0.9259086896438157	-0.9683526323056801	-0.1260192430281201	1.061491983367675	-1.3776357131076882	0.06046713412153858	-0.3591978588212298	0.7469420371791106	0.32870608225569736	-0.5475059745368916	1.3069593149452117	0.20650189874654296	0.36122083565598306	-0.25151956748463156	-0.6080128940398435	-0.06800754676893522	-0.41944350770420175
DTXSID8021519	-12.603182706146196	3.1937661792107925	10.149614477959908	-5.085251310917268	-7.135540582358585	-7.235860067567618	10.815055979189374	4.377562969596973	-3.679157528319806	-0.6007562622860267	1.0017336553004133	2.425870993721878	-5.887029945890371	3.6754419260043156	-4.877643548769537	5.112309851776157	-2.1420650990261936	1.102593985575615	0.8641425394289556	0.1369239673704963	-1.6996999787460167	3.5675578690007894	-1.779950694793467	0.7007717053665082	-1.1652882230403143	1.2227176125383106	-0.05199587636359299	0.19334433473398172	-1.6636156869146728	-1.7416882031397005	-0.6239287117434869	-1.197215465076212	0.16529632389890567	-0.17504330978601296	1.6492597332081043	-1.3312361324802162	0.1882823833249297	-0.134855857393995	0.9159800130188152	-0.8318945163997293	1.1117616895316176	0.131224015909416	0.07945176123690485	-1.0588884277571584	-0.537259223664345	0.5367092025870247	0.6738002941423055	-0.1051921957779443	-1.2313554210479878	-0.11900777508724297	-0.7077180713665105	-0.8047032042137138	0.31420308312397	-0.7714320954861081	0.8852889676753999	-0.33502126572113317	0.963048164338224	-0.7019231049436006	1.209057684110107	-0.27790623423770877	-0.46845216465150097	1.291610800588951	-0.01790331254899255	0.3317656724444295	-0.8226077161531443	-0.0854559006066049	-0.7605177672345791	-0.17319462956760398	-0.8660441426323034	-0.36987809347649186	-0.45436015834474247	-0.7361589219834435	0.5176225331219289	-0.06599092930221848	0.28313053237425734	0.5307856243662981	-0.35161136611208865	0.873405955437998	1.1228864149711615	0.13510519444354663	0.790064335316926	0.8610545386806203	1.1919791915248006	-0.17108658570192828	1.058731059024767	-0.12030974095795892	0.4886686760495364	0.26026961775750634	-0.8498425282911665	0.03838113419466808	-0.07843586438749935	0.20318380859778354	0.23801220215848207	0.11419924773554585	-0.6405002285414815	-0.5986720570686307	-0.5182206419907255	-0.41230633913841785	-0.5577922535943948	-0.8370698956918365
DTXSID8021517	-12.854196750638886	12.706243978207745	-2.3705734306116444	7.4056354771170945	-3.8190269439520055	-0.2293800326837949	5.026382459104253	-9.101798298554709	4.863945792723853	-4.945897026426151	0.22914686983564853	-0.18498649638346767	4.648879147340902	-8.339671909512248	-1.039958740124018	-0.40847730509561553	-0.7585571427926016	0.991825081707096	-1.8926226993072146	-0.39830924043859994	-0.3645164993357343	-0.032684029351133535	2.4975640806993935	0.49531552031988874	-0.6856943186936452	-1.139768344588219	0.18965055566065986	-0.755341477485442	-0.30993302478987755	-0.8841506444383508	0.07599680030026752	-1.4409078487493625	-0.7864806518814128	0.7616970553774458	-0.5908350036123486	0.3255121608461546	1.174621853948019	-0.3392318300445333	0.9242721235902003	-0.7207406252326468	1.4192883453011405	2.7273270162666265	-0.21294760424546605	0.8076212090758725	-0.43112365417085935	1.1830638160407436	0.947896653984517	-0.008314299987779978	-0.41061664454027863	0.48991351616972684	0.9229663792563545	-0.44350875095599857	-1.293884302603884	0.6345062980381974	-0.41097041205977597	-1.3041271205754648	-0.7150731115622617	-0.7244590190217184	0.4207192468987625	0.6902255578508384	0.08550551173658884	-0.47357795283110093	0.054057161638366324	0.3576115582911763	-0.1955574690206018	0.015497585690089466	0.3286700083468378	-0.16368912576363262	-0.38245772740807027	-0.6535928173670332	-1.304240656284944	-0.3605946398924472	1.1084748952460197	-0.08395161313610945	0.17879486117718849	0.31352529061562623	-1.1598486743451732	0.9896448945629633	-0.5144851989227424	-0.3549590588597983	0.10496818278281277	-0.168958932871162	-0.010481724735440035	0.12630276790543812	0.5116972425616134	0.35358636132720556	-0.1748527110603734	-1.1297891789386219	-0.2164795743207832	1.0257888504521153	0.04716029537999359	-0.4850458414608463	-0.26729614671016655	-0.5389120334358287	-0.9880557486731832	0.2503906784671691	0.18358203663927186	-0.20579025197531448	0.6419749210736927	0.6489569990886827
DTXSID8021301	21.3684429474624	-0.4122091694405655	5.106863949516342	3.7942921821705946	-5.919537660714077	-5.382580670008528	6.044549845976694	-2.2908983439500137	6.260364079723384	-0.8190130744880711	1.4524369686061014	1.590974100804816	1.343527524668485	-4.1719912208151	4.478993961736995	0.17298772714840632	2.4518325260525486	0.7156930142857602	0.2926771309324888	-1.3482809377408618	-1.5408346225362344	-3.240149837721235	-0.7398325570568964	-1.528491779426286	-0.9731156220101229	-0.9336360862131486	-1.1696618618814243	3.6838673958177743	0.17432909257902615	-1.6108178535905149	-1.2164447202158089	-0.758013154655397	0.9269645787539688	1.167614107689499	-0.2814056958308532	-0.9028435180123509	0.1496781621703226	0.33747057643521944	1.4049374712408869	1.142863266410157	-0.24300703374472568	0.1281818366928273	-0.22422400234664983	1.6899869193452728	-1.7832329511138707	0.3827043088150159	-0.008527574837068105	0.10987831008395367	0.6829071081594321	1.0853047281535746	-0.5279805276296914	1.4510500677564377	1.3052144949818247	0.9634006490860563	0.0926429245392782	1.135570417681975	-2.242779868033807	0.8275861441399083	-0.5795683196091225	0.98190803546491	0.6197933459879432	0.4429720411315633	-1.564624155695478	0.11664237180884224	0.2406502405215001	0.3411907139750548	-0.4808392306771888	-0.37720498764062	0.6787980226147229	-0.4773457070711734	-0.19986165935359498	-0.57379897648986	1.2084725041318418	-0.36215189079130355	-1.0395879703596247	0.8502815966078308	0.3281988711238367	0.20883187380031945	1.4456781608739022	1.680874233179385	-0.55751080578959	-0.47708582357860124	-0.9447243210457815	-0.13486108809589512	0.05682998393209803	0.6920016065687215	-0.48616142770855403	-0.7684974717822021	0.4734704994337013	0.3497399981892543	0.03563526005926274	-1.439315603002688	-0.7038654646814012	-0.8512746000406822	0.6483718556390711	0.38182108463525444	0.015400192063145166	1.3663640886984623	-0.1029076406444071	-0.2259717072841176
DTXSID8021937	-17.156031973541353	-4.145887135821917	11.44925032581166	0.6744313319398573	-4.973529858067608	-5.906698113139768	-2.6972784814505513	0.516814985245464	3.473231214426565	-0.16276660338178373	-1.7091664105109974	2.272505592907166	0.6115272572113667	5.3113164633441325	2.2974794540815933	0.6555537209958343	-2.682823187351438	-0.074738427906475	-0.9946666670650852	-0.3974610371092527	0.39305087690884205	1.3062155375698072	2.3921390537598226	0.8713700269727621	0.8513458138504642	0.07529572806647895	2.315813605523424	1.0004741774753954	-0.29689285103943314	0.09540270409072125	-0.9227788155617603	-0.20122235145999173	-0.10123454736673076	-0.08517550855804176	-0.0727004655213757	0.0363934487284116	1.7596931042575843	-0.452812699144488	0.4921348920234788	-1.141874228708522	-1.00708590066788	0.6640206570213939	-1.291715733945244	0.6093938046292552	0.22854376556378636	0.1209201410319199	0.6473061974574439	-0.09451386976473612	0.4361421616855529	0.32611509931572374	-0.6982254147255942	0.7137936244730162	-0.7212803829718517	0.3508872765273732	0.5679797331134347	-1.1742412081900322	0.18745703339526665	-0.741277574271004	-0.6042214735052924	0.01567156694234434	-1.4361879679994995	0.5996570577435103	0.08198472225445655	0.06813701702233155	1.2506733493775184	0.10911075926439578	0.12884342679753585	1.1773607988787231	-0.11738903157721707	0.3133159290225458	0.8255452586436043	0.9869725452569019	-0.6737482170509987	-0.26804364686738097	-1.0431573133595096	0.4086116661173231	0.8931128469490314	-0.9484726582794736	0.2663865830865168	-0.2545664869246367	0.9476959443812287	-0.5466134977076749	-0.13387158831729876	-0.4583690648384438	-0.06189028073261232	0.06819360413571769	1.3014893351160002	0.4065182434633272	0.5036369572634639	-0.000996462657975674	-0.05025475848365909	-0.855632955364262	0.5650684212830681	0.15315640874029549	0.6685937471052626	0.03654555713594183	0.9425186043167739	0.17431765496411836	-0.1767210083959248	0.6253450983811175
DTXSID8021808	-12.077447485849316	-12.900724971570579	-7.1165865342571575	3.258824495890435	-6.991497584456312	-2.5522885313973145	3.011395246593425	-4.828674494144542	-3.60503386696247	1.4184337796303956	-0.9753422132498514	-1.0627433936087847	-2.492814234493735	3.7399815315220994	1.9313623521113366	-1.8184286020131004	-1.9655922850553602	2.095318787776376	1.1931377909483938	2.264807085702249	1.4156528787732536	-0.653456633537192	0.26835383275841984	3.0391329120620325	0.20496837373285878	-0.22379445008117646	-1.0388305832981377	-0.05334780803325984	-0.9123002732872898	-0.662647388377906	1.4094605507237703	-0.21116453407748917	-1.6049007386986327	-0.8844546723660913	0.17132812532323563	-0.9156019454655205	1.3956392790261425	-0.1991096538057399	1.995360532633586	0.1817716435040162	-0.14205491325448535	1.2763893619719346	1.3297231293814764	-0.09793665708889844	-0.8793517830180948	-0.08392652826852257	-1.664348156206703	0.05566952915768429	0.2799864848160763	-0.27688218528509195	0.1464500909704202	0.12203797166265958	-1.7824496690447933	0.06328332683528358	2.5658062288458807	-0.8786939328922885	0.2657093996285872	0.7331412502877314	-1.4905586736831284	-0.8069831187081873	0.019791961983983267	-0.28232621411104525	-0.7941584587776862	1.7885676244666473	0.3120974954860407	0.43866139104117574	-0.02446443047910224	-1.2688459961182996	1.0518687028314297	-0.4741891682185744	-0.6159699001589215	0.6425085324331248	-1.3066589790958723	0.17381502016095615	0.22227367737068415	0.2299185630416221	1.1636170404454	-0.9805484673423743	-0.38394562948320377	-0.48652125870268725	-1.0212940646586492	1.3957327616818835	0.2560108792972013	-0.4154117247115267	0.043548816949906484	0.11857086160796061	0.29448390120804435	0.819895058735161	0.8996803700268198	-0.2369187835261901	-0.4253978032048305	-0.6443399318450064	-1.0265429258620453	-0.08123244599421023	-0.9106293578981817	-0.304283868599031	-0.44823016390790826	0.4972219669476661	-0.12763722785292028	0.8030679067431625
DTXSID8021931	-19.484239702909	-3.1647412129893873	9.541837972533564	0.6790623464364994	-4.863110978191559	-3.6546081237052466	-0.3062338885678221	0.4115899343068381	3.5105631381843905	0.1315002875415865	-1.313330816508424	2.7648032460206142	0.1591563069758512	4.549203347370783	2.727375258059765	1.729363336787537	-2.963906025968812	0.5537494405985867	-2.5874212433894783	0.3028096910825726	1.138943782228467	1.3418529703590365	1.500596707340406	1.402957334579614	0.5737263140126081	0.8928661958613318	2.9947695675137194	1.8400118235915528	-0.8877008192225239	-0.9080008599250506	0.2359740140361159	-0.9050539978856089	-0.19199409289515867	0.2884376625853142	-0.8754985195387118	-0.4729627890146298	1.5423284123032837	-0.6079536551214696	0.8837495876662934	0.2198974026683515	-0.7615258383595529	-1.323556845713639	0.14088530571849225	0.33553723521249335	1.165448961843686	-0.7129185216175951	-0.5035615574040457	-0.6081939430047114	0.6954162112949236	-0.8124431471695275	-1.132879844189765	0.01979064406056636	0.06135666167325476	-0.12047509505849839	0.2130788092521339	0.44056960247260324	1.2294456764032964	-0.23880958592943383	-0.48320024858619015	-0.5143926562171205	-0.010300963191415477	0.39532785456340086	-0.007515233286852523	-1.3956736744536495	0.9512133286033044	0.6061465559882846	0.4205383228074517	0.010041643342805419	0.4374211365193799	-0.3870887659219295	-0.4256638843244765	-1.227004126907526	0.9311255166508143	-0.5956793518326791	-0.5883306345300862	0.9002427952424409	0.6194466645068216	0.068977851385531	0.23496124531814438	-0.13432340552809355	1.1183401957576458	-0.46983154034690433	0.7355931987075753	0.288556457457705	0.9242296036698795	0.2781016496813768	0.11700987202634212	0.19048538661227613	-0.2811026522080919	0.2758413056565161	-0.5536362913992164	-0.20882774278607444	0.31930400562709205	-0.23811262943101094	-0.14565852251946554	0.710279535571749	0.21284583040286342	0.8613267000887612	0.43887357984951875	-0.2869560007428794
DTXSID8022113	-16.607033558575424	-1.136456509854078	-0.4516797531339878	-10.25911545254112	8.061622000181831	2.7697985237962275	-5.2883223572156215	-2.547643928735177	3.235046492460847	-0.5316657756914943	-0.2957980629826921	7.098193659943407	-0.4287264879949972	1.9631473167553626	1.1830013356948934	-0.581397549351977	-0.1848929732326152	0.45047328772111755	-1.2165966716226035	-0.0016003483513877626	-1.752239184087712	-2.2892416744383546	-0.8921656955802535	-1.8449946453387582	-0.16632324076033778	0.8665946344101132	-0.08701183696486409	2.654961405241754	0.30272413036466633	1.5152468391088652	-0.7435718999973042	1.1974859718001443	-0.21220126585749477	0.45695975832177665	-0.4707093218960214	-0.45352551336696884	0.6480657047686763	1.1408494031910479	0.590498912239217	-1.0601403681128185	1.329719030940009	0.5833572716009839	-0.5400802306884317	-0.9139574581660186	-0.4895351662879106	-0.3493723888588426	0.46619283424648283	-0.9877322023335071	0.041564318814043336	-0.11831558108904379	1.1046049229233512	-1.663443961035416	-0.4312468091869813	0.656493121722902	1.0370141509381634	-0.711453333572101	-0.377074047196779	0.18391992085343659	0.6877902367738555	0.2383257566097529	0.9271842796738967	-0.6403820763116053	0.5455951349012008	0.7802525922846284	0.38199463974370473	1.0896269871571123	0.2053751384282373	0.659806255682593	-1.1220777025414854	-0.13798596322457585	-1.0864675385611153	1.3071349183070866	1.0646796071755427	-0.948040894710691	0.8389937219343301	-0.38482000610373995	0.9464522049988671	0.4834905797000251	0.7021586877770002	1.2285317676508498	0.2446941364865795	-1.3928563379781096	-0.3718949828079581	-0.8857061414002866	0.26243105278207285	-0.13360445967964557	-1.11611315552422	0.701706225746404	-1.1338949249528718	0.09325139455633466	0.11939482762375002	0.252439725813863	0.7074600159180738	-0.7343276761492991	-0.6401884874914872	0.2486437032516956	-0.06539242412077256	-1.514171391666852	-0.3539939956611568	0.49639325942943474
DTXSID8022292	15.245479512702317	-9.59220919612194	-1.090871501532613	0.23979399670725896	7.860408898347478	-2.1447560696423325	-3.755595858229265	-5.630362241745768	-0.8448466997771884	1.2479865516385455	2.8501249305060887	6.458645607391748	0.5818826824734783	-1.0066107221431095	-0.4032567833974313	1.4939395942941187	1.19567981432614	-0.851918585757256	-1.1694361513506666	-1.9619726125536259	1.1150833201233805	0.1203244030183381	-0.3992900933865867	3.768267334182956	-0.6674459464822028	-1.8607161785837065	0.0660953462236375	0.8068855170356429	-3.3098331689390745	-0.15794996982561765	-0.9190519740050469	-1.2205366540545866	1.6928287348178315	-2.916921002972983	0.9306865772452894	1.6319773220406688	0.8600391513837274	0.8538555241827357	0.7653039435203493	0.583179301959725	-0.38481385902184384	2.739151035804074	-0.08979692895682502	-0.47914922621061606	-0.010211555681159834	0.8063977060698471	-1.7129742636606506	-0.7352743405181957	-2.713839976277856	0.20574443669173242	-1.0075649344282687	0.6591324935332883	1.454142595243442	-0.8685377223038698	0.37357092833293015	0.7441218732751711	-0.7484167250769534	0.4573017706260672	-0.8364856886284493	0.5052452410564695	0.7774924932668346	0.24927538505661473	-0.08726998747994826	-0.03185078493969664	0.7184187267314677	-1.7363238476853815	-1.5944201613538878	0.668872719862544	-1.3812193430828192	0.29788452572862395	-0.3085391672021668	0.8387064714625905	-0.08904252773194553	-0.17210371171126412	0.32680400902118356	-1.2189327249111863	-2.8225570851193162	-0.7225382772970685	1.034210095950216	0.18002046809529829	0.5850914034186252	0.6435661201187101	0.630356039497606	-0.5244782129546001	0.4331664613092971	-1.0194529055723798	-0.0069640221294304605	-0.34817302093248254	-0.47481133695374655	-1.6862316213563229	0.9893745553211255	0.3813786911040227	1.3994566695456168	0.754637948165487	0.6117896724461024	1.5418400390534852	-0.3709560624084816	-0.5483564055882555	-0.7691649196981764	0.7568098825303968
DTXSID8022111	-0.48999348603456905	-1.5342154421773917	-11.318949272354981	-0.5478149109992564	13.016911008845652	-0.5548466595260784	-7.198465800947971	-3.4162124628726183	1.2061320252366303	3.9267381970298585	-5.390504038586375	5.583682070348229	-1.706487221153016	0.8858127319737827	-4.495351123472075	1.2519419743759206	-4.141642949937356	1.6243681457775618	-0.1620284718053485	2.4918336195956514	0.10637506019822578	0.7639709948122543	-2.31792981081672	-1.0336166215098035	1.5300020992493089	1.7361636822808835	-1.1392312969206866	0.4004156482114722	-0.005245984837854468	-2.7170103974109674	1.6636252204798936	1.6026795342763513	-0.5920481399858145	1.3182273941612614	0.6373069760143725	1.1081242415342605	-0.28720465659455313	0.09544765834794645	-0.7237262748045183	-0.8472549242034507	-0.2869260760245758	0.6692307513395112	-0.344446685111914	-0.7054773629660606	0.3589600222242045	0.5120880469810379	-1.4301607818261894	-0.32148567774869313	-1.1778714030723787	0.613502234594899	-0.18745305497174675	-0.5586285987621523	1.4113723476559819	0.16649951674145552	-0.0938422457758505	1.0668406190362525	0.9363601942968588	0.3143164903341894	0.23980758139941225	-0.41957583681767446	-0.02794645070462641	-0.1977607809454392	0.5655330754004171	-0.7953241808854217	-0.7949907398029681	1.9161051395584479	-1.374475036052409	1.5571712840788896	-0.04284761077161687	1.2641274742842072	0.7459373941773125	-0.20138776974351955	0.9634055611338808	-0.03455026954215242	0.46102388068961625	0.3764062303300255	-0.33441715047366255	0.953673394082974	0.17507802580127874	-0.40257866478825965	-0.1387947520296815	-0.10446399470507037	-0.9458162848992483	-1.1567137249147281	-1.5957798774612255	-1.4133319836977187	0.32665139471833005	0.08426987477072732	-0.4733362077848068	0.04318081916449557	0.13288068782200693	0.27923725652283055	-0.2974146396133956	-0.284765179248827	-0.37929619077960947	-0.17519947601628266	0.0789013848434525	-0.42621651451451603	-0.19268560251216557	-0.3317305502848912
DTXSID8022377	3.0395382240364643	-9.304196706939472	13.690353379622183	8.804964929680438	0.31569124804998067	17.225176317531165	6.141112726391461	-2.4552575715557516	-7.281376570300509	-1.8086151049767323	-1.4565875626603308	-0.27066301880542626	-1.3040744308544008	1.0640431553293663	0.34193344484293	-4.227079785772153	-0.13709735337894297	1.5673879753251176	-1.2586646990152182	-1.7155089013309985	-2.5660887360169347	0.4585420645048672	1.0734731389926082	-0.528685241356481	2.5287676718344487	1.3765378329326994	-0.5024463350469428	-0.4051664856916475	0.02445404135018899	0.4476151313167547	-1.2132232349607301	0.3821168606491889	-0.299831309600414	2.1648294308805234	1.623014581180125	2.0024382728563164	-0.9628226937748452	-3.125399086933001	0.9194569825688029	-0.7021756424387408	-0.6613242290913228	-0.5774651460811102	-0.9787256524643193	0.5020564643344383	-0.7738691356504983	-0.6112669789050579	0.47188291904659596	0.047821500129782216	-0.5339097152691084	0.29993860751961016	-0.05009406948449923	0.582977565800506	0.9997350545277904	-0.05702873633630432	-0.5848705412423871	-1.293123197475133	-1.0735088640171	-0.8438614308804884	-0.40932773440550996	-0.036746984194664115	-0.387583779044388	-0.14075258630543597	0.6891133512831213	0.7918146743838396	0.19344260910998848	-1.3465940607473557	-0.4570884549504717	-0.3173455615203437	0.10686136661561775	-1.5160887434658024	-0.20494329937915284	-0.29595232587279574	0.1361543224328281	-0.8337890824522339	-1.4095699176931975	-0.429680990866916	-1.2286634074972402	-1.567200255354827	-0.7345683448850674	0.016087537000410195	-0.967797449220361	0.26295220153351284	-1.4026237938856467	-0.13741201127122404	-1.3032682089088694	0.45403848026975513	-0.3967843227897498	0.037837732194001675	-0.4220074049126095	0.26219718476295373	-0.3142470813580163	-0.002601783416804705	0.02049213996262244	0.5576266380316197	-0.8747874067220489	1.6434769904284443	0.36128678186605484	-0.5831253871736773	-1.123622176828786	-0.0634894209271004
DTXSID8022959	19.614218043446577	7.7500945917559285	8.715291054332377	3.0617360106120284	-4.980563975121642	-7.328531305022546	-1.4730109798554059	3.9757074505643546	2.855088673650355	-2.735873204296075	1.0239304858467864	0.7748988203672986	-1.2563033237267236	-0.35321100663123484	2.4305151437149783	-2.3360733758003516	-1.1844947697929573	2.2436295546775655	-0.8207175179867761	1.3515883001275268	-2.341756249190362	-3.0239466786531928	-3.4450589930066817	-0.20215955802386773	0.5139567253403539	-1.3846924087733397	0.28170207939039527	0.5061919656170516	0.46428139923860806	2.4817640983595473	1.5711921851999113	-1.519531798875262	0.7624812848131857	0.8634257785453574	0.9386498063734006	0.7211173599884316	-1.4808539417423776	-0.36138300503499693	-0.9984168414785853	1.3776874309667888	1.367122255386795	-0.7491707953367579	0.8380452367191811	0.9483959886190256	-1.3647063022910861	-1.3069250137594213	-1.1963950524165843	0.4169506185378985	-0.2724269469020675	-0.4388907005431884	-0.22978126504157115	0.3761140626616694	-1.0079009334427953	0.14047559898246703	1.3173504354686383	0.9129080203469515	-0.1959735882621424	-0.1466689899126883	-0.21171082173030745	-0.006814253366599591	1.116196589854282	0.6560251473757538	1.0039677181761997	-0.14267593610985585	0.03601438523836035	-0.11590777968221744	0.6684332982757651	0.7505974649757509	1.6495794245801876	1.027355190236979	-0.9791437168272129	0.22111400758276242	0.7860690923468867	0.01721864381407199	-0.05488711343723449	-0.682211572514583	-0.09070263644214367	0.10345450610659654	-0.49327855063229276	0.905456605703597	0.21556442664309802	-0.6950595898951106	-0.471700070407414	-0.21434689286428624	-0.071178282689421	0.17944394043813078	-0.8855794928606726	-1.7005995381449883	-0.949085933019876	0.10611837216481698	0.2893082341317222	-0.6788057625906083	0.2625455592578888	-0.11420145340643614	0.6837467643108273	0.6278480225055172	-0.2252111066611956	-1.0201294729747774	-1.0229242899683437	-0.5467443948393588
DTXSID8023632	-8.73521724181603	14.169116869826983	0.23957194504983145	5.352541766247292	-9.015694077491906	1.0937620052821846	10.473856112719762	-7.418796928413206	3.0614340335950416	-2.5082417058858346	-0.707735226897677	-2.3393121955114684	4.55232748211988	-8.723409126267665	-2.256344740903388	2.7124383254300826	-3.0691846715952513	-0.7219052317996021	-3.4428895646553768	0.10893592009712011	0.6778051023026165	1.3289891921871684	1.1051707928453038	1.1391630902269656	-0.8584913799320789	-2.429022875931706	-1.3065493118314724	-1.2917578911620171	0.35414444790824884	0.41567242307744334	2.247190469271241	1.1365079087991596	-0.1709136442641115	0.4009784778621603	-0.23464981143251853	0.5142804774183987	0.9357862420717963	-0.1085117697234524	0.4455785200206407	-0.04370559430610237	0.76992462458717	1.141433408162101	-0.02856923721256773	-0.3476792270625856	-0.5401674519617918	-0.608235210932455	0.4767477859452563	-0.3074042783371613	-0.6902662909782502	0.27690859183966315	0.15284764091916012	-0.9415663254283287	-1.805878826508414	-1.3109828351961201	-1.3863526044275394	0.13520913660365394	0.23413568038402188	0.36752745739276044	0.49477955435644505	-0.030637315376257704	0.4145751327849023	-1.3417310022882012	-0.1950276931330022	-0.2595062307724639	0.05058528118996739	0.779844582833234	-1.4581046724765265	-0.05544269186971159	0.02145634223610301	0.6440733360689646	1.1566529835529131	0.039440353730646555	-0.2512587721657873	-0.08626542516749972	0.020120278466974697	0.3298593386824393	0.293862983536044	0.8025026776273282	0.22539859294712145	0.44233236197940373	-0.46264028924401646	-0.38239374323794334	0.32438650726769364	-0.3966194788003126	0.3224240781179824	0.6748276479392162	0.9707564744320045	-0.3006997008774512	0.09821743703126014	0.4535601422888565	-0.7311758897918222	-0.606924404689169	0.699010869518314	-0.006674978997039842	0.23638779039799485	0.3796372069883757	-0.25630295676663556	-0.7996125773245155	0.5972595372681219	0.06974986691919342
DTXSID8023719	19.21164835999197	-1.826220695453244	-0.10043524404600754	6.1408378569080195	6.455590918807309	-1.1324681373958705	1.338853618154272	2.787859786935435	-0.9903330448498032	-0.08963418861667627	0.8234013797654095	2.7239599895089204	0.4588111169994661	-1.042757435137097	3.347064145819714	1.7961167969729883	-3.869173114195857	-0.7950176047716861	-1.9096151422235295	-1.189673425723793	-0.8061942740750677	-0.6478298782633355	-0.059878138314654654	-0.1731802179272658	-0.6161856106627338	-0.5355751613905001	-0.9487787802499261	1.8694117434787025	0.890992129597823	-3.2722837264154365	0.8870041712334163	-2.6660129481127983	0.4270534127596233	-2.949172395562516	1.1092943416256535	-0.8868887532131213	2.0682374268576766	-1.711981424789099	-1.8128408383908015	-0.2359305251165812	-0.34555799774147394	-0.5606300411305699	2.0275662374060417	0.15227615305553274	1.4422266934439687	1.3982777320363016	-0.6948820735033661	0.8122286946308896	0.3773526915753644	0.6127684436565641	0.5228650162535353	-0.21273784555275238	-1.9444529330244948	0.5258996713445923	0.3053029482622289	0.3034269187642844	-0.7598278885611143	0.6754039570613268	-1.3525440656030505	0.45107634290592113	-2.930232633204591	0.644051340191236	0.5315754771283822	0.8457409588095526	1.2575769555950025	1.7987404745847817	1.6027094624603815	1.162294350633948	-0.5086611591873346	0.4422311115042028	0.7718818327961982	0.5683440445816709	0.3567437160349322	-0.04652060720659575	0.06315682248911939	2.1303760982172992	0.7274650851616616	0.374117082747934	0.29023413626178746	-1.0396883929129803	0.5699318083549547	-1.5440507145189344	0.08190603040893493	0.08657213875843668	0.30367911256372787	0.3542769727497315	-0.5528343007804549	0.5730995627776702	2.011658823427071	-0.3260045865034841	-0.2440043008808873	-0.6511369848390609	1.1909793565443347	1.676872836540837	-0.7952046625399122	-0.5947401454073395	1.032670751296182	1.3861889783967642	-2.1857041290848134	0.5726904436660845
DTXSID8023846	-3.6608504350160667	15.616775762630455	-4.753318171891043	-3.057785464172146	10.762884711133141	-4.744888448700789	-4.997200004914159	1.970700851924997	-3.73892941174372	-6.63483750507982	1.0227785919108965	-2.5191038779505206	0.06498674453408211	0.4206318218260151	1.9509128854918676	-1.288647055859756	-2.3377595511108202	0.13580045632973559	1.554424131457845	-2.126588798026121	-0.02186269821048466	1.3982629777594389	-0.7815959852754025	-0.46419931514156265	0.09080899137016941	2.285949586196258	-2.2848871013401935	0.9005687201592324	-1.5605506150616608	0.6788014970284486	0.8633259641209006	0.4016992453123387	-2.2287319055613373	1.2186755141666819	-0.25842930061213437	-0.8904012491514472	0.2978589288285797	1.882175128696609	-0.46987418590186125	-0.11734659726269758	0.06015423988120751	-0.3475440293833219	-0.2480052257921099	0.6202124051889497	-1.6285015687176254	-0.654628879011053	-2.0514204204426485	-1.9059089965511622	3.4039112886559564	-0.10712988065591995	0.2701454811423804	-1.0164616684212577	-0.543008717669703	-0.508555122438823	-0.29682397960464374	-0.7369097297847957	0.42541995470008054	-1.2243898495123113	0.8767402875881888	0.5027502755615941	0.07507761457613392	-0.010278380805494635	-0.20801744046875567	-0.10324639955306572	1.6887382351383606	-0.023514899818165236	-0.44027837584750074	-0.7175306093977312	0.531909610139406	1.0601960960963164	0.6725021667849447	-0.7933462787352137	0.10372752074693804	-1.3267449581238289	-0.7344281019852669	0.6601909655325495	0.6695865663186414	-0.16138047520181056	0.1782046375831035	-0.27308048627916354	-0.3661143291943998	-0.2952269435363258	0.0804924128631705	0.2166899189499176	-0.7031651274769796	0.5396942144004948	0.4124827020231736	-0.6666424300328709	-1.5152927692591676	-0.16230453508929357	-0.15746547036193878	1.5902323357899208	-0.42682844740234294	0.47278646183030165	0.03502130027741362	0.19814674430411616	-0.3675463135094112	0.25243007660426403	-0.4743133669907254	-0.5577730637421321
DTXSID8023890	2.5978434042135357	10.677396035709588	-12.504049956579667	6.016741385556869	0.8017764913009058	-3.0776914718357693	-4.623897951255067	5.320585045062895	-0.011622962211535458	-3.040664672467567	2.8111580754243084	-2.42969490277409	-0.6653895978991525	0.1651512880804126	-0.1933837757779009	-6.005200578273711	-3.9962461641447247	2.137394666284765	-0.23344350588949103	-0.736594289308834	-0.6826438886431349	2.248005619460998	-0.4303226626033523	1.9387467616830028	-3.466892780134498	0.9472812906858573	-2.267054803660803	-3.3145809626071427	1.7629455819118962	2.6320613344054817	1.1309914191001298	0.584644805043507	-1.27740728819612	1.7413385378790127	0.604656045014688	0.1274411450493463	-2.99815754528862	1.354905507810892	0.4944421130266915	1.6570739546709743	0.873435619926118	-1.0467129583078485	-0.8785178077000535	-0.5053256782770339	0.9498084674509439	0.7031972235200568	1.6478170008074795	-1.848294626211173	-0.6798620802466704	-1.5052613209206158	-1.4413618373398722	-0.3041849192335346	0.7859646523990927	1.9617193998097713	0.14635316312493626	-0.06822735757735916	0.012140659583406557	0.6128699239406976	-0.5511081302950703	0.3321630910797173	-1.3306597211694688	-0.48582266589446366	0.4853116163769076	0.09326681956591215	-0.7217381029275497	0.45289218670509174	0.41524014416967303	-0.4960705681776536	-0.9157728026726044	0.4277546479036771	-0.46676688188711035	0.21404089890415198	2.3406438688851825	-0.08412083481438315	1.0061568782396393	-0.9514650742617357	0.5523635367694113	-0.4382559246367659	-0.5796883902228621	0.9109381954916892	-0.605089935106246	0.4236966502357618	1.0974086869946844	0.760093616744568	-0.28628726553843187	0.13858922316744465	-1.4452893685945098	0.21858298386340458	0.8424316367745948	-0.19237982877170143	-0.27983234008787555	-0.5124554489751356	-0.26340175449580194	-2.5612967005738843	0.014407577071833428	0.5668207812822152	-0.5527386394051527	0.0937751975757992	0.8639854219722264	0.17660960119546754
DTXSID8023977	-9.847549283580928	-15.620703851387455	-6.6669699820012625	-12.417876236848194	1.0752224135691977	1.3746200612973238	-5.976185277006117	-3.978555439284099	2.6577993922023824	-2.216656431193344	0.4690853952513027	2.14501941567522	-2.232166777462849	-0.025496947959419328	-1.2413466788148908	0.7242840158440154	-2.006907299090509	0.14906795395823552	-1.1782351761406658	3.0493423955700205	-1.8435140841350686	-0.7898067487723412	-0.6629265523402705	0.05395850426330601	0.5520389895939237	0.8932594798781972	0.767961336083143	2.0326412152547597	0.1861430412100271	0.9810277972535152	0.2821701435358132	2.064938036887032	-0.09093459636729131	-0.5741558602742766	-0.8356758886498588	-0.34628574316246924	0.5602073783514088	0.26132947938751067	-1.2973995616106144	2.2270495884899844	0.22040702035903045	1.4846188484079974	-0.1835740679163206	0.7156756020845071	-2.182766072653163	0.8145659405110578	0.244075359058921	-0.29081647856207277	0.804466336792622	0.47965898654206657	0.7466044812638325	-1.7041330806782453	-1.4669326035358057	-0.2948183406399417	-0.3493019753105981	1.1499654582124805	-0.24940577324352994	1.6580867796199596	0.024684219929209734	0.650979248171817	-0.35071129057343486	0.5759378889558713	-0.6147418012690066	1.5387844952665217	1.3730752638738248	-0.43206758777106663	-0.2837519303578745	-0.7352970874598582	0.8961374922375237	-1.259139720026429	0.5968952475829882	0.5220794948677046	0.9880012385112763	0.23812506689244986	-0.5111029620345593	0.564426504509151	-0.21035834446569765	0.46390506851266056	0.2366866158829511	-0.9261590593171697	0.37018973828435464	-0.5004634413705766	0.6499662662694593	-0.30249896810117377	0.3435468306182206	-0.5105590220562917	0.5751532058649287	-1.3491650709741687	-0.8480352412846811	0.7506541528606945	-0.42127786732263894	0.39098942054745556	0.04845541683213087	-0.6192312432578233	-0.8471431459928656	-0.004441370147847614	-0.19709776480900731	0.8313384906067945	0.06629168520760159	-0.001097922913684232
DTXSID8023216	13.244685835568632	-1.2562061094243964	-7.473623449140506	-9.101049888245763	-0.7749047734000727	-2.3889692510241867	5.535166491517619	-3.3469294009879955	-3.448090702769891	6.0086360672591175	-2.4409094646717486	2.546665230926753	0.7029438392034771	-2.901320085195956	2.9200997807040157	-0.9149447663809335	0.6357852529648376	-0.7203758359396545	0.7904314665074623	-1.7675733205491575	3.6641598638202444	1.3056069066168823	1.3743106695208853	-1.0074287485203295	2.4702386636098286	-0.46171485941543305	0.032706845323774957	-0.4296140845848594	-4.454316777873451	-0.3623899833991329	-1.6146165669106975	4.124142711878245	1.4872386400402595	1.4511571053304566	-1.4651325290989492	-2.510647811120707	-2.2850160367422045	-1.3692302320794778	-0.9073194508673015	3.7066937405397966	0.00524579950328204	-1.3535637570933674	-0.36795597908236477	0.2560962555064352	1.8593113455818562	1.2154153150135267	-1.8408231440384442	1.394401937558301	-1.285937337593561	2.4068506841779804	-1.164007254961293	0.8095628196624669	-1.385260482119775	0.018329482155057936	1.562639791058506	0.1474880626468749	0.30226528968790034	0.9957050358521935	0.4482791894685046	-1.5022455476896812	-0.954262947114142	0.08672817580167834	2.4135526592686305	1.44869904105189	-1.5162826649714192	1.1667358160993548	0.3870593225289832	-1.7160571371275402	0.7009756542977568	-0.40362070878918543	0.7257643521260988	0.643091470091812	1.021223626905462	0.2062006132307917	-1.4125052804892475	0.6629557982695677	0.4299333157574716	1.2203437114425326	-1.560430158612217	-1.4441515842835404	0.8230549267550017	1.234079822798962	0.46181836221337	1.2571158876229993	-0.8973540827602575	-0.3321686259859596	-0.23599660505430972	-0.42339373715970563	-0.48104564189209487	0.24489934147917966	-0.3377999218513402	0.28308193093248396	-0.07129118982726529	-1.005678171966001	0.5365694891195807	-0.1418541257606006	-0.30814493862737957	0.44633928064051664	-0.2642049063786628	1.128265563470444
DTXSID8023927	1.8303983583352763	-17.25063890436024	-10.073792045425435	-11.242824383413247	-0.7387326823668378	-3.181224727015516	-2.1338560861787386	-5.713449651464991	-1.6279917345336496	-4.269462189664052	1.2424156349090054	-0.2404933471250453	-1.1825488528633596	-0.4458551150322339	-2.602988561732472	1.5837017571159706	1.590302524443235	-0.857236088056816	-0.01533409825512658	0.96636445556933	2.217546075324331	2.9032743381415758	-0.8757791513733997	1.6427101603128906	1.3680512599472996	-1.4769172025622839	-0.5393599178199124	0.7841863077125665	-2.555733356941336	1.729550661664087	0.8109960664884781	3.1778587627430124	0.055476955935154844	-0.7382045784089384	1.0497188899732188	-0.5460738007063426	1.2830312264790034	-0.46470712357197147	-1.1464757641401735	2.7356567990748166	0.12058213987457296	-0.8898449726953963	-0.0822469374990419	-1.1273329075837062	-0.29892263820395143	-0.7684711611276963	-0.5238520537976498	-0.0935010966962024	0.4777101789751715	-0.22102241755230534	-0.11945270883596525	0.005424944284182672	-0.8152058215195346	-0.7103620645625236	-0.06277063094885428	0.7472008826912638	-0.948507499151051	0.6983675024174822	-0.5511381697302157	1.018380632351582	0.7821522759824948	0.8374872438436713	-0.42987066985233185	0.9496848827574729	-0.29908033713369947	-0.11324368987596128	-2.451829053462168	-0.07795085143922448	0.6052803727652214	-0.6569416347948962	-0.8769682064645525	0.48523359019878826	2.9001762930610195	0.338214343648886	-0.8515004164399895	-0.5212548806752771	0.06018499639194687	0.3934587913592202	0.29997909825885144	-0.5819716861384417	-0.3869467457714833	-0.6135133686666708	-0.36435341524178255	0.6737263832712242	0.11614998066433128	-0.044213530785848186	-0.774465889776856	0.2082836031717319	-0.9106940015099686	0.5547633976237892	0.8994944227284611	-0.21644313885967695	0.4499725859528553	0.128059797901961	-0.12613512844725977	0.5949762387062432	-0.8201968609104321	-1.1310034874613832	-0.12424590063859492	-0.3587512064759824
DTXSID8024109	13.102844188872067	-2.7261534832556005	-12.74015390691962	1.133983020151727	-0.09136778957259892	-4.925035712058319	-0.8353607706779906	-5.432895154900649	5.580176129125361	3.5995343823195687	6.373500814810479	0.9891795439031915	0.9434123809348555	3.530117142887984	-1.769547111823671	0.49549293598131744	-0.28348401314978494	-1.204257708264054	-1.587139732300684	-1.181015867518838	-0.5085535407623462	2.1296841671826305	1.6509095058651142	0.0583643605414044	-1.1109803112521277	2.1204111046756005	-0.756133867449488	-0.04689521135739951	0.5730224540907487	-1.1494560577463506	-0.2708479608308442	1.4793469664735923	2.8614070882322067	-1.0983470865168035	0.9468814125238989	0.8284287433282733	0.5453899261262612	0.5894515400050384	-0.4163311926777149	-1.8381913219074077	1.1503437773944167	0.8044786695170713	-2.308395122545468	-0.2028356415287206	0.6736492926155402	-0.10585474666004932	-0.1827369623224284	-0.43162074296385167	1.6820322293842003	-0.9757744640647692	1.8053921391235888	0.4757797732697306	-2.116023969561251	0.7289479138619194	1.0377966141639323	-1.1519425475744278	0.032458698658624954	2.234227847177958e-05	0.8642741257623048	0.20146794067013493	-0.7516097987743544	0.5502529846426204	-0.38164518459182767	-0.805939955891469	0.45362185389689974	0.25584839855196734	0.5235946544114483	0.06542218580429215	0.6358475149637732	1.1878845080387792	-1.29609945780759	-0.03779174076437471	-0.5709257584961565	0.5256913408854414	-0.8417007692608007	0.1654741278410467	0.4554589821499497	-0.8432796304046878	-0.8260900659758427	0.19278991020741745	-1.514082394607599	0.03362677143372343	1.2861662572115087	-0.0018616696137808177	-0.08179588485520922	-0.29922284448500425	-1.1740013359893529	0.6570358671946412	-0.29675628740484294	-1.3800460562149695	-0.33918362866408963	-0.3077845221374382	0.7122662468659331	0.4537989023928905	1.1446110150225175	-0.00892075243717332	-1.0890743240105993	0.5707622999992464	-0.2802419038607366	-0.6013044016956782
DTXSID8024157	8.00269286951625	8.358234144184701	-2.971170786822844	-1.131529882950274	-15.875908551681388	7.384231754328771	-13.310757083433305	6.6371541845553175	-2.5140479241130795	2.89331279728514	-2.2662621971167303	-1.186193227148204	-1.0646185070444383	-0.35118414635349493	0.9094691449877137	3.627064265639734	1.670394796316596	-1.0949081178592255	0.7745784764554062	2.255432010308629	-3.120380108534926	1.3042280119143297	1.9794186291020894	2.2919395018026156	-0.0927978624164004	-1.5615124702441823	0.8860228978295834	0.313657214909712	2.185547492797486	-0.1652616431051052	0.423746856556653	-0.42694725064876	0.011570705672717873	0.9719312562142117	-0.6039412061448939	0.8471615739369894	-0.14833968574546957	-0.05118674333306302	-2.39708646831444	-1.4471983514975753	0.3967403626057251	-0.22628538509861162	-0.9539771927423444	-0.32407472726998776	0.605448256355497	-2.3539150753803244	0.057274404409578275	0.5042790586730412	-0.22102468954952706	0.8318632561375678	1.18460332758043	0.20311041182937206	0.9693880641421774	-1.2534620783135626	0.886212828389711	0.09514083292225431	0.2866347299791826	0.6728931900853556	0.6952611070639861	0.7204905334859908	0.9735329825031593	-0.9484616478782093	-0.5039254873844295	-0.10738780454147046	-0.17601114924266784	-1.5310262094021874	-0.6475288735259417	-0.6465773552738626	-1.3580531419767645	0.5332942319953146	1.0702108069503287	-0.20686591953318276	-1.3178356765617278	0.3998433491411713	-0.6609017165980227	-0.36219582527650634	-0.012129464215280952	0.1513525824365994	0.7859116373213069	-0.8319638574829856	0.15040420074441896	0.6029186839685977	0.007889223465857095	0.691899122301878	-0.6791438110007169	0.7217985154315034	-0.6421015110876025	-0.7713871083595623	-0.12442643772165225	-0.20480835270003597	-0.9189359170461392	-1.1633454016900322	0.8133297196912743	-0.004223719206046777	0.3748355697172026	-0.22759724539548243	0.5225724343757993	-0.8944812942875847	0.23084263120077336	0.03714926581793724
DTXSID8024238	10.270885614440019	13.445635968778676	-3.925965458240082	-1.5272592368508358	-14.014825919607901	7.463837822625362	-9.407852067510067	6.638960430361173	-2.235902456189981	0.45040070434985674	-1.1873066021337817	-2.952669328633706	-1.0125108240356229	2.130314196870288	3.0655851213889678	0.6394449910984529	0.25972911858091174	-0.691347022532842	0.507324108674001	2.172818858958544	-3.0585900766075182	2.0861738577757993	0.7472636429301523	2.3104249840323052	-1.7307521133727828	-1.6687837636868237	0.3927471447432293	-0.7233164442953088	0.6558891318083151	0.9041385776795121	1.6820033817767555	1.295791139900549	-0.4142636453804906	0.08830196568116476	-1.1832824734918215	0.30914062374027745	-0.9952067998483995	-0.9204523022938627	-1.0134407772507865	-0.49784443360355696	-0.08748728660502174	-0.7139550094776412	-0.5730743597581077	-0.9183249491862165	0.577973161443939	-1.5808159771019628	0.24970158292449737	-0.4221833306449437	-0.5581623036863599	0.8251579838146093	0.3564557732012436	0.11888353477717169	1.7029808278308365	0.5956127045911274	0.4778211625184999	-0.739206377896839	-0.5436794323624016	-1.0760200522152747	-0.44301489488854284	0.6514593600750009	-0.38568314023293987	1.0983989771523153	-0.5838310292658342	-0.3170977729840756	0.567800258582981	-0.9032247344500454	1.2213145564161458	-0.20736841479577825	-1.2069972953518913	-0.6875238749505456	-0.5629984264519362	0.4907372660197006	-1.1102309356400757	0.8168078347321135	-0.17294916733506757	0.6680925775415926	0.01843399678306211	-0.5454337671905192	-0.18565549400439435	1.50762526820818	0.10926547494778828	0.02215707263291763	-0.24267121373802422	0.4682903106090748	0.39913302250943816	0.6140802553332168	0.3873658413294521	-0.868227862502384	-0.05626915055945568	0.019224280963287908	-0.01791481964416454	-0.007336762805998517	-0.596261656569004	1.3552493460346946	0.4358342639449804	0.011153258569777455	1.1763089987871658	-0.8984190114340501	0.0386577612802298	-0.8395285000232833
DTXSID8024159	14.075929594142764	-5.038315267579952	-7.247798259994449	5.3817252935950295	-0.04224982596988861	-8.656937820404794	8.316139233762936	1.3073479090933542	-1.7443723130675275	1.7622601460281029	0.936546439061195	0.15695183081405942	1.212462421923835	1.6985470420821762	2.227151819451173	2.513603790214817	2.9082704443043896	2.25817955404541	-0.6980775257976739	-1.865556683116854	-1.5938540568247854	-0.5153946576864018	2.530715376515287	-0.6613027722358427	1.143419131222598	-2.0893901716321546	-1.8064577054267554	-0.8607422658854087	1.52115812502389	-0.23049913861208135	-0.40543166553956306	-1.5694964972282168	0.9367318482790475	-2.3873417857930748	-0.3580711286744182	1.3307441306344256	-2.1073748910441874	0.2416713965496551	-0.3108995611932387	-0.678278941692379	0.8918443967945373	-1.5845397526837401	0.49495226249112556	0.2433765046269908	0.42171427317596255	-0.07465634718260443	-0.5900101051158986	0.3148639746144041	0.3661952670748917	3.007879738026239	-1.508971073029407	-3.1028700338100212	0.979832460021661	0.7815633527515049	3.5307647219659803	-1.6560197156160628	-0.6410656771361299	-0.1937764193396734	-1.641197580689961	-0.8781179534382756	0.8114350145181863	0.06957419103563646	-0.6865967425536563	0.20455540683809992	0.9448993090082634	-0.2501641095242921	-0.5879851720022348	2.888649025135551	-2.463166576727475	-0.3112357113049839	-0.5573864329845336	-1.7025668783893855	0.4433338126471178	-0.46412570441909723	-0.47815923593790904	0.5556755763138002	-0.7012829778476892	1.317827546564759	0.7265042655023651	-0.1527456485282245	2.231765432616611	-0.35617497586388347	0.3157338627667348	-0.30080509253321525	0.9150692824623878	-0.42644605635272576	-0.1823456011415499	0.9251641757102044	0.8452657796762163	-1.9707098639070684	1.1406489468265677	0.3653863616277964	0.061787272139353415	0.38033180831402374	-0.9685665714305426	0.005376724966880278	0.3136016101324744	0.22164678966643264	0.0020423604583416693	0.07169496406578242
DTXSID8024311	-17.068777548535863	9.356977490611422	-5.064702263972402	3.9804292932985366	-7.911316704236784	4.1599263872939805	-1.3763531038121193	-2.139651197954337	2.0732653670626613	-3.8028130339171553	0.65397112594395	3.3850203755142863	2.9214452575763623	-2.9736436324347606	-0.6551908417911028	-0.27090855897512817	0.37201717560011804	1.5031815544676381	-1.4468773415106018	-1.0765393617562429	1.428790435815501	-2.171326399357205	1.8931317377229036	-0.009046825625369233	1.6445628274014898	-0.5972043780817685	-0.33203507670184795	-1.473154328740977	-0.4057234032586285	-1.0612476641488944	1.3663508965464548	-2.20421936474529	0.11840780264314726	-1.2304973546275155	0.42177862145282863	-1.3684381983765515	-0.9295997142680481	1.6189333237480081	0.7603372267435741	0.5486960269886964	0.5117075727368678	-1.4842545612024853	-0.012697304890015823	0.31366324170600335	-0.4926554774707398	-1.76896533775229	1.2039366508541467	0.08797707445349927	-0.8765682462109836	0.7226311958193335	0.429552355389298	-0.8869365295080596	-0.8712227068986962	-0.03648136492459587	0.19983831589507434	-0.04303425417475712	-0.43127658835705523	-1.4144157172235157	-0.1400341869899873	-0.17036949325428494	-1.0488808923967419	1.1825458691461275	0.41264968531456286	-0.014334641912786722	1.1433319384655702	-0.09843229392944222	-0.7798347785871941	0.6174451130194083	-0.9811404260195035	0.10891321574691962	-0.39669504973334174	0.4228116726985095	-0.5326638249597693	0.4048825586666058	-0.6274144135108648	0.3084290517319368	0.27293620454796874	-0.36075438971012025	-0.81177003335801	0.008749265424869184	0.6002006773272288	-0.18214838806542535	0.23324551469725333	0.8601094199202574	-0.3667253722488336	-0.7934639163996693	-0.6023795973039499	0.9458519221063262	-0.5628900719659462	0.18936643826255337	-0.2636018798667528	0.40324938581041314	0.29960512702072434	-0.19517724431035005	0.4451578068196799	0.595178537785995	0.1970430979651913	0.9876536925526538	0.2575429668791805	0.00033649137872219533
DTXSID8024814	-11.606605737842536	-14.465850690307336	-8.190352447090987	-8.906664123427758	1.9291293635540707	1.5486880014294333	-4.715480491491434	-2.9750150867940075	3.2042204126117286	1.4841248097367064	1.6207466591752187	0.8989165105305129	-4.595779884671019	-1.6870373647404626	-1.8343307277273666	-1.8307036516089004	-3.6036873862014778	1.0280587340341354	-2.139417270277694	1.63306355467913	-0.6682638022124661	-1.0198480305404578	-0.7374858687610164	-0.20559523077267922	0.2718646599117848	2.095740372877497	1.2810857194007297	2.768621414822177	-0.7655386039289198	-0.28794297019857007	-0.7872076128851059	1.2670438250464895	-0.42433805443524764	-0.20195607294421497	-0.65133062950651	0.23166330982274505	-0.04067879125016578	-0.9685405341980005	-0.24542028320986112	0.8427205299497389	-0.5732527886310812	1.4288422455777705	0.67160702407523	-0.39901456390867085	-0.1744112535247137	-0.10859604660207671	0.054093838316248824	0.3310044161555564	-0.17565878559631723	-1.5670069245882654	-0.3800221706738278	0.04334416150054824	-1.4271525963941796	1.9471919683660022	-0.14141802180893115	0.851485978866498	0.14647315705175368	0.40378934668774635	0.2659560981824046	0.5582909556508763	-0.39651091316130294	-0.05285023332303117	-0.3646350995215148	0.9104330156615625	0.9559505519461278	0.47160780813774533	-0.9893241729230109	-0.6256355787413233	-0.4009430897537371	-0.06956931094264887	-1.4688984028965155	0.06454285973099184	0.04475211820643295	-0.3238199802166605	0.23999258312702293	0.23149845945376635	-0.06988083460003532	-0.5609616907984105	0.3777351064821611	1.8180808380611877	-0.025570385049372247	0.5634104311063689	-0.9354466208875786	-0.9102128242995128	0.5561820873113732	-0.8147804651336121	-0.5513697543712414	-0.7915515320391399	0.007137858863567007	-0.050724907257444905	0.6354308517165449	-0.49587742810838564	0.5784570798223557	-1.8516308229914724	-0.9711265147171022	-0.39375479140160136	0.13796865124817365	-0.2462740196871987	-1.093871120090149	-0.2450597815789137
DTXSID8024523	5.487561470744717	-3.5250212007869046	17.35124707601446	9.335010277348186	6.463975268163516	17.186010511640614	1.3646044961853632	-0.4604743939699043	-3.9695096670158962	-2.102108857790786	0.43121472947252565	0.8168058995927191	-2.7009476081789527	0.7491237817075639	-1.715558876547466	-1.6622356179670927	0.5857840724034388	2.6706150156816135	-2.989752514403502	-0.36486082373829626	-1.2054170725264033	2.878454535800818	0.8276754686368542	-0.43418531854194553	1.6133286814720158	-0.5483875210933987	-1.2378437327314633	-1.3037610300387947	-1.0102508569957331	0.30440955843731976	0.5246239212894322	1.13812199531708	0.5728643884601693	0.595267841326893	-0.03913900363452042	-0.41856935513254884	-0.5418629954497904	-0.5962836866122014	-1.181841529834622	-0.54791806369743	1.386334756321696	0.13061709565825183	0.79075344920184	-0.3286559673440205	0.07196133517310356	0.7341864992188881	0.7149427184491275	1.3958977212553376	0.8351374302535155	-0.6330675988515897	-0.3681054969557021	0.04475483070376613	0.30123248243856515	0.7267743159207521	0.38472203048467735	0.27306516330246583	-0.3850805969051612	0.35626737186828483	-0.27181227123376306	-0.7884300990812575	0.7025649018720037	-0.18281932453066796	-1.0293711439790676	-0.8482063928124092	0.16771986108723294	-0.3095723993573162	0.2816999761673088	-0.336922943968601	-0.901803499460993	-1.446661577343922	-0.3333104434248978	0.5089095619131627	-0.05891477643625402	0.8073772072010346	0.3471354034111508	0.18649114691924887	-0.9479940411034361	-0.40571016619254446	-0.15222516341030107	-0.06571652049680383	-0.5769531999825532	0.15075528904405264	0.30092735742297894	0.5349929108493429	0.6726525223981679	-0.42420610229467187	-0.4557114930033387	-0.46373936669232485	0.20345894348285812	-0.8737607496051248	0.7782123932212641	-0.10632131908172178	-1.2833114118242788	0.23990152640731022	1.008775792958607	-0.9043592767688249	-0.2759765310355327	-0.3830399046224394	0.21850066195663115	-0.1805838563557632
DTXSID8024652	-7.857217193772997	16.442653475045333	-2.4968423060533858	-7.766331959091644	-8.788722181896844	5.087204172814338	-1.510044175855329	-4.978742687213941	-4.698779152614015	1.7910776968947708	-0.70036088778725	1.326178486479503	1.5467877854403995	-1.201112776425012	-2.0054822986869594	2.9431111734759217	-0.13448900689323173	-0.7731326799037129	-1.7239171566231304	-2.667627007740048	-1.5459059603448693	0.930369679766309	-1.267707610178342	-1.8639031829369712	0.419851213005703	-0.31189650117727524	-1.3332506900929837	-1.2713438662873835	-0.16305212584773862	0.45597191489747746	0.2080415487481868	-0.7716301730579558	-1.1827990682928782	0.2909019521381062	-2.1395681073286608	1.13766437152604	3.302496383313024	1.51938826605243	0.7618537635169473	-0.5822140902337933	-0.46026078739597337	-0.6760140182668647	3.2888254519000473	-0.42221424852533934	1.0998921836129543	-1.8871538456652677	-1.3435160019736287	-0.4959612345961236	-0.01612648782038832	1.7151549524050127	-1.7895799596543083	0.5202484999327234	-1.763978402251023	-0.27735840289271774	0.48801705201888657	0.45401635939435375	-0.6645457305207578	-0.7815735419730993	1.6516593350409305	0.3529069783966651	-2.0623789163438855	0.474525620388564	0.38315657441150963	0.14514703743147883	0.6277012035111295	2.0322671844458564	-0.11416970829049153	-0.8935423472853704	0.16694861871468428	-0.965401226139587	-0.3075553901579951	-0.4364704669063228	1.27673231886422	2.082952615431501	-0.016021493285358183	-0.47333603740460944	-0.2266206447036858	0.4016045509938096	-0.8297506920848426	-0.31806817927743053	-0.21944176752158084	-0.08504376425529894	1.644643666185247	-0.4004921373059135	-0.14106467128433442	0.2377043982137608	1.2947742326612217	0.3439187133520679	0.4209949286593637	-0.2621181542953569	0.06865100484027901	1.5268811196275798	0.8176269215030965	0.7883439116318751	-0.2960611530026876	-0.5375817879513859	-0.886685628333659	-1.3418182847614788	-0.9566978954612951	0.27961957167852947
DTXSID8024999	-2.2677933469839004	7.677993925642522	-9.524881603129003	-7.767661278957812	-9.444290683233039	7.478973865214121	-14.084250405943738	-3.822894805447536	-2.2249944735433362	2.9688850506489946	-3.1551934537656	2.173762034868615	-2.8848753522550536	-1.4241423257586132	-3.5283173486910924	2.3053046718050414	2.234712608466304	2.4353784549367883	-1.2075552407273624	-0.015481351491378354	-2.1446834940670505	-0.5512952616439718	0.8639608697335944	-1.0052311360509953	1.5076658792319888	2.7459821515165226	0.3060143093190132	0.5481369024771416	-0.3402115293259907	0.10381747645757909	0.14108017588431243	-1.1146719856052667	-1.1479862651072428	-0.8097327026792612	-0.7048164525313318	-0.8123760072991218	0.21614982740139105	0.7996436566924736	-1.328241028267151	-0.13096981461359733	-0.937721659572587	-0.6904034092282961	1.1929957895756806	-0.2334556677619891	0.5707799378589854	1.3352735089536802	1.5243949348553625	-0.1844120257679007	0.8069470825996663	0.24218377190845813	0.7756657910612677	-0.8978105134928492	0.3525381642503789	-0.8085515978330147	-0.3790569350103064	1.0697348163735096	1.4511584181303046	-0.7243290824172457	-0.32689318088982644	0.6475167150907962	-1.0742617671730788	-0.4318373407723653	0.7002704044552959	-1.404054570966408	1.1541998729766343	-0.9133576536694891	-0.23480551266966704	-1.2936929011309013	2.6020202916988753	-0.8599411932678703	-0.07001524467400834	-0.376675016487944	0.7848667381865242	-0.6845441952425503	-0.31214429248412423	0.24636999001347673	-1.1306308276875097	-0.4202672988382174	-0.6436326515762495	-0.9386714337298789	-0.36773458825723215	-1.0636612111170203	-0.04888715738835458	-0.9889051830226061	-0.3275006622972797	1.1879501696272283	-0.11791787753483009	-0.07834346426633643	-0.18794264062584953	-0.7800679116339895	0.24391410678817707	-0.166900502233819	0.8408990666202201	-0.49868683403669206	-0.6661072083557086	0.9974533960297316	0.36367320069706627	1.595418087880973	-0.5922932788451648	0.995116345288834
DTXSID8025337	-20.86249189633981	2.817240082277224	-5.077217481139854	3.8652406749677777	-0.8365323771055261	4.513152737187243	4.773591270851963	1.9171612008149492	5.441657999917629	-4.75106060686069	2.1437880795700295	4.3297640704169496	-0.4247366309054983	0.26497829738316625	3.011364073221816	-1.1168785551276565	2.8826087516737413	1.3841398902290463	-0.224284277398672	1.1880012631495023	2.7108165245817446	-1.1746258391416664	-0.8376117499760398	0.4810975132004844	0.15659726298106458	0.9558608475964256	-0.2782439938085078	-1.2009578948872557	0.03948422624810329	-1.3987133921936592	0.6105225146516765	-0.6916711006396737	0.39130911597329265	-7.689439859227247e-05	-0.6466486426387638	1.2004073022955781	-1.105834148709694	-0.6080113949348879	-0.496586118248762	-0.9728326212944086	0.6270897677656935	0.08028586425676205	0.6307600395187838	-1.2299142666491427	0.5220538561946695	0.13711646021826615	-0.08063581092422277	-0.5693299095166378	0.26187065579565033	-0.27772634738298213	0.08648101028736817	0.13275508938526442	-1.2040650634845336	0.030882562362806138	0.28019969039445297	0.4264801829941608	-0.44159987229469966	-0.8499812967174607	-0.20982659830801742	-1.368635242737961	0.10100436035974093	0.17212068503323102	-0.5253058079360083	-0.7216686531600591	-0.30226218287066237	0.19838497368671	-0.619381024056488	-0.5153556906809651	0.2943650074373055	-0.48481387783321034	-0.2801905506555919	0.09072355921931753	-1.288721720957151	-0.06365629947388099	-1.2276139609780845	0.2348146647843188	0.41270326756867104	-0.16849739515693976	0.3922664027351786	0.034415000522009055	0.6314126325510647	0.04785749262712374	-0.5650816977821435	0.022082683763506163	0.066011216942571	-1.0203408685186175	0.39225438666066664	-0.2492949614197549	-0.5903366324894171	0.19833248410730822	0.03541905360581593	0.5342828377239074	0.22986954854324415	-0.14504377085273165	0.6679760068615576	-0.20331544151220415	-0.2291466966939512	0.33178618295742557	0.48327044865353735	-0.6436604133486957
DTXSID8024993	-2.220196760437272	12.03621554203145	-8.79101693603339	1.513688309490352	13.27948855905659	7.791421740475489	-0.6111534023070201	1.7948433875254108	3.584770159096347	-2.7625447519267685	-8.157902515667331	-1.6517065172724483	2.1029139573769067	1.3156344656107717	-0.9496448280701564	1.2027651049841566	0.10200961708203805	3.014913457189568	1.704756054678712	-1.1806124057035656	-0.10244678638286937	-2.5166770511603422	0.4615905973957739	0.43869814907063004	-1.1215526647664675	1.391517680268017	-2.059898350739714	0.8526042931386283	-2.7799973586101308	0.9730325168397601	-0.3951564930272499	-2.247071292677111	-0.8057827758349544	-0.13362778604211534	-1.3256492168534535	0.4557674569322989	0.18775769220764105	-1.9087140932602762	-0.7924177938617872	1.1320574560487928	1.1627512643917437	-0.13637069957318515	-1.137629310081748	2.2711167592160075	0.5825764027612281	-1.0006297913817073	0.3100748307175212	1.8766533336911202	-0.8257621519618634	-0.31959566293840586	-0.6492579854863487	1.502751069361412	0.1464503057839832	-0.8533973470516665	1.2637720242331476	-0.6762374956799894	1.2525542366260254	-0.09285256407513862	0.546824529425269	0.04287396642870349	0.288970847657273	-0.9599133001703697	-0.2739989383007522	0.9389021207807061	-0.30442871158137524	0.4171711573457097	0.35924937129854406	-0.7838268184002705	0.21613164051424452	-0.08588427628933512	-1.4897282846973305	0.17578324497400324	0.051434119133219894	0.7328265914139599	1.200431780563067	-0.651650089466074	0.09699069650022495	-0.32400338631810294	-1.7429673226153475	-1.1249669226689059	-0.1604061463519431	0.3187153522786162	-0.015174588661901267	-1.3544154257569248	1.007887603390576	0.22330462379144053	-0.5730800830553711	-0.9052997342112155	0.6927206391639569	0.4406549427006197	-0.3581787854659263	-0.027058414031968035	-0.21912446796671947	-0.0894674721646693	1.1008539319571586	0.5119417182359771	0.49131734743753386	-0.18738664585078807	1.3724620864614607	0.004460190960550345
DTXSID8025096	-3.9444317734603347	10.076322057948556	1.5978012831433133	13.965666225296433	6.0308950367140675	-11.314938659951917	-3.565952946564847	-2.889923236399132	3.215247931641006	-2.657889941652293	0.5480950869656321	-0.08650112023288847	-5.257438668006426	-3.658241927776843	-2.142342393625716	-1.4810430379587463	1.1005378761809848	-3.588658686855668	4.5708406008585944	1.7192004670018144	-3.9515051233004694	1.3253032893879222	0.8771956090823572	0.6279019374805981	1.1269482606357322	-0.03393147694534617	1.9986591280041313	0.7545007823951888	-0.6988918175590751	0.2511538456225043	1.2945118263878463	1.0524286210047986	-0.7352191511303493	-1.0952686762807269	1.501018103961379	-0.0679564558280343	-0.6696818552003554	0.49654645434787564	0.6633833770234481	1.4588913387581943	0.3502159783284337	-1.6819365761803406	0.08053516578180463	1.3069642846946108	0.7776027114332806	0.06572313120816255	0.46133422160007537	-1.647955807032405	-0.5135104909784524	0.4160888979842308	-0.023960758918703123	-1.0219551643143217	-0.0443134308025142	-0.7189543570764768	-0.7228809883549069	0.9908067409805393	0.18448023688163812	0.5237631237138288	-1.3036473679366574	-1.4998536190414935	-0.9528857832206435	0.9275376378091587	-0.5967425315015229	-0.7817929764891327	-0.9231462826687188	-0.08583307389838166	-0.0707383160895561	0.41800477800697877	-0.48902028221815336	-0.2543286356679784	-1.3208163527575139	0.223674169602085	0.18311339481201327	-0.38919320911340005	-1.3239057456660575	0.26607541502502996	-0.7250425563038493	-0.7804873509398902	0.3447683297325094	0.23177051846448207	-0.43316702176657873	-1.1774286034272743	0.33204649222830906	-0.23126185570677274	-0.4690406290596371	-0.029258562964949487	-0.7496508253578233	0.8665798162928366	1.4169661918190526	0.4933948175291344	-1.2182741052290442	0.1311526801684141	-0.13423035920439352	0.3211911971553972	0.30573858479469007	0.4440312125745526	0.3542483343142416	-0.47562064882634547	-1.2291742213996015	0.6111605263985025
DTXSID8025595	-8.838805935021004	10.47113147168059	-2.5855593510198216	11.335109353271443	10.678573973467355	-2.167393298424868	-2.3964690653286604	3.1479464002751705	3.0842439570194555	-3.7034397331692133	0.4364162312439826	-1.3150213210080746	-3.2565307654207896	-1.4109629199132543	-0.5509633719794709	-1.7457456210571973	0.26121156884727265	-2.554783766493328	5.573767871240559	0.2636461064460659	-0.718311864542609	0.8658860106576046	1.4454401816007993	0.3739996743414426	1.1417323673941813	2.1359687876894466	-2.868222515808067	1.7937817650265862	-3.0718253593304836	0.5302707060461779	0.6455097328586824	-0.5211331337638919	0.650892776041368	1.159010071610263	-0.942759740440071	0.16010861482396252	-0.6209649610006437	0.18421731487780493	0.5691470972792684	1.1118141867828828	0.3930537217612397	-1.5870213439003442	-0.21363403620580826	-1.1573701531812732	1.7026634092404895	-1.3542777475579935	0.6310393194929059	-0.43577889015663046	1.131033878722253	0.9617953740460014	-0.5770312756492102	-1.351296482005965	-0.48241216757960553	1.3418665700984105	1.2847709626529198	0.8404822855304533	-0.03624585344215124	-0.011651602279674074	-0.269087388648085	2.1056469163203104	1.126777129527378	-0.3539190205050054	-2.4762659582311937	-1.4097637501461069	0.07354531833913767	0.33926201341986995	-0.008852572363961716	0.1991742440418948	0.6121219316779627	0.8627676248714756	0.6186759595239257	-0.20246740965403207	-0.6086773775883751	-0.8669645308617822	-0.34741464216494233	0.2270775324457809	-1.717551899576344	0.30531127929744306	1.7897590613307437	-0.3145559516594889	1.5444314533471482	-0.21831545578693165	0.5140580859209178	-0.48933624264766573	0.12972904343984365	1.408720498204706	-0.23704076857906173	-0.12302952050688104	0.16546141980118179	-0.06956701853618028	-0.49144412115694164	-0.39271051410046215	-0.3404568755710344	0.17151007689370654	0.1921035960234368	1.0627933019600235	0.21399979926281182	-0.3390381433242673	1.8862846941227034	0.6712703778585212
DTXSID8026224	-9.19214978795376	4.026082049237026	9.86248821526249	-6.998830813963371	-5.549726294378705	-8.982766955793966	10.738617137496798	4.047491663136844	-5.494040537872118	0.11703322021833817	1.8664917846417635	1.3086933442079816	-7.8159610301787374	0.6904770465508193	-4.800153259029104	7.334609826292058	0.016592775373285972	1.8702244474593757	2.764076541677716	-0.08690200099424905	-2.762743881233961	1.904688307735403	-1.4115358628790293	-0.5830884017459879	-1.4668038422745813	2.170249674065821	-0.27521102906716105	-1.488741140376631	-0.16993170614000078	-0.4181966464367225	-2.3944209954653157	-1.290105178276184	-0.10053355677371534	1.1569684481833946	0.9463157500147111	-1.1768361639604048	1.0582246166884537	-2.354246889690994	1.2568261269029841	-1.174058963728373	1.844992506160232	0.5638530936901549	-1.468567237343898	-1.5474980488747223	-0.41827878269480523	0.7746021759604097	-1.1416258968429136	0.9060932451021269	-1.6782723888343374	-0.2761001348184432	-0.23669303154640303	-0.7782419158977141	0.24897424690870962	0.3368718492153444	-0.08018881855696268	0.353918970957219	-1.0955296889103123	-0.05951082655710213	0.2858933369141614	0.0524292206123015	-0.3231730074768253	-0.9304593799576744	1.143509909784833	2.042351927580274	-1.2807094246838002	-0.56895959137035	-0.36227048851412336	-1.2103212354998327	0.43183997377389155	-1.230316566741881	0.3130829207594517	0.6335336024038515	-0.7126699102254456	0.41103156525230244	-0.09753522057746908	-0.09756811657343142	0.12989358204430287	1.3015259847261764	0.04892554000281058	-0.247448952242698	1.3261762229519836	-1.1303735342738823	0.48336971768572606	0.47949767492620027	0.42712284096774994	0.09855582076268483	0.5295390395591546	1.3375940161963409	-0.4098179663657518	0.4587587852852151	0.8561969141402054	-0.30799924402598955	-1.0538525816458169	-0.5102527746291885	0.679202530339255	-1.1312434920402175	-0.6096728664581506	0.2671089466484938	0.047396265079921236	0.2949309638064782
DTXSID8026228	-2.132499023951763	11.824487748176523	4.602307808290438	-8.562254868927624	4.444439094805964	-13.070052480633034	-1.998446156086824	-2.90801377441828	-8.809259245568946	-5.389962916715328	4.695617823236757	-5.162009989075933	-3.367656243011613	-0.3291437828961136	1.3223263075793705	-0.1040716930946996	-0.20145619595259434	2.218627820005082	-1.1280006150375126	-3.6874356993438395	-1.8987046855180232	1.111086163287218	0.016447331920091075	-1.3940875149822243	1.2690531555547935	-1.0794932753864739	0.47594855830252153	0.09672506831443968	0.605734757860623	0.2377692419036008	-2.0005819853284925	0.8489239573365125	-1.7594262413862913	1.5262218745103575	0.052803836590602164	0.5703207050541861	0.8409627531561997	0.27766289086601315	0.2712003801522328	-2.330809573715565	-0.7778694215349778	-0.10305173409417245	-1.212114921196909	2.1593845167853494	-0.6465290151414052	0.11858418946672618	-1.5604979924234392	1.2615348666773396	1.077535184218293	-0.16626120533241034	-0.3137335513330684	0.3863495342526714	-0.02569044262496511	-1.6078000555502967	0.5587745943333416	0.06667452633282298	0.9378545370594601	0.8230457167876865	0.11271302919386947	0.42472676871237436	-0.9436536890622104	-0.9783735631537426	-1.9091122424712208	-0.16217122994346422	1.24166833050805	-0.09507173498945393	0.06649095957943331	0.09116189318954948	2.0499634220872602	0.5835809221252012	-0.8344962796905249	1.111617004711082	-0.16309654781615873	0.39883094250444323	-0.28833004819662483	-0.7593002653957172	1.2982316860972172	0.4794287171297398	0.9976766727887949	-0.08257046604450392	-0.6107050410083774	-0.5192503095681889	-0.578677191383721	0.6417153755900149	0.5392154305076073	-0.11576346791185226	-0.031242091914498997	0.03984838114102939	-0.3964684339035861	-0.8614844018257292	0.15846353984645814	-0.5159885373806731	-0.005022326274806372	-0.3244045932053295	0.3919796713243418	0.5645026731861091	-1.3999177779824472	-1.0284474352693938	0.5212248259573021	-0.41532787131476895
DTXSID8025599	-13.791125660772614	0.1599660951873886	-6.499024761058776	-9.466338088449092	7.95474036420665	4.036092562994258	0.412961736111598	10.02622617702516	2.946143298600645	0.6911377372480683	0.43709555636065883	3.9272275052035743	-3.5904107578057514	-0.179984025832506	3.353009794888499	-0.9821762207592641	3.635304564656369	-1.3720925740247836	-0.8633813537305869	-1.7911980677278472	-2.3760043624544225	-0.9142240762106743	-3.571701361576394	1.7721269689600045	-1.0302487792383788	0.006002615033965521	-2.136278254815257	0.3825030517483089	1.0488026863823738	-1.1517969913491242	-1.5105491275586098	1.2931867137394508	1.189357552559357	1.2529623954739681	-0.2767086794354036	-1.4272557133009547	0.7974350711617688	-0.6258024879491163	0.5827775334578885	-0.6181079579339503	-1.421461413959384	0.062364694876411775	0.2684396529082952	1.9622311069680298	-0.18233310189192023	0.2868480460794762	0.11673097042564459	-0.41567668741977093	-0.8567098510714337	-0.8876884613153818	-0.22861952819497297	-1.044199238986345	0.32182844992002374	-0.43425484306045137	-0.667354304337523	-1.4145252295163897	-1.0251047222566634	1.3605669761395471	0.16631136528653886	0.17680718599697196	-1.6172857501444513	-1.772617360220815	0.21549022178869662	0.9070825562915174	0.37972252961164665	0.2850922408996771	-0.44235883583097624	1.924299569278756	1.8069547265802308	0.6434370411740568	-0.18436621031780123	0.06795037782708403	0.4313637504239499	-0.3944352747186675	1.2947612291271233	-0.5705773235971523	-0.06402064611592397	-0.08388918942878483	-0.8356979914338113	0.023349450100698544	-0.1891637367727631	1.004299272119351	-0.055387670148802824	1.1248293180081723	0.7911279869583622	0.8048189934317431	1.053389825229147	-1.2283619424058523	1.0428059510151633	1.2492338493267168	0.7608869530577518	-0.8261810609902567	0.800429751508918	0.7775183871225801	-0.41631342686612505	0.2651458135034301	-1.2282680196199436	0.18736566815597488	-0.2900797281546125	1.5158547102742093
DTXSID8026141	-18.416666914591346	9.76043945132571	-2.627924123543501	0.2145214264284319	-2.051926314202515	1.5399739637606804	7.624931078687864	-3.836950114421187	1.3022355884666854	-3.541835411629279	-0.2926134120153644	2.2906644706159334	3.9496045069587975	-2.3701258317966376	2.84125746662283	0.421682854340885	-0.09049788246231609	1.358200922896048	-0.9900149757186709	-1.5087653044737852	0.05127717790641609	1.9520773874592625	-0.00662018543863834	-0.2406048821405515	-1.400611105382472	-2.476648909080321	-0.36310420315862296	0.9013753790292514	0.09357363865945437	-0.5421515867917404	1.4052359340837552	1.0666981615683855	-1.727775120976364	-0.6820422500800789	0.3954845014451455	-0.20231088485560297	-1.1514458945838988	0.6783614189410384	0.777101760432703	0.8804577995921553	1.1454621260052464	0.3341802300908511	-0.9637567371993072	-0.2461381372473592	0.6676055556482239	-0.8791368523057509	-0.9320173894702638	0.9941594652080059	1.2692838046057242	0.40479746420714235	-0.485417536998081	-0.4849243020175044	0.3703065020686367	-0.6854080279376676	-0.049706753703137964	-0.5792651414913867	0.4648805410937805	0.5990663661693476	-0.2784963372332552	-0.2387288234274797	0.040900212749840674	-0.4078787553535634	-0.027002672952135653	0.13975342828011328	0.41882648521891885	-0.5973161088402813	0.6391820769423909	-0.8026799738181692	-0.48146688957419276	0.7535679981365259	0.3920225312727049	-1.69185737701039	-0.5864090233443269	0.33617395357732566	-0.07455808590559429	-0.3937094839153896	-0.9271260105728026	0.3440880341224127	-0.8034336933306121	1.9641539864340851	-0.35389218975676096	-0.7115517384168096	0.7355127916095583	0.2807828060603533	0.6613998258665973	0.6474813004688429	0.008783513916384746	-0.6144451268240485	-0.4468380579195462	-0.04961405021131501	-0.6585124637759603	-0.10934275179465093	0.44983096187563565	-0.33832032772060533	-0.4432700152542223	-0.08571528674919414	0.02387299905195728	-0.07618652500653789	1.0336238748447228	0.5123866788268372
DTXSID8026307	-11.261173748583396	-16.878495491846678	-5.9507179449875185	-0.5271395064649401	-1.620210079628849	1.6948797701437384	-3.185918660056683	3.3061453354923485	2.7272497741337385	2.3084668000223623	3.300928686427089	-4.126276303792175	-1.2208613189001192	-2.9359471275352838	1.1303732355404272	-0.7278492948825384	-4.392071266591961	1.8022790342602564	-1.1489617429516041	1.8312263971162128	-0.09875145972103751	-2.8334213540936495	-1.3426907041850216	0.8332978162264849	2.569361886108875	2.2235640382555832	2.1374197063117877	2.563042770414422	-0.32787223390312276	1.8004107088066823	0.37028626519927993	-0.18147581349066413	0.095191453460018	-0.5957263425912248	-1.153883813219828	1.8716444958781895	0.4974078616062195	-1.6240621214083228	-0.3224459583172889	-0.2140385567159238	1.1665428925300425	-0.21696859879135688	0.8039738072959952	-0.6504122866163309	-0.9881194044170104	0.43226615359850756	-0.1860542758600231	-0.23429759466508482	-0.84975645866486	-0.8315328510617014	-0.21707594633949784	-0.988447091959206	-0.7112359964643131	0.23459431221642665	0.7478153392934085	-0.0693803751646659	-0.7908826338759235	0.7023838768646393	-0.39339464105835675	-1.7637950682019439	1.1266030748919038	-0.9678774110192863	0.9101075787708939	-2.852252969978681	-0.08166799893002898	-0.30973902396393976	-0.15001653943541832	-0.6455734068947875	-1.5353463876123052	1.2708180045107167	-0.11252868764556327	0.33896731264590396	0.8688484741999409	-0.2881388389124367	-0.1595753032038669	-0.27017729369847093	0.2010084425147624	-0.21879638570252274	0.14053730685463078	-0.3969956541520141	1.1605738051144274	1.0734885697463876	0.6412319918338193	-0.23270432389131848	-1.7917233014595213	-0.5120532415840804	0.6646513752584268	0.26989535469369175	0.40618678407788533	0.0892597867442251	0.4948165295547788	0.409535350689677	-0.17978077436743856	0.5328572123149786	0.4687047859492818	-0.5610635901722708	-0.6457328768018845	-0.08192307291220946	0.12916210674507306	0.0052375526483700394
DTXSID8026698	-7.896866227730564	2.2368163560510665	7.109679346180074	-12.069981745146002	4.102344453971693	0.2058304444662716	8.138636435764479	7.092193453264503	-10.753127148594405	0.11463520097259705	1.9584856493554883	-3.2717438410668276	-2.679575162601662	4.23839987779936	-0.7295894323242081	0.26494088166020174	-0.037078148384478864	-2.7073468756479087	0.7773032095131176	-0.6163534901741805	2.4086565658750025	-0.3957940634274472	0.3994731250075565	-2.5567750364337103	-0.8030802052171522	-2.691583121120251	0.03481824712013908	2.378906898367946	1.1942844935477976	-0.40115751455468046	1.603002389369795	0.005659549186299255	-1.4811511969797135	-0.6579287082755627	1.8048614529187534	-1.966299489999796	-0.5018547252629403	0.4364455447418052	-0.3940436773356762	-0.07701452449939547	0.037920616732948734	-1.7742362690610707	-1.404308927465519	-2.231524701225224	-2.4705205289839403	-0.057382621514137803	0.06063180829228297	-1.7768630037008097	-3.1142293122541167	-2.496163761560835	1.0372022929901308	1.2148236472705776	2.3586262493721266	0.010970870848465503	-1.296006075644241	-0.20305124685433681	-0.15199505586323028	-1.062950573522368	1.0494166848768773	1.580351412900787	-0.600150416547252	-0.7610808307522923	-1.4258047862219976	1.383646520915211	1.3718711196006423	-0.011112197932707624	-1.8195211642858444	-1.1556876899874513	-1.8488318888106705	0.5017680983734772	-1.0575566880190996	0.4134000412445044	1.2892193926446165	-1.908453893488005	-0.31963247736074274	-1.3459138374012496	-0.7214194160469084	1.0668272843255182	0.31803527238711465	0.6775881586131703	-0.9611916844562656	0.29476419625570155	0.8403987125207458	1.6073149565325284	-1.0470364049731409	0.9829493667876529	-1.264223891686454	-0.253193682156368	0.0578607628193933	1.381406200688192	-1.1872974538343988	0.2704557666426746	-0.6893518584825499	0.5750380232817192	-0.5771010007130826	-0.518152653754227	-0.11893988283477	-2.1654981378899096	0.5874007281387731	0.013507873573182875
DTXSID8026488	-6.07437560375325	-12.692583486866813	13.744580729850277	0.8464372470681069	7.329357289456083	11.596280468071875	-5.6271467051215645	-2.2758293607323408	-1.7987390704287036	0.34176852887103054	0.2109766243606192	-7.023769661643975	4.080908624684927	1.5569003433067041	1.3524818636437632	1.915925827058731	1.0229748609554306	-0.21804283675867125	-0.170838427494411	-1.8548647750614289	-2.324989044275899	-0.30683321331647095	2.7440496949856157	-2.38787033598215	-4.338258041075196	-0.6652409113875801	-0.20058653290928768	-0.33956772410473424	1.2662628489456857	0.35146865416307205	0.7852795394257702	0.5584222753141623	0.9458550088705375	3.259681404979427	1.6597001221042436	1.0217587234101178	-1.272494475157961	0.599488700649373	0.4864178155152161	0.467734954621613	-0.12349180616536379	0.3881244010959657	-0.1927930757670197	2.3352772858798443	-0.36656739901632884	-0.19664468928860418	-1.0165123725985254	-1.6888738853348542	-0.9662679652412653	0.30710589017595785	0.1722956644557305	0.6870911920370054	-0.8838228385057383	-1.802656004385088	0.49592174575137443	2.0868306956274836	-1.0372820374109115	-0.36074089321131775	-0.44470527311869384	0.09655300456761205	-1.2891929226163954	0.3105831870476226	1.1412798576985623	-0.7217348355196159	-0.03195876726212945	0.698534736587111	-0.5845837420425002	0.6235365274619868	-0.008480466122115136	1.4370407502379725	0.4024269327578719	-0.9835252972793815	-0.8862088622932728	-1.0483724919615047	0.9946155226398092	-0.006973650685249502	-0.16281388979509004	0.6694531010491782	0.8966487114782538	-0.5519287586129291	-0.40114768487010066	0.6243699239212355	0.06882473449365843	-0.70755168156471	0.4195883723043521	-1.031090325868706	0.7290270603753128	0.6638560000013514	0.7065514161837038	0.11564819029616419	-0.7459349766372916	-0.286937216670993	0.02146920008072605	-0.33065047511224827	-0.278920261277737	-1.3468298057084351	-0.7315222972196749	0.43847371569993665	0.23430977635416814	0.1912579967192935
DTXSID8026694	-6.534156061856208	5.848928083259057	8.464498587863247	10.378266482809702	5.289836724329129	-11.879279683065912	-5.38994907091614	0.06626238183842248	-0.5086013183782536	2.3768822575756294	2.4306926066454735	2.2053274445537125	-1.5897457122862109	-0.810404428619274	-0.008505512118425505	-0.7576341447763664	-0.7087928927968133	-2.3969567678535015	2.3640433390951157	1.116773540848678	-2.046437122364727	1.1199311833598669	-1.9000313202516406	-0.9238082774730335	2.0737846253037686	0.3812884990617444	1.7029684329191335	-1.3998712826421453	-0.6518973566362527	-0.5122570183618369	1.3715077374146185	0.4885010452044755	-1.5733152140518882	-1.021838879237713	1.0385940231152984	0.33746608940950973	0.34184001758894517	0.7960345675741702	-2.514284255307871	-0.31568706938017715	0.21894339247655478	-1.3547399794759964	0.025354786937762698	1.4879349104370876	1.629495246761461	-0.020647011260570048	1.5819497848654707	-0.12022933816798707	0.10157758124248147	-0.08476554821961853	-1.1621736236524312	-0.6314371633830457	-0.6851987842067346	-0.516418373251731	-0.46877063499163135	0.8174870770526561	-0.356350961085778	1.3573076753104747	0.11308976612155605	0.6294204291456978	-0.6329449816980646	-0.2018854820514555	0.011534218747925182	0.2535106381267445	1.1318943233671757	1.5494698349054867	0.21106990853980812	0.04066472898819055	-0.4356704875687287	0.7848365694856791	0.020865384131037213	0.5446834530168342	1.0790332211284452	0.6109209661642052	1.0594766203566273	-0.141583854575742	-0.8818360583560721	0.20064043981802557	-0.11236138228370178	-0.3144446838853029	-0.8504258293890644	1.3363606270511663	-0.3915855400337956	-1.0382207277880946	0.8205714604683991	-0.3231728459218264	0.25721050199651757	0.272169534041134	2.217502288651191	0.3744277299332104	0.9750027458316225	-0.6722911046080073	-0.4433641990590166	0.07624444435472452	-0.37044756541864304	-0.18955605221085936	0.1463860456880447	-0.11002823810806872	-0.7399850806320236	-1.4596818338079247
DTXSID8027034	-9.966271017574243	15.690898583444216	1.3547242467041327	-1.8863932299108754	-12.041240837427537	4.204844379404028	7.274491625979273	-3.45432814415199	-3.3375037554993963	-0.7329747432345877	1.251839989635454	-0.5419209836944073	3.6683351622578266	-4.093369761652181	-2.84985316519192	3.783544503987258	-1.5536631922383448	-1.3013622084326195	-2.0621929909420906	-0.3780084742807576	-0.40356679281754854	-0.49428297837225194	0.3292462877480833	-0.10548766832097814	0.1235106604907185	1.0684488644819818	-2.237846930457703	-2.5350120529611337	-0.9465888604205528	1.3724287048187163	0.34560863473491815	0.37391919353652764	-0.4272451955986474	-1.8318275758562828	-2.698060716866216	1.5734627559471122	0.6591447455882811	-0.7180577212235388	0.19279335876111214	-0.8851206614192841	0.07011227922792977	-0.27155814167305026	2.398685985609601	0.6672632335693824	0.33844348957440784	-0.6951705810820173	0.12761887884478226	-0.9350559077196569	-0.10399009169748553	0.4291473693863647	-1.4159900308878113	1.0731377411269003	-1.9823163958900365	-0.16473967935950098	-0.14799539042957408	0.5115034135877528	-0.9617952097266902	-0.03816722989009164	0.08307046235313725	0.41524755348043885	-0.16261062107119395	-0.56078985494137	0.7399616387369949	-0.9297062252137417	0.3988352740277313	1.2809009290355189	0.06711108533386986	0.21217578337635148	0.38755566474357517	-0.34858177182299926	0.45218054980362204	0.41603092629989397	-0.21030183481173226	1.1524545275831137	-0.6459961779106903	-0.6216900438625208	0.07908852817491462	0.11023403184720379	-0.01766480260440523	-0.6358422862808406	-0.3190662293179728	-0.8088571260865141	1.7001332976701031	-0.20881829179284986	0.3798959649162746	-0.8226290227403147	1.5085701562580054	-0.7812955438011558	0.4598144533354252	0.7956204388953205	-0.9819669206969047	-0.14972781628685783	-0.9561755543435462	-0.21677976505752636	-1.079352666290802	0.621877428062649	0.24255064062872078	0.1458068033279159	-0.5382983994239513	0.7231738630883866
DTXSID8026773	-19.099345156556716	4.256389199670057	2.222447892386352	4.323278559431575	-8.005943688982722	0.5594224208836567	9.33325616631741	-3.3559562430442202	-0.7704698524052621	-1.2358572626710336	0.25956128355934277	2.8646783425985327	1.060544148131995	-0.7862961960968128	1.957507655332927	1.4939294380040435	-1.7829476524117864	2.043981648617729	0.36361194568559563	1.0387561906986735	0.9543523905947581	2.4559142800487175	1.8911057503097333	0.9784237211326114	-0.33034985059869143	-0.7780001151796833	2.674182000406355	-1.455374066653262	-1.4181375746954052	-0.70184327695463	1.3789616915260405	0.5679501110032831	0.7863218983906117	-0.37471164064106965	0.05378050145799681	0.4227378943957133	0.15764749939609218	-0.6634260772099398	-1.4978035715987206	0.6886691553465081	-0.9778301038701698	-0.9975280937267	-0.161769742028918	0.6313615992280706	-0.40910406012788014	0.7571041254149827	1.4695465205196463	-0.11299628846474484	1.209644664272782	1.2124352439511976	0.1156544327059474	-0.28046376751873897	-0.18449145775766906	0.20767026448589268	0.46309933559953076	-0.6291380921043112	-0.022609058615319602	-0.5626215699360203	0.6270414159011404	-0.02469594247957886	-0.05980726081769054	0.09231742549267881	0.6596605009234313	-0.059276818528590534	-0.2359449868037114	0.28279837249409173	0.18509657548887315	1.7006068196241861	-0.4505381914373933	-0.7387064378188507	0.07227345134015069	-0.5676858348471758	-0.1001062515641405	0.07515171454263178	1.142697355911869	-1.1004673313158881	0.5132282709318299	0.4569352633635995	-0.46251369306539764	0.7387355769165612	0.41590750669796567	0.07063245218707717	-1.0442491629636892	-0.7174354932570408	-0.7767135716296432	-0.4789123290867868	0.9413642809143475	0.33126834283474227	-0.4747403312722145	0.579711485964218	-0.32184921059103283	-0.6097949135452707	0.04279634900153772	0.6884143915407797	-0.031185412727051116	1.172655766131113	-0.24456709024296108	0.7045977083320651	-0.09404676570155285	0.7663034976382023
DTXSID8027292	-6.936725402974898	3.3718223067842366	9.693698197646334	-18.141237556813458	5.85364298198599	-1.980733446382263	-1.3075789033034342	-3.9006830118039715	1.616521568885797	5.695922731587031	-1.0378646323030432	1.4782651536960758	2.4880482568912137	0.8400867063073583	-2.257852531269824	-2.420875214633004	-0.9037950544539374	1.7317539108086102	3.0249937259357464	-0.4990605316702185	1.1517261556475915	-0.3752353402792147	0.16867425279050285	-1.5648562847805754	0.43869314700033996	-2.297435224831121	-0.4014735695022917	1.7156497373916535	2.923982432572743	3.153588275333215	-1.6192000497875614	0.25522098247187436	1.2813889088048287	-0.10729638777417912	2.116226912050737	-2.467260800030674	-0.9785636999961641	-1.2002971686646071	0.623453494917098	-0.7962227826741906	-0.496299045196421	-0.31479372809547995	-0.7202630558869267	-1.9780047315821327	1.5379714163409888	-1.5551817248715998	-0.6566929572460066	-1.06282438611469	1.0617855426187008	-0.3201004785728031	-1.4971618311653798	0.8090185303138907	-0.27848915144879743	-0.2007791449603997	-0.07598777661229182	2.4933618147320407	-1.1324330205972832	-0.4877530286096796	-0.9848164229601957	-2.0653356550681865	1.834292283845496	1.268932839161411	-0.5248164550761114	0.7556035549339275	1.5033432108664346	-0.3918752799863167	-1.2015702711090799	-0.20325721064747374	-0.6395926771949385	0.10330943147205227	-0.2757846392307578	-0.3925457692341663	1.322799797954206	1.143494150878991	0.10804448401831088	1.3320892889041884	-0.20565026481022913	1.24828599870236	-0.4224509899993741	0.023398634201437656	0.13698474898038568	0.7592538785513465	0.09165426191012652	-0.607282724525986	1.3188583218428886	-1.0225883743855737	-0.08871739816662781	-0.46853465348255185	-1.4129880347568398	-1.0617991027509095	0.31860854659854315	0.5738756580164961	-0.44061949951774204	-0.12754841883069432	-0.2941677287135362	-0.017962081795635847	-0.13035109188006036	-0.276326619392655	0.48732970708876705	1.1914210486773489
DTXSID8027402	-1.0502208937017976	4.3522677258346185	-5.169633717861909	15.07507361507934	7.179540764603056	-7.912642812412161	-4.247870010028629	-6.545387856596763	1.98917136903927	-1.3931133448962028	1.156924669958788	-1.0150039866538698	-4.009827959790506	-2.73137889695108	-4.2354326992089835	-1.4362777992728586	0.5976518559790605	-0.6147456000611274	2.1407546505734087	2.199058160679116	-3.1093750519302543	-0.5181111497477944	2.7862951962151494	0.588856230487876	-1.2410180920077225	-2.13585587255539	-0.44150789070941193	-0.11279316742689373	0.9346149547177466	0.8737515467379247	-3.1723078603163626	2.0927401414519715	1.262643066726684	-0.6860861133240541	-0.9311202944367866	-1.2161013889736791	-2.0119966820301385	-0.4612035617226676	0.833447005693911	-0.2151068516881059	-0.07267303961345671	-1.0284886493648995	0.5404875683579435	-0.5676156748874546	-1.1233901023441464	-0.9913262677729703	0.019350295243649354	1.3175095757260018	-0.22707955928211662	-0.6663621870179011	-0.6526834431848618	0.716791734312489	0.7952476762028304	-1.129791394482512	-0.549479357231378	-0.6902704535399046	0.14388796379010937	-0.11495748735078656	-0.290719843473025	-1.2946310720432601	-0.3369536500592218	1.080777213994685	-0.3155745271420127	0.018355591237783363	-0.37345788882207165	0.963088340077397	-1.433984024190135	0.004114693657790373	1.4429933641139205	-0.11988960192133527	0.8844583233031831	-0.03813016898198933	-0.11373324293719848	-0.07100757776267061	0.27684703771858904	1.3982064998936605	-0.4931498088784877	-0.43953177694200246	0.1692715981708633	0.9790801886632542	0.4894789321310751	0.20535460244543244	0.29164631010275327	-1.367450976054381	-1.0468224307002905	0.2793219403990978	-0.9187887064756087	-0.737902410961341	-0.17123848793003937	0.35126512378781194	-0.9741286141819748	1.738216810577382	0.15434128085886598	-0.7767775460546876	1.471493113286189	0.7275685113539827	-1.073576558030685	-0.9258778631516472	-0.05892611600267655	0.04948582605604027
DTXSID8027454	-9.078102845406821	8.335688580863117	-0.4846824042123749	12.440275800013467	10.68158451931862	-2.3737070318466365	-6.334984900053923	-0.031205920547488705	1.0530745061635014	-2.0114802018648055	2.1933330208815356	-0.6216118307671719	-3.8152253085260748	-1.832377183663744	-0.7832395965530267	1.4760375840922462	0.2799494720502001	-2.203510432521119	5.362383695303034	0.8799257132704144	-0.6501750247924917	1.1894235221787675	0.010966631981216566	-1.811177068266174	2.8585541527755463	2.927371921729663	-0.7303139470474826	1.3201577941349862	-1.8030764681894929	1.511703260622103	1.783901707349676	-0.013530413590634461	1.9921902645943543	0.47284388769949076	-1.061429750867092	-1.3540127148141052	0.009534888159676212	1.9326866532877451	1.9561013143985884	-0.0667644735597539	1.0020364837440023	0.09850004793979195	-1.2571486506312308	-0.07050915222755068	-0.0136373990167995	-1.257341242150645	-0.4680978683301333	-0.19319089493941377	1.5540854598394414	0.958395613037493	-0.21825832937448794	0.5685482987937984	1.3216272988551119	1.852770620891291	0.5823969259570176	0.4752254023822307	0.3199902997946452	0.6491532036062924	-0.3892807211673109	-1.3503884542636315	-0.25826392442899704	1.228942732215082	-0.8072985433152754	2.0482177430395163	-0.024327853607333746	2.4635504733863627	0.8645464614128625	0.010060813421952051	-0.8437080644561022	0.9964507556823776	-0.13654477129063322	-0.3373276186893144	0.4886335276719772	0.6075835357642232	0.864854419623704	0.1570353742226587	-1.924884637933735	-1.3311693884973637	1.6934396324387218	0.9360250132465009	0.8066485388297231	-0.6126401439416018	0.0771844951233023	0.12082849041802016	-0.5082334794143859	0.11145868768446966	0.6929113176089216	1.2414213128100977	-0.2849512390808801	-0.803576664648709	-0.5413856243974747	0.5492757058781614	-0.07000810169164273	0.3419422824025632	-0.10835216530398856	0.7376450112400568	0.10073573293430355	-0.09556780836832279	0.5634173309831426	0.8165804845421774
DTXSID8029105	-5.389032116266268	3.4171897322984073	-12.775075145071094	0.6451005929364064	-0.16043214401660572	2.186977114261056	-10.521761224107411	5.41379893886745	0.38437030508818776	0.5226959798655249	4.881065440330141	-1.3112660799489833	-0.19571954783612194	-3.1638196024725707	0.549686768290751	-5.37388629760421	-3.8986265808087577	0.3894707028868523	-0.6328161038639435	-1.3778889473649651	0.6473101405264216	2.281426279109284	-2.1323996818891704	1.8641665120242108	-0.5751468379735946	1.0506471753003561	-2.3458266055609434	1.7907906966431926	0.42392621419839455	1.5252076665961423	-1.9284855058317616	1.3673740788202897	-0.3891223428111775	-0.3159393485766874	-1.4588223416040444	-2.626952793357529	-0.9442194313485865	-0.6277789830074704	1.1759856824158608	1.0691874722144177	0.578622697239216	0.10822642822985168	-1.3789921239600362	-2.632746449944979	1.2056253769709193	3.2973993281650817	1.08645586051754	0.15110241297997404	-2.2843039978426156	1.0362955779494603	-1.1112269374605002	0.2790148497751957	-0.3437766116048869	-0.17777260106378778	0.8069571005406959	1.6459981327722577	-1.2737806939346803	-0.529346860273754	-0.19942217052503838	2.391781589903995	-1.2532496655983527	-0.29144758801619547	0.702833597444519	0.2017139924210839	-0.45983333622830047	1.0727986669774692	1.0866376564582771	-0.1495425307625213	-0.4500293198491141	0.32124970224057103	0.09206061495167998	-0.7401276803038909	-0.14557227680548968	-1.0093070896566112	1.0162523698148176	0.0025345647207369653	2.344207268958936	-1.173453594510535	-1.1227025635349845	0.634937589947756	-0.40084132987359317	1.3078732533430826	0.40645854993786046	-0.6665663092650427	-0.4944149118508118	-2.0958314661440047	-0.5203140150100797	-0.2572022853457336	-0.2499529501845332	0.8569641651604397	-0.4487619291220302	1.335219724327472	-1.5130168479542205	0.21460130750929146	0.6281299499750213	0.21441610631041302	0.7529789643437627	-0.4736553080283568	-0.5758166925798279	-0.024914415881937928
DTXSID8029600	-16.590375366541323	6.621741860433916	-4.283262676010619	7.324155164337508	5.878576939556476	4.0743179592205205	-3.7608513021453747	3.3149410735465175	4.72842561197814	-0.3008706330892871	3.359521416978925	2.4479302722474205	-2.3719558449187135	-3.4601326426358874	2.48164434938895	-0.9101180373335253	1.2312535778875597	-1.087204451422887	0.68067813939183	-0.9317563572182599	1.6357601045775851	-1.3728311391825072	0.7088260000984237	1.6699454006872145	0.9550045622581068	1.946121902459071	-1.227104375506392	-2.0592745642769987	-2.348106505842594	0.5408687552891129	-0.0648136637854884	-0.3157810685009614	2.2255928492062678	1.8785111618098125	-0.08488063585266396	-1.029180495382032	0.9588152506071167	2.123490059017068	0.6932009326983525	-1.660208840087038	0.6930855969213927	-1.3386901326821308	-1.3143937122393354	-0.5562696260269202	0.7897442491581719	0.024517295456197363	0.01976891159773546	0.7408481949269432	0.8604146404595423	1.2850116409049908	-0.41166606315776855	-0.9338573538065722	-0.14495273178758533	0.9215154617119283	1.3610674966748642	0.6188748160431976	-2.478104947732057	-1.853748923273001	0.1705510333964735	1.398353524381848	0.1554144001756843	0.5994755014166837	0.354357917949775	0.6488974073126986	0.2265457323281511	0.09716690709576958	0.1640390804951558	-0.44136785335694845	0.1480423493743752	-0.7707345236981137	0.019839498988590585	-0.3763094433597659	0.6554130599524834	0.7947413610591337	-0.1164374279248944	0.35002179206849854	-0.44416921270497284	0.4750197692155771	-0.07238867625140116	-0.09532998408823136	-0.6636121483112001	0.2300535682728931	0.6253913795150162	-0.8423485646512143	1.0733755803713476	-0.13354120512889836	-0.33250381372915067	0.24984074758332275	0.15479925149694315	-0.6758998728267186	-0.7492738033782746	-0.09493508711505347	1.0213496236896953	-0.8291872266624336	-0.020185242260121007	0.6350238861579892	0.6561280343398146	-0.8895320551998693	0.40779166244501214	-0.21360403070292724
DTXSID8032386	10.794179115801317	12.8673685770396	-4.216655693326215	0.38362438608756755	-13.078014778848825	7.9265647918203745	-10.740091064733456	1.2705849048290618	1.7844514884494465	4.515942608279394	-0.0602685177813131	-1.099735608091291	-2.071100864483615	2.6857382310213387	1.7076463316028891	2.7038144040826113	1.3318408104411228	-1.5464249321521994	0.5311760024878348	-1.0695471205375924	-3.474915813310199	-0.3149836431835111	0.6097640685954417	1.7229490150449864	-0.9190495377573495	-1.3446905923661818	1.2340626107913644	-1.4647751151959392	-0.22335345601198706	-0.47008359595534666	0.13066698524318382	1.2025878645083543	-1.0641357802243088	0.1648641950007147	-1.2157068806187383	0.4418158583333171	0.6289054895450074	-1.0757922111297273	-1.4788370935586825	-1.1467993605994562	-0.06952201225492509	-0.3565149288630558	-1.5044563344983453	-1.6385402278551797	-1.4332449286686637	-2.934219131447625	-0.9294726029801451	0.8887979698766765	0.05381622161831619	0.7908772772583399	0.9211311078343093	-0.5676557011192348	1.4433420907893415	0.026005110171682905	-0.38421610417545576	-0.7443629775124055	-1.5860554777794973	0.14918473037710947	-1.4667413149702204	0.3153943104111086	1.3773039119609853	-0.5967220840559806	-1.5582818413193147	0.2647609867893181	-0.26783110447517566	-0.28718999775883	0.5065181006284816	-0.4487400232376016	0.39754272752100867	-0.42795373599854963	0.292707568907266	-0.12716872282550754	-0.28209524371148764	-1.0702544215145742	-0.44205898050744924	0.32606992416871333	-0.14958682501476434	0.5083849541446378	0.3743072866038661	0.3003735843277181	-0.10128356654046379	1.2764121353529416	0.4891158761298434	0.06981732789950781	-0.2993506950004727	0.1684640345890862	0.1880694847389257	0.818654411382698	2.1561570255868627	0.356163077817764	0.5805490276288737	-0.36545313869349544	0.5473986938812487	0.04754012598824539	-0.6442091470097839	-0.7460024855739781	0.07544455819948481	0.05510107029690612	0.7232303625129775	0.3175608982187122
DTXSID8031865	8.979106805965152	11.707099264471228	1.1675584162232053	-8.30974349850062	-4.624672196531109	5.314890151954431	5.742832483876202	-13.486399213069994	15.183636038201083	5.007122670874512	6.833897244543705	-10.650943042202382	-2.2558584360714304	4.845585625461063	-0.5077383118253163	-1.2604010789873008	0.44458004559868936	-0.7157228766714093	0.918488537276184	0.13728041226233884	0.9084259675605469	1.1723952153040496	-1.1315361726432263	0.39092076472894266	3.0747650773307527	-2.0409741495858635	-1.8037923401519587	0.037161331082636175	1.0194330974486745	-0.9832196140972574	-0.09452114352313085	-2.110340214683466	1.060581275768369	0.49932172409200387	-0.6993766745733393	-0.2408993865629329	1.1826127012067362	0.04955823322468456	0.3011372902386853	0.9322631306763868	-0.43901389978779565	-0.508410719949721	1.3089215217082533	0.6962798871927282	-0.33596159585481616	0.17309937988394425	0.25110201190232806	0.9795341056672553	-1.7324244132286402	-0.07964712740867759	-0.11243783687856355	-0.5164818440942041	0.8082466668829058	-0.5489724039589136	0.6961888908030924	1.2890060127863145	2.341613743344158	0.4212002908690897	-0.2619043400878201	0.021082328984092666	-0.395121812937555	-0.5369554640033074	-0.02239637382070822	0.2828779657814723	-0.18345488457584966	1.0941708502939191	0.48294835630761057	-0.21432145178666942	-1.5113715069667508	-0.1972671502533028	0.6946819287859214	-0.656700146863534	0.11331575539698348	0.1633251294348588	-0.11138117856811972	0.5360550620752997	0.3406355443207173	0.5831714263008598	-0.5458498265317088	-0.19858521139544463	0.6816952308616968	-0.4785632266867993	0.012179334845955249	-0.48969387491682304	-0.25670983230534206	0.08378011184580438	0.7572560382746237	-0.873307775038856	-1.344202457835693	0.5384682124277765	0.22472045604762672	-0.8338604486844646	0.45986258491211573	-0.05355385215696873	0.1783868309111978	-0.51708778821154	-0.001610564319413585	-0.4514149087141588	0.38625043978042967	-0.20788311121080436
DTXSID8031863	8.85429301603854	9.637932432562437	1.9444776059310076	-9.3534225189651	-5.406849373253256	6.725724569434364	4.767811299427578	-13.70392921362976	16.416383590148925	5.29575207909818	7.524673893673304	-9.04562220715696	-1.8514437969678261	5.83340741694765	-1.205864559774016	-1.6760400483548419	0.499473022222207	-0.8748686328440262	1.4762702824981808	1.3324674047272915	-0.45411355469197023	0.8907326687689372	-1.7972951262317385	0.6742416362991509	3.4489101303559524	-1.3011223244792833	-2.183568901601944	0.31328411152997526	0.5855836902347737	-1.6437938703524377	-0.8793523830417083	-2.440132503500577	1.1571418316321262	0.4410639337419287	-0.7816202850883712	0.46604179184959904	0.7127756901927699	0.7124384009611481	0.6886763512374215	-0.8586324987915236	-0.22392716249266084	-1.4650766939292712	1.3286332150519058	0.11541636166847478	0.19493574983832274	0.07122857937260775	-0.5279014137628704	-0.7989279441478515	-1.3132529686050132	-0.8832598870826172	-0.8865974767141984	0.04816625379007628	-0.36880620283106125	0.2931329537774592	-0.17113657092476905	-1.3335836632153741	1.8692752549672358	0.4116835479490108	-0.46879965657953504	0.09024736557530404	-0.6728705160104966	-0.7318937746107192	0.19548760207072782	-0.1206186147939377	-0.08041537883157636	0.39752364740678536	0.13915778135996457	0.7400626179254381	0.09982269737130962	-0.3611815329230212	0.316829835716914	-0.31774564752253326	-0.01934701889765085	-0.270735347022726	-0.23712046190148287	0.9163061769974014	-0.6523968062662904	-0.9562075002175475	0.41760905975063417	-0.03616353383339201	-0.46609709244331565	-0.07771285726958427	-0.3718027651539652	-0.27535606486360076	-0.5334460248999093	-0.8142070677523064	0.052721553056795184	-1.188568850046388	-1.7144434066063114	0.03512077641219944	0.4743447910153427	0.12611549978151929	0.6880450374247288	0.15452128212367847	-0.3054826613615384	-0.7353702930648347	0.05822827219678489	0.13222172446492508	0.41988364191379474	-0.002778280643607042
DTXSID8033562	5.703347891732317	13.738127109417064	-8.97023869270383	2.8369155249350664	-9.92400037438931	7.881797367368124	-9.715857960674164	-2.144124538283113	2.2742584763778093	3.544808865167072	-0.9270850621869078	-3.36107485548889	0.006291483016852709	3.7955913238427623	-0.25254499671391756	3.207562805501127	1.0486718412645442	0.19389560898805186	-0.5513055294578932	-1.8638919346654674	-2.0021143485982	-0.05518217448358638	-0.19114997345404028	3.127695013956987	0.8239173567607206	1.023727504781192	0.8192041067355353	-0.007765471721392103	0.20157536683003588	0.320394650799759	-0.7091502055156156	0.6390622633368087	-1.829371144917551	-0.15336321318849744	1.080455022971062	-0.186035437542566	-0.3975282679990513	-1.5529369608403583	-0.968045228015671	-1.3979131845809711	-0.7685340668546543	-0.17674285998821976	-1.3445107291656302	-2.1869210525382865	0.7165579050067747	0.1161805188296104	0.07715935515894563	-0.329625931976778	1.3051868216363516	0.40761149299965277	0.2925956454051024	-0.5130166924121745	0.25212425611817996	0.35394098386116646	-0.24275816091460517	-0.28271494609187964	-1.6895945313633092	-0.21103095081969833	0.23748373080291613	-0.2066841297982882	1.4957713116434106	0.45794439665796577	0.23019063281386384	0.5277275152147173	1.8262856427259497	0.10506908062218846	0.04302059389601765	0.9373486898758752	1.8806551591618061	-0.701841857706754	-0.838736821495726	1.4708093132237436	-1.6802545191418203	-1.8309527470121068	-0.90824152095298	0.8758010317163767	-1.0775200051323748	-0.7829129084287996	-0.8422915289651579	-1.0169934934620792	-0.7270046469324843	1.027623324177994	0.6999980160490359	0.571016676353551	-0.3759555544597167	-0.4142871232911709	-0.5517190046298196	0.48580251039961464	0.14377919446932613	0.7579262864500157	-1.7352951066305606	-1.4511287011218896	-0.1544963001058265	-0.6433767761387734	-0.4487429692978117	-0.61331565604182	0.6845583183493087	-0.04636491422920297	-1.0312593088190327	0.9221667159020381
DTXSID8034580	4.846479055598248	4.066147943496958	-1.5291461328936649	4.8410179231625	1.6187391201427657	-4.293042358252829	-3.1387075543037053	-0.48038877724131973	-11.72954128286213	4.292279948105574	5.613440826648612	-1.5529004674171842	5.379014065098601	4.155660504568113	1.9424240349688118	-2.96283651518758	-2.8523417183809405	-0.33066281692471206	-0.879888986628387	0.11876518926588492	1.581983819512104	2.8355248604513266	-3.257884025125189	4.124564159601217	-1.1933626910861013	1.3491997762880201	0.8410106847933789	1.7050389902291274	0.9885010426822876	1.082940289879998	-0.8654877992776563	-1.377394207619315	0.7279594902519563	-0.5486503371493832	-1.1395072591799622	-1.5569798962663364	-0.8432424058101388	0.6892313573903339	-0.6483952957168159	-0.2595762576180777	-0.3675781309323562	-0.9262955494199441	-1.3741674617609336	-0.9640594470407914	0.6953744388154864	1.4207945018932018	-0.5045389679353794	-0.08525962622622142	-0.6767106204098987	0.5955283475222437	0.5939170583415928	-2.034934925495787	-0.9065849729843807	-2.608167929958884	-1.6221984325650305	-2.543988805575883	0.5088451132925937	0.12109605517208868	-1.0278015137750334	1.4693241926966747	-0.05780282345688058	1.6666080146227042	0.4238968290023486	1.2267511590503337	0.3891736863657106	-0.7864448029191307	1.4015331452473545	0.7533712361186555	1.7623297180316322	-1.4871580490463832	1.0130174523624365	0.5537183317833149	0.4491237682083892	0.680378594596541	-2.0253577666753046	0.24131742328093073	-2.3572231126572825	0.07962752146222968	0.8084779248853311	-0.7067001881568066	-1.1084382047011112	-0.3909421921504086	0.5316767462236521	1.5515541549990932	-0.3455853400684045	-0.37686237596025024	0.9499416083866624	0.32464145555618107	-0.4527073558803791	1.3583013907308183	1.2184122776921988	0.6957178748483234	-1.0513931972025812	-0.16684121788731307	0.04352574343582843	0.1804829352221414	0.46283894408732745	-1.3652116141634565	-0.6726797202839598	-0.03478515004021023
DTXSID8032675	7.493771647623873	-2.4483005242797264	2.027958139737101	-17.678861989449217	6.92236918975788	-8.983917482794809	-6.011762053689868	-1.6375411174908152	-7.767826588256899	-3.102594142402968	2.6912228465645374	-1.4249020518086377	-2.1424165736232004	-1.9676257485654742	4.263771577559312	-0.4269820360616666	0.8993501903242035	-0.8685071074573846	-1.0687817022026174	-0.11218482389752135	3.5062822049473734	0.07493018842960442	2.573827356373835	0.8918946664894157	0.8857211562117213	-2.3863469168453455	-1.7952740383001817	0.7035401268291152	-0.20712823633654046	-2.563098421045571	0.6773577889016948	0.03960037641543239	1.1301928246711541	-0.9726426193254175	0.6075120601731371	-0.9159536248123139	0.275364318326967	-0.7204746555334212	-1.0257746577029834	1.1252949811348145	0.5947540469754412	0.06738974629692848	-0.5499369718916197	-0.97519437895372	0.9486146977751184	0.5867193552414186	2.0826278563448173	0.05335839079967327	-0.511804925666645	0.7938671364724393	1.4163815588886597	-0.3957345421392052	0.17965590413303345	-0.04975595326716723	-1.006057010297461	0.19472502600218522	-0.4772185076585852	-1.9711929013036353	-0.50118075743917	0.1699201496032278	0.7868268939324503	-0.781576002727821	-0.20170655577380445	0.16538558240858037	-0.4986754985847363	-1.2146273769019298	-1.4932152362312188	2.29890666287908	-0.4534137756352574	-0.6440790734566967	0.30551343182807134	0.9906859561870186	-0.5029157992162886	-0.5583824069731981	1.168218863599403	0.346823408714859	0.43894040046863275	-0.2499606285467059	-0.884263745083458	0.5017952672280174	-0.2217152317480917	-0.025751601068056882	1.9909873528094937	0.10932348388827737	0.09791543833826916	-1.4130088581698892	0.3981975216047841	-0.9004071969442886	-0.17519004155944476	1.4853618337803212	0.4652721890490219	0.36419860048720815	-1.0857842574040117	0.09144828821987033	0.6486103072180982	-0.7127823195076126	1.0412785794401533	0.18141010606677618	0.09725860321262597	0.2641972795802886
DTXSID8034376	21.069516921501915	-5.295310583322102	0.10989269590096143	2.0446762117996307	-6.695360650654283	-3.1116934743957416	-4.023936760104821	5.008393426356832	2.1830889143371683	-3.0496506289042937	3.48463071091762	5.492320588058455	3.2727723727260543	-4.130408710872536	0.32720095321321746	1.9926077455380635	0.29315415555527974	2.2484080064595813	3.1693100806094776	3.1768905714406994	0.1484457647134377	-0.7135871651143241	0.07915692322570729	-1.1861690137317606	0.15787126888976977	-1.833149262319772	-3.1089995920349804	0.497131986688511	0.9334256927082847	-1.531255412668645	0.6260145206993124	-0.550050336249539	-0.4569565016883468	1.350094913664075	0.5564615727592626	0.03813042121356052	1.9851114551255107	-1.1259605124138121	1.6583427883780812	-1.7820922084247979	-0.1434040752859235	-2.3931908814539504	-0.38869347532920384	1.4724857501085733	-1.3812689047549895	-1.1168600677283762	-0.8172702777822721	1.2703118149633519	0.8960251420679045	-1.7055942559905015	1.4457335926413004	0.8128428181554161	-1.0769878482641773	0.33661328815695624	-0.3097341150684948	0.2309727300187624	-0.361076925291708	-0.14719770223492532	-0.8386486926629015	-0.5991669986370286	-0.9758425140196287	-0.36411091620097275	-0.3749361208392253	-0.2956339335723141	-1.4741005170083492	-0.8868575335961815	-0.28546955484081404	-0.20440855698950006	0.7191013667242089	1.6066929385141289	-0.0539635384548199	-0.2940078359394666	-0.3640464356459733	-1.007229695832394	-0.5601699665688306	-0.5039994360387355	-0.1034681235833066	1.5580155972266345	-0.24783910546122873	0.21756313966182267	0.3424867290954521	-0.13732014528347528	0.5094791559738681	0.49387933114488825	-0.00817221818961652	-0.45507337427425026	-0.6572796760608178	0.0003721624788875996	0.26409055368192524	0.23021043494400628	-0.9870432013620808	-0.5724363170624392	0.573430849873907	0.17191523850819823	0.16648357030522326	-0.4671483478620434	0.04742824038816813	-0.6393993704108907	-0.25399223808190236	0.23384397672619317
DTXSID8034586	12.554842544870198	-12.854544289551203	-6.131470916920719	-0.5061513867095877	1.585570939702867	-1.469256632697367	-0.25511768376615507	0.0679510836825304	-0.3535073798232879	5.3689308672017395	5.2654373234761405	0.9998665158164399	5.378296373109019	-3.5198224337112807	0.21709830758958704	2.6952405505252495	-1.3306046132992109	-2.943389594073545	-1.6849734114277661	1.7495276575596317	-1.0360669114730168	0.5754010112286769	-0.6569393742461155	1.6313480990025093	0.7698138916543016	3.7562353334621745	2.060843285365193	1.9215528687743888	-2.728072429610328	-2.7786704291959197	-1.3344744823939125	-0.3227389158310047	-1.073952190112423	-1.0941950163681542	-0.5621052216645928	-0.00039931115522828055	0.5610534179920373	0.023442833208676055	0.09210964259873702	-1.245348771664284	1.7532464642320327	-1.2619773787584352	-1.5755942621938315	-0.6251683230884117	0.8805576637956277	-0.8956536835946703	0.30470298154257563	-0.6512127682551627	1.3625846625554634	-0.3344439253036831	-1.433217630517433	-0.8495044488278831	-2.1948213887575574	-0.18900907616111756	0.633721579166602	0.1472948420832123	-0.38916861253523743	-0.7506197218158914	0.7533242678648423	-0.43648040767715157	-0.08899079947571023	-1.0513153951936645	0.39428544519002245	-0.6534190653730894	-0.12355722724197694	0.021743613163157482	1.838919118863814	-1.457067985469238	-0.12673451987020065	-0.8484868207323258	-0.6620980115100715	0.14900606931663649	-0.9371453255394305	0.2382150977142089	-1.8162916676453722	0.9071164960123473	-1.3058127677994074	0.6627381117810514	-0.1106969086343576	-1.8164681610415836	-1.6222118384254358	0.1386068298563999	0.964264052317071	-2.250954782407178	1.8468296821923191	-0.001502635478974992	0.34135176613033996	-1.0106007258382586	0.4467465823235798	-0.615843407632385	0.6697107797490518	1.3806823398801447	-0.46999683962537125	0.14032353943631806	0.9091088709816917	0.20350379565938342	0.2692708779348693	-0.8243657620573219	-0.36636120258802024	-1.7081170872295295
DTXSID8034588	18.10711578278044	-7.5880186648386125	-8.494132955780376	3.3451101876631717	0.5246518656304558	-1.1212145156556919	1.6419524333163438	1.3152382122117805	1.2387765958231296	-6.625189599766502	1.6212920111398124	3.1837423115397514	2.477655344976986	-0.2307344038135154	-0.7375883123829007	4.443712652249706	0.949617403042326	0.5161416996158169	0.9215626136850342	-1.6209957970557936	3.361976252086034	-1.411479777801775	0.0416259257108681	0.8060985156835826	1.0086593035361853	-0.7726442894817809	2.8327651197588155	0.9844041505085427	0.8395559896503023	-0.45963211946973187	-1.31039283988374	-0.7620945534838581	0.39128647196807154	-1.487436234249716	-0.8969973160704857	2.8619337951350214	0.2252889288838672	-1.4838163496302337	-0.40201510996930223	-1.0894403844740501	1.555270099207113	-0.9895141409209928	1.63324889827702	-1.0395129993023602	-0.06143826866640009	-1.3356415266249857	1.1503264237068591	-2.263635084132133	-2.571662672865446	1.851664208791127	-0.5343380375257689	0.6246038125783144	2.023276939655751	-0.32182012592513126	-0.9864901286014741	1.4134720046463807	-1.7865785555732707	0.5273795539635115	0.9114247111481996	-0.1696221000393337	-0.6072449803519695	1.2365703792563982	-0.8858560240476611	-0.27080582565392053	0.7649078520650158	0.7119526398977076	-0.007218922918633122	-0.20898414397041956	0.04088378130041687	0.9840575119028171	0.5221029705632563	0.48100028615993434	-0.6182816584382478	-0.5422704569352833	-0.6379978154247712	-1.2787206939752505	0.929867955047746	-0.059654900116198756	-1.0298309052446437	-0.039822646727949294	0.38243417400280666	0.045496742861770356	-1.542120721850488	0.11539325405772957	0.2487809229259993	-0.546368033860769	0.6659867666802551	-0.6131636364241594	-0.04879204356163645	-0.1925289655345578	0.06732609596425564	-0.20706012512748131	-0.6575031581529613	-0.6175394394983037	-0.17631365030220608	0.8516886703352367	-1.3382649682477932	0.4483870259011913	0.6366137388334087	-0.7185962202977731
DTXSID8034877	-0.05621868551016338	-15.293817593823348	-11.712539426080529	-4.788834343235901	5.39045993875021	-0.09465620831898981	1.4189762149880598	8.329248621156383	1.8494598428773639	0.7538030066308615	-0.4414736461310423	-6.223462646742173	1.315501167629747	-2.338739761124009	-0.7444077104445348	1.3759234709907895	0.2708753513590796	0.4116904180530203	-2.338585424587951	1.7915456136412429	1.392302275879618	1.5296348227542318	-3.536556474982569	0.25398412486277216	2.5233433963830354	-0.8746127815507743	3.7213433040535504	0.9718335350088725	-0.7749792325097757	-0.1793184212584026	-1.0936620096866518	0.00847060626507472	-0.5213464857637312	-2.334166967048785	1.3788947268640352	1.1113560407323042	-0.7209507384197127	-0.22449763207202664	-1.2424355562158154	-1.5200660346034924	0.9009948311263545	0.02939083370294021	0.8450804539243348	0.35130644772025166	-1.5595354256395209	-0.5818273064940448	0.5111073349113503	-0.9327130802011021	-0.08725350832847005	1.2273740982625938	-1.4600422140521658	-0.456961085859734	1.3765532870747632	-0.11576238130695059	-0.36055881155016417	-0.8552107387665138	-0.5566798862887933	-0.11957799173580572	0.2689265119827635	-0.4323732278674004	-0.7340623385962414	0.5882229725268834	-0.05501402436785857	-0.8104342399265954	0.850153799963195	1.607437850280309	-0.7613643387327692	-0.7136573359512802	0.8449605101149753	0.9315832326968677	0.17732219594862703	-0.18776648119947437	-1.7445608738763203	0.4525592851174139	1.4310061002492238	0.3920539325122128	0.3058952078138874	0.041175281213144316	-1.1555948998950827	0.507607142679364	0.6988979258563349	0.5287247837190006	1.1611510464601642	0.09988465935467108	0.28739302008220924	0.5100549818530601	-0.5434104360701134	-1.0011830712996581	-1.424135612667655	-0.4474426009625816	0.47878038433797016	0.8564926043321434	-0.19540692592781117	0.5836686792383483	-0.11395935466340035	0.439504270511957	1.0232350076537946	-0.28994872199807487	-0.6625063684736133	0.16479142832929125
DTXSID8035180	6.69216480924768	-2.8844554137208935	12.356098864289951	13.194178751089064	10.041905647766072	6.306200811525021	-4.874536097810806	-4.785652158323932	-3.782185237772485	3.531049340756416	1.8826331950920037	-1.615703168441185	0.30497004284195467	0.24812956569589883	2.162564874557088	4.062447937924516	3.2039259155871718	2.1562859520328477	-0.618733451278403	-0.833881899848996	0.9369817414216862	1.930860415464681	-2.695194422450899	-2.3668269875915944	-0.6910070881649358	-0.038009918869985324	-0.29919653823349973	-0.6681507018119899	0.29276617679998046	1.1553303076268306	1.9766417698987957	-1.6440603463211696	1.3639216882716216	-2.5618340609073087	-3.2868298321616165	-1.0353855327645538	-0.19753713156760216	0.7941887131491303	0.1823316476025436	0.2903982261441352	-0.21171734455664695	0.5120724315305115	0.06235230480643481	0.45670965324403606	-0.8367903247164734	-0.20628934614277356	-0.41784674220316753	-1.4062243909805323	-1.7242368055369033	-0.21646676203303983	-0.5435447842339349	-0.9842543023740103	0.38404303519629884	0.38490582312147437	-1.3561370683188771	0.23079053334878083	-1.4284932579852465	0.08538710229271526	-1.007146378013974	1.6981700056086018	0.4955682589737828	-0.08407398632916134	-1.1956685191476348	-0.17783747234083025	1.8185160724895328	0.28770727442778715	1.0975060238257128	0.09027780362900387	1.5143730023301398	-0.15377201214784694	-0.6407270418268884	-1.0567122187125269	0.1893553490474789	-0.9337115131694602	-1.0213190126429366	1.2844219953386564	2.7542574898325123	-0.6250972903978259	-1.0195346940172427	0.5571182767583258	-1.126075990088527	0.22063924475590388	1.3747828890171911	0.524404116659813	0.14324605144966734	0.7403144194522437	1.1178559900109952	0.8745951226642665	-0.4156852330129292	-1.3872350894189427	0.23658019366177693	0.0626046140975021	0.36237012050742357	0.14213562459807083	-0.15929462139920023	-1.4731442251497542	-0.8420102769392845	-0.28739237879499907	-1.1221930192950682	0.12146870266738378
DTXSID8035423	-6.829795769394131	-20.93208541643483	-3.333743021635472	-5.512260590012245	-2.9135442345535294	1.969979815592422	-7.288693011416102	0.516212290800562	3.0317837961157292	-4.666335660799623	2.122794102249984	-3.7199998229797897	-0.7763041228533898	-3.7255190588796325	1.5871490783202633	1.9106473535965036	-4.4001115552618275	-1.6559669394827896	0.4288840616196206	2.081757849429345	-2.094587433568255	-1.9606876585461206	-0.08501424155894281	0.7562940875657639	1.3353955467923329	2.8832379342534527	-0.505134935636159	0.5508739095757832	0.6994002691923513	-0.5964364350909042	-0.7850982546765045	0.19226484741707678	-0.4080390807526034	-1.232850890709162	0.3264663162110775	1.0322729280875786	1.0078997956133415	-1.4510909004437105	0.6478577392493406	1.019364901763695	-0.068249888589115	0.5152524927835839	-0.5042303054985156	0.14750159718788655	-0.9066324915542648	0.9297782915970171	0.004464927947138639	0.6338057687858367	0.19788348396646657	-0.18128341369231643	0.6387479788173829	-0.7786968487607687	0.8026926556154654	0.35206986139444335	-0.9568018271173083	-0.05436770274093425	1.5971421682748903	0.8705389028859333	0.8235648423700976	-0.3769768889603913	-0.8738700472053507	0.4882372889791746	-0.5889662003751048	-0.2538645324557741	0.5790946573956641	-1.3275626624970762	0.17444346085917883	0.6200756230702547	-0.7564071152862045	0.15702480024046447	-0.38766811176113214	-0.12192891129267729	0.18914876148642978	0.1846129547901869	-0.1377033349874975	-1.0579760399496274	0.24237010848581736	-0.41920433792172274	-0.7846538070546715	-0.043098349294159934	0.5490054242283798	0.6998529719742673	-0.0223635307071722	1.3912105873994411	-0.12251110300924509	-0.24583078453887253	0.7739305994305871	-0.4613439531204532	0.5000699895858061	-0.6547079859762762	-0.4640369028875497	-0.14703982912445385	0.8090287817463443	-0.4149703742696628	0.9500852680558217	-1.150686974920069	0.4760835352617081	-0.005269103904374177	-0.11526263227711114	0.04457632543612792
DTXSID8037708	9.900959162252839	10.367416263660903	1.826940140750173	-9.788291821188594	-5.98065479209045	6.3639756968544745	3.850464051992941	-12.284818644108345	15.24658873504509	5.050626304933502	7.684226643730798	-8.481656025933994	-1.994053185808154	5.525378807286405	-1.0336501024653293	-0.44409301634111215	0.7010627592421935	-2.549203500222905	2.0250489633926576	0.1179334932251031	0.6483267023767576	0.6729075073427465	-1.0748244596663938	0.20414742621471088	2.561016907788168	-1.535694581515407	-2.709095275437371	-1.5709985693565391	0.5316932394962066	-1.1690621913547514	-0.8931282093118853	-1.5174879169361652	0.46818278589110596	0.19754951868132486	-0.7050155056091353	0.560522464370671	1.4171509256482286	-1.1470004508280767	1.2489753763037346	0.89986405623397	-0.41771513335210225	-0.9242163374397815	2.2409486961904648	0.9124316477212899	-0.6539449289252874	-0.7225030359373209	0.19656344348663787	0.46668495481504146	-0.5228499966581319	0.12206527493777468	-0.07746624592219568	0.33773808996581534	-0.26630058459596373	0.23138688438953506	-0.10370615985943565	0.3335992754172806	-0.4494206584044423	-0.34994908726557117	0.9035986977061676	0.07818793583213036	-0.2727561410448809	-0.6273121139878062	0.7745246335976343	-0.1283227939059246	0.5692513822738458	-0.12672059950975328	0.35525106937216755	0.2667661331670207	-1.6243091949596482	-0.11273375334909722	0.6390280351318014	-1.4783324083814093	0.7285953993915533	-0.716948857119548	0.29138358078860843	-0.43085162246983183	-0.5230018740870296	-0.7666055576533921	-0.925605372655842	0.8522412604307666	0.7905790569506848	-0.05435092380588627	-1.2917558338879016	0.8880230614508489	-1.1804845221323623	0.4451197803359819	0.23423400978198275	-0.5926854411749912	-0.04526074368720916	0.1809205992620335	-0.011151922677878642	0.06081549628304992	0.48202347054381484	0.15212573287944753	-0.11982872859143534	0.02161209224486061	-0.41709978993303803	-1.3891235561863313	0.4096046006366164	-0.44743222889163076
DTXSID8037754	1.4860196562001453	1.9620990165410979	-2.8534755773180462	-3.533594189228709	6.434356720744912	-10.53706866022721	9.886686886102668	6.698620177389092	-6.712318930081198	7.139109124646852	-0.6757427144570547	-1.030513386541491	0.4018501892449912	1.168754882200902	0.9328559940531143	0.6004532978912099	4.32114523771463	0.5901103542855041	-1.8837110153602366	1.617317728014953	-2.6930382097556453	0.26095231878014896	3.0682913679688975	-0.4942351267696235	1.3372115104305036	0.6255398052205001	-0.44452499506881576	-3.88241520329702	-2.689584244459318	-0.3163574039901441	-1.2508418008905087	-2.052460075154617	-0.9471004246771363	0.24958535293368594	0.4813065761771586	0.6650721251029732	0.1123381630542471	2.117602170829466	0.021821263405997725	0.9410191731000046	1.5794931529655174	0.5759378109077781	1.6086015759821932	-0.4515485001235755	1.3135162833275813	0.5181472914374753	-2.2591276682888917	-0.021659221246898355	1.3570910245306933	0.55532627501551	-0.5193018965568013	-0.7816529870211731	1.9265491465303912	-0.11089507102271096	0.4731770403993088	-0.2644846625825207	-1.7253943176726914	1.677539398131141	-1.2113065550011557	0.24364547475895312	1.9225567600148212	1.4280596464940583	-0.4607732155143445	-1.0333846615313913	1.3492147380630766	-1.0114465976717133	1.840652472749968	-0.021897297213719323	-0.825294215183332	1.4871543802236233	-0.18154230244375852	-0.8796991891008528	1.7269981285631524	0.3312435937183445	-0.16637738787027542	0.6816571710462076	-0.14426500463504643	3.036685505653913	-1.462359091729305	-0.238180373734474	0.09515856476232824	0.11867061690114308	-0.6117506953011259	-0.49545361452618336	-1.184733699766536	-0.47943025168823084	-0.23341869813802826	-0.3965244525974188	-0.013019667221080264	-0.28368992911607416	0.6375625768238328	-0.9206571011101601	-0.3218343720870168	0.3976734235363106	-0.5601780082477488	-0.8147334252503595	-0.28839292296256996	-0.4805594966936019	0.6963059400049009	0.2506124014752523
DTXSID8037752	12.066131894462188	-10.95279221626554	-10.49447360479017	4.171243210978706	0.42950075236916774	-8.257978050458286	-0.790659691670336	-5.147188414694526	-1.1945664623782875	-6.2510583609664	1.2524409429893213	1.6136776106289807	1.3166158612642131	1.107135097867381	-2.5537871435138526	3.7773034170296342	3.1258040765414674	-0.5275955980491229	-3.1589802058237	0.6123081303247575	1.8544823620244248	0.44202043540278146	0.39862020075350313	1.516163816351412	-0.31868279065434385	-0.6378812363982017	-1.5383701488710706	-0.04882336783992416	1.2188103809872035	1.2111803816393871	-2.2048519297032265	0.5079023004179225	-0.06846290290785467	-0.9539382619271737	-0.1909938975793606	1.0993852161956439	1.4139004251463207	-0.6913482207600756	0.45962775016057056	-1.3637508972809707	-0.9820136264450667	-0.3224210606312658	0.11525066775192704	-1.685793877181286	-1.1876788316598217	-0.6760419462290953	-0.7092533845396837	-0.5653756991294754	-1.3138021757901592	0.8582872651731785	-1.2162261454805459	0.16020615615660178	1.2918903184613195	0.13698543943625777	0.5933692416443921	-0.6837817222311977	-0.6855801550489228	0.36283573788009593	-1.3237804557718933	0.2604869323914393	0.4505452619693938	1.2846506116326781	-0.6593032846588407	0.1445468799821147	-0.7081387239579173	0.09277867424094355	0.7726121482436081	-0.1125172727368697	0.23335297612412834	-0.09790329088405378	-0.4516810508579744	-0.23838826347210915	-0.020559201379124745	-0.9648953301843965	0.4434646204801733	-1.8227369427841338	0.7821649445715321	0.6864565992383913	0.4189783808209425	-0.29556678077847576	0.03861978618048202	0.3132382366019899	-0.23973645105426478	-1.0562391647408487	-0.6105114668937499	1.664276486252594	-0.4450342855052163	-0.12691080285212558	-0.0722555110064997	-0.6728674521489922	-0.5447354036659191	-0.11203131876160212	1.3196019788982487	0.5906620998084195	1.4710084934639678	-0.09635311919856733	0.26719104144814837	0.25980295029984624	-0.11650351316936997	0.6503926021223336
DTXSID8040222	18.60673408112108	11.383721906973925	-6.803388259395707	0.6872894357843429	-3.177782715335041	-1.034621872289103	0.7803447464794262	4.194959564443167	4.8854857353038765	-0.7912757143706496	2.2420830542761405	-3.8878739461513505	1.4250808661210863	5.395868378328131	3.854627593223703	-2.0191800958172568	-1.1782699205022402	0.8416568366305156	0.13238791257224145	-0.636699237694326	-1.3271806705247593	-1.5858856938978796	0.5534541277217404	-1.2052669358647567	-1.1931115944732655	1.1387135314050787	0.8553955990781944	-2.4403548944657847	-0.6424529272065659	2.4712568648014703	1.3878632220984632	1.2507091668576509	-1.4478044733400275	-1.6839001306201553	1.2998100570556075	-0.25151650374546425	-1.6907859445668443	-2.170234635869868	1.6326830092960856	1.4533415688933256	0.5677688841338124	-0.12295521132069381	-1.6083398184945483	0.013924473046559287	0.1788489779544333	-0.47579825024302863	1.2335749670968097	-0.8716562566176795	-0.17557689101991883	-0.8363914473889412	-0.22115551606422254	-0.42306545748614094	-0.9554833046742452	0.2190438536879921	-0.896005593441025	-0.5177226426258057	-0.29040168843514336	-1.0748525834541753	0.7942144337780509	0.22616823236269137	-0.5609923977124817	-0.13098215348391778	0.027272243353739872	-0.2500740008912178	-0.2739198419876393	-0.045226879764201214	1.7711049164848727	-0.19020071843149441	0.5798257749334311	0.3692975785260578	-0.5140723126947193	0.13940317346111467	0.5784507121504201	-0.42716411479562105	-0.3503723230830622	-0.9100727485557045	0.03417850668083032	-0.49959351790895395	-0.601334594882488	0.3603956034997606	0.19245989484706538	-0.7705933062183482	0.007672548427235891	0.006943599858415386	-0.06843801967409094	-0.23887429638350233	0.2099226136444102	0.21188036480149655	0.2832471178625777	-1.6287423812730224	-0.11134092619642062	1.4388280823542483	-0.5207819556745311	-1.2265142767182258	-0.341916754599279	0.2223794509483361	0.6461188273203992	0.41423439552138175	-0.15908909845023267	0.26315021284132706
DTXSID8040484	15.28300876401228	1.6475597126776251	17.728832466314643	7.423482972244303	2.365965868043606	13.41685925632493	5.162830108990341	-1.227619884177155	-0.8624625534596413	-1.3681916327288448	1.9373197955210613	1.0100392752721572	-2.216057060292725	-1.159864962931154	-0.6937318625992175	-2.0475963843495077	0.36122163506970884	0.639530519823846	-2.7347036041355235	0.3878540654417135	1.2014145562171334	0.01098566846838522	-2.9952712031076647	2.154669183666878	0.0585148370391148	1.998778647812168	1.567664671860415	0.441749750261047	1.520150165521208	-0.10780304212930171	-0.7374609720877886	2.074066162111269	-2.064381371524977	-2.167088996049111	0.640699546244372	-0.6270418671198037	1.2407884734296677	1.4201887124585049	-0.7012123688132863	0.7116429863072365	-0.14089937200228134	0.6143871157863215	-0.19500752089736842	-0.17523526257663893	1.018204549270586	-0.8434277602194247	0.94027481235618	0.14885962775895464	1.2998486159752702	-0.44803000595850523	1.9303869540377185	-0.2955960550390062	0.3847593895732599	-0.19027006801339583	0.6189200756695122	0.04265221719244203	0.12577805029186473	0.31765654751846445	-1.4080130430920554	1.9690952138074724	-0.6654187973389064	1.696873719212661	0.6836381022600242	-0.04239487795805508	-0.18152167845214787	0.9761527311366768	-0.03578236105152254	-0.10601204194193362	-0.10605468173931111	-0.23502122279970078	1.1268170650362992	1.0137384475058786	-1.0115601736532898	-0.3794072373730793	0.08111968542327078	0.8794043038365591	0.04051945219044094	-0.8327094740165064	-0.3981754172059491	0.3578476746211206	0.9502152562564743	-0.32110090716862966	-0.02293903712779091	1.3731951028971723	0.222070975576182	0.026648838116522144	0.7170137445800996	0.0014954590109771623	-0.4108295281485824	1.3141456085418672	0.2022665165130192	-0.24212576086650858	-0.6217723154738376	1.0531388571804334	0.3054247340528487	-0.014513983933978172	0.5065087505326811	-0.29780439388879204	-0.10049738624781757	0.7486051852741794
DTXSID8041298	-11.701181108663738	2.3914297479129485	-0.0038558996129362286	15.489751485563435	7.551279000437979	-0.1838393265591773	-0.6777072563387104	-5.767230031911842	0.9638096320226659	-2.2652694457246794	-2.1763426841522344	-2.4901880743174925	-2.2861436775660287	-0.667710901911802	1.3710001725416996	-2.0103521386788925	3.0463244791910737	-2.139059849556949	1.1821414095077307	3.5108281917181685	1.3164502955524426	1.157201831440849	-1.5239032142228202	-2.189980414358137	-0.8021071683905099	-1.5827635104776878	0.7192905162144335	0.5788065617064541	-0.8193617223725365	-2.665124736838948	-1.1605978612639096	-0.857138805284915	-0.5330372802339719	-0.7613329573884648	0.076976551501674	-1.6681773063881438	-1.9231295546684002	-3.0810422797398775	-2.4704732291153295	-0.3490897906916411	1.1549257743337473	-0.17762316726477717	0.6427513591510116	-0.7926805586554767	-1.1311779821429535	0.6920883244302267	1.2818937001822253	-1.0417918267167436	0.9431054208978629	0.022661049444069815	0.47356688720740064	1.5317154944588487	0.24911834715155862	0.6853486203668753	2.4542008124059365	1.4700196639150562	-0.11344142810653961	-1.6317531180053777	0.6900876618248655	1.0420071905392372	-0.39666674262701784	-1.3802849168366196	0.4161882602708616	0.1528502497471269	1.4383322484131476	-0.021016134935214342	-0.5644539079225864	0.9366363646555478	-0.5796693986583789	-0.9273566222320939	0.0002436894733445668	-0.7206985679163894	-0.2596959838146635	0.8262112692846191	0.422416003418174	-0.47140698478594395	0.0008394514309521959	0.14031374522000115	-0.8741903553780165	-0.29781456812084256	-1.2901158002255162	-1.4557464935769462	-0.8954021994101055	0.08457719632828556	-0.3258689806252953	0.2853206386087548	-0.15227457921745383	0.34579017554468877	0.47452517607921774	-0.27010155799341395	0.11202217381939089	-0.17082971436437158	-0.512937781752366	-0.03377643171774822	0.6306035112837083	0.7611341264745302	-1.3179642119058872	-0.046577639129038666	0.0564295217397704	0.5409499409693328
DTXSID8041610	-11.088317319096248	12.288771981566711	2.9810820873007984	-0.029555176950942414	-9.849750227618909	5.087286412204133	14.588879233466557	-5.305857775879634	-0.14139813764766995	-1.28499606712344	0.3455772546461197	-0.13258921550292926	4.183419342603051	-5.510336066695509	-2.8889069451020366	2.6823152331595814	-3.1325135692058823	-0.4038672397205152	-2.4004274215939323	1.965816335745638	0.2803261981002308	0.7832848489091662	0.2211799808547563	0.3645904653377675	-0.5331828227761901	-2.1360387425092657	-2.304540901099271	-1.3849436576956873	-0.6291170461021176	1.9230912731789649	0.30445207927464485	0.44243993995140035	-0.24875559850392315	-0.7839637898788194	-1.2583346748443753	0.368063415913552	-1.1137718918797128	-0.7856139779642657	-0.21854536640185956	0.5442963302287419	-0.43388249589517974	0.5797453353795518	0.9437939593530974	1.0259415718970013	0.5600876736723123	-0.4835918080530396	1.0129660941593426	-0.9000979598518991	0.16785561403886345	0.8732134243599565	0.9663605934988553	-0.39135641684223577	0.13409981667616638	0.5223824057394956	-0.985874917051244	0.0844681406937324	-0.670777222797848	0.4199686892324241	-0.10755268607711757	-0.0305783982958603	1.1366593317464262	-0.7018865528072412	0.7230941390492747	-0.9503988594963846	-0.021773765650957143	-0.7712134305728513	-0.1897024028917138	-0.12054457389376985	0.17348150000736864	1.1408430326339125	0.12719167605639034	-1.0571122251118892	0.12636584049823957	-0.803742282705265	0.9600908092522848	0.26553493970741	0.011819002442131951	-0.004690422912896149	1.1839938208496998	-0.08577436599460897	-1.6253522283577104	0.4716070252461692	-0.293271374539494	0.7465048611169341	-0.11608681880977373	-0.09059054329041205	1.3453799397123258	-0.32182974020672206	0.7115325670897552	0.8790595013416839	-0.5849662658670379	0.9326850654156288	-0.3230873749618589	-0.7926713127517533	0.06309872160509467	1.227921904344112	0.4448252576167639	-0.6260653875355167	0.9156727041516247	-0.34218802144000576
DTXSID8041909	-14.00387376153678	3.2873778427945544	1.3827648017468408	-2.8093464737741822	-1.7057290668703424	10.442827776473079	2.84552178503622	-0.2319383558213646	-2.2611395983846734	4.238257326615093	0.7489711232314658	3.3056859089314665	4.331044635962746	1.4884117389038523	-4.818694356303069	-5.618977181870935	0.28753278075196737	-2.581583633374403	-0.06276260441573092	-0.304213016897166	-0.021446464369053026	-3.125332137553146	0.3558923934615684	-3.928975215800876	0.9321447221506618	-1.3785000364039477	-1.1322743014738466	-1.1658577580001208	-1.7799021113772584	1.916592457093953	0.5174926284813856	0.28570806941271487	2.1891027458016716	-0.720630957293831	1.0570554755397668	-2.5907711318751203	-0.2265546773078871	-0.5669252302609128	2.4593142035552735	-3.3519975152857175	-0.8290305469880519	-1.5624951113988845	-0.15798310238671018	0.038626198671203024	-0.8913246183358261	0.604930102821475	0.37199810666290906	-0.711909640781538	-1.4170753439547963	-0.3232994007843878	-0.6903226219571759	2.4928127688850994	-1.9497028227502613	1.1141882583767702	-0.6236461832207673	-0.464820172378355	0.8953804422608201	0.06836256092905005	-0.38978778429285255	-0.038863238628496125	0.842657168023553	1.4005318277923402	0.10707252129170822	-1.135875564444235	1.5632906035392626	-1.5150872439303829	0.8731657240954422	1.016333029437098	0.47715606182033393	0.42798953334658324	0.6255051718334101	0.46512875999371617	-1.976790164059329	-0.06721177407820597	0.8405447497374462	-0.4991523043314421	-0.01814849832063403	1.5096620823366345	1.9634058565560935	0.09780578112049214	1.3924825234022704	-0.934216202936692	-1.7331624159047054	-1.0476542562763806	1.266504876859754	0.06858255988029334	0.8776480314367587	-1.5987136506409385	1.094718295328807	-0.6487869585029006	0.7996359159296743	-0.1710849657328972	0.13367469747331356	0.053567977607740486	-0.9364923517891593	0.1840835445008676	-0.37304167487859197	-1.169425030467961	-0.2713052110994459	0.8643188742770888
DTXSID8041955	-15.110624658721942	6.056199841533259	7.5520117667952285	-3.2954390847418815	-4.962599802637137	-1.0992133054927666	12.670639822579702	4.343852772303171	-4.406424685926715	0.9840192925249732	2.1623832858120866	2.5523138506224345	-0.4116431698585046	2.5164162181056806	-1.2561281743647934	5.809478840202927	-2.1516388587476465	0.9555039033985983	2.280122889268438	0.3357949131532758	-1.687494529743253	1.9600533586883744	-0.4551648199660836	0.5612560719471182	0.4387041011247208	-1.0839818783372013	1.4046782982943573	-1.2572930520658487	0.03210531634617363	-0.8328002966242589	0.21738798066250348	-1.0662699133283322	0.6233027732014073	-0.8994011964937929	0.9848482831417442	-0.13002547028710168	-0.16800482569194952	-0.5472989101107046	-0.017597345285729527	0.9987875957194938	-0.39683863168086475	-0.034450219160359896	-0.6088333642529181	0.9872824693653518	0.3783818313354811	0.14938451118671398	0.26293071263988815	0.6724946424966058	0.15626641268424588	-0.6402091413380869	-1.5699015370684775	2.146519926480211	1.09412245715338	0.5167482067783173	0.7715145249855784	-0.18771730628672442	0.5563948198286296	-0.4295629083011926	0.20318229807984603	0.3650295906120283	0.04778252767237441	1.0360309318110543	0.6297881525416882	-0.4146921849396172	-1.2803674172039727	-0.0502417324391935	0.15347203211985833	0.6908134768112018	-0.2997802332777721	1.8418935943240697	-0.6327848956207335	0.6762524765784468	1.2219726939559443	-1.7254605050522054	0.3713496116794651	0.19800881045703983	0.28181649964196737	-0.34853862489420506	0.765867421269294	-0.6320937604218028	-1.1821750219962321	0.7686693782076465	0.18425642283223237	0.8511810957880579	-0.6505252736401016	0.7951736965752599	0.5085698857388394	-0.5927774472448069	0.038455330205887095	0.27658437236365707	0.716836877700885	1.5046239517899198	0.5110300777745281	-0.09338699203890946	1.0283963627957897	-0.4401908749821247	-0.14068710004701662	0.5422985310498577	-0.21215492999557828	0.43241890780489894
DTXSID8042187	-7.095751941709826	-1.2156767572596303	4.668394723531154	-5.581125386126253	8.982939151465795	-8.11598392171436	-2.2511292861240566	12.880497514091358	-1.1119185815789927	0.046700406662125604	-0.758508641164683	-1.509902577405172	1.523327957685337	3.842329833445981	0.2787813730291885	-3.554380202371843	-0.157040576033318	-3.308901049767912	-0.9380865882099513	-0.03699174008325342	-0.7798117149186762	1.0982828488020948	-0.19378879180261294	0.37607161646240256	1.354814522496404	-3.3398279874001418	-1.5546106354609428	3.436431505090563	0.017166723054258613	-0.34920800033603483	-1.4829432962949582	1.9872282412791504	-0.2642836637683863	-0.49525805558063285	2.3560987993778837	-0.603257516721606	1.0232152476234266	1.9172741444596644	-0.6618426049768495	-2.309561948784779	-3.0485970865219882	3.9424152518134488	2.3809166821764065	-0.05140412087775893	-1.2305775551573173	-0.006594855028335154	1.19959537669142	0.023755082014361606	-1.3952558035713425	0.16087525040162046	-0.4234742460767978	0.6030842006073166	-1.1123642505281894	-0.8522354843066932	-0.18586258584367185	1.2668322390445994	-1.4211948604558091	-0.8463190466130122	-1.4122788246092444	-0.1961609242378243	0.5574334337953502	-1.2977316316019174	0.7425522010699614	-2.2470873768224333	0.5079274449011036	0.5637709471568466	0.36610197720195004	-0.5247677824430194	-0.8115052282696625	-0.4192250280912058	-1.3177532730563577	-0.6655852736603258	0.3144688169673312	-0.3728670680028336	-0.42583862041831233	0.9464870791816655	1.2133881757685996	0.44799033136253746	-1.4903035764041337	-0.08174076877727315	1.2046487019356265	-0.5816170618756489	0.13127496629808724	0.6656964415681922	-0.5424801434654387	0.20341999260440502	-0.8101637227062988	0.835525292456397	-0.17948626296591894	-0.44804425259821123	-0.3240622920523945	-0.32655539292138536	-1.1723868459837647	-1.3910581723205762	0.4070928000624523	-0.6374603293670087	1.2902732053935186	0.007481986512176249	0.032698468288652256	0.17877229228212047
DTXSID8042399	12.4376692582102	-1.6349755034723603	14.46485930856868	6.872707365351994	3.475743827100328	15.134273209221003	-1.5088813359086368	3.3986086185639177	-5.698942404470771	0.259838451789396	1.2611556548673075	0.9776264642934933	0.36455525382155446	-0.3230347958822719	-1.4467855516697627	-1.8800538245112846	-0.15600009371828016	0.4429435332918324	-0.9460748283874655	-1.4401396832238937	0.8324462144281078	-0.5552435593044657	-1.1144906045473264	0.9806623051155248	-1.000917187443271	-2.1560606679364387	0.12667227032275277	1.066178683335473	-0.6555154002085266	-1.2793454250964178	0.5452835657069204	-1.4555474324070206	-0.8094549235401688	0.04701137731620108	1.0864448299498741	-0.4680982532050058	1.0653214038971122	1.4036728846376603	-0.5250971299422336	0.2795771154393006	1.2700923612646113	0.2996079174270275	0.35713685523047556	-0.1646762222524984	0.9294567961205402	-1.2207506761716587	-0.6459186271197292	0.8235588508907127	-0.28934937906935315	-0.4526411480395442	2.981392680913863	-0.20243595726625124	-0.5286866274718717	1.3039298669807724	-0.18980141331811945	0.2764733363284594	0.8509182832106305	0.37056623431840563	-0.105976081883283	-0.4367238392898356	-0.2333460673787227	1.8526470246103384	-0.9172442936395395	-0.4829902333658827	-1.0439531185787398	-0.030021029897321028	0.4020920532828704	-0.3581634597172227	1.3787647691032379	0.9236950949134751	0.17533290553027153	0.40422496056040785	0.4740233233514136	-1.5562732498826346	-0.3941598158214318	-1.1225280705591365	-0.2773611564014601	-0.3658753194090856	1.784710205307417	-0.2071500471037128	0.5386907098341911	0.06787041152188307	0.764744595603417	2.1617912041137775	0.6192066692608864	0.0012726922532127847	0.28751292129899864	0.45947972590383546	0.9679702312333778	1.2352595266364421	0.8487139428364056	-0.38041037760056595	0.9436219995965074	-1.2106039951061778	-0.10143117765777701	-0.39981988878523145	-0.990843495316794	-0.2406756639159469	0.9115977401816759	-0.5784194679218777
DTXSID8042507	-7.170527559788609	-1.8723177176839705	-14.3014018399236	4.784113869339436	10.572068450628485	0.46222233666317575	1.469641875421068	5.292971664918206	3.866840873012709	-2.3995234407742343	-2.884333106064836	-4.624021658317429	-2.108936104223725	1.0592788530613944	-3.4913136976583328	-0.5701641191045522	1.0809675328941912	1.530394264464084	-0.6025658512008252	0.7150904197160686	1.8675347072408743	-0.00037526624261447237	-1.1862034792177223	-1.9190618784509883	0.04464529072717922	-0.0036377774330546776	0.040951956824109896	-0.3291994640962904	0.8788887258122613	-2.16968828282161	-1.510833659650694	2.497455789576621	-0.7412493824289551	1.1074914077964007	-0.38186778365724044	3.2913313554992722	-0.43503279296043645	2.0787801345824435	-0.140176758463174	0.41064127310053394	-1.9258768083509634	0.1928778303128713	-0.47840417488732334	0.9819460733248779	0.4981150571286698	0.44825686741620596	-0.7280713173232761	-0.8109229228794954	0.3377199019949853	2.3436904495351065	-0.7526111319500588	0.01213309363657337	-0.3255932304994337	1.7553024941610422	0.7996722664797751	0.04299915917697858	0.19750222498560144	-1.8210495400792048	-0.3450597336232988	-0.7595501170698652	-1.542515070138216	0.6803190407713848	0.8535357874521491	0.38428915285075427	0.12648027014915608	-0.9988306490211191	1.2708887907249011	0.22856995576132846	0.6631720119808459	-2.5122622855554724	0.46385309851187834	0.900336245812654	-2.161988899076523	0.26569982212550347	0.3908531206591314	-0.4161473995308302	-0.5157910359604403	0.07183006413533732	0.8786960450143574	0.8146201583158172	-1.2303909664683694	-0.7557058660962817	-0.5417051983196831	-0.22004725099667977	0.7816436744638153	0.05386239906923628	-0.1265643951830765	0.1263700613271266	0.019464288011691158	0.8921089811014424	0.4580029221509528	-0.7044639636806822	-0.37867286523004184	0.1679683307060578	0.5449959536748806	-0.02451568019958255	0.2497644409869012	-0.06597804326394352	-0.7213062311703679	-0.30605670526716783
DTXSID8042426	-3.07546927806494	18.909638256186547	-2.881848025513235	3.7195818148835103	-6.97374536472729	-2.355398020921378	3.176461395534756	-8.129764921496808	3.992263766199145	-6.5235551038329245	0.6496688992776305	-5.9830695865072725	4.464446101658069	-6.809267109218897	0.06098040587572814	-1.5014875565452561	-2.0236635425481326	0.7194029389776532	-3.214352532965513	-2.2542630257502765	-0.5873809349373186	1.76953590766803	1.5960706729487444	-0.10455862867904332	-1.0444008130921156	-0.6156027058398393	0.9386157548039639	-0.3761004799349247	-0.2635699170783027	-0.19583112239354233	1.9249821548275534	-0.050158681749191705	0.4180727555008118	0.10500941073551452	-0.7255503206374018	-0.5543937891609128	1.2816588690818087	0.18570920656438908	-1.3636198236972445	1.2975435499971626	-0.3683544184940492	0.8378337749147869	0.17383656865231592	0.5299106598457081	-0.24279849478473042	0.4449434436695215	-1.4430477702714959	-1.660978251647185	-2.320161326112535	-1.7729872414314078	-1.4252279638981054	-1.5572763921134993	0.9914191619659174	1.1251468160356208	-0.18075166811477586	-1.9391518827519776	0.5348149747140583	-2.089891262845439	-0.23589959786571446	-0.9878120213696128	0.9622202282619118	-0.5035079686986002	-0.9253164366886012	1.0329501549226234	-0.8554513554481351	0.3341260565091003	0.9889554986019984	-1.30931562407133	-1.212041998450954	-0.4953200476017826	-1.012485808469422	1.3111544594277835	0.7041381258817103	0.251152994586714	0.24893843533806267	1.7340261404798132	0.5098539081545128	2.486561528525295	0.8714739691212525	-0.3243592142370103	-0.6541366637092397	-1.4216912616425712	0.1769960436811632	-0.771593931903957	-0.37446285589124123	0.08739070089054275	0.3014899684571341	0.18261151778599377	0.6338867547619875	1.136003272153348	-1.1061963443740837	-0.25150878313467	-0.47259614134689176	-0.6090951831117495	-0.20072757881912046	-0.6707427215857489	-0.2631758075009057	-1.055195337150149	0.15991604698948592	0.5394223447074094
DTXSID8044593	3.34943304371256	-15.652495120133715	-5.1254478255552804	-6.03139263334042	-5.673767592026281	4.842494654487762	-3.8431272573873603	5.043440725383258	-4.2298102163887075	-1.3952921226926218	0.03717196287711793	2.558394448034756	0.05851604502845368	-3.553511897421829	-3.2291237649314466	0.04608291918533198	-1.0917071507200222	-1.3447913361918018	4.048299250293323	0.45885298472985336	-0.782959921061592	-1.9404672931892455	-0.24277133557855227	-1.17257446350705	3.2236690876971807	-2.088144619672537	-0.27574139702423467	-1.998584744973475	-1.0669050518680976	-0.3175067084660711	-2.5164081879361317	0.35149089532468736	2.2815343093290936	-0.10129037356574436	0.7753367273002908	-2.5163063590179036	-0.06444482353101064	-1.9573377145125221	-0.37154789569905755	0.7005133174906303	-1.865937600008697	-1.9150423751866672	-0.25141716609889403	1.2690938601548845	3.9792241591608613	0.8795270111792347	-1.2219967264373266	-0.6395400358600221	-0.2810600789457042	-2.5928237379908787	-1.554018689407156	-2.0980545605278644	-0.9658000025634303	-1.9591261575739196	-3.3584882106813616	-2.739918755148402	-0.3167393576450473	-0.6906101092170548	-1.5108285830933594	1.06773174828705	-0.20153977981710786	-0.5089679972945624	0.6746322569644747	-0.025027906075104408	1.3681086755660896	0.5612212338859945	-1.2546753072740895	-1.0958753993193067	-0.02854268908205592	2.4020527217941177	-0.613627774014923	-3.271831269752245	0.2515772125961347	0.37115278082238123	-1.4711648387246528	-2.18983668137598	0.41014723702466827	0.4348886928123546	1.6656788309947617	-0.3615104836023963	-1.7917457272247899	-2.108218809687166	0.703732551326612	-0.17849314517031958	-0.15464486296695862	2.5510688823780736	0.13259094896341636	-0.5226901041242134	-2.3697251084296136	1.691780706090038	0.24319083886514353	0.47199138991321127	-0.0912114266557586	-0.32263481707644215	-0.275990485035785	-0.8752051496465078	-0.17073489394161284	-0.1650494994141778	1.0173193306817474	-0.04833078676063048
DTXSID8044888	8.479849301632209	7.633577919498655	8.254663593239785	11.633947370601547	-3.201984743815941	-4.61236213915053	-7.355147224300699	5.770535898559379	1.191492172108202	-1.9677749297955858	-2.029043025634163	2.6353838881259617	0.22317618085055918	-1.2376073795718765	-1.6824096538690696	-3.161548147661746	-3.1193788682940715	-2.2049394013183257	-1.2344545086162986	-0.32067236742338906	-2.754512235070532	-1.3654167664820132	-1.8763265110369325	1.0036642721245244	2.199448255353161	-4.2514507848148675	0.5255437020276359	0.08613612266968526	-0.5280508467861373	0.6112130548658481	-0.1786676683834208	-0.6176459215753646	-0.17659835512985633	-0.29112263203579414	1.9275037311153773	-0.26747371900413025	0.9431567761560986	-0.81333164541813	0.4215727390040328	-0.6708284031486931	0.03550208405608936	-2.530653166476415	-0.8799321154652168	-1.2469215200663828	0.19211899281203138	-3.64382949439006	0.41165161856686067	1.8823775381110868	-0.6717949147907909	-1.194747483263082	0.9719728825190627	1.8617271549639431	-1.117972437556104	1.7649083018144003	0.10625896241083081	0.8615155154525577	1.3633461688240804	0.3339845750392354	1.1188934544582392	-1.7111338049913585	1.5212904585206704	1.806137550593393	1.1435587207808169	0.9947119348220139	-0.4617518009587966	0.3876454355342706	-1.2170169741128865	0.6435975242336058	-0.28049330806519146	-0.24863954599549343	-0.6335251602785226	0.5719476518147439	-0.2830442279697507	-0.6389671021898199	-0.6510195754373808	1.3140578364746487	0.19429394118334437	1.527967031502254	0.24013498011807047	0.43183815825756805	0.007313333770345471	0.9875087266004597	-0.46542084131450384	-0.1418065690862017	0.17839156921425925	-0.1688236584083	-0.22993331559443034	-0.9671594542566405	-1.6582771493428239	0.3181783487509863	0.3171575263970408	0.06640920505077612	0.37676473122823984	-1.2994038808073902	-0.10434431023103169	-0.7494500687293582	-0.732510877068858	-1.1298858567220187	-0.535210567274866	0.17579864822453267
DTXSID8045191	6.640961426196392	9.904373379754478	-5.850466514053851	-3.1881686111845107	-5.360882698375763	-2.422846815488436	0.6454143917784846	9.602107461198539	-6.222911650024154	5.314120544953646	-0.016408667894706415	-2.3002015604793735	3.2474368039409462	0.4326697124868878	0.8762347482994011	-1.2161269391764469	1.28193428637162	-5.704709240288995	-1.8772687747186119	2.291054461147955	-1.9097179556971193	-0.6866551780324511	-0.2565728895363507	0.3047044704860595	-2.663332047642683	-0.21748463471126042	-1.6916112464001245	1.432541309858811	-0.849208012116568	-0.5623047017882196	2.9113323760470244	0.5462322079219514	-1.4106973070325337	2.6183095770833846	-0.8949446522990075	-0.1503274366248688	1.041109433088238	-1.3654272458567305	3.7202810589988218	0.18636057694521896	-2.192421287483401	0.16826302077908759	1.2263783312794123	-0.4832345402624286	-2.164942492560435	1.3210958981109349	-2.3902297506451515	0.7366454402141476	0.7886412648404898	-1.0460236990892682	0.0013530072263481972	-1.641469267511556	-1.5280542434439521	2.1708548678098984	0.6400718703111412	1.4712152868516144	-1.220962993549243	-1.9957795429068643	0.9239134740193418	0.9349507696504555	-0.40923591803123816	0.9111476096248637	-0.8640779401581877	0.7481907215096093	1.02345177528943	-0.8954674923240061	-2.3289771160548276	-0.007940254315163063	-0.5226717577623956	-1.5798056898517232	0.706945876847979	-1.6090660970403707	0.331178825396156	-0.48840964043757146	0.3229849728489191	-2.171581564273156	0.0951878147175197	1.4991140623779207	-0.6062712141759291	0.6194040049285859	0.9995877583586792	-0.5196029003215198	0.9200156430764691	-2.256923126651616	0.9876526236377681	-0.4696570081546642	1.335365846408093	-0.571333320519482	0.5170219587455815	-0.5245581244690197	-0.46444080336500854	-0.09744121808204811	-1.6054111267815967	-0.07411205792720896	-0.5402566196266424	1.5316623145914272	-0.8136264520296793	-0.6287582485406908	-0.1282420133890106	-0.9004870793452422
DTXSID8047266	19.890904564900733	2.7319107054525933	-7.820753000714947	3.6926397844869956	-1.5987599395095962	-1.0489704842640883	2.184228384432309	2.476863454216219	2.660339680302882	-4.256827705923957	2.3496243316854124	0.5456028487799498	4.072995496075769	3.0576571812671545	0.7923287424855784	1.7730872855673336	-2.0245590612103164	2.9392970240953886	-0.6440449433734192	-0.8126046942215158	2.6594058600956805	1.2803900022224857	-1.4175426478493525	-1.0946828748504096	-2.232886269395977	-1.7058792850583915	3.8031044123395206	-0.08803296516505119	1.2674614658241734	2.8828717247000117	-0.6618590838750453	-0.7557367372812084	0.8453963733841973	1.1157456253745073	0.12222456111071246	0.053916438307480184	-0.6783910708930728	-0.29533843090489337	-0.30456275966220225	0.19142957475036135	0.7568836790085555	-0.7275655129306878	-0.8922184953621416	-0.37949874615799756	-1.5031859379811823	0.9231675042670388	1.8970242488895284	-2.081814746098319	-0.3112953097772409	-0.05907207291287883	-0.18291301650440087	-1.1099232790165658	-1.3233936884717599	-1.2070517503132676	0.6873596390730403	0.7941448977978371	-0.673567337686246	0.25190835601474226	-0.8986031048134323	0.03843034258744202	1.6789349760752748	-0.19786198946986072	-0.5560418450374385	-0.13901196165477803	0.7737064218164831	0.991808023011573	-1.7912469263458761	0.7482432867043858	-0.7643946797265373	0.1638018590088385	0.6469375368419096	0.9201102090815688	0.02952831028826687	0.3945049372272865	-0.22432322911257488	-1.5015995398047646	-0.6481564782225434	-0.3878263664103448	0.4815473089951675	-0.1387205299203659	0.2927741791748969	-0.7762806254354087	0.9337460532180782	1.3439618876375863	1.5153467738633362	0.3434057306350659	-0.8043211702292764	-0.12713738121528367	0.6492838977906372	0.8447128327028856	0.04737675617790952	2.036349472082711	0.1901802681446747	1.1940463349575738	-0.5743493171210035	-0.4799412958021174	-0.8361215625137961	-1.0638097814471101	0.05396788458723718	-0.5705269544385924
DTXSID8047268	13.317860527849174	3.2368691364973747	-6.749259126315936	3.5972976962848664	5.150197118153612	-1.5180606676542843	7.5636757643425625	10.735774713668182	-3.8988839860692774	4.2257974409388765	-1.3418463919263548	-0.539088782100546	1.9135394149631728	1.0203844946559788	1.3117318349414706	-0.2886496965554035	-2.101230399847033	-2.1354045205275236	-0.35016079877956324	0.4732584649783986	-1.0455948989866855	-2.452531880528633	2.632303528994238	-1.642879539008927	0.5411357255889571	-0.13746698260903684	-0.4757016339012894	-0.28315834467569395	-0.19623881989576233	-0.6509249300539361	0.9227611126909475	-0.9316495602095675	-1.178896962381293	-1.4881454297774575	0.7491556197674872	-0.8160064392936988	-0.6870146448673488	1.3628460049567672	3.337086561376019	1.6227488245428177	1.3944570076827274	-2.096998018116736	0.3280706203459779	-1.1149596999458746	0.772924363089299	1.9161657370524057	0.46528629357786055	0.7646734187078651	0.39433009970594524	0.04774431626718045	-0.5134184965364232	-1.6358416422067203	0.9627462754104674	-1.1359872351270859	-0.07984223084144008	-0.5954240906510613	-0.3833515882546811	-0.40813646150607863	1.2698604281487709	-0.19987872202980864	-1.0323616209410835	0.4318597680400192	1.1286804882339387	1.1792714393256742	0.8547857754107595	0.2089607683156047	0.20762259127412047	0.8218930341710181	0.004473318134338233	-0.8690446047593863	-0.6680788895128543	0.7803206289759214	0.7043036632436357	0.8232273314059141	0.5937143245318195	0.8938777398506051	0.34747664090451313	0.7368130628095032	-1.342697850992718	0.7662002377127365	-0.7046731231255368	0.7972022587881586	0.6721773567705147	0.22157082406285364	-0.7478624762667093	1.2400773257025195	-0.2304159539480107	0.1228266543396469	0.7758826267963193	0.27539507274318653	1.1559301477811372	-0.6129813256027662	1.557721432098662	-0.1877964044185971	-1.229276500096289	0.43445407024988986	0.27226335763016923	0.022049133977056996	-0.3403695065466769	0.43276475188180347
DTXSID8047347	18.78329114393683	-3.1757240707672842	-4.482701007883204	6.703950775448054	1.042482841957817	-3.3259343855292727	4.580603370869451	7.014753400827306	-0.4094878523873639	-2.6900587028418204	-0.34672430462654	3.8071566790020115	0.1721436509705399	1.8265637268424473	1.985733092346829	1.568795883348305	-0.8270765045780922	0.21793076162860064	0.20765727005759557	-1.2916509931684077	-0.29901921787567226	-1.2198326220298574	1.7769721189316598	-1.698452740909344	0.01516311000223807	-1.3233308456068027	0.18185784141598255	-0.7043227933084599	2.001547056532781	1.3405333725919242	0.24220727863733732	-2.9531950118340857	-0.5926314524803766	-1.0365009973476191	-0.9436430336274455	1.1190839827509544	-1.3761541359366882	-1.925175260998385	-1.204057239582254	0.9469432658643986	-2.2765928955540744	-0.6032290958669976	1.1798797733191841	-0.34742567441891686	-0.9128503319219163	1.9058611216262644	-0.31517888230388375	1.0141252463659887	1.335715291297959	1.0819950807531453	-0.6302789091045332	-1.4403098456317813	-0.23049771128557922	-0.1583668293559007	-0.09712075692740334	0.691706741613332	-0.6520965803363139	0.9532668891946054	1.4545927552803306	-0.19581371670574402	-0.3487758356150792	0.27050884087128524	-0.2913992890678127	-0.6031218329079197	1.157865826251826	0.5909225328009974	-0.10488038312235813	1.0176383097344848	-0.8893811735563751	0.2698921467800125	1.0745875750437226	0.5675787315837488	1.469301876860186	-0.2376512394288066	1.6020775728729884	1.2646600492509015	-2.0058727075223812	1.8369709530639478	0.5738922944944304	0.03125812336955195	0.09433982449566339	1.782615640124411	0.39099572659771353	0.07824709800272225	0.3760667519908569	0.5243006436549855	-1.0281039661107636	-0.9592654261087061	0.904562652445553	-0.6051286701179664	0.04595686620531695	-0.6889273146455244	1.1272796656785908	0.052552886334121945	-0.7521511603209311	1.1356542289139515	0.22724396312967876	-1.0822745981753878	0.1360347735814596	-0.36315737334563597
DTXSID8047553	9.767722403347891	9.213334072134739	2.7830388466492124	-9.329530514796723	-5.893729664425068	6.195709780612502	5.556111655865752	-13.113442033793216	16.398005473732262	4.665195399432265	7.77979490975385	-9.80930019753249	-2.958116285701686	4.724887946769056	0.2643247246285825	-0.01554546549773899	1.0941241620011737	-0.4993197205399292	1.6835595297899957	0.7523109570937767	1.0049265618280945	1.7088158934886277	-1.147034789568522	1.0292151489632224	1.9939671749962176	-1.9009184183614338	-2.5930484446591775	-0.2610090557238846	0.6007781105892753	-2.0385847750047343	-0.9173108499942209	-1.6064412542285789	1.9372597276870722	0.8889720111711473	-1.1244211739707142	0.5479873338900377	0.6759042460021043	0.9843876842824024	0.22031062703218998	-0.2743776653468258	-1.1247241575166818	-0.22735633192429808	0.8202287383203911	-0.057697736742550534	-0.7713989143563635	0.5875190866628228	-0.36856133887477727	0.6208021158861273	-1.0907671676823405	-0.27837027215692617	-0.8678395609417099	-0.32533737620975817	-0.18811710362358033	-1.0616896239377187	-0.6379688925035649	-0.8453064486266378	0.8087118796093222	0.5673884067560444	0.2992349445004929	-0.4039835576882459	-0.715839544209917	-0.952589451738656	0.32323947305197204	0.665441675976069	-0.17388568701722731	0.29220519190097266	0.16315668381958426	-0.3444451298847777	0.06036352741638027	0.2752457178425019	1.1360658255310523	0.28978747302807584	0.053379247452286636	0.8903042315058739	-0.16185974040351328	-0.3469754416339126	0.29616064785041984	0.8626510331147462	0.8591790921275327	-0.44949163435656936	-0.3496984869694373	-1.0688000931689388	-0.5127244213558064	-0.07743341960713548	-0.3923960118219529	-0.5317149606243139	-0.2053245239372615	-0.45481195337608116	-0.8583091546509253	-0.12186598365071191	0.029327994284982267	-0.6608709555290331	0.6819951494118461	-0.4237548784307224	-0.08345786139419548	1.3698813390039324	0.8057896328864261	0.04325039325611613	0.1077665877964599	-1.385349641029125
DTXSID9020112	-1.9224219087242074	-0.1454136082551313	-8.505816810645205	-5.8427913194832195	9.724218548708937	0.08559090539424606	9.22965380145656	12.604283119368914	0.6762789970789866	5.195987463419934	-3.385883725888188	-4.399672171098258	5.517608423330615	-0.2534101333277924	2.1983478575839275	-0.2882357906517315	3.5623283344103083	2.1970451448429236	-3.3749637317147703	5.274713923993106	-3.2742246167634064	1.3681342597633575	-0.22084963202271302	0.055202615921306326	1.9252937402656438	-0.27222768908183276	0.5758763391291708	-0.7619728811330155	0.9895592789329015	0.8022942579192758	-3.155058197711333	-1.6379556808084588	0.5251958347474593	-1.9765048035431716	0.943558262100479	0.7211801270382242	-0.5942420821799116	0.4750291841040811	-0.5865005518841168	-0.17147040798212326	-0.23802719871271744	0.9077270587748997	-1.1379451617149985	0.6982973189676897	-0.36370174679712997	-0.35801385821735265	-0.3545064971590594	0.354952719032106	-0.2590617101274756	1.1878725186087924	0.2634214397940115	0.9723922787190916	-1.933561791413095	0.8073726656831247	-1.1704069498584913	0.05049412396699923	0.19870012789992986	0.7902234540415964	0.38013977546974376	1.47404106140462	-0.2870935123198237	-0.3761708041208789	0.5861745758096617	0.20229448040156997	-0.4483412809484907	0.20416064520029809	-0.3976521376062038	-1.3094022462058388	-1.2373406804292608	0.4787565481844439	0.04802515584928876	0.42455574948572566	0.5921164723064096	0.44038613409705013	-1.4182066142571093	0.19028016590194338	0.03070358518019177	0.009175125134859378	0.6505809724365562	-0.3708600233335	0.1065481750621701	-0.48609501051163867	-0.44560274475926603	0.8829374008344777	-0.20202555168494912	-0.9309382229531666	-1.055727670447377	0.7140618872089048	-0.02524801954126009	-0.058446030811614945	-0.41238582251805933	0.12143534504594582	-0.23992559586520695	-0.1065453648290671	0.7688695706177069	-0.07220929696813665	0.12781216881549684	-0.22776308484445507	0.6257422517284329	-0.06853748938297939
DTXSID9020164	-9.662545339640035	7.534577257224498	6.802766437359306	-18.636427882975127	5.144951216802603	1.3741179526594631	5.182573244974619	-4.918325088462643	-1.871286057862958	1.825063027098544	-1.8668858737748248	3.6320164621470212	1.0134601068877183	-1.0037307716613122	-0.08158936607692514	1.937084979322987	-0.8329476090286935	2.106475906801901	1.2232132503830637	-1.3103098125269237	-0.9790777826627349	-0.7995758845208857	-0.7340609762527459	-1.598305695491065	-0.07364618115070833	-2.826763813262314	-1.8483996175717303	1.1699635991274846	2.4632323632378283	4.2144011621128055	-2.840297529698455	0.08669198159318352	-0.14460428828856886	0.2538473890041208	-0.8145463160735272	-0.6637949697822184	-0.0339745169437346	-1.2381013953623037	-0.6784631988187361	1.7872743864019487	1.2233812449529478	-0.8540092920522909	-0.04220815866722528	-0.8051262689514354	-0.8220741611119828	-0.46106922732135375	0.19467493375893527	0.3508542408311665	2.0761573201003705	1.651281266015404	0.9720412899259007	-0.4825156988807859	0.6312784798278613	0.8117008168403405	0.26755605022661894	-0.6717221097612207	1.0771724447009963	-0.13898008684172333	-1.4155326539346302	0.9539861399194461	-0.16650109084504883	2.1524973749980516	1.5996872704098828	0.16811610146698125	0.007929889680828396	1.1088688751170785	-0.7591762440273414	-0.31197698786058753	0.45117735006004084	-0.06900744306158738	-1.9727301287530268	-0.37731592562157906	0.6495639666511408	0.4153725191876992	-1.8117595321723992	-0.8789282082222406	0.6488868846832765	-0.27928726097844553	1.2812752187203258	1.1151971488033772	0.30691138341193425	0.6391949771461054	1.1806925504712837	-0.37614233210376347	0.45671565891242	-0.462637423118457	-0.21165543703985593	1.5892708568613618	0.5586447223602851	0.008718108004400735	-0.7800284933816376	0.6177559745450837	-0.26962986061726624	-0.40082420545721714	0.32998599510187493	-0.32200720160192686	0.6141110590602499	1.112501435558086	0.9165308700129755	-0.19584753602125501
DTXSID9020114	4.6594388519655965	-12.362958446847996	-7.0533791225489235	-8.575827990968278	3.3461594593821142	-0.028464771349032605	2.8099328136449384	9.240550054111704	1.1744776915353423	9.576243188068052	1.3919497455831356	-0.32262116287469694	2.573385042079689	-6.456833564257952	-1.5270765114511275	0.3549752497761083	1.4304588948538328	-1.5844964411242217	1.8413203334945705	-0.41281998556706995	0.03375858891450831	3.058247758782282	0.7356814071540858	1.5153286787813742	0.2988889790543657	-1.2510574258464038	1.40325471009317	-0.3787308625901475	1.65105410603979	-0.02324805411171217	1.3162166076683552	-0.759479972005969	-1.7288027729288045	0.744710821040673	-0.7186115943230279	-2.336411031484212	-2.0868721748195025	0.3212046010954561	0.2794450484620573	0.21046168106869148	1.2173812682708365	-0.31518746097444467	0.8608467510029251	0.491046293240631	-1.1496112115411328	1.2528421589175927	-0.3744269457659069	-1.8142260328249709	0.44814548715475055	-2.1944731527138406	2.3096846307331056	1.8485707246344818	-0.4778981426426886	1.9439155355310438	0.10210905726954995	0.682781114685283	0.3256927141483069	-0.5195313817599192	-1.0391279229462174	-2.3281581077206788	0.6915233278124885	-2.2872129628116538	0.23245809516736107	-0.5001422642017864	0.9502395300767287	0.5103383114186546	0.6569358657914582	0.9794829473231034	0.7161362000246804	-1.6487189853101725	-0.05127215372787674	0.729087748425763	0.5011981710847299	-0.13972585086059627	0.3047229510618097	-0.24364984559916306	-0.8535334894223255	-0.9677257408753619	0.7461658670346204	0.7413401006168406	1.673086793604214	1.118445458833842	0.26546462314057845	0.003815484980905861	0.6470502445654313	-0.05476372345921731	1.5944997706381585	-0.6910961389370012	0.7423184238073266	-1.291355209201949	0.3027329366198082	0.41443315239565187	-0.23025873406357428	0.8270976454653396	-0.8257888723931959	-1.0030647263978805	0.4397312500381818	0.46700816096297926	-0.36632770019679617	-0.8668748132018206
DTXSID9020087	-10.24533972129651	-15.312172012829222	-0.7955262873209306	4.6595371891176836	-0.4381329731151451	-4.132755646623509	-1.6467272532408759	-6.050682496914983	-1.5071911169449523	2.481081623768988	0.9959394045401767	0.2030906938404193	-2.6177299935272247	0.6640908671200457	-0.18340024203474498	-0.5016240372491506	-0.06809919515833855	0.9434587254249486	-0.3123822835439684	1.5328119674280936	-0.947765534956562	-3.1324897691731293	2.5746348041321383	-0.5663469116284167	-0.9830890152386287	-1.6062414208851798	-0.8044426251540214	-2.1582511070358747	-2.6204603252596717	1.4905330886991168	-0.8160327825575218	-1.5555820024994391	-3.0963045434459167	-0.7523295211122207	-0.3981264669288935	1.3800338439280964	-0.28062908779200163	1.900419595373719	0.9001753691817187	0.2986374737680082	-1.548119360058112	1.622216757069394	0.28267817114731547	-0.24312829295852673	1.2614486395481452	-0.6502702617126683	-0.8983193431560192	0.33937762080323813	-0.6921744747908506	-1.750752403862672	-0.5540160381732483	-1.0264532877151153	1.335628667500771	1.1150958263442154	0.3246922682783198	-0.1600211817262022	0.4841416003968927	-1.1545356550630452	-0.3816035895541825	1.3387338444589991	-0.3338651279739032	-1.4136000038399856	0.9112885611208298	-0.569716557864414	0.36279771160089935	0.2465661207098585	-0.09833791332084375	-0.054612876183095925	-0.24163453229074458	-1.2836439672341704	-0.6099089852278481	0.04338676208840707	0.26773013556929626	-1.002980676907518	-0.05524198914787996	1.721058930048806	0.0006368902703414034	-0.4683073581478049	0.12518347191317242	1.6755351971918697	-0.6747504041527375	-0.8005278655089532	-0.2818416342846087	0.029325335913210942	-0.293707838201327	-0.2218369031845962	-1.0684000411159587	-0.24312542986656566	0.48715105627730715	-0.45946521957246106	0.5509577891375811	-0.053694247579457205	0.707026497825181	0.7361819457209579	0.11978693930757994	0.3673342923802606	0.9146718132061046	-0.07484560665663204	-0.11520634407597197	1.42481041223734
DTXSID9020089	0.10399439948439954	-2.5335188664972614	-11.126484275140813	-12.945843385791957	11.55250509859734	-1.391746126344274	6.02987011960124	4.070675850754063	1.4895275417123028	3.051524438323538	-6.241390983659871	-2.524576960862728	3.8455085570181935	-0.6034758020400445	1.6396709838047894	-0.03871963650318271	3.7955231206410938	1.9988924936449863	-3.678737689142446	3.0955386831033493	-2.5463582467088957	2.6061402567833833	-1.153150379531045	-1.165498213197774	1.3028295587531944	0.05720572512265474	1.2518907457527524	-1.7295908150745303	-0.898066209052742	-0.5226146464180395	-0.8749897912699558	-1.7452943834735242	0.30165816865252737	-0.2423986942481866	0.9069650388019567	-0.16779372150715957	-1.8826973871176342	-0.9546022120840639	-0.619889641368747	0.5377426584178825	-1.3077403851580618	-0.5669991602039461	0.30664872138173505	-0.2636550509886714	-1.896147700941614	0.5210171842107959	-0.6538311719040435	0.4646368125889911	-0.8828392862914386	0.19194091314882783	0.40163418679973506	-0.37885406374729097	0.12541937627876704	-0.29227148061053154	0.547125996544259	-0.11913119625182397	0.8648737389591985	0.5421852552161599	-1.4401028830016354	0.29556705125406585	-0.42363622484896374	-0.661106789070534	-0.3954843639997326	1.7091701951739549	-0.7158208414699245	1.4574369893302928	0.963143421529656	0.7494065736272733	-0.3404214190745957	1.0163936602470656	0.6067283374190919	1.2199297020997746	-0.34799026131498967	-0.010820083629361122	-0.9292399526471242	0.8514643813228617	-1.2253512225207162	0.6274651133548028	-0.9334445591784428	-0.6193668847920263	-0.8851040255506951	-0.913962514173861	-0.4435879341896241	1.238038419739795	0.04595555458412793	-0.34140144821298846	-0.05006583322282599	-0.13639505525742057	1.5631860430990534	1.3647441341348916	-0.7605285542965298	-0.4642203673507946	-0.7872772531958885	1.804840512813853	-1.0799176538214323	0.8083209930688768	0.5932366985482113	1.4745501390564364	0.23352301271236467	-0.1792570512520049
DTXSID9020160	18.15586084633511	-5.730172061692535	2.2064857824062125	-1.5623673687430275	0.5072951150369724	6.065459900367691	-3.1496527687893625	-4.929321612916588	6.245904542778668	4.641140118024969	7.57107502524444	3.2215016561267573	1.6747054475550147	-0.5372752813420535	-1.5983983007699316	-1.3264230485693582	-1.6840305024343256	-1.699359366671364	0.4985762636045928	-2.692457529035808	-1.3285659428382823	-0.3901424277484138	1.426044778401336	1.2855452341001041	-1.8775609110376388	-0.6725259322724295	-1.9887093193557581	0.2940114625876825	-3.415247619588526	-3.5752123746022155	-1.1945646295730064	-1.3874312906792474	-0.6322904531343345	-1.291096896571612	1.322638311263046	2.0007642403493326	-0.12896350142630586	1.3987350243624141	-0.051703825675143686	1.085586520257217	-0.3347509071239017	0.8127815518377689	-2.521612525169588	-0.24697907233488955	-0.05028068638338834	1.2835507854301609	0.42626360780911504	0.9252297970145781	0.7871264691529005	-0.8701517338840252	1.9387120103150735	0.6744544648278261	-1.1943869509793348	1.2989648209709808	0.5278067783027939	0.11278280267917687	-0.5622285216647662	-0.07771178047292282	-0.05368846125925871	0.2635106049360969	-0.8549288421729246	2.237204026242434	-0.7451193359465264	-0.49586273874325365	1.0298363125062946	0.5708060362373426	-0.21233181461668044	-1.0262293669693558	0.4401286204907271	1.0632598854581976	-0.8445619903920168	0.45231005357806775	0.07828566806863337	2.1065212677476763	-1.071946482221726	-0.2636568087917988	0.3288929007105035	2.136636721509217	0.1694624409129009	1.6253862831380868	0.015168376050374284	0.0077328194551623385	-1.5541784583877791	0.8926535294493356	3.0900942051334717	0.944261607815456	0.7413385972467077	0.32872448981833147	0.6088239945659619	-1.4626118188022135	0.5116975776428706	0.4788636605096121	-0.16465420621647434	1.0990927645901714	-0.011971598569664557	0.5609497457611541	-0.48222246914523514	-0.25150786312072254	-1.5710780110206786	0.2551565077173294
DTXSID9020168	-15.79873587060921	0.9395251464584349	3.1888698907068846	-15.360005115309729	3.938245167905097	-0.7374375713551019	0.5684232867881419	-1.8081504344282782	1.111049147788904	1.3285109176864012	0.6919979385073962	6.017969565323146	-1.268184053470047	4.0232127670413345	1.3468153538177408	1.064018920887536	0.42027625070213953	1.5498924143362984	-0.11355683005474473	0.39420014459909	-2.534376690392075	0.1141415078121925	-0.7790398560140861	-3.392346321847226	-0.5453037193160628	-0.40793361276521917	0.6942617145768135	4.710603963425264	2.432961384403698	0.18928257178542493	0.09596098519412573	0.34596676597419224	0.05371352194674323	-0.016740721579853266	-0.9664290172033841	0.2902147593336117	0.19928055722361487	1.0244806449847388	1.1055576192471916	0.5987432601242918	-0.3209851423966352	1.4349817505093962	2.4320402352875776	-0.6448847870339781	0.37082883538187206	-0.6905374622068825	2.1672565546418627	-0.5507737899757719	1.9655276537433997	-1.2840712362795625	0.18180041583279635	0.47452199248566757	-0.306815668328278	-0.18052396034841275	-1.724372402728254	-0.5927160811751876	0.8728837905641128	-1.2889886223467377	-0.749723737582933	-0.9447071274898485	0.33942449332295155	-0.2622811356516437	-0.46600047927861626	0.6969480450456855	1.4291305372011296	0.48952645116644117	1.2836724339136716	0.12456599634145513	-1.5088507980006387	-0.14556149074054384	-0.09707117065336364	-0.028863509311050955	0.33347880203684066	0.633907853587285	-0.4235703343372471	0.3402205296649264	-0.018794275371118455	0.7519755026058685	0.9343211867897447	-0.4868961644321648	-0.23634476953431496	0.4915062117744081	0.7802041244572078	0.09989263544955293	-0.16384312176771937	-0.8493302712895383	-0.8747535094886644	-0.6959072382101098	0.9463243954835444	0.3489140227626158	-0.4021508917259911	0.26094596206680826	0.7241747215446055	-0.047123275400314996	0.3760151302396579	-0.11848108158073785	0.694681202777012	0.4233173690392176	-1.0588780192869156	0.7123427904632746
DTXSID9020249	0.4348704366325502	-1.309252560099389	-6.977858923319759	12.882673339173046	7.981284843861513	-3.2951141526947745	2.067338157796544	-1.4920255158225664	-5.045299231246867	0.5016058360769668	3.8769140909802466	-0.9772612176846583	-0.6315542847129019	3.6360315846451625	-3.4216101279582856	-0.9829655970421769	1.4912582022679115	0.25657519051961725	-1.3493564032641108	0.9085559223028884	0.3046110202278895	-1.5375288725959346	1.3564708672916446	1.3933016895328802	1.487980812898116	0.5361017699226245	0.7560229260026836	-1.6795708795089543	1.8932268275942756	1.7903391985600154	-1.7022948967244658	-1.7580052887384667	0.5154407766994993	2.4648766611363806	-1.769745978334957	0.5304406752870595	-1.138954463009112	0.46806146766742274	-1.3277699361537412	-1.7531038627652404	-0.016915750524869582	-0.8574546676694857	0.9081404616876791	-3.047928713245738	0.31878315015945075	-0.5967251983025307	-0.6546448629198	-3.305167007131712	-0.39298443487552065	3.910842935532579	1.451015839526335	-0.6975817670398957	-0.24828714022079645	-0.316643900174277	-0.5245419989933584	-1.0156171881573346	1.7349262957774179	0.08979383552972273	1.1466432405833062	-1.3805411872721276	0.2228132535139885	-1.0559492087231919	-0.033940602150226956	1.0606992374265067	0.05650967563836166	-0.6692237420978207	2.4842780281822208	-0.8601136397637847	0.7282306854684513	1.8305838400160488	-1.613189067103475	2.426578297224537	1.2128204501094144	1.0684427718704335	1.1185512157871353	0.2190900996197678	1.3591370409187018	0.24020126220138435	0.6240406152679647	0.20450430249126367	0.9693592022249462	-0.02598238762887187	-0.7391685973043512	-0.8319910163224216	0.4801341557443361	1.6980514132717341	0.8837005084509765	-2.647037037574102	0.32678525527694124	2.8971887772969485	-0.5427661282789158	-0.37286752940237416	0.5963997184533357	0.5226685791248549	2.0301600129413786	-1.6480505593501265	-0.40968134255910704	2.024744852257209	-0.9545479771516816	0.26116435410804906
DTXSID9020247	1.7905732858055763	-6.984996265441051	-13.324305745108678	8.578455197755208	3.8413251662624464	-6.59062344469228	2.753043725621306	-2.551859012131606	-0.8521299742604129	-4.717129561878965	-0.5402281903083677	1.3040552010507431	-1.5346446087124441	4.698716367298042	-2.84052595014208	-0.17061073728373577	2.9059016127225057	0.034552469184035435	-2.581606955253557	0.8638633177384238	0.22306653063049037	-1.7159451844762081	0.24905267220473293	1.21649778743994	-1.2950020569711431	0.8918114850459395	0.3190760364611837	0.2636798041783057	1.3576688543462985	0.8662586434694663	-1.4892088639603727	0.20125447532705903	-0.0009267407902445685	2.897231023726578	0.002692429533071047	-0.7127277694012324	1.2236731826264657	-0.4332729067198852	-0.3532507753081463	0.7678523815082218	-3.4783100093266386	0.21430792870181214	-1.649049421789825	0.2403814248864816	0.7136251187173729	-1.1455692496427425	0.6464333560796175	-0.13659940628906744	0.1353901451995097	2.5100922217853503	1.741063142802451	0.17045916961261404	1.2430207576299859	0.34911823623738425	0.5820867861407015	-0.008460763541146804	0.26503279864134455	-2.407992682440307	0.4637266257599014	-2.969354982486399	0.34889003030201904	-1.7757688551773176	1.9039039816141623	-2.480767063898387	-0.2004141240445943	-0.8374669358830543	0.9331534789542121	-0.2770992979221341	0.12930373207765697	0.7477026831608556	-0.4195617465592501	-0.621965877090429	-1.6148905623949088	-1.0063339801936595	-0.5463865612229851	-1.07770852098635	0.012950161997416068	0.27671512429302253	0.2792368378923063	0.1694947933194305	-1.0637683212407314	1.2878943130429206	1.8221836819579156	-0.6492817726528222	-1.8696361639342067	1.1162138885805346	0.19448007471504336	-1.503494009060677	-0.4892520777504891	-0.8391856941447892	0.1197055207583559	1.322803079319508	-0.6662725850995553	1.1001951431984596	0.7341289786412324	-0.8877103544830142	-0.6269810991576038	0.5071071836372978	-1.242983356820516	0.11946000347541112
DTXSID9020409	5.863075497526008	-21.723456570208114	-2.4378864875739255	-5.413327469355428	-3.368154813951895	3.6608471561307323	-1.0132709711331185	-1.6274778013776452	1.209118884310847	-11.24650314900143	-0.1776036082753984	-0.4458373584966557	1.6091005843266495	-2.5261343292570726	-2.544664138839408	0.9053100281165664	-1.0618224284306157	-2.7985255139511462	4.199699055397232	-0.7858089177627885	-4.1897210962156	-0.006982013391863832	0.5980718840492474	0.6532136978089426	1.2647715822396073	1.1218519835413685	-0.8950773123006661	-0.5787571944974237	0.4325223689192103	-1.7873763347956944	-0.19136455381372686	-0.2949413432379687	0.1731896729951661	0.1542519875755758	0.47961661560852376	0.45917206654474846	1.9602131250880164	-1.0457274779653412	-1.808125585146839	0.14903910672921475	-1.325440810018991	-0.06684076422096383	-0.007280803555746581	-0.9340903244378206	0.7871867685883879	-0.3393621115392918	1.592868068158051	-0.030109483992978706	0.25267441690241893	0.5879212836312405	0.7893909457072981	1.805098403000459	0.2013170884434109	0.5723472590136925	-0.16521184747106196	-1.1010744995270079	-0.3702013390710305	0.7623262875766134	0.4812082043988301	-0.4382432328983812	0.7016209929453652	2.07768456109123	1.3607382788114935	-0.8213741128185177	0.6383720521758983	0.10292215791798975	0.4751053218768454	-0.6716694023455221	-0.6127724238169616	-0.6131500399075062	-0.44438495089523705	1.2147835048014795	0.8800142959234691	0.21447531032420405	-0.7897490318667083	0.43893244546997817	0.028648205354951814	0.25788965465436775	-0.3244120335538238	0.43926424110484236	0.7276987008509026	-0.23768925775149927	0.6545609605965481	-0.31199546435427084	-0.08905314002444131	-0.8029048843698278	0.1907337227555512	0.20884729662728968	-0.31592420298552687	-0.4243241990293144	0.1742630931666858	0.23968159173352313	1.0590186970069144	-0.3098822891046619	-0.4893697996791955	0.3222891687416845	0.7714070877844035	0.2909390030454989	0.3609434457450498	0.14906456517231662
DTXSID9020407	6.252079505639961	4.613706919447977	-0.5515057916432136	-13.031282762130207	9.835840625522957	-8.87117295342405	-0.7404076644377191	2.604940044321033	-9.290260902371696	0.0379182786904326	2.436909400660045	-3.26136820040031	3.4230150831354864	-1.2360137285724062	5.519158870954907	-1.6489939590598253	0.990754497345749	0.23789529076570243	-3.727035198630304	0.9721744974164446	-0.6959219904730339	-0.8230383567439882	1.4128921612365581	1.5078238327941271	0.3489216592956633	0.2688292121493248	0.4812787905559494	0.37322628064159324	-0.13425638527876196	-2.927029328330551	0.1828477547723295	-1.3341233273181032	1.0646316138613687	0.08552385404686101	-0.8732478537233221	0.1276033682439903	0.8122531015357493	-0.7945409937684934	-0.010566838171753844	-1.2145012455722806	-1.0534052062023245	-0.774457013935275	-0.11598318012011537	1.2309999066824304	1.1755977895554788	0.21595943426699687	2.394769180300958	0.47607569418588397	-1.2487587285193957	0.29781960748812675	0.6892980474735587	0.002084044028792581	1.4009187916851338	0.9895298866651808	-0.03175949872352936	0.5499352788465168	-0.44783135428428467	-0.9850565145402457	0.417819041398263	-0.4412072987180206	2.0930783985306705	1.5276489042602899	-0.5572268462495762	1.036927663083919	-0.023883054810660685	-0.6223948626430279	0.1355179872111425	-0.5216117492105207	-1.0318625999266697	0.0017523684324666482	0.5435856310370624	0.3851247834144097	-0.8402880775909689	-1.1215469856662255	-1.4570427312607448	-0.231934431157621	-0.0577369364566417	-0.041335007597193024	-0.4150770980899463	-0.7935836539354387	1.8265667293021437	-1.294967872662231	-0.6946421851435863	0.1247475355032007	-0.3056490680505023	-0.6780585781753229	0.8067368508391672	-1.2473402673149423	-0.03168889904607178	0.314364674756507	0.5958678102010116	-1.0554464774492622	-1.3667258186228481	0.5823989110528174	0.5670331198148564	1.442784419701025	-0.614934618368142	-1.3229327881599158	-0.14465941730178006	0.8441916266139501
DTXSID9020453	9.047138547228169	-2.3574029760991655	14.643634750697217	-10.435188858401723	6.639825273951893	18.958573938449565	1.6310850347041137	-4.775990006502719	-1.6884284894814756	-1.2644198802202404	-2.7605911980531297	2.6800135391750164	-2.793646600078789	-0.3812046862632902	-1.7387087548818132	-3.410338283662356	0.7548721523557079	-2.718139503420714	-0.05989543681212437	2.3266444479546076	1.3013179804323345	0.9704757597027526	2.14110745377248	3.1760917812427274	-1.9632854525887218	-0.10226210605807379	1.291577195828192	-0.6030373845691973	1.0118436832431943	0.28898693182402146	-0.03889983662811524	0.17769376164937667	0.28388883242482943	0.27448685693718444	2.6331982196986488	0.805576650338077	-1.2621150273328032	-0.2393819149213435	1.7061636941901526	-1.167347432482944	-1.302976989290726	-0.4458068968253958	-0.7672672944553476	0.13299200289013763	-0.8012697976275249	0.11034985830239326	-1.001621808979381	1.3449434400010947	1.5377124733376533	1.3032581746880165	-2.422636395859415	0.33277244139312284	-0.8326168302410584	0.5671472489055135	-1.2066052290995057	0.08266084792662909	-0.22887586360992562	-1.355224101090555	0.27091016394463135	0.874905639779498	-0.966420231624335	0.03398917669977712	-0.7800455837362904	-0.6851793856948434	0.4654107868021075	0.05787842543970892	0.8603031049688623	-0.39236170027208056	-0.22099736141227558	-0.35583498629379307	-1.4042235320127907	-0.8030974883824114	-0.6553165545471666	0.35970790137957626	0.6240535400299345	-2.054793315448356	0.1899234381102909	0.7196493603224754	-0.18476559132786802	-1.0861390271591629	1.346281779540602	0.2671264778581754	-0.5330451410423548	0.31193445113404666	-0.5854259312996358	-0.021336498828325324	0.08916049997026512	-0.2797831704515242	0.7228079857193658	0.309018736436934	-0.8423020718946516	1.1862704886497812	0.1858827078491352	-0.2874462201405571	0.4770308762445411	-1.1308091660194215	1.8700919492446548	-0.866128677918655	0.41194871639574965	-0.7926127736007287
DTXSID9020582	0.09531006461179056	-14.418475595567248	0.8348326892215748	3.3386482266975417	5.456119017227872	0.6048170833534219	-3.5091167713019664	-0.24599725994389618	-6.2903206593374215	4.610736518281968	5.0874840443030775	-2.7746895548457067	7.644283763034304	0.2360702371247489	-0.41480314067423163	1.403236529181804	-1.9304113379336796	-0.6755025085008562	1.5428616734336282	-0.5251405130791176	-1.6238358532319808	-1.190824318884011	-0.0788125653320174	0.3783898953733072	-1.6574274262828101	-0.07466977360840654	0.3177394207751874	2.196214041306156	-0.9633973897223866	-1.8374695442431739	-1.9497651585861986	0.11296653960456705	-0.9663574895306596	0.9476313382259085	0.12788803754587694	1.1047118102826483	1.0754688050314187	0.15779952548969448	0.4002199282563262	0.40132914407753817	1.0383140167504326	-0.2868643758020252	0.6271331141193983	-0.6646731611097367	2.147171692301554	-1.3275309727802362	-1.5681817934169888	0.9017960908278979	1.2653103055132968	0.15687982600300004	0.8466063671006364	0.3811004812807714	-0.6851674942949695	-4.3817865518526045	0.014926089841492537	0.35651114400434003	0.18349348327322257	-1.070341988358611	-0.24113374751841035	1.1836344719591125	0.28501028475675927	-0.6314456819710635	-0.4927501490373466	0.026099919367953143	0.17379615935643053	1.5568928780169233	1.9810856542044646	-1.8106916279199892	0.11650554964218453	1.343031390600477	1.2893274618805974	1.6033500795475746	-3.3672403306699383	0.4537670572662997	1.4421094084682025	-0.3918325112678484	-1.407233450341155	1.2535700709460857	-0.3278634865741971	0.08258970120812102	1.0335410476659772	-1.2799592693187491	0.08564969824734317	-0.48560678143037306	-1.1811722645482399	-1.8823765814225895	0.13148049050191876	0.1348842910559035	-0.8332628150027315	-0.9428076021486286	-1.4961130627482073	-0.34101655988871	-0.7645477597645747	0.4320435596536672	0.09214555521405092	0.5309775597669912	0.48667926646416076	0.7836196555041736	0.5389409975657544	-0.1732620381673908
DTXSID9020663	-17.846858706742502	8.504268372311063	1.7266451241486318	1.91269028564876	-7.666714459592081	1.0264768158681647	12.205301165941993	-3.0392632433799838	-0.5773882730246059	-1.1171381880234201	0.09539463917216699	2.6856576022270096	0.8393123783602449	-2.8249816563990757	-0.08479329177863844	2.0993971141369085	-0.8214924934440921	0.5975036368628197	0.6024280505319433	1.1612289902718154	-0.9278160732081363	2.2851663882289976	1.139538451658611	1.509496944498038	-0.1644824549251434	-0.6773440642483955	0.9901460015415553	-0.22583304046975475	-1.2252463802394342	-0.5830821985500988	1.8974931988761425	-0.2695579835182968	0.9369707859845039	-0.36344170370972007	-0.6257180171891802	0.9141485126606446	0.32628832068788377	-0.17635404278868713	0.12719126615986553	-0.3167801454029396	-0.9538750623851736	-0.17006714017935357	-0.008698340299330051	1.9279559832804578	-0.06974246594550645	0.17472727973192909	-0.048777087309333875	-0.36605375791822115	1.4964225416816421	0.25957613562016296	0.5185909425317872	1.0227843820576132	-0.3827087453081222	-0.24699063711304262	0.24819150496621192	-0.06667246043659988	-1.0600893525544288	0.08288122429641301	-0.6453661268254397	-0.27277852421353155	0.5558118907131151	-0.3061347034404046	0.6290393217962501	0.20382576968013127	0.21393158152067757	-0.25322731240464247	0.47088300311010234	1.6936499866266617	0.11506498631596772	0.277141035169562	-0.5147058242299458	-0.38462008624279875	-0.5499342983097976	-0.9156205284036482	-0.03113236449067969	-0.6732626535244497	-0.2963280939939844	-0.8270819623983787	0.33585872090636687	0.2682748533856291	0.17646592687776602	0.262230449645259	-0.08896721179019365	-1.2891380105198877	0.5529588084049549	0.16848113053985614	-0.23146623113975187	-0.0339361924237972	-0.9059340422142346	-0.16831722357242285	-0.250310632619179	0.6186249233357123	0.3712547885978741	0.5262785828441697	-0.8570649303035077	0.6272629253473576	0.39692142772628713	-0.051062723236715825	-0.3110225636051805	0.49378804715166186
DTXSID9020617	-7.772559369729313	-7.511899223846977	-3.470983402760253	7.825976303299584	-4.60806342957728	-5.517274524770753	7.524314348575109	-9.789461022896319	-6.483299686502349	6.736734860091103	-3.6252446139059082	-1.7849087480925312	-0.712556730585123	1.3666634012658092	3.787379438201726	-1.411695938802108	0.9865585652441583	2.315126602584069	2.579420619400329	0.3414148497436898	-1.2946785025958714	-0.6341876695861066	1.3411403515078628	3.3812446926858626	-1.724064827631996	-1.1384464360751019	-0.7055079832110064	-0.9407602161798854	-1.5182602225870034	0.5157763237808566	0.3016613636172407	-0.2904667786171017	-2.5689339390611856	-0.37756616855638897	0.46782750407359985	-0.9030680492575767	0.27352140866269253	1.5190446891829592	-0.061106116723893586	-2.0175127614805914	-1.2128470456496274	0.8119689106354405	-0.8226026165961554	0.14190936871114415	-0.44599132592072416	0.02976286906621368	-0.10272008466171349	-0.8074703535816229	-0.4760691359839618	-0.20780003843561734	0.034655151192744364	-2.431558187081589	0.3298989188844711	-0.6824427090234372	0.5220112684558227	-0.09818677063606025	0.10033777383448929	-0.777220336017748	-0.33163336371952273	-0.6656955184808881	0.34337571800509303	-0.23291841845673927	-0.14318920540760155	-0.5017094894764887	-1.0161043099868643	0.5290109188577404	-0.07181344705422742	0.9899165806209376	0.5406643999888686	-1.2830602777569349	-0.47921844455386003	-1.2879073204488842	0.005926107206121148	-0.2963761244803663	-0.5168427653446163	-0.5952662575293995	0.37053949648123985	0.3802805175986457	-0.28052011004022265	0.3806137538964657	-0.5781589980826601	0.8883338183410336	-0.7853591996692757	-0.8554150422375908	0.23060451326301806	-0.8925499649372038	-2.2867613050416415	-1.1399979952471273	-1.1147892310628205	-1.2796281360729063	0.1599176053271363	0.03989582323052302	-0.25082366619084107	0.14612752171183188	0.08037551959380607	-0.40886076243364644	0.24966750399510604	0.9866241055160323	-0.7349516146944074	0.4795972096880643
DTXSID9020740	12.959616709192368	1.0738638852060431	-8.521278006345192	8.58631639390519	4.834960062809561	-4.508160702675354	4.940358077489998	-2.0902191032262447	1.2569101774032625	0.26318201384953044	-0.21699884972781508	1.914240113675802	1.6410112198905045	-1.5985277448992279	-1.6834925927454143	1.1994541292510086	-4.214237846937209	1.1146684444273385	-0.8952254102971622	-4.72185676550381	-2.662683058762619	0.7434671858625364	2.4271197171274395	0.2745656537015453	-2.6210078633479945	-0.0061366129724179305	1.3803261043060784	1.228596740438564	0.97244320074326	-0.9125994704723466	-2.2271599312404575	0.46635598724494837	0.1407692877370894	-1.8210854415423867	0.28180605499387923	-0.6888649562911554	-1.3822543623879846	-0.5451430973141266	0.2272983624202808	0.6063838599372268	0.9432520261793401	-0.48021481190542503	1.718735153766966	-1.7363135512324663	1.6616683211583694	-2.064986034634238	-0.25570936308830244	0.19450906713154767	-0.36591256791030496	-0.6351204939775031	1.5154481673154692	1.4837571666169935	1.2213140218892466	-0.34030319856206054	-0.27769677853950264	0.20270967255471928	0.33639727617678744	0.7597443295971121	-2.389282867134956	1.0138154550184528	-0.2254091918290798	-2.164758571186967	-0.3408251510194595	0.6912135653976295	0.6644958181325495	1.1045545835961454	1.4259966323013942	-1.1296822940439515	0.06771741986220496	0.39131002157633044	0.5976941855765284	-0.07254347294392989	-2.6639887849729846	2.4935695501277615	1.5791164631267711	0.6812761342550498	-0.7830072036106223	-1.6372308873689623	0.024360079910553497	-0.08142796826454997	-1.0027040678931862	0.10810924398694546	0.5192452107217591	-1.5655107047008099	-0.3281140766886024	-0.5901991396417431	0.3633177454604623	0.3032963639943088	-0.4903791981083371	-1.2643831614862138	-1.6136007709716098	-0.8064159493733476	-0.42617770571649843	-0.15216198178455578	0.11794686387830582	-0.7094580295588188	-1.291202764819782	0.08570565246134743	-0.3608358799483256	-0.09193476526775173
DTXSID9020827	7.258032741529485	-11.890905105142101	-6.234321302337155	-12.700373189908081	-0.14491986295345788	-1.8959391299513957	0.7524443553628486	-7.946648369492883	1.4156225278623107	5.858842570402947	0.6146477375076238	4.319324602572701	1.6135394603955995	-3.8938060836651616	-1.4961125447371393	-0.5349831252511839	2.3988761524704167	-2.644138253731115	1.3320352922517906	-1.3371133615236288	-1.4368105754786593	1.1758178159543022	1.9936442448067129	-0.6614831829704625	1.2354430300516477	0.9096643198349206	-2.1166404667211918	1.0627651080475315	-3.903247641172344	-0.3151242677774472	0.016177323496195283	-1.809338054437132	-0.40143918245955346	-0.9194205044222996	0.3792595399853047	2.4301907091188473	-1.72375227235339	-0.7675330792906212	-1.4254225947900792	0.9668364428227442	0.6373377507673003	1.682782213370329	0.01281953695049918	-1.2854779081972303	0.5369421239953949	-0.8071658346342744	-2.68637930157253	-0.14976698036381852	1.380853176987198	-1.2019737019908052	-0.4205749004057926	0.04284581570177599	-0.9476563886129206	1.7348544827903642	0.5310340360307975	0.8155368666212723	-0.4526284994889614	-1.6786433283584623	-0.465984385089679	0.6493903072488337	-1.0068941927851895	-0.7732441403576953	-1.7925623896520082	1.1136015780732536	-0.2977218757084803	0.3862401201737195	0.10065629335925151	0.1259488663008239	-0.177657432223683	0.3190929994416632	-0.6113833500152385	-1.5952581375286758	0.510044963326588	0.28032089700025536	-0.6491470793452875	0.9536450078674872	-0.7848660317794255	-0.9525578055139889	-0.0683413158836102	0.5712483229175819	0.8684695499454276	-0.7964580330036545	0.8780246792548307	2.3240178102842552	1.1435924982256307	-0.7002017544373491	-2.2902212623330636	-0.29868688893887996	1.294963752551036	0.5300151870153341	-1.5621455786457754	-1.2287583337639085	-0.4448328443388161	0.1046603472210055	-0.4068095017636162	0.950314167950886	-0.6674122337566066	0.4267481509018487	0.7161905855577905	-0.8405539736840759
DTXSID9020790	6.821604587740108	15.147990731763654	5.083450998243919	-2.028800539591864	5.222168462298754	-14.343547487004209	-1.8914317105479042	-1.9301760179891487	-4.800691254131984	-5.338841771517317	0.23794929803794454	-3.1779169644344982	-5.647034432378148	-2.0273453555852217	1.219777284852606	-0.32653383493481697	-1.1498706443260176	0.8111898675285641	0.2311686325286791	-2.234098028873028	-2.2329152387811937	0.1658686283404443	0.33615691035166173	0.20634115661256897	1.403781164370998	-0.4119299282911327	2.14742295791675	-1.2732912031840402	-0.608253929252861	2.3384816448227004	1.3023449471025907	1.305163573726742	-0.4609352616618462	0.038625563598428274	-0.3655578093979778	1.1400769709493608	0.12156763687870695	0.5925201452666714	1.6125910238822319	0.9214492427937403	0.5659402570475399	-0.9916416563011708	-0.6733953588694679	1.038436624362971	-2.2885972212157197	0.3509629967839532	-0.9489819750848127	-1.1849798771828899	0.5636137414142691	-0.32187377637764375	0.8129824451530423	0.635750299496811	-2.0014951889630743	-1.9551124448936723	-0.2348371516785341	-0.31593450605078927	0.25500446093348483	1.0914486270731694	0.20898267658838363	-1.0210053848501535	-0.23999290393073702	-0.44754043022410855	-0.7359344018177041	-1.501274023920471	0.2009863687191454	-0.5316151255988892	0.26545948790278234	-0.20175340444007597	0.05639809472221904	0.37770994046102485	-1.0634706362377382	0.13103742336527444	0.14573254580355316	0.52134067226503	-0.8038118735398581	-1.4490680895037122	-0.05412676621951063	0.4446900500035326	1.2682275887401624	0.9644824512848066	-0.3771390192861068	0.6129803842900842	-2.094582934670175	0.45633642155908966	0.9743321907062383	0.0862824056981671	0.16033374883184942	0.6822409293696061	-0.29738374210528395	-0.4501523335047068	0.4885388914177035	-0.7694956893594784	0.6542404186092855	0.4252894222359476	0.9069032952340073	0.38350653213561847	-0.026049630757147776	-0.2719248450685417	0.18583832548269613	-0.4004410121006863
DTXSID9020877	-7.513574243428759	-19.755494523450274	-5.89573505436282	-5.232621290162969	-5.831708915798584	0.942189208735337	-3.0049712222331095	-1.0388001054311506	1.5515323933780505	-8.479643785907266	-1.0273720781407205	-2.1798339087439444	-0.7066639363447104	0.7058906543453989	-0.6017442529463063	0.5637560560957654	-2.864305886261481	0.20823050766158463	-0.08025313417529581	1.411656218335915	-1.823731765088855	-3.1273437997938025	-1.170367540940918	0.05110810840076258	1.97191964573758	1.4945077717032702	-0.5076040892485663	-0.28757215451762996	-0.5010256241850968	-0.039602079797192005	-0.8857080867524376	0.527762761472971	-0.24083239605926304	-0.3690014870875038	-0.646125750632044	-0.8712325088168116	0.13709692216055677	-1.3765962775548017	1.35705249006021	0.5272489316580159	-1.4032410061246332	1.3033150446864719	-0.5413858348164539	0.6475858873146677	-0.5127526993843559	0.7376428275357254	0.8859837214523201	0.706883965053569	0.7157579082002283	-0.09241611611232566	0.6543232415921942	-0.6328698814719719	0.7032033390784027	1.5978019822199232	-0.35209064573908755	-0.9342223953713424	-0.5669247386085872	1.1444276430361424	0.5540934470449332	-1.1538037768338336	-0.6996778654408926	-0.5887811241001224	-0.7769026033390245	-0.5282126469178648	0.1799341760590287	-0.16252799865957018	-0.5224325539331963	-1.2144407270748907	-1.3768123309486957	-0.42751550952511924	1.5115049946046328	-0.10016771495185207	-0.08979471219206579	-0.3394292453780514	-0.6823180087833155	0.9036822680814417	-0.5560112861598487	0.026402702484471297	-0.2523533749725975	-0.0014788013354960674	0.1409782148666528	0.27531091894165743	0.6247082190631276	-0.8080412473868284	-0.36864106476076774	-1.166215766508091	0.9504504583428675	0.09125902718851434	-0.1262578550416608	0.35224570141494915	0.9243116056650049	0.6487165871536484	-0.2576580121249153	-0.1923995682473225	1.299777263548565	-0.7235168798784634	-0.17158218007597845	0.031230022981041335	-0.26159208014648444	0.5612573494905935
DTXSID9021390	-14.42136157675167	1.3673869535317602	-0.4020021279679487	-15.401028715698914	8.01195675090432	2.56370097050059	-2.2684342751194793	-5.163634065988567	2.2595768562016976	1.9713221314420135	-1.5296515240783577	6.1492483252426124	0.4456461696417446	1.16085406250415	1.399343851276171	-0.6341754642380236	-0.8865570092532796	1.7698490441076706	-1.0480954113796193	1.089752258356418	-3.961692206888393	-0.6621442016709626	-0.743791985591813	-3.3777264820603152	-0.31157111977923774	0.2754566045820201	0.9514763552770491	2.7911504346504588	2.325980189688985	1.0325248921635306	-0.05934015784968558	0.11314907578725929	0.3899498096755958	0.08237612274070387	-0.7277721879074276	-0.4022557753366415	1.5888647729955276	0.13833162803157192	0.37310165980345594	-0.706353676629629	0.08355504128085985	-0.026056874543606667	0.49871811010993017	-0.9348367628963627	0.09601374350032561	-1.385089891178024	2.143524968305627	-0.2523953573948901	1.1969831939977302	-2.090103246728461	-0.07705579508144245	-0.6194185404355063	-0.0013139359015387688	0.5615594468502818	-0.9094467116050187	-1.072330790142016	-0.1596574457365078	-0.6343605593905005	-0.10534052733580544	-0.10289571740381674	-0.10782360994500483	0.45871718296722475	0.2310801696927381	0.7620394782341421	1.012723305602818	-0.7836694323181698	0.8211036334842821	1.5267903230335675	-1.838581229009821	0.11244770790783484	-0.5764715504967294	0.6663680176395482	0.6674237160394759	-0.15358465815749842	0.5742862110471273	-0.06940731626491112	0.5497012220779852	1.3665504304533438	-0.6056719642784726	0.831475756410269	0.23836496294070866	-0.07311621186002096	0.8330901035337662	-0.48773877748634614	-0.7525206746240154	-0.08717081221283289	-0.8593275839844918	-0.4217028315248227	0.30440111053938296	-0.8583619798862033	-0.08005192724769776	0.1873996917187735	0.589941061444634	-0.4018137561828125	0.04561323956446355	-0.20010045032824247	-0.6232530235252455	0.15923120999876794	-0.6783413364267507	0.8884094082783488
DTXSID9021348	-16.580360302881033	3.2894570196187454	-7.256432828910479	-5.789282297047854	5.341132072139658	6.350633552810996	2.5249587261451043	10.122396205738518	5.025337989819278	-2.449277798664555	2.601365893536425	2.2975195977925083	-3.238611740103859	-0.777782701773045	4.31392894078602	-2.0674592104121197	2.890007978301575	-0.17933068007152464	-0.8262976900299317	-1.794843902814824	0.1734819815387622	-0.41651236173607303	-1.7854878040541151	0.4788655329000606	-2.071431143137236	-0.3806674772720123	-3.2611143050004383	-0.3476314081052154	-0.431791172796468	-0.3079248208117532	-0.767206820393801	1.8229278631655772	0.9737685937422432	-1.3701549442606513	-1.139069237589026	0.07696850644920805	1.3676481501692601	0.6838877503828721	-0.9927262967459325	-1.4881079798468184	-0.45970080339916236	-1.0779311289307714	-1.6511314177392296	0.25245817881129096	0.7529422055222005	0.624779096607114	0.14194412371954165	-1.8967904335032144	-0.061840746349069706	0.3373194763435805	-0.11181779935096235	-0.09871982742075829	-0.21858030494036948	0.8217280128923354	1.279577385809104	0.6385259306807523	-0.8259005411804482	0.2611342120483712	-0.18600112099522328	-0.2243195900223838	0.08543077264542893	-1.3544192025343356	0.2959987140594088	0.7408858895117617	0.3066725049110715	1.2020552464004484	-0.39984068234316217	-0.28093057251347703	0.42907393998295174	-0.4531579509454738	-1.5107125570853353	0.12991038705486527	0.6690558694297616	-0.8206010250626697	-0.24409454633359487	-0.5306011437186168	-0.8016249726228132	-0.1255900843508033	0.2685183402692347	-0.8741457686342667	-0.39290485351199084	0.5464440021682471	-1.1705642563029224	0.4933845668888794	0.0887148033910258	0.39067509611583323	-0.43974961913403776	0.7286746183957498	-1.3489539722256334	1.1499439476048317	0.368518445591876	-0.20224553493366346	0.46898896657989025	0.8000694571482234	0.04634004891378412	-0.7165982307233196	0.08385500548465408	-0.1701691220648114	0.9813178123216681	-0.6731830209668437
DTXSID9021392	-13.53401019429767	8.21800862637827	6.4772117633312	-4.502099559704414	-5.711067827732883	-1.031346092908748	15.5466226183965	2.122094543045017	-2.8366755622272324	0.16175005614820437	1.2149186713121929	1.2093084899793507	-0.560975794652483	0.2296605645781787	-0.919191109413463	7.099341889321529	-2.543493398686218	1.3135540369966066	0.8762989515217422	1.4516811779928533	-1.8646933718061345	2.2443387151433427	0.793247401031699	0.015525674044753527	0.32203251927284277	-1.9748285022695051	-0.9250684781591985	-0.4551464206253091	-0.7285766344405461	0.4209165296332791	0.23335834431058813	-0.6106303654699423	1.9209706554040933	-0.9876200199277818	1.110977881456614	0.36698698753409625	-0.3510215298263878	-0.14764113439468438	-1.1846770979631276	0.3002145073587305	0.10138237978145034	-0.552055441803356	-0.44566746925364376	0.5910127987848989	1.330279553095528	-0.8292665251132411	-0.41056200590293773	0.137564102451425	0.7207119880226349	0.00870609940763455	1.1066598936011767	0.4652133281935608	0.6710800094772564	0.6042232860355811	1.5800581738397428	0.7438181906836521	0.018544924351001787	0.5234136862849692	-0.5490734376784251	0.5681107813498525	-1.45779449248725	0.4967689427366621	-0.6409332268578072	-0.7204160784761217	0.26939740931953843	1.900044000078174	-0.5407844612845738	1.486624918448692	-0.18033339546501237	-1.8285995385904943	-0.6416253191328579	0.5882180729069727	0.7391975911241973	0.5600065874805957	0.05226007938444179	-1.272544113292018	0.38590194573458525	-0.9678821680434336	0.030957826816488867	0.7494052912248792	0.06912427107394926	0.34439241418327127	-0.8605769497770962	-1.3932489668423211	-0.7680560813238396	0.9810239422956889	0.2020226003298072	0.2329339163055129	0.7100635437645477	0.8075626476444192	0.5541529912449185	0.21940133984599533	0.926971924776809	-1.0595889786309938	1.3776286914659974	-0.03061003226614955	-0.6647379162459366	0.010703626685016017	0.3402879486340265	0.2152869915078163
DTXSID9021477	-11.483906091428246	9.963668013155836	-0.4027297108072058	-7.1034867964924455	-4.494974151869265	5.767886787803079	1.0857878287539169	-9.701088852213346	4.296442999812967	2.954369136036819	7.667202366344762	-1.4201076757500883	4.6911945811314855	2.8181965989986026	-4.182700606310915	-3.759447557896534	0.07038625745156486	-0.7851782896214629	1.0298433626740915	-1.2120624534310986	1.9078232391793146	-2.7284890172126475	0.22704746510262008	-2.654801264719653	1.356913672014369	-2.041101868186378	0.9425290314127581	-0.3479636045055883	-1.3996965642299082	1.8344120262869725	-0.8212525594788584	0.8321578362732692	0.6932204057615106	-1.2508393234629314	-1.1661196503300921	-0.22600977703786845	0.6317020349543148	-0.9812376084222855	-0.010166932772841907	0.09106366107555613	-0.7873131512683249	-2.170717340887288	0.9127552208969246	0.10550999624122302	0.7593533418378915	1.9917258542840037	0.7346314889040356	1.7591078415388641	0.751993235697379	0.6348848114076763	0.5837055482865068	2.098379391260229	-1.4050386294598913	1.390616034269734	-0.5268311111145301	-0.4566770746544303	-1.0615615797413556	-0.5760905188291681	1.2638306638570196	-1.1240320649383715	0.8109680052321366	-1.2982890840293537	0.6285579402667338	0.0646729288269362	0.20665524467121318	0.6879128097213805	1.3875537076053133	0.5656740423158271	1.1267354592508103	1.616843743300398	-0.4061518942832728	1.988726132566687	-0.6040624209106694	0.14171234777316685	0.5517180629343694	-0.7896897875777369	-1.3950406075040855	0.441266049636769	1.4853443370535746	-0.965495491213965	-0.22600296106653905	0.2566248014288943	0.38450874512116523	0.5898575719883747	-0.08637955598878555	-0.9228095841784532	-1.080320815282594	1.261928108172448	-0.7228023475287103	0.15794504699867398	0.11471150299717207	-0.16981989312888465	-0.5278584272083215	-0.45580724509270737	0.1289836775651667	-1.8042597831350984	-0.6472854185132215	-1.348502725500892	-0.5907052499988865	1.661407804755302
DTXSID9021639	-14.096998575419052	-2.268873002302161	9.603872664320388	6.436683991771893	-1.5432204494992763	-4.791603286443696	-7.900321596709802	-0.9247163648598051	7.078534156884411	-1.0375911814826726	-4.016029415671864	2.733796867512887	-0.8745909595442004	2.7342961257553626	4.039600463533267	1.2296165393891714	-1.4708723030911939	-3.6359602199931222	-2.2578785571779467	0.9520186221583613	3.0980007275135186	1.772568596092439	0.67494353734913	-1.1578215994076182	3.7959654543601733	0.9716412479917459	-0.0403192205538876	-1.631303852652629	1.498976704412454	0.7940274318329913	-2.4287780175500266	-1.5756531452889062	-1.3572687909944652	0.6274214462213703	0.4737927403121783	-0.46217997894746127	0.8471707295492114	-0.6828520934104749	0.6043524600102759	-0.6837164227515946	0.42918114161294635	0.5882362900950625	-1.408324450397545	-0.7482495300244973	1.6230652341192071	-1.0288207792099295	-1.9911061219505275	-1.9517153809657317	1.3335585391339642	-1.006368670373437	0.017908522461377547	0.2330556520010707	-1.5232724152394346	0.0029667764920358235	0.043101424561545205	0.8750804707485816	-0.8197553598511311	0.840088107693051	-0.9648579045359955	-0.5866059581477477	-1.5480577257832246	0.24534129860284054	-1.6512976469320533	-1.1170336728903543	-2.1747019911813563	-1.1258247432667972	-0.019004774422383595	0.09485736643677589	1.0942773889634083	-0.42026771602891677	0.22320677111501513	1.0351926394032143	0.43979496920528316	-0.1721874840731166	0.7938068857954844	-0.978903122584236	-0.4074605576134932	-0.2121760433567921	0.014761383880703244	0.17589229454304975	1.2031054585618008	1.3394766940627671	0.42477175731785055	0.2193251547213594	1.1086273474720587	0.33771816879093525	-0.7689527604923041	-0.9065888040852619	-0.5578113712963148	-0.37518412553236874	0.4786632822239499	-1.2107605665079164	1.0074809224206285	0.16068242146599301	0.06079310595413894	0.9341331098006115	-1.5368905205921366	0.019450202198805583	0.32220028080397106	1.2403127620112537
DTXSID9021689	-10.376409297258352	-8.965970419918133	14.657209319809432	-2.9697974263184492	-4.674016743818281	-7.539287557269942	-8.190172191595881	3.029046581023729	8.008747713377458	-0.715527165793936	-5.630036793976897	-0.9647180857523938	1.2538833540333296	2.2694645411853447	2.0484574153382775	0.43026627393170697	-0.7120105668438644	-1.898325121859624	-3.5413333533802	-1.180195398404422	1.4429794206365447	0.5709333843087961	5.018832482977982	1.1855123205218328	0.10843491881463412	1.0594603087332153	-1.5202019358884522	0.7944606216859313	0.2745049807179482	0.6218635971571984	-2.2980985242894425	0.31522378637194265	0.1360538487650963	0.8230824016760209	-1.0230078549839243	-0.5045468969382537	0.22647238071665174	-0.07100972089467324	0.5614885278005365	-0.6787430656882583	0.5912283098759892	0.5266452138275012	0.5984838532793476	-0.6705339524101885	-0.04473511614982986	0.07242441944552962	-0.2660943931133397	0.9549550071608459	-0.3841216478227024	-0.27441512235663007	0.6836243207246165	0.9541127995353286	0.9071351607101485	0.33970841792031764	-0.4678366937462512	0.7053090480407349	0.5894804362779126	0.14278029404981263	-1.3700649469528554	0.37901718684196495	-0.7843928545513902	0.3369316385920033	-1.1186804363836251	0.6127886570811422	0.6046168667244491	0.3890124579182273	0.3337606243204347	0.1966026451868081	0.40883082114747554	0.219947165936435	-0.4387640219258	0.7274090153596158	-0.15518616374190214	0.6823043587012552	-1.1302274241670085	-0.6227960395869494	-0.02686169213346578	0.060081620990234036	-0.5578898755828626	0.09488145323638648	-0.7877880797571156	-0.8909000883864642	0.5420685066863814	-0.181288802730551	-0.8260850178371772	-1.2299137094856212	0.22902276854252487	0.16286661422926896	-0.008480446300269881	-0.22033164223819393	0.15616375566057508	0.12017638124356646	-0.4268650667826011	1.2716844321284306	1.3588379742611958	-0.98632954630975	1.1083618727390339	0.3647711978685865	-0.37180401847572275	0.4613416736308283
DTXSID9021922	-20.75296319267961	0.14352056585051573	4.141909007828014	-1.0693547869457578	-5.386861293025724	-0.17956968604209742	5.211853369433111	2.731598768843038	1.0467592340129297	-0.2305865724237069	2.5408996019322454	3.8751001247501655	-1.2283206074712405	4.701575757281782	1.482319635286243	2.4758552065225023	-0.3577216643510103	0.4705183134907772	-1.6488467986544275	-0.20397182364720653	0.4321163852473309	0.4726113879194513	0.879311492495987	0.41590023268935455	-0.6789606145770604	-0.04501523597166709	1.567382041867646	2.6882049329849576	1.2242261388272089	-3.1913257321784974	1.4712361159146432	-0.41630612832561775	1.3325656505193237	-0.2859144823569862	-0.41982762387111355	0.7078672424602332	-0.4386095580281071	-0.5156288935701461	-0.09042964905841487	0.28076208656713003	-0.4815698664471521	0.14180386550584964	0.09020847350555421	-1.086938879709666	0.6058705662108603	-1.185237883913445	-0.13133659212733642	-0.1331555371685665	-0.3879466335926256	-0.44046729099086085	-1.330853200316937	0.7517433564066011	-0.02767654984816386	0.12264587653139165	0.21328413427593493	0.1694163252640898	0.9534967981699086	-0.11261463843546313	0.9949353858013044	0.18624575402812946	0.535663136262342	-0.3981997216571232	-0.38642127624718686	0.8159286589217986	-0.1661907354492504	0.27887919442311304	-0.2099977880465237	0.9205958597973255	1.1338037973669566	0.24429141159378615	0.575957222416217	-1.0018177763158584	0.8291614437514586	0.39712924226703566	0.1387839367047372	0.048395902828398375	-0.46868768219574697	-0.07932760133298858	-0.2599326860916479	0.8996225055359822	-0.06789825099047236	0.35625626555390905	-0.3050541843482471	0.26573035036231235	0.7488985244781937	0.06141787144428441	0.9823329808009553	-0.3793042638130927	-0.027546738861416994	-0.6515340345518075	-0.6391742822716396	-0.6252875764259445	-0.22160324933319342	0.8362732014928884	0.5742609358073952	-0.9649568001167743	0.7568110390491509	0.5659302318484359	-0.45418733779269266	-0.10717762480726957
DTXSID9021897	-16.764068334257423	-12.8437876145526	-6.392026460515626	-2.0696144737704527	-1.3204138435948118	3.7028543095633966	-0.1491611857288419	1.9440095176666845	3.6927457967511037	-2.6128663068245466	2.3249108899388067	-2.0714879529475243	-3.7092499205026037	2.0228904935304035	0.8159857802177242	-1.5032215969075435	-2.2485595047263818	1.9226710477385907	-2.46532746406968	1.008594793679852	2.347681661156886	-3.088608874283442	-1.9236978218788798	-0.6206575992152062	-0.3320190627282726	0.35256274026191997	1.5236537280691937	0.9414960150520015	0.11936173688403584	0.11741470750425352	0.3695507112585	0.13088336609859746	-0.6717289733643403	-1.3244880805348003	-0.29661969514579956	-0.7004591953896737	-0.803814465245542	-1.2596174398666082	0.46336109870076087	0.3142296679205677	0.12865166044232054	-0.9718736329018739	-1.2337788377534502	1.1268461108489345	-0.0228661002495415	0.09112471071655721	-0.4054966940600621	-0.13422942116905381	0.21484809412444902	0.19473903750797178	-0.8903440511889509	0.5252789507726543	-0.037135688447472164	-0.6302601239558302	-0.11032524521982172	1.1400793502727604	0.014368979093980341	2.9755404248351347	0.12825202263751165	-0.32222701567532064	0.5207821897841095	0.3802907844878418	0.2786791330786163	-0.6256943766226388	-0.21314868363231135	-0.15805594599822403	-2.055189703850914	-0.6013788723337397	-0.5262748451781619	-0.5117289515047561	0.1941713649031721	-1.0893646035233422	-0.47902627555182065	-0.6930692636985317	0.23769650266803197	0.6376737878627302	-1.219745389281291	-0.4998462725350329	0.8004415487860236	0.19558290131609726	-0.46592066533322546	1.40388561631482	-0.39533823857223804	-0.3752835148915919	-0.1572808385875357	0.05054316598177245	0.7847738258973596	-0.7830744881672065	0.9496118702101254	-0.6824565525727476	-1.3669136955269698	-0.7282424763869575	-0.6559588158912719	-0.7017116812239702	0.7339096635767451	-0.13097618760373342	0.06830468786189414	0.9606262806239494	-1.974993956289489	0.0120397734841897
DTXSID9021847	-0.2137427676341029	-19.063470126064196	-11.648728985833896	-7.109360846897657	-4.10637762820351	-3.564098756107228	0.6036012951724076	-4.0875291377044105	-0.4596250532274192	-5.512840790149976	1.5870707305758203	-2.094565284344245	-0.9807261003111791	0.3619507388676694	-2.663256048808668	0.2568287228862322	1.7192912407449539	0.7318108806323118	-0.3904995934734045	0.7432325833615109	1.804152364115288	2.6906206024776873	-1.0011254232818199	1.801963506935284	0.4588344710464027	0.6136809072591259	-0.7294383336311495	1.1446465499819096	-0.5877981694829038	2.3649385532373057	2.2121410540473248	1.7856376225708228	-0.7291647603080539	-1.3927799408225012	1.2698600819665145	-0.5071327737079226	1.2933211976202479	-0.07627381817471392	-1.2782197337767818	0.49505353897989596	1.4269747749439152	1.1423111481066224	-0.3884073017825873	-1.4236087837482745	0.8452652191044511	-0.712923529707023	0.22417313014144505	-0.2219091065950677	-0.3227346552273889	0.14742219288591804	-0.24920047152427946	-0.9153201398783173	0.33770580565989017	-0.0439834929914422	-0.458635192089221	0.2369294871902667	-0.1260268756091516	0.7323177803244019	-0.6239040240028922	1.2961297215489458	1.3285888772794858	0.1132334261138677	0.17306788070313364	0.7265532473564771	-1.0995963541106535	0.2327972265157972	-1.302006380988053	0.09706864992536375	-0.2524985465454447	0.4621659564829168	-0.13201447887003256	1.2535925077700028	0.8022636160060114	1.2585376918782651	-0.8950276802151989	0.039777102394253944	0.9100396669373924	0.2707744162890919	-0.29638637989064026	-0.15061916866506245	0.7294134906153705	-1.0140397477683907	0.4050695056990092	-0.732413997644534	0.7063153757555856	0.11716183939605497	-0.7093597453467376	-0.07584658080866313	0.35600478029638455	-0.730685658375867	-0.002133943338065004	-0.8492892498922705	-0.2668785693661142	-0.5463909600454353	0.14648255997697257	0.35442684314709494	-0.17169122009449872	0.9581436606892446	-0.14538340102609382	0.11925320754269934
DTXSID9022310	4.667143913931763	-9.553465399789843	-7.052831426493388	6.651316823841734	-8.88786455441689	-2.5387576121572604	8.009776272274765	-8.406250874154958	-5.533849823483669	-0.05498818119671567	-8.668735662037566	-1.2895944484878235	1.5753339744186579	1.2916821982534534	4.959687159663567	-1.2601839854147479	1.0775399699786976	-0.1225009084963416	4.83720756476853	-4.2449672899782165	-0.4315502454863891	0.5485641152194296	-1.5848237359199369	0.9050448103960645	-0.059682123132372186	1.501316009212067	0.2412432449595353	0.7699575380427143	1.3679778903853943	-0.6672426910130415	-0.20547756965096786	1.18070650378129	-0.09807226725231963	-1.4235396754182903	-0.8915337417859751	0.7958239477777735	-2.2549940723225417	1.2969547268365398	2.0445394258921947	-1.4878219058405298	-1.9319158775196956	-0.8225136186271007	-1.4070840268415832	-0.06398754354022963	0.21197015226405824	-1.2950807390000112	0.6688897550132302	0.39259814763006334	-0.4042606420448119	-0.15309758604168705	2.4952131093960164	-0.6450338596296793	-0.20392287138751983	0.9348956654169688	-0.6612163946213047	0.8596968923120077	-0.22144662663594217	-1.465438034595758	0.7842383834861409	-0.2722782269029109	0.20108201256394964	0.9785440730832695	0.8660620184687304	-0.6474196120259286	0.5597214810523663	-0.36943499193109613	-1.229324715772337	-0.8442901254229458	-0.7124190586441349	-0.05033347088128562	-0.5234872716223108	-0.7418896115124161	-0.3014446813710588	-0.4085914348975268	0.4305528778670227	0.41609816996448995	-0.15302977591608652	-0.2807298073929115	0.3175097613234185	-0.1318748646045356	1.5374398628435606	-0.9772267002783401	-0.7487982777675275	-0.19085107908857965	-1.3895883013918016	0.0076574638143771055	-2.6956447045327243	0.3778472089310525	-0.15286145385729763	1.2868075342114684	0.289563277505759	1.2216104401746632	0.5958713063909282	-0.10582326073145452	-0.06198154044663647	-0.4412129663467719	-0.4682758962455826	-0.12928304274844515	0.25482965665802015	-0.28983430572584473
DTXSID9022364	6.699152079664953	-3.370684947027523	17.963980219395374	8.447236582652739	4.78232696659399	17.369963210199714	2.9496345333072425	0.8441768007554302	-5.024286739784667	-1.7034601120980364	0.6948137194907551	0.7097729716200264	-1.3990566447494168	0.8722314261818813	-2.3798633020323354	-3.185831811329234	2.059989367140278	1.5216133223817923	-2.859859883348787	-1.3007298494061004	-0.048087063220204354	1.1274878943599433	-0.376727177087047	0.3320632889474418	1.1684852892417843	-0.05923701125991384	-0.5519016078339114	0.45754324199393176	0.12666623197850765	1.232519612386056	-0.05758950741367671	1.6767422037312938	-0.9136530867836344	-0.27549510633203	-0.02067400820004176	0.8120343224686095	-0.3572498077986718	-1.4929688624549096	-0.08236226732059636	0.01166249063355642	1.4414774913807893	0.7844791769817315	1.2980038885170075	-0.6743991186139411	0.14722125432625327	0.23762307632406254	0.5888162932616109	0.4547775645145092	-0.516962661318864	0.2456038035709111	-0.7705796099003768	0.24395497688123063	-0.7838579251926985	-0.007539932621900651	0.7821157812514838	-1.498205390306608	0.9616130502644907	-0.8357211939617489	0.21426353180189137	0.04324686327135211	0.3997545878226312	0.03237546953943092	-0.7832894667368926	-0.6429655471028676	-1.508346291387487	0.3109560867834455	-0.7831237481983385	-0.5001493725996834	-0.8094712943902662	-0.3658171025201963	0.7586085728370452	0.2686359338484515	-0.4231972186727742	0.9531794138301819	-0.1907970613495111	-0.38832947708774285	-0.331223950733999	-1.328560609525915	-1.080362668325833	-0.290477754299452	1.086535793986927	-0.7068250705746072	0.1744484502664602	1.4021678727853755	0.13137096571235513	-0.2632364198542662	0.7568099333708721	0.5117143298669273	1.047769364504117	-0.4341820708052221	1.2832285600406452	0.30890939152809715	-0.6409897788471187	0.044739516575834054	0.19995317255495143	1.050871848624506	0.389238551024728	-0.29981013677857393	0.8183672894296522	-0.0388614403800109
DTXSID9022366	4.734111611342547	-7.047670938538392	15.425754870452423	8.093342422009677	-1.1776465328361883	16.80576777452456	7.081793096217722	-2.008333446854898	-7.031392413170873	-0.09864210134597173	-0.9888185563725337	-0.22091461113895014	-0.6158208159243512	0.6226489470708975	0.5023832480572004	-4.455254604563367	-0.7332272574084058	1.1664129138076031	-1.5222900501606487	-1.6499514391818815	-2.1850873518427325	0.9803183248803454	0.004290336983168575	-0.024660521977301283	3.792862727795981	0.8337183631327248	-0.907013971167596	0.6271721746519744	1.2656697106263792	-0.3057422359844093	-1.731961361770513	0.8605820744217826	-1.2049733284064827	2.40581757870124	0.7895330136229278	2.4604839830444165	-1.1190786171625786	-2.714525673852358	-0.7077193800458216	-0.5542861800635486	0.8095497904791246	-1.3519941995056448	-0.18862750341131154	1.3656002922533097	-0.04628125828370022	-0.43780661494340906	0.21440498504652047	-0.9119384475799098	-0.5258439825407677	-0.3255005289180697	0.9844368517035427	0.13012166168904132	1.2087907207719137	-0.3791107496155529	0.7626820355057387	-2.010341621632777	0.9562770693800815	0.46893697857604233	-1.1677102013304599	0.2613136875981071	-0.05246710753558097	-0.5842989846134519	0.6221191580768749	1.9210653559612811	-0.25363334697743367	-1.1354468162952482	-0.6020995101449033	-0.012209653013796277	1.0224103810761198	0.5263923054102579	-0.15310622083053316	-0.16439661010056492	0.8381818041825904	0.4530848493236834	-0.5289877032118194	0.1900433253073752	-0.39869264036887364	-1.294543305143226	0.21717435799960788	0.14148821083808588	-0.19690203209628365	0.2586164030630159	-0.9539202888623622	0.5233685119036866	-0.6543595603046157	-0.24211362659649216	0.1032437903023883	-0.576060498857728	-0.6438897959980162	0.05710917619255005	-0.518956382991206	0.21108907931246287	-0.01708943808910724	-0.027827854229614625	-0.9046626392676749	1.2796663765945895	0.39198979659470196	0.026829622049775535	-0.3867906149094498	-0.3597140128242929
DTXSID9021976	-9.519809645610636	-10.542323410589526	-8.08628210348422	-0.7136427710509533	-3.2343754741873503	-6.1360761819862555	5.294093713826283	-4.06494279396474	-4.32587334495517	-1.4541895150026103	1.4963551601838394	1.4506226439959153	-1.3823995430095788	5.218380121154252	-4.081897428520776	-2.484992582350026	5.077686139826914	1.114941674106199	-2.050165155664649	1.515321351312502	-0.732046006866977	-1.201759205952618	-1.6042624708550473	1.341475204593031	-2.2115992738832033	-2.556492019122538	-1.3410629783724048	-1.240732349320059	-1.4138689463151548	-0.08703615126152965	0.1096260937831696	-0.7452141354566792	-2.436718170206927	2.1342038139820128	0.6842491822585991	-0.7396317183313359	0.7670878524884394	1.507317395736209	-0.970942062124112	-0.13354217808489335	-0.9027057349675877	-0.04805988691291618	0.16166460604080388	2.1265726438844026	-0.6349088489132948	-0.33624548582207653	1.344840009898234	-0.3605106158825977	0.008258483251997475	0.5695640118810532	1.0861682681942733	-0.8879558996524426	-0.5214965926405367	2.3133254453100607	-2.2872502895323104	-0.3436787476788232	0.41864061236536776	-0.39271598981786887	0.28102281661473766	-2.55703923463703	0.9544413653370124	0.9687160440007455	0.8721616557767997	0.5755096550784179	0.5298612674321203	-0.33764407549388026	1.6154928905977382	-0.8877923863727498	1.327758660132206	-0.38441525939546195	-0.3663619184836688	-0.24608293139490364	-0.0014322203095389204	0.14515017239136993	-0.19526029383217355	1.0499751607321084	-0.2795198616716144	1.049468176617328	-1.227688220511418	0.4140518404655279	-0.09686470735702861	-1.1670665970454526	0.7658055898361267	-0.29568900635311623	0.8025346382726831	-0.9300485348520724	-0.09778580276249914	-1.0577455018947886	2.1069212619866633	-1.0272982902088887	-0.19690079120511028	0.07526083701827262	-1.3721904956320812	-0.6860684585585244	0.07822838993134609	-0.9455652030897788	-0.578614480932424	-0.2056508414165046	-0.9142917602414887	-0.7845115450788757
DTXSID9022817	15.688616725396102	6.196197210803859	4.203278214066116	7.649589832907855	-7.203004320074031	7.504289978681413	14.742129132885514	-2.9624303924940345	-0.38739451772989303	0.22680716689601743	-4.2374160852007465	0.31363364225381213	-1.0953418583065362	-1.092192293802722	5.181561106975616	-0.14118339209446246	-2.777094721054135	-2.8371584636690357	-1.247643306500362	0.44212170587462274	-0.06340169976423467	-1.3558877240188287	-1.632576751508472	0.1846825400101842	1.5655533230058614	2.121262630607185	0.33756741450575706	2.043517048584489	3.015821026167786	0.036558634562436285	-0.5490429650688196	1.7334797311824512	2.0451976487392383	-0.6398301319441364	0.27414836680815363	-0.3928353934869071	0.34562008434599933	2.112550798451897	-0.5034782581038484	-0.9458528802813256	-0.2635737076249431	0.5450067693120132	-0.6794246036195217	1.172542012211314	0.1746148529919905	0.11589493389947868	-0.3605000320576309	0.28489422223634375	-0.5169214042030632	-0.76439833034412	0.9337723044086559	-1.6119501308092268	1.6501406721678409	-0.5389784794246529	-0.5898119403477339	-0.27220155272606084	1.6305173392798904	-0.2628201988695918	0.38648313038833004	-0.02105134994370518	-0.6478250084148731	0.8001632724804655	-0.335921495537244	1.7287587301592588	1.313774019120809	-0.9778696529625491	-0.22303275964930502	0.5041215573195822	0.4213944001961843	1.074252172323044	0.2717801274514145	1.1499814112661004	0.053758546349105166	-0.9997889848708357	0.1958708622985668	0.5825093339256168	0.2887629791345299	-2.059277583685768	-0.04343061603261484	0.08460148831526383	1.7758016309567697	0.9226402137724109	0.21932478663291816	-0.37244090766054067	0.9597938942135146	-0.2789595224752633	0.19044951080157055	-1.2061941728958214	1.5840386507930782	-0.01844678090096254	-0.08903202341728918	-1.440650224108915	-0.6959910462691474	-0.42867265777448854	0.29116598584056563	-0.4435413755053764	0.4295984932625978	-0.7219104747325696	0.5796050378598159	0.46847460326343515
DTXSID9023380	7.683791535144219	-3.9481972756896306	19.108009429886472	7.828420425518687	3.7975841961620773	17.129709140906993	3.0694020563985287	0.13173654401778614	-3.702787457058074	-2.246608055786724	0.3007130316539778	0.38277390465850003	-4.998419704860603	-0.08232915326877678	0.0649275597730428	-1.9812001330755422	-0.24781283073414545	2.4949662207969174	-2.6690295997388307	-0.9983071617758932	-0.6347629063737564	3.196889945372393	0.5951691065407305	1.034390903053839	2.679238013790558	0.658010403236386	-0.799097296264442	-1.0386351589407716	-0.05565741747294654	-0.1886756432008074	0.9806474003979185	2.0421664559684984	0.2562573250574065	0.46856352229133036	1.217563375807434	-0.7818297982431438	0.1815207743975152	-0.8374035283396136	-0.33324720727227164	0.09527316333281544	1.2983281447806032	-0.4465182763600692	-0.744784565599608	-0.12000409159823613	-0.5167652183932469	-0.16292751124338944	0.27894948941353725	0.0628325274025905	1.0109165899389583	0.7889725568044013	-0.7859003958597188	-0.6833273791253802	0.43541311092306956	1.3219911839096714	1.2481019029837963	-0.8646100942217395	0.6720388544160653	0.016523942174274133	0.25235765521909603	0.6423731233148178	-0.7442325036093338	1.344945935791027	0.3119323111023509	-0.8852043942582499	0.05225644284648432	0.312103621504955	-0.7694180602838239	0.7244537640659174	-0.4511718763276042	-0.4983713509717857	-0.42273125465047845	0.27522398588403174	0.239240431730666	1.918045612632314	-0.061796205843688314	-0.3621228464669444	-0.35522480165738257	-0.43996324685320026	0.1814209765388946	0.2501020877229423	0.05165572414299725	0.5139824075412128	-1.3360132637600068	0.024748922632915196	0.3653180506879514	-0.4038030119454867	-0.504618400788926	-0.5617854390848768	-0.3483127495529786	-0.4933763384888915	-0.24963191322872927	0.7560149546190208	-0.9757117668809582	0.48913330712645603	0.08398044490662032	-1.2697348991872408	1.0030391072055034	-1.4597533918003396	0.48334010090282803	-0.5522406235061824
DTXSID9023889	12.155877632714315	-5.310937839867922	-10.516866511100748	1.0060200629853757	-0.6941443276740857	-10.52097268999494	7.0150193762824715	-3.3394295513485277	-1.4143699845022057	-0.8241242420950542	0.7180415293921312	2.3694144593197453	0.3298577396929478	2.9585815386221332	0.2781968986455266	-0.4467960906096738	3.718533416035386	-3.5657773276483535	-3.61381222537561	-2.252860145492654	-0.0023165048074179043	0.000867245116437623	1.5923574713028688	-2.2392705778802764	-2.917316994487872	3.796345070303067	0.19868933822499002	-0.45051984431612624	2.363765086952436	0.6027912117949573	2.161342186052252	-0.43296472758710175	2.887359936838455	-0.2741525632031243	1.5117406752514206	0.03316999007364876	2.038175777987731	-0.8261882623956041	-0.27283778674905945	0.9775066953230377	0.6231906090786068	0.6929368528281515	0.8224344599018079	1.0023609913058582	-0.7108449800543951	-0.06309365315507524	-1.7317217559547975	0.9119118744096504	-0.6361984741379382	1.3205144227626686	-0.43679490500228824	-0.8678892464407885	1.2083201473337895	1.3448332743431928	0.3582942833343701	0.3376653483243443	1.3836576679180153	0.47831037912275054	0.3718739580145649	-1.6335315545355122	-0.9091817348481634	-0.5489634155689208	0.05904510090436535	0.11934761013298445	-0.6461277730996513	0.7171208191853723	-0.5106648058577281	0.0523984318434119	-0.8785449642937763	-1.9114815834316403	0.5714079653134054	-0.3604035235261994	-0.6382805041059194	0.19822658452050332	-1.4781972104653374	-1.2159290547321029	-1.1548119808782733	0.7199075601426772	1.3151885049899188	-0.7106299477057701	-0.4177467331153487	0.6832931224196617	0.2912570182171857	1.3511171537096913	0.4167617002285159	0.004637467827779193	-0.08110468959272248	-0.3339812857013368	-0.8074549154694106	-0.3869915909157565	0.7680478018305882	-1.213095547599979	-0.8050645672369036	-0.22765019423482077	-0.3192117414766225	-0.07315967064348806	1.116268180857675	0.357068790478855	-0.124148089152185	-0.0136950211127946
DTXSID9024063	-13.396157825961135	-13.043338081093484	-4.262897958929662	6.340632635756986	-3.8923687043164827	-0.004840763838666569	-2.3279039286235816	-3.2263753420516137	-1.3970095553935877	3.196853013942661	1.8080678912713282	-2.787142764696711	-1.936030626819953	-0.06840986713518045	3.787403851229554	-1.356604759503101	-3.9568383270378336	1.9428770438688545	0.11558342015634632	2.777462845405667	0.9963187859393617	-2.723025836668327	-0.937510087949416	0.8615930695161071	1.406271768858274	2.7725276553839073	1.4101623253998306	2.431810697267181	-0.31884367302533373	0.33234488681934893	-0.45894450183071617	-0.4596416685966041	1.516359447043522	-1.1954304464750898	1.083052888354987	0.8093734993859427	0.9855227747580317	-1.6922176130481024	0.4327114456746093	-0.09225186721496598	-0.6593074066307312	-0.01934536986021715	0.42852121140804	-0.46196281444055565	-1.2194113120402335	-0.018421724294919662	-0.07840473861815604	0.4443973971635486	-0.3754813151375734	0.17182301631298813	-0.6081954579389581	1.0456296313272735	-0.41415269437953006	-0.07394464927904677	0.47426869439978053	0.5518110164462142	-0.3975265525267183	0.08059325208238069	-0.2583166605572502	-1.3999161298145781	-0.32565335293245057	-0.42259482400991755	0.05389972449739637	-1.0418578184998317	-0.6288950251214508	-0.7618321452857457	1.4766623327651596	0.7454846513304472	-0.49877394118871443	0.7077580010504395	-0.0406839679138947	0.04537072087520279	0.3065064057434387	0.20232656565704815	-0.1848154171338872	0.8012264669754234	-0.8224022513237282	-1.3168358676499377	-0.5012016163541884	-0.9580937787943206	-0.8183528348499347	0.48435766675335035	0.37009518270472197	-0.07242178535240117	0.17045412091721063	0.5253385513041582	0.9118906252035937	-0.4413898288268031	-0.45895072951334337	-0.36152496760484804	0.2587866831902322	-0.05377601920111554	-0.17382021639270162	0.10204985838728639	-1.1567860536622268	-0.3647746209529281	-0.40631877473624156	0.5060935287942061	-0.14397652210363127	0.5943334861125427
DTXSID9024065	-2.445872738722487	9.145386132417478	-7.995676764909717	-1.6071690721780854	-16.326483360367195	9.202707435568398	-12.533780497531009	1.5217852461273893	-2.8077985538945534	0.11118669057213457	-2.956090417489726	-1.1945944227804852	-3.0218274290112737	-0.28696422190160287	-0.6746265107287456	4.301029728710908	4.38617328239874	1.8374026795455722	-0.6939699698907134	-0.103914584252347	-0.5195495344894803	0.8057276152036489	2.1915328151481974	0.1734091403253855	0.7598718397068274	1.4305499971143165	-0.15663328409980926	0.1866540711922395	1.6318120749061737	0.1477707094177476	0.5859803349285098	-2.715477447604046	-0.17636963884212944	-1.1262749907376899	0.6248503350756323	0.7090439192560285	-0.44594562543627086	0.8034497073915533	0.5125112748227016	0.2766769714053507	-0.9498974199697954	0.9274982999350704	1.0991904644575705	0.5942357951807066	0.7150244401590895	0.09981340655590339	0.34216576494019485	-0.45727920004545036	0.5678534464406293	0.15988385081992323	0.11838096190678676	0.060541755349297684	0.7015329942487543	0.0382114749233733	0.12328650724732639	-0.223549514729275	0.7356010088056745	0.05552339221801608	-0.8924420667756982	0.3502867589421595	0.29262084269035665	0.19194471042125885	0.48739330807996667	-0.43779160309733534	0.2172098962993698	0.6299722352672439	0.025221531894155665	1.112694459029197	0.3211800846668775	-0.6605712445888668	1.105709701646366	-0.38161878393106446	1.0816921370069463	-1.3804739481682182	-0.23125029085947443	-0.24859923201882053	-0.9664067344334931	-0.20575277426649266	-0.18639332280703785	0.1459058562737285	-0.3704157339467649	-0.5662644153330891	0.020658874263359803	-0.3160829150899653	0.5605594786330743	0.4938500488405206	-0.5988835660124564	0.8849040387730998	0.06527989730280317	0.9543050551845411	-0.8953962381900713	0.7020932474218932	-0.5215025924679539	0.5540909806431885	-0.7574839067334725	-0.3494984542313222	-0.44692327037366203	0.6386196923630794	0.9898640737960885	0.5580071181437514
DTXSID9023914	1.3613101836618147	14.33311073807933	2.1696994186963092	-2.885780321727964	8.48134363369826	-8.913823561009316	-2.1890050100577465	-3.6099228580812883	-7.393070260819737	-2.929539243289552	2.815968531086153	-4.8061465200387845	2.7361312973305054	-2.723342102225234	0.572079099934678	-0.8705139153269718	-1.4769704523941367	0.7362979162639366	-0.06127982472861474	-1.905563668698612	-0.41721455603121754	-2.8471120288969756	0.908019443527954	1.234208241971802	0.07369331965724134	1.9360722055872568	2.894180530913964	-0.9101325095290859	-0.7226720624821378	-1.0479256397519263	-1.1745789488686007	-0.053107403095043706	-3.3421896899147745	0.5628732751917249	-2.652751217036958	-1.1561552577110457	0.6624394699633201	-1.3635027307246266	1.5440705916026687	-1.1619417881587062	0.28316468583213844	-0.1542511191141333	0.6929491065371198	2.1352926047137797	1.1001137953394238	-0.0847167318473495	-2.864538888737215	0.3562842942673019	1.2034148286227395	-0.29633907780196683	-0.7859005602108742	0.8536303169882467	-0.33193255663937454	0.2775728129649823	1.7958507805501673	-0.10378542559755613	0.6144524845365289	1.231586494863123	-0.516114432844896	1.571321619250589	0.1604148389694977	1.5281462842322489	-0.7782329365688787	-1.709161333077553	0.5932270967282716	0.11744183811049463	-0.39202009914503816	-0.14565349677799685	-0.446098927943468	0.11798559062442251	0.023776002136949904	0.27484765050221416	0.9693257755171497	-0.21989653442228005	0.012735282091675761	0.4312735249067465	-1.3660848118314526	0.09315692056690036	-0.44645385218278155	0.4949650817034468	-0.2699790258463758	-0.28040731520984563	-0.3260514791924766	1.127902758455103	-0.81129845770093	0.9942521374026441	0.6290075347243391	0.5554995247483264	-1.1428132827558475	0.10843565416239051	0.06279576021753298	0.6249480878205906	0.9893153094766804	0.7419881431989394	-0.1483520130499279	-0.5819493913757698	-1.6989605130409595	1.5703150012899756	0.8619520760861631	0.4940213236951486
DTXSID9024489	-11.494448396706197	-8.61004343098984	-8.389543542900762	3.3031150141943955	-3.7384191682756365	2.3129386490959662	7.372998866871661	4.689276925673024	-0.6727424876207473	7.557361178471102	-0.40226813804545025	-2.664241101140821	-5.21277742423652	-2.5764555355504606	2.3948534084786743	-3.3519895731848317	-1.294543933595155	0.8697622473373144	1.893565326248354	-2.393121908123052	3.5849513859569617	0.6336293403414387	0.23693026219793026	-1.659076383179983	-2.9332050827891756	-0.8709466821486607	-0.007312604658212546	-0.4776651483550946	-1.0307948659712893	-1.5830268616849956	1.5785069450808513	1.0029207895659629	-0.1771657079170605	-0.7744540802362876	-1.807098363915827	-1.202342502493832	1.061600907879094	-0.6065468862113281	-0.6444566159613557	0.056009697648287456	0.7286577069938915	-1.4273171366003827	-1.4848897370731808	-0.36044930334266434	-0.9958092441952842	-0.6485713468392259	-0.868534513577894	0.17167235347051862	1.1798497847283755	0.15728210843190277	-1.4989499105278035	1.4522230158193126	0.9571744361539927	-0.3446143308239791	1.717672782956079	-0.35700634888327054	-0.9759241716785584	0.4274948451249654	-0.42822823375122276	0.3039531462244478	0.8509243403039765	0.5930939479960422	0.5312284226911564	-1.1118417599390296	-0.006171520760421121	-0.40339690867331524	0.681589531593465	0.779262283785729	-0.7402688450020994	-0.6570598124544181	0.8421565792094687	1.430392490372658	-1.2641876787930637	0.33698487585679376	-2.294636625226296	0.5267022504385699	1.7046723533503558	-0.4073769853063821	1.333327190041543	0.317569005051785	0.8813950351388726	0.5153545807244297	0.6392640435608813	-0.7026621000761963	0.6126706920545211	0.16366310547645818	0.15184826979658111	0.11095072010836649	-0.3629733616147717	0.1105016743425438	0.413409138561681	0.1852226305626727	0.48836719265069334	-0.38646551876251617	-0.11775158743527211	0.258096173438218	0.2966533895283347	0.9451361090913415	0.016047193633511904	-0.12173658717894616
DTXSID9024691	-16.604571580061624	-6.971299063463234	5.975302591848937	0.48020910197453026	-1.5681771001493985	-0.5050940054679358	2.967047378388323	-1.26218357385018	-2.9215547462779528	0.7273095550703648	0.5941894614418931	0.9558639421166483	0.3804106595605829	5.422288040231587	-0.9016021716796037	-1.574954228405438	-1.0905514748611986	-0.5747793466554313	-0.7102812247809968	-0.5876584329213349	-0.7720779259310194	-2.6852735598533775	0.6271515752759557	0.7667052670958749	-2.152977487620421	-3.072828366755501	1.0479198453650884	-0.9453915371239657	-3.2192554308771695	-0.23195068243211767	-0.13759989169549403	-1.588108436669404	-1.7284161970261394	1.5133234664567214	2.3117196620684823	-2.621192851051394	-1.7718436800366684	0.9993440367150448	-2.679372226715172	-1.3075161692409076	2.0805104646219794	-3.4382304115055042	0.48564567275220577	0.6278798465727972	-1.479601584571149	0.736306435910894	-0.6075416596277315	-1.6275794865095363	0.46912577664482286	-1.7840268015840492	2.088252763192221	-0.06230114581465366	-0.400178770889137	0.9762725534207957	0.6536384836348088	-0.3068338529169467	0.7199100862710326	-0.9554894693095213	0.7135533992026367	-0.7118663822542325	1.3446034212405822	-0.007714548539285371	0.5050733263045457	0.14131004964414873	0.04433610000365552	-1.1635502464529464	0.44587379694552465	-0.7799121453143953	0.06620489475069351	-0.4236211973229637	0.7819604503666536	-0.8138396362874611	0.0019666189803189266	-0.23920996102415729	0.26461690647344777	-0.24097988318449365	0.47963768891388153	-0.11786165778440841	0.6712175239922865	0.12657535529165195	-0.16069090114200069	0.4362781515147421	-0.42266103727087334	0.8691093101255267	0.5264753614655249	-2.3513117143821254	1.095810382447321	-0.08574066893462323	0.20921447774846932	1.4399511491261145	0.39610547171527155	0.4210080949977949	0.06288014983800605	1.1522346473616705	1.657540703297312	0.8524107720232426	1.731139312815821	0.6864064464223361	0.1710500124956072	0.6519171161258657
DTXSID9024930	-8.608241719806362	-9.653457231202253	-8.751276840191645	-0.9769076803110357	0.20786644035441457	3.9170480785827966	3.1328761089421753	10.002941679198054	3.5394095977309092	8.691397590611704	1.641787322002218	-3.7952457668542534	-7.750664472192524	-6.037632495524292	0.9817827104323404	-3.043475116336299	-1.3302487830775647	0.2748889088384879	-1.1017860187755009	-3.2723414802145783	1.8049071705264428	1.8927025165349307	0.41531307400625905	-1.940811832282619	-2.98104207976807	-0.09798857806112468	2.4152755335650182	-1.6087661003761888	0.3200808708515518	-0.430759457169794	-0.18441182503769765	0.18659218342291523	2.3102497036852303	0.2406886413538767	-0.8868832695217331	-0.6601881569755086	1.052032625032365	0.3930027345691544	0.5148594618580461	-0.25130802530791313	0.25621570161297524	-1.1633589350456903	-1.6739507630197932	0.9100729893511541	0.2138368518332648	-0.8162375111126048	0.24957724028647177	-0.8348215187572026	-0.18446095675265076	0.9914533046680513	0.8451993333973795	2.3016310446700077	1.505333290184474	-1.5564115779228267	1.0586995853739931	-0.5893973490625861	-1.1212365531292834	-1.3859237269468618	1.6355327245976468	0.6880478160224858	0.8589252099268014	-1.4190155869284404	-0.0862548031963794	-0.1440103206323904	-0.201803589538915	1.2532807666011423	-0.16130058107438972	1.6504919970203475	0.8499663703549137	0.13693841047615038	0.5003211070220503	0.4156266670783301	0.4772429029892996	0.9563862542670646	0.4703541415045238	-0.2879908805343411	-0.7903674548928745	1.178668333962899	0.4715615743787261	0.12197659334344739	1.5652837459025128	0.37726631682817735	1.095210874762611	0.1316129444405991	0.2567022859292745	0.9429950024502933	-0.5939553372753605	-0.3961795712040551	-0.032288740860368134	-1.1605557540059919	-0.717062123483231	-0.6219549709334407	-0.6722747701905375	0.062332424417276905	-0.26894047891458056	-0.6951409498347652	0.26836692000740037	-0.6778209024285884	-0.2440959446623317	-0.6995233264081855
DTXSID9025291	-12.609673990965037	-1.5036251735994781	9.04349023030902	11.077713091847667	0.47879285988321224	-3.7893619485313836	-6.422593646062275	-2.0931925912254608	3.2504507988822744	2.8400238234651893	-0.7867640473025626	3.683945455652622	0.40650428563977414	-1.214392604620704	5.00786371010778	2.7108382671556024	-2.6950792330792632	-3.3350134654472896	-0.9098827393802793	0.6035387460209082	2.818335620918926	1.3087659256945654	0.6642737156069713	-1.3789345931354275	1.8461962051628364	-2.1370727543471855	0.5211539343147981	-1.483149108904692	-0.41082550737146245	0.6166968842003573	-0.5890471903683049	-0.43140106885288654	-2.5922580521723333	0.8013503314522087	1.3636336567531266	0.1838151908767864	0.025475120472457428	-0.201088082490397	-0.11130439694614068	0.4353529462183003	1.4564961397873797	-0.4976759989113844	0.39225609838625086	1.3505683798236086	1.3401686077502057	-0.49640016886452554	0.29609989777042317	2.207132513889676	-2.518239773525358	0.4200512279443656	-0.7260287660942393	1.2896906335888074	0.3412440049784267	0.8211670803430615	0.8818364053494513	0.5312897153938347	0.523724710128879	-1.1313101364185545	-0.29336913789778585	1.1992631284858537	0.696238813528479	-0.017331057616297538	-1.6559719779793318	2.4242084130641377	0.5864236254140504	0.10709714446346391	0.0745016971426228	-0.5625389563091103	0.5335440055095414	0.4431064842073588	-0.8427886527988468	-0.055293436030144034	-0.26736771618603095	1.1415419145266932	-0.8232501926199927	1.1775720440475805	-0.09397121002321708	-0.34178293678327193	0.11575050600601164	-1.7373965395517998	1.6123373723371077	0.986090484807386	0.3080809317643954	-0.048972880867330676	-1.1349657811521046	0.3330580866039368	-0.26001604423633656	0.9789382515522169	-0.6635070055901632	0.25094534685558006	-0.2958284218039257	0.02645511018668615	1.4242131601357153	0.9827417865379654	-0.5163058958973599	-0.29746280380098006	-0.21742419611893146	-0.19792334319062058	1.031886081496478	0.7638620712974487
DTXSID9025293	-12.062126567084317	6.616550503002911	3.5140958355025793	11.78254256988366	-1.0387371068475195	-8.228332202070394	-0.20222482414154336	-4.341425874753825	2.972314527180522	0.8000301383925952	-0.35269484602218204	0.21577834443181101	1.7738562637710478	-4.9051794343558655	-0.7482284090428748	-0.7099659451063847	-1.546146870538666	-1.4060126714481007	-1.8514844392234193	1.803329401229512	-1.3446273545864786	1.372446324940764	0.6217701584988731	1.9081620481428485	2.2102824058623547	-2.5326924056444726	2.9178277896521836	1.2044766461926213	-1.879393872736257	-0.476520947049178	0.3585677520085751	-0.47879248800244806	0.5290664507691506	2.286367227639964	2.331589135709769	-0.5210530336891912	1.031499164051781	0.2360601285893452	1.3628081207651934	-0.5506459849027322	-0.6788430730105445	-0.2926936960673247	-0.9093714466194744	1.1140003459641525	0.9797419796379015	0.1074720550086652	1.1830467962316171	-0.2815049388790603	0.7180707806537763	-0.049617357333845494	-0.18292501526202695	-1.9331603875640797	0.4379992603462861	0.16683032270749334	-0.21229059815036758	1.4534924848221569	0.030774438377234772	-0.6156642094817347	-0.4861501095692169	0.5287281460917806	0.6657220853638477	0.6033952405678354	0.13009727152905046	-0.8547283323540691	-0.329585776406329	-0.44229379108943123	0.19676694649160825	-0.13205047621514077	-0.09263352955376176	0.5304524004473686	-0.04471938416212846	-0.1629597715650985	-0.7952147502538823	0.38761622022139053	0.1118700302110969	0.8068791735136647	-0.016929932012993545	-0.5664990285295789	1.0119138082342205	-1.044192402401048	-0.1415749685081236	0.8231923074085804	1.551734726706573	1.1110717383073985	-0.5558560688956442	0.3174405663342461	-1.4804940190111344	-0.4145458655075967	-0.07786544243534858	0.27026980421508395	0.6761458916564251	-0.3466242570695246	0.12296403612844636	-0.44718721812725665	-0.3867742528057368	1.2237655266839227	0.9422026734473329	-0.19295290155204559	0.7952225551163732	-1.4179883529184125
DTXSID9025451	-2.876357518799124	-7.870548480533084	12.67039389563029	9.391386255749353	8.737962982232851	4.494291178665493	-9.889546474142048	-4.517636211768814	-1.0379076455352534	2.6897679677481645	2.474637335837901	-4.566948343915431	3.0541878243273723	1.2929651688783603	1.687824731049962	5.260524214307621	3.2044211003159906	0.48469896348123465	1.2476259138900418	0.17422042164094945	-0.3135034306323456	1.818091394173956	-0.31392505427920236	-4.913865391824578	-4.435723324344625	-0.580774027502833	-2.453245726146501	-1.4879796930467253	-0.03662454772143845	1.0154690925506855	1.4369910841170137	0.46545551597236534	0.012551762969284513	-0.45373083840696793	-1.1875114227179686	-1.9349657771991895	-0.06344215398824365	-0.24594365792167486	0.13999851477636044	0.48568663655350963	-0.7341176160117385	1.4387815592983721	0.31430027897703594	-0.30709833175380646	0.018432076937024977	-2.1209934915029374	0.04430518679269353	1.231108799327469	1.557855961873089	0.31350060633440247	0.22082099792297136	-0.4264973339083382	-0.3546987436767878	-2.431358417310519	-0.45805187033246325	-0.8066047807523293	-0.645603521605897	2.027686213346629	-0.6229765536338229	-1.614883098857936	0.2532582716888898	-0.36519308043478566	1.4861102813580023	0.873552907858763	-0.6003908162881572	-0.13253641250932183	-0.21174487396456526	0.3692016494016159	-0.04761169767495795	-0.05601335337513329	-1.2670237384234246	0.33673298404902385	0.7491379144893198	-0.12688663276387632	0.5284157681445121	0.6714805591783763	0.23511853873752456	0.26139102717505136	-1.3235917153017644	-0.1660023129957527	0.8467180329502866	-1.0900754751362565	-0.18743717451913533	-0.4634696458448908	-1.0236060378943677	-0.14878597030929602	0.6903592659223741	0.5832685963049076	-0.45920288529773995	-0.2883703565064698	-1.017996756679556	-0.027044802500841424	-0.07352370232077646	0.1563794140166989	-0.34145518506647193	0.06262004242863385	0.9759515788705805	0.6480649591400889	-0.5676354237020126	0.8208106093740036
DTXSID9025297	-5.299871778163961	1.7897546012138614	11.87277465634019	11.485622152331613	5.203679350444459	-12.51882436265842	-5.36479429491888	-2.9344556939363495	2.6271586389181163	1.3275231712998357	-0.7940096978869191	1.1105663275610973	-3.407626148506672	-0.4969338949302085	1.1349184284247509	0.6985553792381567	2.180850071426526	-2.389452840245458	0.42232051566250756	0.6753106312454547	-3.437744811506191	1.2073585338054242	-0.724004960783163	-3.154208120503621	0.5338241106941166	-1.8123817071348955	2.9089968686873102	0.04132749063142089	-1.377889394695514	2.5967574664265367	0.6151297887065699	0.5863045983264419	-1.4531398132621849	-2.647835982014213	0.15699887920049682	0.772340612269825	1.1410123709014546	1.4360261217510342	0.48364080939448384	0.2810908627468138	-0.6120502202576439	-1.0558672819724386	-0.0780666327179599	1.3823194806684713	1.530076131443309	1.397124270657832	1.3422960310259722	1.142709166060691	-2.7332966780281875	-0.0869840469163768	-0.39364967842690873	-0.09317530928637323	0.41492415224420637	-0.49557980778136873	0.1646667099831698	-0.13461559081738275	-0.608102290051193	0.06618992748678035	0.726276563731183	-0.6855968559218266	-1.2492828930495237	-0.19345174077668875	-0.7946586177285562	-0.23515379496300065	0.42217284511219183	0.1790255487692322	-0.7221700276355243	-0.3650675946635419	0.012195450522927566	-0.24761148378573386	1.103745749236921	-0.04340204100352103	-0.4275617018409411	0.053077924930404606	-0.056740228614495326	0.35623106188777753	0.1066774454955872	-1.6329144813072471	0.28460738316106843	0.1363766626639734	0.597786838920947	0.2767093881307096	-1.2077271107891245	0.058352836910756406	-0.9461136223064747	0.8174436944505042	0.42187476934133966	-0.6515387471241612	0.5164477393201805	0.8506909388113961	1.215384603975885	0.6282852970899828	-0.5076747011897182	0.4356827885677974	-0.9970126059364728	1.213548162671829	-0.47471717270099806	-0.10133329980319788	-0.7518343792981137	-0.16423729451506683
DTXSID9025796	-12.17869473121231	-9.696266934333376	13.906213947586112	-4.124677481498974	-4.178159659657275	-5.691757473739373	-8.236582268887192	2.915173084816855	8.225121401045918	-1.8768690614215837	-5.582130658080131	-1.3841378292515518	0.9482128779815898	3.498573611721857	0.8973125417478441	0.05919579025646577	-1.2856297966122807	-1.6091240542632812	-2.0789361268051443	-0.4545737684209187	1.409485694464242	-0.30874678674833245	5.740400574016493	0.1447393123836642	-0.16594267893279754	1.2816806062918018	0.10033754907609244	-0.16115928187892328	-0.09341130406396261	0.08848377843832954	-1.6017012947996754	0.6215927177524875	0.1447640942615075	1.2224917686987338	-0.21297733647536607	-0.4955471780014525	-0.48619648802752313	0.5601256197133591	0.02960735510068747	-1.3710544127670325	1.2704205275688913	0.2193621499904348	1.7983831679079816	0.30939251920932936	-1.6069793276564992	-1.1428080769836464	-1.0110138054304019	0.27393098504179375	0.7958512451012889	-0.053567390403884765	0.423133979293502	0.2758140957918184	-0.35010400382700546	0.5387683658448514	0.4291371201996576	-0.8204355670555958	-0.6799721457438483	-0.14553740373142077	-0.9403333710554046	-0.5779551138020417	-0.8530736122562347	0.08753298305553127	0.09270847813271471	0.6303295954478436	0.6246744201268499	0.09385401010783151	-0.9570210146988793	-0.11273361438085508	0.3537917598640619	-0.10233900466074677	0.06873756034765323	0.42451570530840294	-0.19095179052820022	0.25331390193711867	-0.30823826739019	-0.31548478201430397	-0.4425468988750442	-0.029146134466060708	0.3567166108392184	-0.2654653874643053	-0.3598135087642723	-0.567641418970034	-0.19155114067733986	0.6540341201199601	-0.10652761290018425	-0.6334235986848054	-0.24106903470565857	0.5845314745443863	-0.12215478276937718	0.11514330623870178	0.18406700265012638	-0.3422009748653107	-0.38711587962232386	-1.1277709314774826	-0.7116045251832804	-0.388850680414543	-1.0705477217502082	0.17773815189000416	-0.86377797903922	0.06558431238699232
DTXSID9026261	6.915661337295244	10.340385664149768	8.043977905353177	-19.98479240551716	6.691835210118675	-3.270407540036865	1.2897890348747474	-8.432145245114707	0.5401855597028384	-0.04372439491430313	-3.7036688464780942	-0.7432910973245391	-4.374301043232087	-3.356527424628211	3.410335629062091	1.5435906630722849	1.18122795430925	-0.7286515952652988	1.807610459205975	1.1281457724313597	1.6697631475813424	-2.5417894310341365	1.2911748521591604	-0.4429868279244051	0.46992630852096046	-1.079200171730116	1.2486433763697324	-2.4817702462847215	0.9180551998189235	1.5038568448748335	2.367317269382565	-1.34453546998878	1.8673415527419284	0.5107643134785953	-0.2731486155060167	2.5000237598765915	0.5338824667617613	-0.29923778712400356	1.6577017632199709	-0.12814247417117883	0.7543457507109276	0.14985180060248904	0.5601716969250247	-1.9773759838490994	-0.19653216985151278	0.8647142636220592	0.790539266128216	-0.9808962052755725	-0.761200739996662	0.8122118557830642	-0.9045634704786757	1.2063284509594299	1.3352385988525746	-1.197932893206342	0.7961408628015585	0.29160422874789266	0.5601910800135518	-0.9012844299551381	-2.15447364320033	1.1217668847755495	0.0406767426560304	0.7203180911878371	-0.03055314002689677	-0.6722026657863129	-0.9736642091704096	-0.5352667659355598	1.0964330870240284	-2.5260944846930005	-0.951851685444526	-0.6047027396318906	0.9118258579006842	0.1760115095819386	-1.6246162300737295	-0.27577535399651787	-0.9870559007775142	0.219104853640027	-1.0588009549448305	-1.066695009920788	-0.6718735015199957	0.5731967176110659	-0.5723752263671801	-1.2927990043800666	-0.5349123409916514	-0.5304790754065272	-0.13125215854400793	0.5387455377011013	0.5475764372499851	-0.027703248239180196	2.3470402492476	-0.2235609452713583	0.051458205903036104	0.1945707493871832	-0.5123354428174001	0.4767523884357225	1.0871037865889668	-0.6168979782802404	-0.9275505284242634	0.04655844712398517	-0.7716479067790502	-0.35776610837879624
DTXSID9026689	3.541390468450704	5.526329304165021	10.005403254409401	-0.4648038721711694	-8.797716480043938	-4.4682747261473095	15.059768552204176	2.3722499734698554	-2.132496178246302	6.57095589262152	0.21319135988116342	-1.580970561103108	4.097568327287564	-2.4012216651078564	1.6561830556560881	5.28999230533447	-0.8989492371309474	-0.7582185881522694	2.4103528018547196	0.9139471446173402	-1.3719765352377937	-0.31477250011551855	-2.22223294686032	2.1635343645995926	1.219717712445394	-0.9751661998347182	0.7760786254877812	-0.4536450569519035	0.8688263000278151	1.2961857224527333	-0.01712352358303109	-0.08293642734536329	2.722822830768786	2.7715568565048088	-0.05551053942991988	-0.9133073636635884	0.27529286491406346	0.9520685214261764	-2.2328107254208747	1.981194981270965	-0.7271356619613971	0.4468501404736444	-0.41542829233946615	3.177657656342236	0.626527665988874	2.6852309405915187	-0.8809865857699848	1.4067212112538214	1.0408395292575139	-1.2244090495886928	-2.055749679063018	-0.7075529163057117	1.3979101228278008	2.8640005436486105	1.1295087277225717	-0.2041843860075886	-0.754658251597906	-1.8638610234132087	-0.9202951462251132	1.1326291020172625	1.7283396600474514	0.4682124793411931	-1.9680657585755141	0.8070406145259754	-0.3975404892573949	1.142276959136493	0.4513424383114134	0.36114590692317255	1.1624980397916072	0.04069709775015677	-0.4715608473447855	1.0610800016441848	-2.1786032481483746	1.0594826411284064	0.8135871546448186	1.4388275969528614	1.5671550992499625	-0.11409828583922557	0.9564553309986765	-0.09269286000550617	-2.0262007193517175	0.7880043066489528	-1.795887105172468	0.6646918352853176	-0.10228819125835065	1.750800174094834	-1.6529340327643114	-1.5749352758850081	0.6456952957998716	-0.6117294869324295	1.081788703627213	0.06759978520459974	0.010889616510967308	0.48806858879990384	0.7333823940791442	-1.6579954497207468	-1.0625177418128477	-0.4439503339395131	-0.42134236001853687	-0.3388836430324638
DTXSID9026265	17.561436843425106	-0.39389463296344246	15.24593188276414	4.005404383089641	-2.5561418908916527	-9.528407317321864	-0.1562769341093752	0.5625830152961364	6.206188369242718	-1.6154261783706119	-0.12095148833044579	2.770156055392744	-2.6564368433232013	-3.704869264679152	1.3773662320952644	0.005038718425203265	1.8366766347867385	2.2922838356502875	-2.0150015422713605	1.2426639528352648	-2.1531417439250244	-3.94552601598639	-3.030238627176276	0.8008242340871913	0.5213521706622009	-0.7913687534743934	-0.8382982491539527	0.722663008014855	0.8368916257862159	0.6311528454520707	2.4821055943283943	0.6049846351613853	-0.9647229089196968	-1.2174379448796706	-0.4194988210577147	-0.5422907391053722	-0.48989743079141973	0.8129101187134111	-1.0312626880328182	0.3672861249948895	0.4022201457163436	-0.9549516886211288	-1.6969194795730105	-1.0326209513241955	-0.4484172185809493	1.1048797580436884	-1.2364279011089787	1.8208715278371184	0.5778049091032864	-0.9551691975438431	-0.32633478339313027	1.4046497906629987	-1.303030171363332	-0.3084747998019426	0.702423189145025	0.20910581663656438	-0.8843219682772998	1.093453978680155	0.3255258277207045	-0.4142516797585487	0.041972412056593814	-0.2332953306549771	0.891040534537537	0.107593875413702	-1.44078767535854	0.8628277768411392	1.040615149994365	0.934325444010587	-0.5086621759193577	-1.2714937419271672	-0.09011454809922025	-0.21727970897210666	-1.0970516620308122	-1.1176795600248077	0.35540981672638366	-0.24593721574662672	0.06057184046651663	0.9577838202571287	0.16346817755367898	0.13645647615153056	-0.44005165861096446	0.18518774271932556	0.042924471963140795	-0.16670334128480027	0.058938398736611504	-0.1025069204449653	0.4519514136824808	-0.22268744402062735	-0.26557476377570244	0.7732894495733259	-0.23604226462585684	0.4353211878974444	0.9189389372050508	-0.727702639539024	-1.0326399514632878	0.5383521123176569	-1.2861614214294785	0.9653589051787138	0.19675291580513465	0.72566506549938
DTXSID9026922	-9.89452428227338	5.838756346388122	9.072194674089062	-8.384218842864996	-6.906151851247007	-5.894413138086366	12.859269095041558	3.1482358023607917	-5.170299063385457	-1.1387028163443575	1.123947872996488	2.052271026108561	-7.083788836329058	1.8905161651868747	-5.346532073315661	7.161128027753654	-1.4637374202381084	1.9121689206335823	2.596519104198078	-0.294116076386406	-2.8988426814981194	3.1566837476705913	-2.1704648556343047	-1.0214720733273088	-1.7593244910420343	1.52246638332818	-1.0204721231612524	1.1994522171169772	-1.2862862889110378	-1.0360428020969639	-2.531303492169064	-1.6750668557450166	-0.033611485151268515	0.7493813995827916	0.9540785071140337	-0.40552144432565695	0.26375936410186945	-0.7903790305118144	1.3503662032911032	-0.9791246087240388	1.3914332300244436	0.6049089487693534	-1.0929923202799945	-0.14311733989350103	-0.5143114346316585	1.2692974535332429	-0.5670937414389857	-0.274492654912656	-1.7841864420811886	0.5482058963975338	0.3109233787235762	-0.7876729588101822	-0.3846245568594054	1.3193170702639918	-0.549498633629262	0.5460372343999452	-0.03533324408213963	0.9624874938890475	0.2970107888174388	-1.0647121821184438	-0.03786800784459808	-0.5450314639756766	0.19854663322649652	0.5238730161195708	-1.731796618377187	0.5261490608254067	-1.1229665842484462	0.6928860478260792	-0.03670029051738457	-0.5052801015407092	0.47978915282937257	0.7245092520129034	-0.5718992315955739	-0.901154550372318	-0.5348901786127804	-0.690381957238081	-1.8578036068333281	2.026887319964179	-0.446913306638449	-2.060955720528572	0.4392017154641559	-0.6656060008892615	0.7562067964483045	-0.9937940499378801	0.8172005090505408	0.3551108662659374	-0.4190756414046673	0.7549544694170975	-0.9969903052296861	-0.0656546740880252	0.5655135199933866	-0.29712773689913463	-0.1313726843392794	-0.13033572573458932	-0.051848358993072115	0.27648476174893233	-0.20954602428645244	0.5389770193814588	-1.0756626659236104	-0.24408732587869933
DTXSID9026926	-7.157853977517289	-4.656166775956651	19.51329061664105	-2.95262806569982	-7.647754726814739	-9.53268298284993	-4.476176850548853	3.3082782002265123	7.671433372134404	-1.2632638340368012	-7.256888073195821	-0.08415120188887912	1.109932289049386	2.991974865908799	-0.2118757294787074	-0.3655664629923427	-1.4524895108487512	-0.7684944018625308	-2.055765564419133	-0.6147594601891052	1.2823273446629038	2.251127168478342	3.350075740079324	1.270036162839641	-0.5996864887708234	2.147254463943657	-0.5732613480619702	-0.30536019844598083	-1.302781160837583	-0.022612388164998123	-0.3983917203139729	-0.10701766562880462	-0.803351161313236	-0.6578766409994062	-1.4867620785276554	-0.3001363853876973	0.013650121307408104	0.7512885759507548	0.4330659893008031	-0.9305201246640652	0.7875983323652893	-0.3247863843140344	0.6016492669112603	-1.8938243057142272	-1.019215804855258	0.941887508722474	0.5604557347513529	0.06329995252370275	0.7440007718847645	0.08579942525710886	0.3659574133228843	0.3502515374407713	0.12361753365671664	-0.0656065416707333	-0.7449440960279262	-1.2855221850091152	0.02838386689455115	0.3102191719713414	0.22274661517320382	0.9397960624572873	0.14939962426228243	0.359457131119671	-0.25677649562933874	0.11366602946578058	0.08217700362901416	-0.42116486020925253	0.3596646248293426	-0.4312909768194956	0.2841997612604611	0.7843470254208621	0.6989751478790022	0.7317060359193817	-0.9824831821371931	0.3622382432193297	-0.99950628957456	-0.11475948492951224	-0.29037673854721474	-0.26435133456657983	0.5239149694184554	1.1055278650564087	0.7314516323699173	0.7917027752518404	0.2900684664569775	-0.33794181280776797	-0.33608333763807746	0.25904931151398286	-0.5883856883500447	0.355025556572066	-0.045650543289711285	-0.2697616167094251	0.09986004029019697	0.4930460676024964	-0.2347987526388869	-0.5060498041555633	0.046252567846800645	0.25064593042852806	1.060928619061806	0.2771550543008636	-0.6074681188694122	-0.772794409443832
DTXSID9027312	-7.328052254412354	-11.677861479165792	-7.751499519983857	4.243422238417164	-2.3404115556914897	-5.195445709245866	4.10630825012737	-5.815697008783598	-4.611518746318636	1.6288732906677645	1.5250808081818175	0.39193406259207925	0.10032648848498534	4.2685958257933505	-1.8597307120384619	-1.6243951212472365	1.7034930867315339	0.02957630883518026	-1.0439002804222013	1.9780770493948834	1.6430817071732746	-0.626327371840642	-0.550821756522557	1.3417721642747	-0.6994469963345076	-1.2740476195655375	0.9219585444362544	0.47313099675736353	-2.5834481337049224	0.8368974345762058	-0.5446447612294821	-0.5997625180907548	-1.6124138688412035	1.1890392745292886	0.8411089192047447	-0.21612643659899292	0.9563573308230461	0.6449317657169636	-0.052036359768891524	0.6378480605393748	-0.49574050454248014	0.1911753791979147	0.2515649032631493	-0.1581382327868246	-0.2692713559670375	-2.03343062830171	0.017229306182575524	0.6658459042485246	0.22819804066144941	-1.4690321637980401	0.22040324891174187	-0.6759427379134005	-1.378557380511885	-0.6545466442427451	-1.605555916939415	-0.7043569960571193	-0.5190292431333566	-1.9062800884145268	-1.2316545371874397	-0.6293024670299395	-0.48934108810733407	0.3051505379571494	0.49353241049074	0.860801765897687	0.07075997299057156	-2.198515852114706	2.703582923064908	1.61839747367203	0.2755589468077738	-1.6976747582727838	1.315062709809549	1.6747541025081603	-2.2987636875748927	0.7565628955415231	0.46826909345695755	0.8069191316710308	-1.8066971234473863	-0.7480401766048443	-0.9504708019033128	0.5956482503157454	-1.9040343733639278	0.2971995661636347	-1.528492682897375	-0.6814542607948523	-0.36478022792326015	-0.5115507387823024	-0.43354233405147075	1.8183416894190283	0.8914030097232643	-0.816369008123344	0.05913079059318694	1.6342010644576783	0.04591894342951041	0.30813026111350783	-0.08459277392951509	-1.2909122983548453	-0.20062235986245472	0.17374134704121003	-0.5524497393928088	0.4069970318394751
DTXSID9027360	-16.73149115448292	9.520708249808845	-6.951453490613647	4.495684973292166	-1.7966355527995763	4.211977114111258	1.1698701095191384	3.7180422924481635	3.7082042307961993	-4.856631864086422	1.424883284917624	2.3501035163977626	1.5265506470948544	-1.1387449342622316	-1.8849289352349394	-2.322508474977446	2.1437225980768497	1.6732381372004492	-0.1631719037342462	-0.3251796962363045	1.9041016713749332	-2.444071772832037	-0.26370108659426483	-0.6592927843012674	0.0003701301935447514	0.7264413878956265	-1.7802509689063708	-1.2912986151133465	-0.07649420721902302	-0.7759478295922057	1.0969680260718788	-1.120315519475993	0.266168785072516	-0.7448592649382819	0.5626487819305298	0.15380125901779862	-0.3649636083480435	-0.36556420497846825	-0.3311288201489865	-0.32095848501694263	-0.7414683199928501	-0.977388088949333	-0.9270661857753363	-2.1429002690509855	0.2642886369728532	-0.34882215896627183	-0.3110485292955511	0.4597357633789024	0.1366846853048305	1.1662093864916936	-0.27303630434338083	-0.575924966978809	-0.2481724195308771	0.5998357056300618	0.06642323990463057	1.533043283043865	-0.45121186594299617	0.23034113871067588	-0.3815938749875242	-1.3702244992217927	0.07205728792337741	-0.2800459527664304	0.922834277750837	-0.3102706619024004	0.4021232279070166	-1.2781420756675101	-0.1329811135729228	0.4331088399292598	0.9707495487303305	-0.47314641837690247	-0.7575978456775303	-0.13542406862264575	-1.0866254333663747	-0.024567087365492978	0.4669414763227949	1.31290699742811	0.1240321047580114	0.7523189870083303	-1.8822936733420175	-1.1738803616489364	0.4552670596713155	-0.05397728075186778	-0.2861849590545436	-0.5930272287985816	-0.3155088403917135	-0.18246449564085662	-0.6945903286857606	-0.10062532355165166	-1.2157688126941237	0.38822191936929334	0.6191366653715837	0.15543889012446457	-1.3337740683278612	-0.7628728561833832	0.5479575969402853	0.36004726336428594	0.7154429864107875	0.6609195861684561	0.5971768309596357	-0.7102901876674539
DTXSID9027528	-19.395625754927856	2.846363014629388	0.0962630110586133	3.6471842102102863	1.698645917835881	0.12979583771696476	-3.5659142540698694	2.911628525407407	2.1957697970599632	-2.344499248574673	0.6747370452546994	4.521180996560485	-1.3545606059284945	2.3428899065174136	5.478385197840282	1.7615333099953872	-0.10862583538769065	-2.2237931078010558	-0.09119657553132263	-0.4694559452244041	1.6565205691570122	0.4287133209557827	-2.5044174618529547	0.7602984753602123	1.4306754350098543	0.6648052702610793	-0.0948179051277338	0.471959180747901	0.19783423375263612	-2.230020418111108	-0.7017673161017154	-0.7347383670974353	-0.724468478917932	0.9658630561670306	0.26640138481418435	1.0337722673977217	-1.4001897793777958	0.9132455624522695	0.7904986148812334	0.7129198911881932	0.7437794715488586	0.8062557389816695	0.24463927658377269	-0.5879634481698366	-0.24240374535260203	-0.02460496950008374	-0.28301440305885023	-0.8829171841807997	0.39660293832320476	-0.35380080176515555	0.2639645737750622	-1.3752489896002975	-0.8819976805525581	-0.9624494941308431	0.36322774361594673	-1.1329518296151346	-0.25248239547152174	-0.38973255615102004	-0.6107364339381383	-1.873503343192635	0.500452358834504	0.13167822563976214	-2.1924562952147757	-0.8527168162322293	-1.2614605933803655	1.6472217176213049	-0.0667965712600888	-0.9601337017512145	-0.0941730165161049	-1.1758786986261627	1.9131457711437263	-0.4299540756344339	-0.2797122901748779	-0.0033607107581261285	-0.8034154637214181	-1.5132007685150748	-0.19107880348799977	0.733752979938389	0.1748752351491986	-0.940846801855601	-0.7468714102340924	-0.028224991615423498	-0.22839336319494186	0.4261036363482666	-0.38092889259087387	0.09246289238994256	-0.29358375472707204	-0.22831674680934375	-0.18114861885928707	0.3209970468267618	-0.4171446698861712	1.0213238938048896	0.2987532520732184	0.08584625233127668	-0.48652288680677425	-1.0431415131835777	1.1224314965869926	-0.7345592477848228	0.2176417332262945	0.08036558324755232
DTXSID9027441	10.89603168895963	-9.300311241255947	1.2944066845587312	8.431491731095884	-4.938382531761675	-11.259762883179818	-1.9096337804112662	-3.2914384784493276	-1.2630957356902015	0.7452722927035353	-0.8621041651722797	3.0876926266639413	3.477251386255411	-0.9082383087172948	1.725585807776743	0.39376548976384385	0.2097496332241443	0.9896975074023613	0.4103857646634849	-0.9282273938553227	-0.25522622990524263	-0.9921471581585555	-3.173866548043267	0.8462993117986567	1.062533221609464	-1.2900287935078245	-3.229843705800346	1.2442137045428323	2.2862083851110278	-0.18590583485093756	0.6282189173738548	-0.8728335757464968	1.2437006538558637	-0.6987485000864595	0.09530828584946134	0.5110575733501647	0.45770663707817455	-2.710158237972221	1.3197913908147467	-0.2601904995789633	-1.6068459948893437	-0.15656208045254003	-2.7761407043672808	-1.7875352632012929	-0.46016863931828217	1.075225759034507	-0.8022897839791241	0.5643668046388068	0.14292625366631742	0.1252856004300763	-0.30541945130564274	0.9408257280812385	1.4082335163566462	-1.216403069065478	-1.2936638390526176	-0.8310590578021337	-0.1138877167036446	0.8885582402307695	0.3988643454220836	0.8381986830504645	0.21053933104135913	-0.3621487263521825	0.6061992455535941	1.4535376610840733	0.24017934243435088	-0.26741449514488896	0.8850552127215697	-1.4485415174778438	-0.19624265197778945	-1.362198294329467	-0.5477705530755392	-0.10869448099696909	1.087186577218586	-0.05058046037222171	-0.2296080858442927	0.6858463841925302	0.5778322163524737	0.07613696236479037	1.151735011815842	-0.7374315751389698	0.09971148789072483	-0.12993872508893953	-0.2916936001017891	1.367010956017894	-1.4963152210379955	0.36280090270175275	-0.2018136904300665	0.1662359077080089	1.142635072461064	-0.23728382940998646	-0.6044752919606438	-0.9058561406932641	-0.6726170733143624	0.7269453145544978	0.7555361845845072	0.8663925907466433	-0.26495004005071027	0.03594667454520912	0.5994344607526613	0.1829039284288169
DTXSID9029146	-18.768787179160178	-2.1967199885744257	2.7622709611631673	-2.5345652709812345	0.6219290607943754	2.2118428161799084	3.982414703870484	2.476988762010584	-3.130465596291259	-0.8202604669873935	4.558239005026171	1.5516325056507945	-1.1118113403182872	5.114986541675768	-1.3766548141121566	1.5609209513083362	1.428723198307098	1.505699192448037	-0.01267581430453871	0.6159401578340822	0.3250548019810218	-1.9036608736876497	-1.515214546083296	-0.916660276984773	-0.7578081019519037	-1.811414023304799	1.481533106917206	1.21334051232264	-2.1220443074672746	1.4193172765524285	1.3807524045219448	-0.16505151106102842	-0.7345719371601335	0.4771852758193721	0.5657729156203866	-0.07319420782858535	-3.178284334848679	-0.463029351740147	0.32936447350375747	-1.2444758448111546	-1.319757153786934	-0.7993338501477919	1.3481858300640255	-0.15304476926792313	0.45839781885377945	-0.22125284412532908	-0.21966506908864294	0.5119675649969788	-0.14944932203728448	-0.9182712847196131	0.1453191958739254	-0.7146461737113874	0.10959334811534975	-0.6918065524986182	-2.0620201024975096	1.06451346130287	2.1028786508645823	2.2790814282104073	2.0758298057392364	0.1933643776864414	0.6328349516543494	-0.11077911244720755	0.23551661201247773	-1.1318652300887975	-2.3782805495056243	0.9776684522091639	-0.12844908463173832	-0.30512557160532977	0.07899613695020234	-1.003507764012742	-0.18596908686232605	-0.1581785584111294	-0.3715891581765309	0.03729153069456024	-1.7296069083868884	-0.4770339101499757	-0.874839829557581	1.8382841800769951	0.18158522837942243	1.6085676645460354	0.016143545905207512	-1.3620024150321748	0.9010562003120094	0.5228807500129669	0.3194869306063791	-0.8486047022535306	0.35221316569765354	-1.249353832362306	1.174912842097456	0.5541033903540536	0.7978057269957313	1.0743011485316054	-0.8258015297843063	0.7052788916294993	-0.44775751040812917	0.4459045812977176	0.9716043077197336	-0.639441873384423	-0.4681616587738245	-0.05974701020154718
DTXSID9029221	-6.220282576355772	7.3969459981989125	-11.461118133703131	-1.0612860466397571	3.913896941439324	-0.8629685299707672	5.656390785778208	-9.530012492942767	2.306963877952315	1.7176117927575052	-9.463032950009392	2.656775468802026	4.620327469984893	-2.3119609038084534	0.3214593659291098	0.4977050382139393	-2.4345318647451246	2.7450944745616934	-4.401817892098326	-0.0076993684241789765	-2.1970816498557575	-0.08939636916408591	-2.6624713219247895	-0.9909729182725738	0.687867261567492	0.14799319110378067	-1.4436375785120303	-0.6300346679165731	-1.100501179409576	-1.2131549838428817	0.7667608221326092	1.4352621099929745	-1.3941932216483193	2.9645260225940384	0.00024096047304213695	-1.361896585105013	0.5049046528929592	0.22344213680433928	-0.0359000276996929	0.5004331163235083	0.6944388481172142	-0.6075065631951885	-0.03251321321825803	-0.16303751956079615	-0.793589761484965	-1.499310426970423	0.3432073731776491	-0.24342069523898738	-0.6759180408259573	-0.0350033575594982	-0.3871238131102596	-0.7051013199901225	0.2910210633005769	0.2876158689482672	-0.59069049447222	-2.384541173148265	-0.693141122161664	-0.2816812723116704	-1.0621585616670832	0.2596203758899962	-2.1813356725912643	1.271519009656241	-0.9922263227350963	-0.21019149199673767	-0.1936417542009388	-0.41527049456676585	0.8266830111052956	0.5158537123505796	-1.2267535030237837	0.4325242376344057	0.10931840610966086	-0.8817407942622719	0.1716793685768908	-0.3883577883205299	-1.1639120135598446	-0.8873106217917504	-0.9255698048704629	-0.641123162998313	-0.04149795073633961	0.4331624055215968	0.969814228440811	-1.1511462789961129	-0.6636711438778891	-0.6473303408552108	0.2938546909386608	1.716062589544168	-0.5193460160519926	1.6212867066257042	0.6214840403394892	0.22376221302232932	-1.0647944834334944	-0.6159854214341101	1.319615235156288	0.5916624561390065	-0.28463254846397873	-0.7906240206652023	0.6895981883970026	0.5243946425857976	0.28368199747932565	-0.08082478618301893
DTXSID9029223	-1.2660335418520827	-21.897583248497618	3.215707169087458	-2.0838245909558433	-1.4507456688417197	3.0015473149145846	-8.545529493758302	-0.04585022632401091	2.843410495299677	-0.42106967644151044	3.399958633162198	-2.9179273245861674	0.48013408878118363	-5.658753917573603	2.3285241221988713	2.460044222192749	-5.0494909312539775	-1.446283619122292	0.06695147477447497	0.2627763974233081	-3.5132746534567447	-0.7225119521501026	1.8729672263726092	-0.8155912783022033	-0.5939806693207859	2.8250040485541503	-2.65464511605008	0.5819209332812917	0.35904866151348863	-1.270432490134598	-1.6763564427824558	-0.3070596683463235	0.8793251969967253	-0.48367017250618466	1.5382736228167149	1.0082423712691042	0.9575260001101532	-1.5572256552886263	-0.5924701652417174	1.0102076336525436	-0.08728670661277253	0.17763255249581583	-0.8527152193001256	-0.6409305849480091	0.2941177808793345	0.3554023566487366	-0.4664124721529607	-0.06629380756422003	-1.072105371889723	0.0025819467312451663	-0.474080315989097	-0.6518768763915105	0.2989951865623696	0.6825750735752165	-1.4615945937692083	1.014270814596031	0.005754129779052333	-0.419123105617245	0.207021094197316	-0.2942389945657685	-0.9341824760195376	0.5844668767370873	-0.01734491323926965	-0.3448204970015921	-0.38342997069691254	-1.2624762457242218	0.3964002901062608	0.7041283526111879	-0.1228749593728967	0.1487791895403193	-1.5142504613178378	-0.5250566656899066	-0.8800201522579948	0.1922160874957576	-0.5128028153239451	-0.7410887886035689	0.5667152555561576	0.7679467670020339	0.03535815108249012	0.8838018834137072	0.19276689589272	-0.13369315050891908	-0.860146389117959	0.035404370679918334	-0.7097203532809933	-0.39920687618539435	0.1044971122966903	-0.5544657343924753	1.124565171914702	0.2844402515815449	-0.8898825823028121	1.1516481293001168	0.8249179616718549	-0.7071328000033477	-0.06608513336878413	-0.5684346185418806	0.3214404906516792	-0.850645835436127	-0.5845110909394031	-0.15116270958924208
DTXSID9029302	-13.383226045026523	-3.769314374101943	15.613420595013569	2.6651710031119635	-3.984421311098709	-7.0325023258831	-0.981429921295248	2.8522838186522654	2.419136868393295	3.1228524365001755	-3.487858116810737	0.1589859724333275	2.2230078021291533	3.3304171556540973	0.309530530600762	0.7903516482888319	-2.9226022801253793	-1.1415294012370707	-1.320502572526229	-0.7414957548608634	1.690368983706827	0.8715809608334507	1.6387809524635752	0.8450893922415872	1.2823789515362263	-0.8295269912159279	1.0840102836812293	0.8511417702045738	-0.921447246330307	0.5077432537364116	-0.15342249900943464	0.848860965481874	0.1014679070760327	-3.233801540712105e-05	0.2905994436437562	-0.15692862221296502	0.2749342606070855	-0.8597559483881771	-1.7163310970082295	0.2599910788692194	-1.2667817035722626	-0.5023432627933675	-0.4437784466855378	0.5936351958806352	0.031028949944979678	0.25956547907566335	0.23960379172564475	-0.336274753262986	0.17570329984888453	0.2705720825155619	-1.1422034592193933	-1.015027249148604	-0.9094736351969863	0.2940749681031457	0.6307732792874978	0.5135368430659264	0.02229237601125195	0.48778289866429614	-1.111869373123315	0.2755399648890773	0.1557803388931599	-0.20188994280745873	2.182406900105474	-0.22193857808241907	0.42329764647303186	0.3525280552230086	-0.6142935462639115	0.11493608051795098	-0.6202389265290769	0.253935007207979	0.17374308825856544	-0.48553166574973566	0.4273367554061626	0.08717534515507014	-1.1994531822853982	0.7871661654948179	-0.002913149481333546	-0.4401163393997453	-0.011145489040399753	-0.3266903428324932	0.294736637871568	-0.40201705273857247	-0.40658274117894283	-1.1631857570769135	-0.04774090975219363	-0.37324959803094654	-0.26790142701710135	-0.191221506175701	-0.31654464350551925	0.137605766315643	0.2629913402864702	-0.8742506707948303	0.0878118904601024	-1.2083662833332878	-0.07925017119801042	0.19923466899559011	-0.4778783992354823	-0.7527055005346263	-0.3254438142662208	-0.13744938668797438
DTXSID9032329	14.507820605972487	8.788437311347355	1.5401181129317698	-9.835745860697482	4.700975274602261	-7.032782204572852	-5.937663542181314	3.361279563698873	-5.786794534425601	-4.514616364642835	4.781628804908465	-2.3062602541503416	-0.0011868528371263198	0.6121944740295253	4.592888341645848	-2.0956815484507323	-2.562830010135621	0.6198788714827057	-0.3661733049365979	2.0070781825105017	1.994539621635468	0.5700405267144616	-0.8678225286555842	2.91192849061474	-0.16840270631725235	-1.046835447485713	0.45399955914546275	-0.8094878383188292	-0.8012696165476275	-0.9521320289519424	1.6138445028327197	0.9591875605427526	0.5422621932466465	0.6394487739618006	-0.20094432848975788	-1.1028975878843568	-1.6679228703055935	-0.966488341453286	-0.5437147873782522	-0.3599729245262138	1.4896296301861776	-0.2187607262261107	1.410752534455602	0.26995639117025105	-0.02683607570607721	-0.19695050778210882	-0.4480516998623066	-0.37513469698279406	1.393981235425825	0.16637699571060993	0.33970558467792816	-0.48766457906147537	-0.7384118386163252	0.7580800648404973	-0.2990818910083543	-0.09065963886792314	-1.6110204894946354	-0.15499617105516242	0.3024310474271288	-0.867325764567389	0.3071354163706774	-0.5283327329957515	0.24645833760859817	-0.7649658138959325	-0.5909969210748344	-0.9954717663921187	-2.438951226248716	-1.1628789323114168	1.0797144221342578	0.04819178794507592	-0.1513582205174347	-1.4444148877631304	-0.3086988543864044	0.5148676262812739	1.085338229774628	-1.21804031303222	-0.13376317916910585	0.555229986795343	-1.2311163507122074	1.468477800861836	0.11100251022861286	-2.6431720164237653	-0.6059144461235497	-0.0970620927500492	0.7600523209866787	1.0506706670658423	-1.2256571998344796	-0.3390387444631831	-0.7358721551624929	0.23184738763927112	-0.22606514359462307	1.8241088910420347	1.906377730980367	0.151404967306949	0.41461264042941437	0.1565430962173932	-0.9613765631829598	1.1774398804247694	-0.6732196061218471	-0.0793763110542924
DTXSID9032327	1.7963979362328426	1.9630259158390493	-8.350716409982624	9.129629825465578	7.407131310176396	-6.990550822454891	6.373689520079703	-2.611256204055577	-4.9446637210293405	-0.29100719631188854	2.7417795245975904	-1.7814243825826672	-1.6233694705591484	4.964023168389659	-3.152575962176842	-1.5584298379407489	1.7742529666041547	-1.9462033996675316	-3.553395375757751	0.07628771260752604	-1.8080810736663473	-1.8718700493833595	2.6088698095480614	0.7201323980031152	-1.855909066302106	0.7052056832404976	0.8658271325182821	0.38853412856540326	1.5686611833740929	-1.1301432320768579	-0.764594289615413	-1.1136655715663983	-0.6899336892052533	2.7681066217804373	-1.9553782640794717	-0.9187964112136824	1.4899717559600933	1.009663555651975	-0.019890236619292647	0.9714313953768402	-0.5182298815544509	-0.2580324579516386	0.5672547436385351	-1.1633565997698188	0.6937742793523103	0.5633880022185666	-1.355637892361362	-1.4997997958219622	0.17828415163453076	2.7577903970144098	2.3224359837590125	0.8658122426933665	0.4881037486366154	-0.3044285455815863	-1.406613586094309	-0.369183430562233	1.3084798062926848	-0.47974168986932125	0.07759037366369329	-1.2008961153428979	-0.8216224695628442	-0.9955944307192145	-0.674779219933269	0.4069158954960305	0.5495430701225565	-0.9980516786591401	1.1706552428397567	0.6278977856619194	-1.6112616435989984	1.0443198507647955	-1.8941733227674225	1.6457904207113483	1.7371310175279056	-0.30894335349324226	-0.04888409307232892	0.2411597307371978	0.5323806798524126	-0.25394806727586755	1.1525017787454253	-1.4223897548872162	0.2530471765144776	1.0025015628143927	0.15401609396349727	-1.0857519914788627	-0.017460389369059075	0.632661920399008	-0.7027805538523344	0.2175475471676992	0.9329497180873867	1.214491146738447	0.24832056708278286	-1.511546141121476	-1.3339893749568457	0.6979098076637635	-0.2049809303974324	-0.4630358897332567	-1.2064579313928419	0.952483426008772	-1.2984980871442298	0.04858741406775251
DTXSID9032537	5.515500279333905	-3.5142511563606473	21.19523896234128	-1.4795844413010228	-7.623089015738868	-7.282648618070375	-2.1378357053990475	6.993030009298529	4.916958071430132	3.0543296251888377	-2.4504661561650334	0.036287501889154666	4.21764767758866	-1.1636698222290285	-5.145986916442311	-1.7970062014541226	3.3370877660711535	3.497647415925161	4.3761274060060895	0.9923577914552955	2.7316181421185712	-2.1030268566237647	-0.8123010503617537	-0.7548252660812943	-1.4396296339943397	2.3729153559874008	-0.4680563517104905	-1.0682826972132429	0.4983679703525995	-1.576167210381626	-0.3321306050651314	1.440212566804957	0.034760520285167636	-0.5887349832335116	-0.48096195371567213	-1.2592166864407681	1.4602857096345085	-0.5037942590918424	0.06298098539158971	0.2140072673258847	-0.4422201115908209	-1.5208833584952894	0.39038442657539113	0.2168562028115116	0.5962993468961166	0.8176793848082468	-0.17925910010677043	-1.4735403158056848	-0.8898809518002891	-0.09723808807722985	0.9144562259550444	-2.2377782834409357	0.42976470830569957	0.4277000381117084	-0.2634023645045998	-1.3355654812932969	0.3096545085099587	-0.7934353798375852	1.966067209235323	0.6367260493888581	0.9858318991167005	-0.10470438632141253	-1.2418953145956546	-0.8880749529992424	-0.19545121063995632	0.014043788082040598	0.7361785787998014	-0.45793437650568103	-1.0099816449676697	-1.0283011952664964	-0.411568944734757	-0.23749058214925775	0.44171792915744496	-0.9786638195339569	-1.0822636161050954	-0.13588717834780503	0.07473069598736919	-0.30172132757475073	-0.39512530240458116	-0.6475540583809468	1.5245763051497958	0.3930438920761445	0.7786304579018606	-0.791590383770054	-0.20292105511089148	0.4409180263332542	0.0042551570059668675	0.6041796903395726	-0.44771987614932773	-1.0274828011859927	-1.8562332641155774	1.0088147540789105	0.7198207341556673	-0.8378527246857883	-0.05589421563727049	0.2772922929568584	-0.9120289881527907	0.23929842931937045	0.8171067606152482	0.574808694103463
DTXSID9032610	11.790246230572665	-18.229814807455142	-2.658078585983664	-3.442917497224478	-3.9637398269553463	-4.950561320414332	-0.03304899617264481	-1.2029259340448772	-1.48575210774554	-0.36268503420010395	5.685003749575184	2.139936479256953	3.162576124087958	-2.842669101620801	0.285267239768105	1.9528387286121698	1.8141004869603057	-0.5050407991042992	1.752446402122828	0.3758614446993904	-0.019392167277728873	1.271311474121874	0.6520510070855802	0.6520364558498702	0.19094628415190984	1.5345552419692465	-2.1119865580644275	1.8559260758395566	-1.8340079916851606	-0.18091476801297882	1.2064239769525062	-1.9460645091654412	-0.35285258259768804	0.2919822065787909	1.0944346288279134	0.9521584449235623	1.677027720927175	-0.42264683204919795	-2.1740690699929686	-1.1116897511483408	0.13505588500028823	0.3028331528779433	-1.4809480554733998	-1.9164456256041125	-0.5347018263625954	-1.1182828426112144	0.4163924168440145	-0.847497049615189	-0.5016906989788383	-1.1103799225985234	-1.8890375672236808	-1.1647047061391602	-0.48851450158401755	-1.700382467099477	-0.24220920948761857	-0.9062410395140811	-0.28623731675501085	0.1587256292523366	0.5397039437980262	-0.025900189139268517	0.3186599098835658	-1.405992036650064	-0.23006851118736962	0.2171866062835781	-0.4766119944797329	0.6653577390307056	-0.06332434008512532	0.0898970804645218	0.5153177573377202	0.013940336131283952	-0.3362876546140938	0.3474212489469256	-0.5731292615905791	1.8086193683717884	-0.613336546770102	0.6644257898771532	1.3965880620556894	-0.5174494302154768	1.461133581688914	-0.939177473964837	-0.6678059110046571	-0.15409480340115447	0.2213406555220458	-0.6710920177745541	1.5830798963496027	0.09092711467489673	-0.08827557232812198	-0.005346928053193706	1.4916196495579652	0.023130147215005257	-0.7555235465512243	0.5307828063133551	0.38996255822463477	-0.18350682703845556	-0.1472795002496401	-0.5824284388864944	0.7940550175287865	-1.406957145055449	0.2713463456200184	0.962127373663457
DTXSID9032581	9.8758183874943	4.311301367944238	-3.605718483166231	-3.258854838688108	15.679390049537485	-1.4559101458858548	-7.242698558950635	-0.8021015257791417	0.49240946267607005	3.856870045069048	-1.3239247668484704	5.8441636954085245	1.8451358985353492	0.14077652832462756	-1.549307619065294	0.7713396162497484	-4.764549027668254	2.6260082962871603	0.28212231532888166	1.167854781617828	-0.4943693575176422	2.1886842137743625	-1.2579288085958236	1.3881171039215565	0.013234955084665703	0.510046248966446	-0.14348891791205015	-1.3726400957932792	0.2546384712327895	0.28787811218007553	2.9128049730391794	-1.2990920566985973	1.0581844608591373	-0.32252218024192136	-1.10349030492593	-1.4325615739055186	1.0727635945128893	1.1827044055317144	-0.7441359804674502	-2.067026971105248	-2.013958398302319	-1.0976984725607335	1.332801346670971	0.015922611749063103	-0.3809147906446464	-0.36848913333527583	0.28099414617846696	-1.7479954421272426	-0.2688991712218741	1.4904807933769413	1.8139570028966028	0.566155752187597	-0.3469215134604671	-0.5739526103537468	1.1534259770711512	2.1259718497808113	0.4516834266978512	1.3307297538460252	0.629446487432241	-1.2638980716326178	-0.31306277778591735	-0.9443369388054826	-2.5558437993642156	-1.2685389344474771	0.6392206240223437	1.3203206968796064	-0.9488351265048889	-0.0669534651081782	-0.7043905647221224	1.5379629095534628	-0.9000570844446157	0.7599250673233623	0.832991788600102	0.5349802505283615	-1.181554840018358	-0.4829573646841622	-0.02923546499061251	-0.1246741047494058	0.49598169802011466	0.14313315881661673	-0.14380622036252086	1.3644953163910363	0.13211798878333617	0.3666318947212519	-1.8437023791312621	0.1272460746567724	-1.35425846861054	-0.3471908085558577	-0.17382456207226876	-0.2626666753632353	-0.12449250700465413	1.723855154072366	-0.8023788959854335	-0.16444488463486326	-0.60478853880037	-0.7041248082498144	0.48983073189900683	-0.19638650185522222	1.7758222910519537	0.5622281783247149
DTXSID9034232	-1.7850323342744105	1.4306553973895397	-10.69558787487659	7.956919413200238	3.2673962158387444	-7.102184637180939	2.0154862723762412	-9.44532773127268	2.007533545226183	3.9148065676948858	-0.8837053673476434	0.029895451443169768	2.3905581523377966	-1.3771346717987403	-2.194090502979434	-1.0062834648433323	-0.7016601716656645	-0.8515958125156393	-5.946530307747912	-0.5904727872507526	-0.6817207388891643	-2.205602306819607	-1.4534169608026113	0.8089008964870488	-1.1540807199543779	-0.5953808047737857	2.009149482359731	2.853600385333292	0.4994306595367646	-3.156981684772338	-0.23958820654279184	0.3924789018616093	0.09033180939140129	3.063607218774219	0.12429008508383521	-1.6477322217903736	1.622607728339002	-2.0566546533892645	1.6676389649991452	-0.3149174127760978	1.0155301348584307	1.7541577832753674	0.14110574575853654	-0.5714651614123074	0.6511018317409959	-1.3159278916986228	-0.06443180146117926	-1.1909715432351264	-1.559177276052083	0.5486728541293677	0.251882825971482	1.1308346472041089	-0.1354878071616207	0.5473149289179702	-1.3757502967911668	1.6864984623887542	-1.245391486307477	-0.6938930846163769	0.6973016873309874	-0.24252912484615277	-0.5752136112661506	0.15933310612696383	0.7282664361164614	0.2877810141112505	-1.1216463819518765	0.06670470918967336	0.5566095561516725	-0.3299079444741522	1.0673603673515382	-0.6327992555955217	1.1597005197336472	-0.8902879130000424	0.7776746377204988	1.4965589858131076	-0.348297663998856	-1.5724695210997592	0.14230579747838545	0.18366773714530724	-0.06048815965296967	-0.019681203343243265	-0.11972977492362129	0.5941870430582328	-0.265100075868702	-0.27634815842493504	-1.0964584372595874	0.4634589981360534	-1.584492473744151	-0.9182879918054674	1.127091051772645	-0.32037126818624223	1.3949471468408117	0.2584564692918942	-0.42807047254681996	1.3151106742585728	0.10535853339157067	-0.11585115727211835	-1.5058088096964015	0.6445474184185666	1.7770605552070577	-1.2359186126293988
DTXSID9034361	23.243571105966005	-1.219706998450533	1.4989224272222224	2.857259198270629	-4.243105704856151	0.4079661247836653	-4.629074205170041	6.017302732144648	2.1024680721138216	-4.019753593300761	3.4921077246240055	4.8766248011644295	2.0270101121807347	-2.4646422204707275	2.2524297123101773	0.6320625561609797	-1.4917988149924644	4.005548869762969	2.625704771530279	3.0487352678707658	-0.5011939717287105	0.6550613747111661	0.33948264040917003	-0.7467607137724575	-1.1770205554301636	-1.8767603431631459	-0.5187377240643262	-0.49165009486546407	-0.6172259485770708	-0.8258576361265826	0.1862260570749295	-0.9504941806526184	0.3222166101377253	0.23095242301996777	-0.766511707511933	-1.1216380704084916	0.569520573340172	-0.6099189354638853	0.5066551210205791	-1.3141677652517934	-0.4807647268919501	0.19314163027264408	0.4158996156096117	0.921937262205333	0.5868183217824486	-0.06317387681212762	-0.5587858299013139	0.6033779760668105	0.821956720021626	-0.9116003455371784	0.6516399099543797	-0.3703661260163555	-0.6882519439010061	-0.5243186389826103	-0.09370238868777124	-0.10908352087485199	-1.3063586657761397	-0.0632479075848553	-0.29990721367839535	-0.10267639059528207	0.04156446196347853	1.1051861343963645	0.110303446996627	-0.7359379651793689	-1.004097180718274	-1.1473773858861147	-0.03579028083067173	0.257335267727923	0.334447195686772	1.5043545440711243	0.6776384806870273	-0.026514928088241182	-0.052934876391716665	0.6990783692996947	0.05448603669425758	-1.4713690447304724	-0.33447872798048206	0.5304821375781532	-0.13053449597356265	0.8706379878469176	0.3287952090015892	-0.17306748182508377	1.0814278324976956	0.6244455779294072	1.1936992680596172	0.4170072313486793	-0.5476216105703464	0.5368163711763647	-0.6029527161610069	0.47340830556695973	0.18425050269143464	-0.16865191423472845	0.7918553339251762	-0.6688279264213098	0.1206283519445181	0.7812889027198715	-0.464935796139257	-1.0065361035684042	0.3186209790808638	-0.04889986381342817
DTXSID9033923	9.580906873234856	3.360868282043306	-1.6699728490027441	1.698523865195943	14.682147492477743	10.032140603984482	-5.194694028322232	-2.129260400839268	1.3701591314085588	3.3896116585593794	-3.11168063844625	4.2806278093518	0.11564620760995115	3.3681784802875496	-2.1444167463082455	1.2019933166723884	-3.3965236656074898	0.026632303893786853	0.48819390101823795	-0.7545457815521731	2.8991355315733323	0.8192682681928467	-0.0926309839055849	1.9241221600208653	-1.6323770047644734	0.2220518185177507	1.5043733823244754	-0.1432410003148979	-1.3056524973706798	0.1230043769720424	0.797829875009503	-1.9001843424263654	0.41919320566092727	-0.6296269373109655	0.9624002186161044	-0.5513479055822899	0.09141602205834502	-1.0731322786677406	-1.7146933571599914	-2.7938312105140115	-0.4304459037680713	-0.09656954133469176	0.012016761832370085	1.5337300233839994	1.4876799460321641	0.9201533448632558	-2.2666777356981953	1.7959899812856828	-2.5648058417441497	0.6848201205446728	1.5603334655086745	-0.4067273927198997	-0.9439196988085912	0.3351801876117614	-0.128066410673869	0.0587069686314296	-1.2827353625800044	-0.7145233257924152	0.21543617883526242	-0.29862710859730257	0.7061892338632298	0.7779740119757839	-1.3681813562260725	1.9032461479017313	-0.5284481568791789	1.018986590294797	0.655609381660187	-1.7822402586814443	1.6444675909307986	1.224323524100129	-0.12006852002148612	1.660891376842665	0.9870257334028407	0.7600866013759888	-0.9108899175475198	2.0609185202915574	-0.14038756996684768	-0.21175372234157533	0.9419023288826043	1.113828548219555	0.2095723179996921	-1.6254359990263936	-0.4946141054628652	-2.086868444083035	-0.8126913315627	-0.16024100857099863	1.5128287483123741	-0.2577097811025297	-0.7188995408088926	0.4421357395819221	1.6589708791672089	-1.017947772307521	0.0077428146157710815	-0.12735168579856734	0.8215247964403557	-0.12860633097395083	-0.18289297167750254	-0.9033555735776765	-0.4710255037356603	-0.37131216830312547
DTXSID9034286	-10.187381936363789	4.939884680319526	-7.211531838644925	-1.63911156938782	12.557610870000563	5.03538991892713	-5.255536003692599	0.6867681468913445	0.6599089370307827	-0.5414133978214017	-4.25376621543159	4.957270162232024	-0.8035340556083787	2.4208753598552493	1.1189437674393108	-1.233831277472208	-0.09582793147994005	-0.5068437072640498	0.8425147041040567	0.46479676103661677	0.6819729935869229	-2.2065076500699154	-3.7547555122999903	-0.06791224686823577	0.24774104451986634	0.9242940300543276	-2.9754471515112355	0.17716629086421135	0.11514153806082492	0.26335734562597896	0.9428682911079789	-0.4004671047410177	-1.1386137714035538	0.08695420044444006	-0.2760659200581206	-0.6777231699265197	-1.0555852709881308	0.7811860346729587	-2.560981795300704	-0.5943486568518079	-0.3862651074564723	2.038734362054126	0.6812812831620658	3.0978898771808474	-1.073062526221188	-0.22222219389823666	0.6083568214758629	-1.2359268499602607	-1.1626357083757064	1.6891933102932568	-0.8939758218050251	0.0045926730311380915	-0.22697815934574803	0.8958503268327785	-2.087254790239845	1.2248630875886763	-2.321744486777271	-0.03315995693840354	0.2170533439892763	-1.2382352408002526	-0.8492837426122828	0.30585788688935917	-0.8783478158602666	-1.0217501168104572	-0.9268601240508997	-0.8046256394744459	1.2563787094017724	0.047559836474818186	-1.264185430303284	-0.39085092474624566	1.2258238402782298	-0.3570870452251018	-0.6027949406050912	0.19435797657254852	-1.0745308439769363	0.22405975241201853	1.2091810219736878	0.09534107398291905	1.3872511687000837	1.340079815899389	0.32091400416495885	-0.7082693624299156	-0.6260346999998313	-0.813128364264604	0.6299838991975883	-1.5212396570828763	0.3393107079887387	-0.5350943634560583	-0.5538788354673868	0.3657133925648553	0.8096605480956413	0.3186933819730687	0.3682955720014188	0.02696198461204502	-2.1251826229792408	0.4625326201265696	0.7392364030023447	-0.05156878033094602	-0.24439763591211552	0.2714016427779256
DTXSID9036226	-1.1908406132892253	12.457350789576399	6.056073634302435	1.200799462840288	-12.008864446340901	-5.498258530118843	-6.979057374817286	4.949243846957222	-3.544860887567321	-1.385228191041409	-0.8783117880171937	-0.19150112040369777	4.601487815512402	1.1591352244056057	-2.5586239682073306	-6.644159570508112	-2.8137462976393364	-2.5679520692225233	0.20239546984885656	-0.9549232225054413	-0.4164113409168969	2.404392215964651	-2.3127340689145712	-1.0594043549686194	-0.033340619122923694	0.7281482610085284	1.7099043590904162	-1.3619561116972494	-0.22753171372229344	-1.231510264830115	0.41312150201802883	-1.612988684399319	0.9872785609600571	-0.4997918599351168	1.2705344444624966	2.7995320235068446	-0.23690649927745516	-0.5437966119392894	0.9537932568938685	1.392419608557369	-0.6419588874722978	1.6541869956007165	-0.03376343926945726	1.9176884442208517	-1.1971128309239003	-2.7795086633411903	0.5329947201954535	-0.14789041308469508	0.5134585056238121	0.2898843641431886	-0.16042684280708738	-1.360129819507406	-0.5268447871093536	-0.08027774738039112	0.886368384072333	0.5674654420862377	0.5595824716873151	0.512046236156661	0.05245302910848868	-0.48244689484488706	-0.1536938369230323	-0.8015195151592782	0.44111476828341456	1.6145353276413112	0.46554919886155466	0.16470869333033492	-0.001764405779602232	-0.6018869932300515	0.206264892284752	-1.1074867281414202	0.6683071321166698	0.28373476344334786	0.5775511654425016	-0.2714954928918404	0.028582082863522287	0.4474054897039	0.1972127087624557	0.398370865096706	-0.0405322055633281	0.5522212496960387	0.11538261392279457	0.4782110303486734	-0.5611401511302003	-0.09212018791854422	-0.018559761033736348	-0.8233741392118151	0.33424569807467813	0.4744954725925976	0.3130042965728533	-0.4788529663518172	-0.332897424571038	1.2726704308824237	-1.2442814111767688	-0.3983054982307768	0.2442890436037362	-0.48296960079982226	1.1220992472258857	0.21477295340562738	-0.37452254997616663	0.2569156671557406
DTXSID9034816	1.6493242542803446	15.866162583703126	0.49298356841657637	-2.4538695765819036	8.433723847628695	-9.666168597531978	-1.4640415425173634	-3.2368207632525334	-5.574068966157547	-4.621670834940403	2.5851728157193334	-4.17586944967724	-0.6308897089553023	-1.015723822919973	-0.0482715250241486	-1.8438593098414906	-0.8283049223574076	0.05242205172541209	0.29440400093887686	-3.3225048804317043	-1.4400138428851386	-0.47713678757162176	2.4465236888586865	-0.8591318587526581	0.7080819972596741	1.1239564523566445	0.7792079325255541	-0.6023804154415775	-1.526996995894167	1.9795108124120222	-1.0525451782190443	-1.2125915198007537	-2.127423951154156	1.6816947707008998	-0.45215091102503746	0.6198288357301449	1.0924722969194314	-0.20071693610022598	2.8092118014159784	-0.956198677902252	-1.2956581021624882	-0.09615035626899354	0.39021332471176023	1.0450479863797635	0.6925307166219578	0.28603893795678653	-3.743659796581686	-1.3138403054258105	0.05642319996445795	0.015492452657004708	0.18894753404858902	-0.16429321566719	1.17546213434532	0.549579627255846	0.37373291649331636	-0.23881332200160035	0.6061137683326852	1.189319048586217	1.6081912898875574	0.8235629295826274	0.424851757061819	-0.290569656009773	0.6889766204044265	-1.7215207152501302	-1.425144556827186	0.00026376641674896706	-0.013616970581226925	0.22015188455238674	0.23234577291899333	-0.5072283611928997	-0.6717960103811156	-0.12069048644051729	-0.6369384898168542	-0.5317062981425739	-1.1650134688747784	-0.09287917284397013	-0.2885480220089139	-1.6064790541422629	-0.3542307947266738	0.22733230364401144	1.0293651019049932	-0.5814518705611728	-0.9215328954465859	0.45169340801603175	0.18525801997963937	0.7973186198022271	-0.8972104161056256	-0.7535481255082956	-0.1334878580085819	0.4901900279674606	-0.33832334929066266	-0.29647026187608794	0.3511157405000274	0.7367824239020027	-0.6402480582999891	-1.2532847338229376	0.6646625582887973	0.6067336012504247	-0.8839020486203154	-0.5657629515656954
DTXSID9034997	7.602926105961362	-3.9105469102395003	21.330410428135202	-4.210941215236152	-8.465757649768719	-7.472558980741484	-2.067491435981791	5.1113967603774215	5.521265012780279	-0.052689062619793	-3.9506646064546587	-0.49883123070717045	0.2612070157293506	-1.7550478040658277	-4.659807804166428	-2.2786657517213675	3.0828904006796387	3.2332301655726035	3.8214381554860846	0.9872832578209803	1.7401368361797647	-2.4633118084715346	-0.41099633324407625	0.25617558071696817	-0.13380577390486373	1.305386961685674	-2.836356012139343	-0.6780347063380411	-1.0450123395626076	-0.8251112182117408	-0.0004787954104632709	-0.17589981705281488	-0.9980841441378013	0.9115317708529356	0.21528084741859604	-0.46918674888602113	-1.4674492692750474	-0.40319794868921605	-0.9025060283800899	0.8551707457025081	1.1115403051348651	0.5494812257414897	0.043187941281377436	0.4020777275989744	-0.6717657076233775	-0.2504396293116627	-0.6971618266574054	-0.367589078982577	-0.14489553573187172	0.5997759416092802	1.0405459986004753	-0.6116673384232806	-0.08068046584335052	0.3317463417285922	0.26475875703318524	-0.21171977216210033	-0.5446343184265872	-1.6190155838080142	1.1560773864686404	0.3724977539299037	1.4078192940001448	0.006886705557658292	-1.7730781126527013	-0.2301162998447652	-1.537717778134495	0.27383828231381097	1.105479761219017	0.2269669118315128	-1.0006744469424276	0.42509921685639035	-0.289613785848933	-0.14935382268155617	-0.09893520263580573	-0.43816964733219516	0.8091001845136563	-0.5706235763201812	0.5806842150313454	-0.5070689216386368	-1.1849074919584774	0.2301621342334488	0.49144470878407354	1.8684840048508546	0.17288049229957678	-0.7298848335205186	-1.2414401695677522	0.2548850685830749	-0.1809570745811562	-0.038080022728554604	0.7050070753526849	0.7350667336394919	-0.019828245107716042	0.8153547290249689	2.230415486006757	1.001271462196244	-0.08597622961282408	0.5825900672723006	-1.1784778506174582	-0.46037312341024617	-1.0353766029290339	-0.22772364929860808
DTXSID9036515	9.859782708038926	-5.462211884607288	17.155870177407493	9.491344880556928	4.578103657317854	16.34520218934337	1.9550482715446447	1.0928698700977297	-4.02849777667066	-2.7947327009191776	0.64903629717684	0.582884817839192	-3.544143287809942	0.09340671936824375	-1.7541964928869822	-2.7785715013842003	1.2500338859320732	2.9105003350692806	-2.7245505060545643	-1.9730025978279417	-1.4398751859108665	3.6729719710482023	0.6234948851400204	0.049004522249597234	2.3829134542926624	-0.16923456730370043	-1.272577530447599	-0.328512652867153	-0.0644216416958712	0.2324508074251824	0.125956626356078	0.8089812730951027	0.746945833824466	0.49866667641939644	-0.9672820397430907	-0.4743432236931387	1.5158439887303796	-1.1835976486512654	0.12284603904601078	0.5143051447697113	0.6748463305281602	1.148529413051016	-0.17967950023070534	-0.697527331673998	0.3247871296807478	-0.5064515364103469	-0.6819794146494808	0.6883853076044424	-0.22034486328196223	-0.6047651419380081	-0.10694595528813326	-0.8051278926577418	-0.03783832300530387	0.04151052910149513	-0.7191833637177463	0.8317045161563121	-0.17834717969685482	-0.7423862592051267	0.6960526409368549	0.24593709700409497	-0.4141368298138677	0.08800239059875177	0.21516185416410108	-0.7681208082184535	0.016586071817814026	1.032527744296316	-1.1206656600263267	0.486956488019901	-0.19462568081222623	-0.12866466896403458	0.20993716981029592	1.0043617217000569	-1.0458880077889066	-0.5746972225296448	1.2367814570672861	-0.8014531126214559	-1.1452268787177367	0.6388445042954272	0.7405732453038825	-0.2604423105290548	-0.3141360767962887	-0.09207231994053744	-0.3628906189244863	0.8384899525016631	0.4335991121439136	-0.6255380929727409	-0.35748397991131736	-0.6939535368417121	-0.3732225830409735	-0.8825858903930001	-0.8192464711375641	0.3091122085518438	-0.24860394342124098	1.0177103865266828	0.10141272959848951	-0.4778241563393676	-0.5237039476272193	0.3305775034002349	-0.3691452246138825	-0.37896940306433724
DTXSID9036933	-2.5547722434819304	13.275661795509208	3.152360564620391	-12.294156371537845	-3.350049557514968	5.693026868712401	3.4991157926628054	-9.751031651702903	3.024988632000258	4.179983423540346	9.779678343708929	-5.916403908894168	2.2353095513335473	2.2945235417671914	-3.7718048266781903	-3.8470102166752165	-0.36051201735975	-3.812037175987326	1.9717812910066121	-1.5282979476011243	3.8859851377771117	-0.5238857926549899	-0.49098834485246684	-1.5855241573920031	0.5594861526913868	-1.2715384361940227	0.48432744770047537	-1.2613383138562217	-0.22252923357207724	1.522221080238746	-1.0453694372643767	1.2137988211170654	-0.10122900008435354	-1.1185626939313602	0.0198079022162641	0.05738378790497841	1.922071995892243	-1.320149612223018	-0.17438294286566158	-1.1291797371784886	-2.6207244417779085	-1.855105953963559	0.5577542604839694	-2.1463570828168863	0.1891005618487663	1.2501322659629817	0.40575066751470507	-0.3407231567586805	-0.596935997722325	-0.5286162612170292	1.1967339084221704	2.29580687593816	0.21466868640701875	0.8231432211779193	-0.03547804495222948	-0.87459890818471	-0.4670381186332778	0.6924747557654733	0.8882180657815758	-1.456492176899285	0.15702559183669987	-0.3605548427485251	1.247856049572894	-0.13748197895259748	0.4127890918568776	0.15814176371963878	1.2430950054859724	0.8159964292954871	0.2656936914266275	0.9981628976088347	1.0346487670499636	0.5867511260137671	0.009854941843777013	1.4256122829642113	1.3655303741630531	-0.08849301796642611	-1.3846723050058876	0.3850371611386637	0.8996765533060582	-0.9799727842338141	-0.6707753858420323	-0.3690057045194316	0.9715037711441924	0.06008717724526899	0.3737689618075429	0.20271486819593892	-1.0717022400806564	0.0855111923505362	-1.4840165852211975	-0.172092895498716	-0.2987434213513681	0.8338460049632174	-1.1611121925159045	-0.12472709661908224	-0.3366880237929611	-0.13049374398511948	-0.08172572647615634	-0.5087526186258031	-0.8580153194276915	-0.014844598065013778
DTXSID9037749	5.5657431316302155	-5.291881373286611	-15.624314426987084	2.619359643382709	3.2195363881595878	-3.662810490340228	2.006085634842748	-5.641581566850131	-1.591729283362885	0.6785851316597573	-6.618384118733469	1.2178995313338963	1.415981308918993	1.5296339938124306	-1.916759958099981	1.5152650014916806	-2.3407706443894183	1.1584892440227832	-1.0983488620093214	-0.9001871226972743	3.1650103381054815	1.4716919671047533	-0.9605885951146594	-1.7324091765705887	1.6323492117470004	-0.5773655015328735	0.5820852381785733	0.38295368158880566	2.834048448719191	-3.1905544007171307	-0.41525446144883926	3.1527651800880623	-0.8949663265717765	1.1965581495641027	2.248317414358071	0.2705601680150404	0.11026587918986125	0.21775881779285716	0.8986372600175869	-0.6175426050909215	0.4158628779378192	-0.7623918299710419	-0.03774927344199025	0.5216345255818138	-0.9393430880483264	-0.9735083160366361	-2.0614486809320987	1.4012758932719858	-1.4154132807568158	-1.3515054296225506	-0.5832172969590476	0.2719023024902743	-0.8000289619045236	0.04684501087522324	1.4006805934800637	0.20766601176142716	-1.0623394010151979	-1.719958051499436	-1.0679905749749978	1.2735165105229165	1.320436631996744	-0.5138007472791758	0.13737397398471426	-0.41021596372716873	0.7200274972775812	-0.9328132645212541	0.3197071422483878	0.10688378542755825	-1.270307002035565	-0.4352298369976203	-1.5409301590751388	-0.5769498126998363	0.860294804103335	-0.8296106336133136	-1.3178770624142508	1.2231392120851303	-1.0458737218064806	-0.5450423934981554	1.6443678705720584	-0.16228082576381378	1.0486378132402918	-0.40109694077010144	-0.5531062351433288	0.7521671767072141	-0.457279203973536	-1.5861470818107284	0.3709342293288484	0.19802324869093318	0.05808790266267276	-0.5089789632940812	-0.6089427867012248	0.5464957475217742	-0.4824719384782421	0.5396046175438258	0.5383176330253183	-0.2683375867242299	0.9797719455407351	0.3373798751088729	0.7000510720227705	0.6174349315338502
DTXSID9037539	5.760516750156095	4.633525074802217	9.567253317109822	-15.979971798606613	8.494693039689185	14.25618862260419	3.3548458184733376	-8.222061991663512	0.2775672900485167	3.054196527568459	-4.299973710560557	1.985051894664768	-1.0312609977053222	-0.7682603488868431	-0.7872504465432784	-1.9430232918676722	0.13600441985936268	-3.4436554489203854	1.2353392652167015	2.6951280491401786	1.4290444993567606	-1.6250987335417142	-0.4766334085242834	1.708564597724048	-3.1552488035306507	0.054133127820543143	1.6496872314560151	0.3787806195518839	0.6777419096191725	1.2879698053364212	0.10603010211604026	-2.014594166851027	0.1807688996980757	-0.5830844903229675	2.8687317076148986	1.0783981374619902	-0.9384608500363397	0.12164386042637029	1.703994791992984	0.2654721681506373	-1.1334034601797836	-0.5611104478843008	-1.0492837635312708	-1.1884991017065052	0.25930030627924416	0.1608301436506907	0.24858140679195026	0.680490195947705	0.009138450735545381	0.5918026814077644	-2.3173670434542095	-0.11490489037902994	0.3771116741960791	-0.103456952160119	-0.7591859526303006	-0.13916722457276418	-0.34558720936313503	0.8383319359805527	0.16248433372779078	-0.8421330562468882	0.5177551359481793	-0.721192002936768	0.12373851375648917	-0.8079204470080896	-0.43879176805141495	0.2606203446341103	0.6004640907436236	-0.6409745324814001	1.0131854577300348	-0.21579849166963058	-0.5734711155735012	-0.8709298769817467	0.7292382689899043	0.6908102725588691	-0.015862643019597975	0.235195131110589	0.050454091121757014	0.20197218575879403	-0.6275997933558709	-0.44313377582614316	-0.1915363234875363	0.3081527741222118	0.5965191624732645	-0.2978615521424141	0.18867022751553483	0.40888727936966746	0.8877334178684007	0.5509506351550804	1.5007395857089967	0.3161261082821123	-0.37644267548898064	-0.4722829085669694	-0.3355308865256815	-0.16302950123127424	-0.8003137610735307	0.14128068965719032	-0.6551471342088417	-0.015602479538223586	0.17022883081861473	-0.578202942572523
DTXSID9040001	-2.514168284574957	6.094439592282685	-7.531949367749879	15.532566670227798	2.719318209190969	-6.856162586303322	-2.548940894836768	-7.938631365426382	2.3794061582398025	-3.2883301237370866	0.2299830727626359	-0.9157664711738004	-1.40904050829025	-2.934518795428448	-2.862927241826518	-1.4529490236595106	0.032961836717838	-0.05803814120056721	1.0306773070272848	2.9609825774211007	-2.0130540101054684	0.21790490421507025	2.31648605481911	1.6347148410987677	-1.4210443781571844	-0.7444575309432924	0.8786102712143424	-0.16464068605944465	2.796995483362526	-2.0065029875409985	-1.9792999231330048	1.0476152852738847	-0.3867671142742549	0.4382238658673064	-0.1405255389601009	-2.4498450702357175	-1.693499487086493	-1.6550241050463934	1.1906048172734929	-0.21192700139772286	-0.13269510794681313	-0.5193052287271965	-0.2446810486090521	0.1004446319935716	-0.8644823603715612	0.2061198651647018	0.349155603552127	-0.7154751010426887	1.0488888037313855	-2.00199705889323	-1.3970904762562215	0.38028060673103653	0.9830409966885879	-1.4031132871574286	-2.499115078916991	-0.24144650839572443	0.6312973781020218	-0.6236240199996226	0.2770414070871242	-1.0173742627762379	-0.27699510103973196	2.7232663341342267	0.11456205578044784	0.6512388551042849	0.1873306197691406	1.6017607765553694	0.8717049651526501	-0.9468488416319858	0.06575884150316272	-0.7124981913276301	-0.5801203883230136	-0.9853652281411275	-0.8371289798558392	0.18947519410293004	-1.508358373737767	0.6514874828422935	-0.29901823457752386	-0.25857752644224036	-0.037588370980419734	-0.3172892975016476	1.8683192125090677	0.8741964617796526	0.10455993644331277	-0.41846869144419574	-0.2888872140351407	0.18522026442232892	0.6517725214012879	-0.040829872933704506	-0.112269948109868	-0.12012436193691681	-0.9892389068268682	0.49260498726174046	-0.004097781342493174	0.9048553208095306	0.29888328455906876	0.0026253868240706606	0.053242300005107934	-0.13302060896012297	0.1907335805561295	-0.049966940229997335
DTXSID9040342	-11.556928106498916	7.444252502294171	-4.959776794181041	12.73467617120355	6.052356346614535	-1.0657206003034632	3.2707986939110603	-3.8671663848890105	-0.7311148696812841	-2.3014582087354762	-1.3131274073259132	-1.0574238992319276	-3.3677553612722244	-0.8468889690776125	-1.5238913493669515	-3.2056232314162574	2.8242561893392395	-2.4180992918130975	3.4315503730863064	4.25615632275543	0.3591170300592393	-1.5826562392052836	0.7354794079245732	-1.4543399559488257	-1.5780603405336056	0.12877862392100162	-0.25271082880433576	-0.36506208492141157	-1.1092678984032032	-2.5230117925804927	-1.0249187025436177	-0.8611876467142433	0.555442504460441	-0.0013051660755964227	-0.5306791272458751	0.06923282970106612	-0.8037078102492831	-1.4558249357598334	-2.615744546901759	-0.6264169227943334	1.5015654473809874	-0.33931948819491936	1.8772929643729488	-0.789574566787424	-1.471228113678854	1.1566849173779574	-0.6919269580177163	-1.032458430139021	0.002123126559006886	1.0959927357829908	-0.2735087106065724	0.5634354956594801	-0.8891332741407685	-1.1056911922407782	1.1342502501418643	0.6214735640983825	0.40437915898379295	-1.2038558858607966	0.09216732425080584	2.39829240659789	2.3674996042276044	-0.45842443754797607	0.8255189148754314	0.5591067407920567	0.23394140758312928	-1.0793114058170505	1.006032134077353	-0.30276003244992217	0.2630121607131091	-0.45531801299695657	-0.28369350136718646	-0.5559052162202361	-0.9488123109737864	-0.2537498318314322	-0.371442472078006	-0.00542109312344382	0.5296310912131326	0.03459830244399273	-0.8217525981927352	0.9009623513252253	-0.18326709727027302	-0.9653719905292326	0.23261947286366166	0.49384497960526225	0.2558671967763123	0.9310438457065244	-0.011173414588159979	-0.2902696713774356	-0.026839553203796093	-0.25306071479721853	1.5703940442213415	2.126277384580546	-0.7354689159682877	-0.435283351346464	0.8065282212922419	0.09284048640268773	-0.5492447391825488	0.6144521147569983	0.6426218145173234	-0.37006683131115625
DTXSID9041237	-9.979610156742474	-14.9343422758045	9.678382618103722	-0.9255181758330545	4.947869594295108	7.201915657138967	-9.66310806721901	-1.5873782456340688	1.8952534081697356	0.24712087676060535	2.5062194779264892	-5.60810905044586	1.2688858644632661	-1.1330338384408378	4.107506580204029	3.9415442940075263	-2.551687393574518	-1.8744483456834373	-1.940618753264079	0.5015069528942415	-2.0755212782213217	-1.0345851677127396	1.7149014370384195	-2.1325975700496334	-2.590727973610794	-0.743416429826178	-2.0902644971679023	-0.5437791869290552	-1.079950249753475	-1.2502481189689192	-0.01581979467363969	0.44315573426634763	-0.3210815305926865	1.0092080151905245	2.371973788729624	-0.24545649170807696	-0.28985321103390493	0.9719641287235944	1.2505404332330787	-0.17161277895224586	2.6265556461420125	-0.35704426693750924	0.8302812826967674	1.5128429511690349	-0.048269983707615594	-0.2775258945584314	-0.6801593090426268	-0.595917113038218	0.4709177155363677	0.6331029910844183	0.8710735945462027	-1.3837390360697748	-0.8554507275656827	0.4931340021499665	1.8148737858864046	1.6833357918348042	-0.2614832558179878	-0.7984558565502193	0.8018065748803628	1.111720648779343	1.8520596704773222	1.4640978426586688	-0.04130116249398638	-0.33094277300834113	0.19924651467247953	-1.2072468462284056	0.14280957751507584	1.065884616619464	0.40731691758594657	0.11810854168124293	-1.1158500331209917	1.143361772150615	-0.13115364384220024	0.5996755854484547	-0.6078002499217259	-0.15382737725597637	0.19754752282981633	0.36117574368883826	0.8821276951789936	0.05599467979964482	0.5288964668403328	1.3061416174589082	-0.39495316255802126	-0.8745987775581952	-0.5027864374903581	1.7186368810853532	-1.3263597481972733	-0.007247523746203805	0.7343497093117735	0.5277307650232701	-0.052552672312711456	0.3713912962350232	0.15790590191899173	-0.6181055127966764	0.05154045105040488	-0.07896625043256965	-0.5840908300714437	-0.49203082746527516	0.2157540434462763	0.6063520884253547
DTXSID9041289	2.38893944218959	-1.650086693773217	19.906648464522704	-1.1752607789906935	-5.716180576861209	-6.873040595532322	-2.445348873938677	6.630106802997655	2.7325280857710346	4.638124122527264	-0.6137751441630459	1.214322678919332	6.553530952492318	-0.6138749531551747	-7.270312739275372	-2.285091149980814	3.704867915166224	3.2969197068598453	3.9942729068169536	0.6346558357591757	2.8376347155789055	-2.9053575028070604	-0.16993604588340006	-0.9877978827665057	-0.13744982874258016	0.42882924928572524	0.0026731038662730572	-1.2999143333054661	-0.2396461129401433	-0.7667729766038083	-0.781135197911882	1.8168951316320725	1.9799807113154864	-1.970899011851169	0.11367588982110648	-0.8980164876786402	1.7337059351622823	-1.462401661417506	-0.049875251568799	1.5572771941138988	-0.08182699671076847	-0.3439459813073287	0.1649621830771064	1.358519177552629	0.9525838769717023	0.9031747633299224	-0.9901240263276074	-0.7851694642343992	-0.7193453882319749	0.1922261604392954	1.3151306063720536	-1.5685675568884567	0.9409544400215952	-0.5964322576405297	1.1882630816026636	0.4392851850265248	0.9627767523491052	-0.4165494110772968	1.327061681585592	0.5143284361118208	-0.4107374610573379	0.7485934937574048	-1.6820218882784959	0.1276546559226871	-0.17913369075348773	-0.2388649327145343	-0.25094790070596695	-0.6822067249807477	0.5940046994782188	0.5117176524804202	-0.6615473177495108	-0.5102115394334217	-0.051935466568948506	-1.626397914770589	-0.5766155240975234	-0.47678184269275786	0.329129294017405	-0.3653068879129819	-0.5471792368730368	0.3245319558502269	-0.05441993726826398	0.7571314338361809	-0.219901381219531	0.21137022802701524	0.27644407992271386	-0.016807068083241162	-0.2570774433309487	-0.4820958338506297	0.18983885804002923	-0.5677153691651272	-0.2773960299447405	-0.36748825626074183	0.28491897733992944	-0.430420568170885	-0.1191318064730022	0.5011454574085428	0.20095021086077614	-0.3463333087237075	0.5949303260624582	0.7603645557070712
DTXSID9041815	-9.675214166979877	-8.912382389320598	3.6101805904663804	6.866549816434798	0.32555149857698035	2.4475139933618366	-1.8871609069838988	-8.445015830223454	-6.611622399107999	7.655276474788962	0.9239390574192996	-4.077437521285716	5.232358864190033	2.1185355861952067	5.069836124441244	1.11542881852273	-0.7446548194215125	2.738202691361087	2.7745053358550726	1.065148807652203	0.9296283088851341	-0.5895352532334209	-1.8753423201612751	1.100004007450576	-0.617430980035816	0.5842825838872792	-0.2637988841641114	1.0843954105820102	0.13111539184072654	2.72163417089188	0.17545765248561512	0.7690100571520326	0.12048664684624005	0.7976596828516852	1.7273552081170565	1.7801772928502952	0.49791769985438566	0.5799988683650718	-0.6165636597209673	-0.8789787388906182	0.33383692698662804	-0.917242375265138	0.23734478702437523	-0.8356776243604818	-1.3443331052527152	0.25990512872865656	-0.4431098514113786	-1.740971781104289	0.9595128644956799	0.6318999884685099	0.3720059772485524	1.3985980866629337	-0.3689150175653831	-1.3625804592308053	0.21746173620934237	-1.06973711599947	-0.02363535957953604	0.6499520381156123	-0.9772486191541353	-0.9078431970930698	-0.9007386278829661	0.11143641419039636	-0.535422908269775	0.5482467295523447	-0.6073469505656014	0.0321763522164385	1.1509777394081067	0.7865985078708655	0.22533863715915112	-0.15217365610867847	-0.8392435389417321	0.2097002288555128	-0.13122546568344085	-1.0787091079338023	-0.4320185550486695	0.7092247660040673	-0.7517095262580289	0.5689931386585948	-2.2632752246954784	0.9392141294922588	-0.1469494986819817	-1.092539348308105	-0.7386469016497165	0.22478662313402362	0.21688977686500038	-0.3051318297161216	0.13893192441145294	-0.9447908413185224	-0.7199479589192155	0.6168436003925762	-1.3261954944975396	0.9975131752978982	-1.04123714068391	0.003894503603846051	0.6408427165929409	1.0760168192671857	0.2917601118152749	-1.1205097557843522	-1.0650510831700126	-1.4509571372012964
DTXSID9042209	-1.5561792404727233	-7.76853492373545	20.418209540787657	-4.051234618859019	-5.685527451429566	-9.390537284139771	-5.775275239984415	5.326420868405157	7.4261879490224585	1.0272472727736166	-5.684035766126557	-0.759382015666277	2.9456210643509353	0.43338192544204174	-1.4097659935008406	-1.9236542796631169	1.2596987141454208	0.9391835719485876	1.158071584330556	-1.507271824308973	1.3611051420451572	0.516376704153621	2.107041013908672	0.5257679311820508	-0.4072316888355019	0.26147690371639803	-0.9144247753465076	0.044692451869356505	0.9324201854568102	-1.2567261729651455	0.7659531025708289	0.5314015170122703	0.4024476928018642	0.5796567434278439	-1.1765830129779862	-0.8730931577375904	0.8033246350946633	-0.2060127833955522	-1.1337736948624633	-0.10590006704059132	-0.03657410986985636	-0.5774380096013001	0.4170941347616668	-0.1262208948475654	0.19957694788021563	0.9195550609669396	-0.08721169111124007	-1.7222664156204988	0.2404359260536754	-0.8095159297860348	-0.36392953267502276	0.20085194029857203	0.24571147057906556	-0.1878221918856224	-0.648555050274718	-0.16065614270189288	-0.41872423463595715	-0.035460767786163555	0.6707399023771572	0.26503799732302663	-0.47267288322283285	-0.6908627764148092	-0.11528956862604364	-1.2975890517958655	0.44458604689869236	-0.8414236464659539	0.11372678735340198	0.30427362964256993	0.3028611550365949	-0.5084448386521127	-0.3039838450724091	-0.6077129845085298	0.44529156448349483	0.6090020556307324	0.7834291528471558	1.270592013959735	-0.6458306053630246	-0.4083977645388395	-0.2707781959193711	-0.08194000429493999	-0.17988125264842347	-0.7054042991811713	0.36429989697276494	0.4676850854747608	-0.16517524656364363	0.4041216749850501	-0.24530992247901665	-0.35589513650799204	-0.9373574348377133	0.3265593462461395	0.5237676223356788	0.7314474549591476	-1.32001378200803	0.01141214963507889	0.6349678598644611	1.1650347338778755	-1.216106712392171	0.1127734532977523	-0.5684767853782517	0.2626276760229949
DTXSID9041653	-1.1653489474716214	4.993022850712995	-3.32765319163076	14.870371020185866	1.0741575702270483	-5.7535111287839005	4.103363487051757	-5.649008626952663	-6.8757631581936955	4.944465757156102	-4.402762364414478	-1.3811818809669936	-0.4354892222583273	-0.9661014318755449	2.643203961965753	-1.2711300609401712	-0.6334830454692628	-0.822470257852064	3.9613544790910042	1.2781687722560338	-2.1979170872099227	-0.36310034252960327	-0.6136665506159706	2.5389355126410766	1.5578103599998636	3.536388285524237	1.8945917340589205	0.66259839901785	3.3309035745965963	-1.4561977196205775	-1.10060957374704	0.39596779370015084	1.2710517194843738	-0.28504236213071976	-1.0642498688403201	-0.7387889822130181	1.0707965826594301	-0.3146590247400694	0.03018043860652715	1.6055038677675288	-0.42646587614328485	-0.13096374323134619	-0.5750029882375578	0.5450944980580106	-2.3879701858033173	0.5057799681817645	-0.5997212733235178	0.3347284131981588	0.4826612757041036	0.25712601777048866	-1.4022838949379781	0.7483695310319988	-0.24751511613756555	0.09075872526436125	0.13718157734089928	-0.28660798288386835	-0.07100453519256632	1.2734566772877254	-1.6178256512750755	0.46304545678072445	0.6388137015689455	-0.2289600214474157	-2.416086751943919	0.3402271041791572	-0.857870585081393	-0.9048379677827861	0.7464087336206854	0.34864361179328845	-1.7023311551521094	2.387360568111849	-1.675996829765929	1.5958841207788759	1.6324817665331446	0.007561619285727106	-0.37167210936519274	-1.3270799760803915	-0.3314201490235673	-0.08890623941410286	-1.5779250701228393	0.5628621434272189	-0.9352958543522361	1.7264407991379545	0.9319845167119861	0.5963547503453889	0.8321811451741636	-0.4473828607524544	1.116935682383576	1.2508054505285164	-1.7228051774481439	0.45272727443521554	-0.6765304843692059	-0.6653956671335235	1.3817938313514044	-0.21968724305654072	-2.1150064794869428	-0.7478624134140441	0.1746212861583932	0.022585647692111847	-0.1501533194364819	-0.07691621787604681
DTXSID9042415	-2.7410966941173944	7.363042037052099	-9.042138247057085	0.8963876021189885	-11.27893777699104	4.821645988131161	-14.892225365399245	0.78870185192471	-5.261457103202723	-0.8989355551020695	1.6719646693571613	-0.3636605026788052	-0.895240308031642	0.5134262784198621	-2.428254826839481	-2.3598460787435123	-1.308376919937068	1.7189130558831742	-0.5125395217421098	-0.47678493200016464	1.1848539077617821	0.22891707261172817	1.3313183356684004	-0.8087894241837369	0.2979399482913745	1.7747605485153046	-1.6134342429634945	0.9613877446995275	0.9866543927539992	0.8171917185364534	-1.48361777446661	-1.6654150467594295	1.6858686642233742	-1.0287831058083217	2.289356306317089	-0.3404630479103886	-1.64964803662144	1.4551761949222404	0.18926181468612047	1.3565876173425186	1.1402660290235698	0.7479084026223874	-0.2823259163369812	-0.20818983737909066	1.0707825202314778	1.7974681426480414	-0.03899558696900966	0.7404604678070875	-0.901914745299162	1.3582744849123225	0.7701538756574868	1.2070524361160038	1.4834575723772858	-0.2880903172993626	0.2818285302520881	0.06613909627163664	-0.21682332367645496	-0.5073452028367207	-0.6718898014617	0.7228300465519633	-0.7347703541410037	-0.42205055760540083	-1.4036896542761634	0.5791402838310726	0.6290403020338667	0.47169591080021855	-0.7437524699660814	-0.1580495634275958	0.32961769888255715	-1.0939145306194842	-1.5148972968333965	-0.798031460637036	-0.089092622290172	-1.40778528115375	-0.9742276617194741	-0.1655601526038279	0.05481371392370864	-0.5612539178092704	-1.3847300306302217	-0.6647590964545951	0.15212322128527547	0.3413661842854983	-0.2885103233193631	-0.1875634530104612	-0.11569559884161879	-0.5030465364686831	0.025620346803292497	1.0205346081817386	0.0268775810883448	0.5699514640302417	0.049620580625674794	0.07434887487202117	0.43181922817621204	0.4928040523370937	0.137518796142305	0.3504994529520172	-0.9756214980058439	0.504632702866285	0.15166155241385626	-1.0560145935479341
DTXSID9044536	0.7926811262746416	-10.823955580999389	13.198239185334028	7.649208948337646	6.819894663547055	3.9874202198457365	-9.317582696292916	-3.022474837077041	-3.1046046841341868	3.5343644937913403	3.607598011325288	-2.9940400075370124	5.800893713448664	-0.31813162252337074	1.893546672591234	4.495125249786501	1.878427150441063	1.8018329340815584	0.9133139399599884	1.167370801793194	-1.0421155576870138	0.7795425255748535	-0.5524155955912339	-3.013207789852678	-3.030254924460297	0.6759656635389877	-0.9460022310238738	1.173441446844815	2.2086524545088846	0.3536365962522009	0.20201085545719366	-0.45680459040919574	1.1801660694006635	0.6612834312265972	-2.6195374503571376	0.2231497351843265	0.45314443756484796	-0.7560955117829871	0.41944103086079887	3.263531060159015	-1.0017278543994272	0.23878216820507786	-2.156232710980514	-0.6278531442950157	-0.29982245272258773	-0.41692837928113896	-0.6039060476125835	-0.16102480739140654	-1.0937498717529182	-0.807364215955022	-0.00968990459762024	-0.6592959973346764	-0.161361504277373	-0.9924313771266158	-0.5128344538125594	-0.053220670566548584	0.19087706794692277	-0.27875323291430676	1.3377747968473113	-1.5957675583419881	-2.0188081587754336	-1.2364662997997118	1.8795743589179907	-0.05113630162179132	1.5482216991330713	-0.5749377251800922	-0.4881273987895437	0.3291497169903742	0.2651909864117206	0.23913201831454178	-1.1399722706473332	-0.267135218245231	0.24513208028505712	-0.2738730713750733	0.09550533989954388	0.7113187286222591	0.11564319570320751	-1.2834494750831484	-0.21649287537302347	-0.7229413985293903	-0.23902177232770666	0.5680481476008874	-0.7542990277522564	0.0006409988939286398	0.12109867433490451	0.29630080117555874	-0.7555396372438554	0.4885560184269071	-0.541252425701285	0.9503251773007716	0.7987332059909535	-0.6111789362502928	-0.16525433312868232	-0.39139335675557463	0.1494692962613708	0.13238045956086358	-0.414827029624118	0.10801884958444552	0.5303091302998287	0.12510359996593295
DTXSID9044538	11.862795445912518	3.5273732722051014	-9.151791830143035	-7.822086220320953	-4.238219990037176	4.256522863003129	-7.019028027276446	8.544455870680052	-0.8418492474196698	6.128604210508771	-3.374627660935207	3.3322272660053818	0.2135313944790047	-0.26626609340002405	1.8816411684275962	1.7768325173063293	2.163852878653329	-3.399583405844001	2.4790652817059167	1.3141911621586322	-2.0425516675485946	1.7979113070927948	0.38921777242642897	0.4321888029286553	-1.6959659601217398	-0.14550334899643103	0.46623715436917595	-2.211009639827033	-1.4388976946070393	0.0280582619153225	2.8433094238079404	-0.40161449298876234	-0.3916940940231994	2.40322099116921	-0.5339903703449658	-0.8000672529883767	0.15408563780183038	-0.6889952989069927	1.4591418179168192	-1.9004041606186068	-0.31132292394223965	0.3809725957626913	0.396283151678207	-0.44706138169483445	0.011571430350132618	2.588282322108543	0.004445451936167036	2.811969657998141	2.1777680186311987	-1.49105140478918	0.4930432594933673	-1.1907416646386386	0.11101861880781767	0.9951822247982092	-0.2591936331902234	1.9212978741399078	0.527371552861639	-0.46098832693885233	-0.1887049880252524	-0.41848834588701844	-0.5429411216479202	-1.3981821485596024	0.6933033576395126	-0.6991524446513148	1.4495307272163303	-0.8989049829214023	-0.104861486642133	-0.18943706333989876	-0.09892313883583763	-0.9666974558405665	-0.28435545914141086	0.3647855148213458	1.7876851992889753	0.655606937162998	1.8687845766755935	-0.4285123643773412	1.0495921172115055	-2.452866959802088	0.9205277418752669	-0.5908145650937016	-0.5953476915797178	0.6247348176431833	-0.10856637844729544	0.6582576573256131	-1.0956945367539108	0.4251021716253956	0.5145526426157739	-0.3533136424778396	-0.5146934394651702	-0.1816151869055521	-1.663682541398229	0.7819429824739412	-0.5612374836531473	0.42091357424697606	-1.2001071682574358	0.03201629790000638	-0.20622853267294722	-0.07717237890259832	-0.31525074490888266	0.7981294203840643
DTXSID9044663	20.430641585136016	10.562167546027212	-2.936390957392474	1.5146627686326462	-8.455676918719208	5.90149379297277	-2.6440029894960966	5.327491949987848	0.5096969968264512	-1.9696149199771267	-0.9111553748686525	-0.17853794051762595	0.5485323870958145	3.8762631567325823	3.1605907802996276	-0.545350209390675	-2.0833667615065994	0.950189243927554	2.0321708690886116	2.2598648079158563	-0.5379186180060535	-0.07816648323797565	0.9464045154913584	-1.9279051042620607	-2.666599845863737	-1.8859634311094111	2.345668950592408	-0.38269724542846806	-0.526099968561401	1.784952914214766	0.05914082691599499	0.5799476394449921	0.10442059286730616	0.033697277776593475	-0.29402830554133214	-0.8968453191344392	0.5639220221273916	-0.4729474149481057	0.15312787722042698	-0.49119670023301104	2.1506330495846626	1.1749842323125437	-0.0584236477786095	-0.15175377957569527	0.9391681604404247	1.0888755352263164	-0.7929761473699152	-1.2618944092320137	-0.8185911929251023	-0.6482939775836996	-0.8692121499098905	-0.798056527931168	0.6944225375810567	-0.18676814047900678	-1.1549737890520508	-0.36276748268015635	0.2787084504213356	0.273875782647627	0.22780818376650305	-0.8148571749781806	0.633881897324638	1.9200138063312466	0.39149251794372436	0.01648052391817262	0.1495872486860432	0.27167027474445515	-0.9717006090028109	0.4386670165089603	-0.9700259854478617	-0.9022452060308807	0.05613293938519542	1.86855147407919	0.3728273685673924	0.32592925433859093	-0.2604137415799471	1.0315686655738066	-0.8090411747185345	-1.1169536954099795	-0.18984776609821846	0.7971459182581921	0.28280187801130324	0.3334118369759514	0.8606964185819506	0.056489093660739204	0.5453735126452001	-1.2765177830120107	-0.20594529247238053	-0.5711913227603211	-0.23426416307381084	-0.7071838225515089	-0.5018493615284109	0.7670856771347119	0.5950935449552156	0.46826162141250277	-0.635200038573898	0.4007273307488453	0.17809695361053746	0.5788644180655462	0.4436786902687917	-0.18274111915774874
DTXSID9044823	-14.301931567270195	6.126662912103077	-2.976137423206958	10.611045761659419	1.8984813126323272	1.742614793469155	-8.095173344531789	-0.3668246781056528	1.4521517819869225	0.1089497746385927	2.173338398185029	1.8157545698625077	0.325245973558247	-2.4058382026343113	-1.0103271209007179	-1.4326238415300037	0.13116098303618942	-1.202167972020332	0.7816814982504711	0.7672602987338745	2.0600779204695305	-2.0292605509355734	0.8822441997766359	-0.34777769947539466	1.498177358778005	2.4826065286283066	-0.8889697466802149	-0.2644498229750205	-1.8106816700711454	0.190588267904595	-0.9868869909636749	-0.4319821581509266	0.051185296211738014	0.2693509646668548	0.5698109652417462	-0.25023679138897975	-0.5267925763581932	0.846047649431008	0.6420171095665113	-1.8266695798543218	0.6759417086083158	-0.5393918147905628	0.6620232581629811	-0.8434742512417656	0.14240647352229585	-2.2458725393443286	0.1648394331333198	1.213237210590987	-1.6525942165910936	-0.6763370481932107	0.1865274997510417	-0.2612708964345421	-0.4259018534066156	0.7061811967310804	-0.8334832991508105	1.1898248678739334	0.3880850736755835	-0.5930343479033854	-0.5209672667472275	0.24512490120663313	0.2113665905798927	0.5314591628109155	0.8415510151626527	0.6842547035680037	0.2799889694754888	0.7967173582823959	0.00604876296584401	0.44690398508248613	-0.9713950827584444	-0.08026445895707593	-0.2017053446360491	-0.7089095734013575	-0.15931574631505635	-0.7633705435322484	-0.1257744213987317	1.286826993387821	0.20980003627325827	-0.32996997921688703	0.9536378528258442	0.019143075686550968	1.3942151139580805	0.03377718193729917	0.35175272266714425	-0.6769906633187553	0.10412094060194883	0.2675694131815674	-0.1413959450861068	0.19041583758916336	0.18897222478515865	0.16807352885473523	0.31471161854534485	-0.42434697854007836	-0.3785559959328393	-0.30784426986645386	1.2220609588941893	0.9616427081733196	0.49917283512959737	-0.10442766696789141	0.0197279680580077	-0.07544228675051208
DTXSID9047178	7.929013540889732	-3.0320901513227665	21.00893760759739	-0.6135995167782928	-4.721077359350982	-11.88125921910991	-4.345365375378272	2.6188482957533363	8.94670304015446	-2.1795925075432665	-6.2964735229754645	-0.772494564552568	-0.5148513364984088	-1.6728185362812433	-0.6521961776679386	-1.1074307524053382	3.4238092841392853	1.837514725200366	-1.4432453932291067	0.5667633018719157	-0.18705169853068962	-1.0538640444326774	-1.657376769343758	0.7934044686810385	-0.29035276286776013	0.7146067343684938	-1.3147285476388608	1.004371145008906	0.15584930364988644	-0.606232512062802	2.2228727851916585	0.5574653462860845	-0.157880777868043	-0.9654525243174192	-0.7305491738831237	0.31217665759998925	-0.22118979915482323	0.8509241689123981	0.3905555522090235	-0.061549071959290956	-0.4190517150863986	-0.39893399568224847	1.040567125038417	-1.4693710968173295	-0.010516869653282579	0.7002780135128382	-0.16482833235561253	1.3775861633033677	0.36414007957779343	-0.5770533486507703	0.5371177332976977	0.42800507510710656	0.10164039969527984	-0.41133312801327004	-0.9467486910323071	-0.22102138799436624	0.8775489226861031	-0.03947133755304365	1.242759997952775	-0.35208432158525804	0.7976978812702535	0.6187129169360109	0.3079099535761336	0.12798043086715633	-0.7928079413073703	-0.7476421558138739	0.5081118433108487	0.36909429614043854	-1.2687148883981245	1.0672295512982555	-1.6017289217053323	0.44027080834904786	-0.7446066140348745	0.7124704165308249	-0.7832026264658705	0.16329464399683039	-0.6452986669570556	-0.6512126199579814	0.6259527402801932	0.22624968429288386	-0.13074794072440854	0.753383294515715	0.6922767061405314	-1.3998788232879873	-0.7195953555761004	1.1047164869035544	-0.23930274564810997	-0.2227723788913999	-0.4980987438044895	0.016396609127379395	1.1293192772901428	0.40106682227478513	-0.5449449480331041	-0.150689732751732	-0.3082503295225458	-0.1479202786022047	0.524953104289481	-0.5468620230713439	0.27002519650721835	0.9853475508079026
DTXSID9047205	5.99147878942882	-1.929520099576911	4.2502484692144336	11.473819829178359	3.153565466311388	-13.645492355519153	-4.309043341867345	-2.7157359453271788	-0.19088045752778088	3.0628253814320905	1.925898241899679	3.8505876058972897	-1.0372639075859276	0.4592114324948432	-0.21018624910101344	0.6604221344047082	-1.727056866531448	-0.009185512533228435	-0.4645389983743033	-0.6265265542234195	-2.56377720516344	-0.1348276618043281	-0.36668125843294896	-1.1397952829376021	-0.12703658426852465	-2.9440236764030345	-3.3731178715155075	-3.079684919829084	2.303509424786482	0.44748287087984595	0.5046310628329687	0.23462535416269725	-0.840452923876187	-1.7126744168328885	0.9975062522339323	0.06706634684413196	-1.1382741890299428	0.6975837717407726	-0.8611080220710028	-1.53355430283721	-0.5834382692629392	-1.9877065316338993	-0.19448025375537797	2.2272272110859466	0.4694986679782821	-0.5861359494111149	0.3173683783110437	1.7751337608246467	0.09111582708624878	-1.104271683390233	-2.442143917126109	-0.3494083473268607	1.0793256993176088	0.08254077247185833	0.11330966359428728	0.2681062415622447	1.602020626801171	-0.20047829018442956	0.2706268327859631	1.6183503543368738	-0.17944622601453883	-0.9960211300679382	-1.0662936169107602	-0.4702153980561449	0.3368730891086233	-0.8621380747068428	-0.5846218865226825	-1.2929345297123431	-0.26940123578097236	-1.1308539753927467	0.6788272016250798	1.3927554844534213	0.22110481129863452	0.4641697822871021	0.6898599338965516	1.1130408043818676	-0.6413856078811666	-0.7969404621679039	0.761514274654606	-0.03051633756141083	1.275505554376365	-1.1020815760347387	0.6138965411356231	-0.40147001594663706	1.892322601403698	0.17865964417030344	-1.2413256641190054	0.960361848984949	-0.3438873914937986	0.4547061954437977	-1.162861081200204	-0.17753486222001788	-0.47710717221648236	1.0360186984217066	-0.7805457302049377	0.7217218142205366	1.0025423129189466	0.39632257176545105	-0.24412365658356644	0.6222402175806033
DTXSID9047255	17.021416594975847	5.093435243748091	-3.3060704302137696	3.0778331930520038	-3.7930113440138618	-3.192440601982322	-7.541184696472403	6.521130802435668	-0.9159955569722886	-1.2879485783995577	3.4885884176623105	0.16153758327356368	5.475749221697608	1.3294434798806514	2.2309433710921605	-1.261958448000978	-3.419590568688475	1.858394592375087	-0.6871518220521792	3.025286219928762	-2.2756506656939672	0.5264048713861926	-2.980359243537963	0.718205344741131	-3.0437154120541554	-0.6998878300782349	1.192430549149738	0.2060139858215372	1.6771962934347604	0.7792718773308559	-1.6705425427386547	-0.7234410853638904	-0.2412655961271935	0.6155805868229237	-0.7054033928600475	0.2104141362635822	0.4970117111109468	-0.6958378722583252	-0.0846420236412626	0.41606270577241933	0.6747899484459496	-2.5680225161976447	0.9416282582732306	1.2079679846887281	1.3768807354691361	-1.9757775221550404	1.2357958116725027	0.5938318340456555	1.3259801977641776	-0.3878364401014441	-0.37578066123026493	0.47725187916377404	-2.284345844201906	2.450770893736927	0.579806407381747	-0.10885442696556105	-1.0145030107402702	0.6543572217097919	-0.34758679015496863	-0.6202862354212112	-0.46803707183925936	-0.43329930296505104	-0.5579878401771672	-1.1207312320412561	-1.1824304105404209	-1.1928609612743464	-0.8561031646001229	0.21827156663084474	0.08783242500277938	0.4370729541612932	-0.20908977722201322	0.435747073604607	-0.5147550419710363	0.12606773672337304	-0.20559884027589428	-0.7988136984348926	-1.3302370348809098	-0.3990336474435439	-0.8309631889530333	0.291644129025019	-0.21265168879647964	-0.5800497977809886	0.7125800878339065	-0.16351443588650902	-0.05255828748707693	0.8589724525528057	-1.51913960964804	-0.27960137229553694	0.33727817900242274	-0.39504045307700064	1.398783582209598	-0.527366289315864	1.3770194662326003	1.0558606349332542	-0.39724399867601695	0.3161528879898394	1.60691748654546	-0.7504044411686686	1.342860912505035	0.24291301288221298
DTXSID9047251	15.414227204691548	-2.915133104164698	-6.080996417450153	3.00629894891388	-3.6594766771974094	-0.8264297469625921	7.154367396428123	-1.1952349019097765	2.5511292073881764	5.673200121529019	6.25690599861519	0.830452136804835	0.20962810882408717	4.497180191729724	-1.705007886981648	-1.1715024653255839	1.319808150418453	-4.092851416112148	-0.3327086106582205	-3.320234166928191	1.1386945570368705	-2.7042440576537645	1.5687226145741677	-0.9796402010644748	1.1609960059319637	0.1592176131363258	-0.3432190001959257	-0.46039187965921635	-0.7279731497449724	-1.9682020997770078	-1.9573799970502397	0.5184638827865689	-1.499324276028659	-2.1923790851626395	1.0143426972411551	-0.8196074960418009	-1.6938499654536316	-2.131732832763051	1.3718416790084031	-0.08382426117227137	0.9628065793888917	2.4956519845585183	-2.6944129280718028	-0.14326663346816834	-0.28679464616673217	0.08781377061919891	1.5321576844801772	-0.2334323028045087	4.705319270366431	-0.65804447737694	0.28002629751287744	0.17709258168976955	-0.24920359098273878	0.2948202458657575	-0.8735329138259694	-0.9048887844889305	-0.6862892977066347	-0.25487957491185886	0.2615336244723932	0.29251996944891884	1.3238456030301609	0.24919895967838093	0.3581788291329075	0.3209427463206621	-0.48926538474309444	0.19239467770788526	-0.8876670695318017	-0.8660995707418697	-0.6922143075846289	0.2721837494408506	-1.5614836219519974	0.13511830393778193	0.9121025556518917	-0.10430280027871128	1.2065171555834935	1.3818741097639906	0.9766488788242935	-0.281249391544438	0.43678505775853366	-1.2576768233101756	-0.03293849432032424	-1.0793812251197756	-0.993252326526839	-1.770798497813848	-0.7352820584720844	1.0512109746744858	1.0976003802302867	-0.24574745375486812	-1.0031218952965386	-0.07898149543701807	0.49743324727883026	-0.07876525302821236	0.38469218991720744	-0.7127395295234528	-1.0122542327331823	-0.3611471038319838	-0.27836919341644867	0.20727426400184634	-1.0590839640323246	-0.056411419686679475
DTXSID9047592	-2.813857605589567	-16.35071206420657	-9.949143065384684	-2.147892150507172	-5.395604689293161	-2.845013754419518	5.949949601005991	-5.41456443074145	-4.137354900852919	-6.62693576943305	-1.9178903227551036	-1.9884957312642693	1.1801621257129646	5.71943975251977	-1.159884257751187	-2.0097775564864624	2.557767662404846	-0.22289358320548286	0.8647699134787535	1.0964229257513045	0.6571485437576651	0.5236280247640653	-1.2400596846604983	2.055538092001375	1.051164033332042	-0.003957536506273167	-0.46264729226960627	-0.6512993837634719	0.03215633506511916	1.8233788345352764	1.4292180259935672	-1.1996626374912418	0.11830492143830718	-0.6621286360670454	-0.32132176988952793	-3.062883605095918	2.281974349990058	1.1002933121082308	1.6187707974558778	-0.4264599016983652	-0.6030416737513753	0.6562008916334802	-0.5281200157253184	0.5733871287405583	0.09193214190143975	-1.1938930682030302	1.0995054526607668	1.581687592054665	-1.0884886110698562	0.8063920815673613	1.3664694987328971	0.2647745726192996	-0.4472550850698203	0.3301699631378972	0.9361424103082853	1.747367057356597	-0.28650702434001657	0.7158818083026647	-1.0139159367253692	1.1492152862643965	0.7324236478864234	0.43329163225941464	1.5639652661789243	0.04473995264152125	1.0566530345417697	-1.3319186642704062	-0.5158277137021118	-0.1868847976479769	1.0845752525314354	0.8214881491515561	-0.1845634470011801	-1.166271302951886	0.185857871269904	0.862092580717167	-0.19139818645649523	1.2909116826167506	-1.4266335790315567	-0.45342695815321427	0.8895159537680454	-0.95979790609983	-0.6416952548036868	1.4038234550417548	0.8291193465599785	-1.073299217729163	0.641538622522845	1.3794875797501978	-0.09538249551431903	0.024219925057810558	1.2569014387364472	-0.15482821251113202	-0.6318950277998925	1.0714663200435153	0.8756983306565151	-0.5871686851497885	-0.5094249179090006	0.2196333986978054	0.5880656977392644	-0.9948611365974167	0.4797026736740309	0.3517435327319899
DTXSID9047542	13.289478955909544	4.804364604023457	-5.597802280850972	4.35140105114972	0.35874994068701105	-7.336741726083897	0.24089303772778686	-9.404091690819172	5.313237022437249	4.858766087021475	5.4951838369154995	-1.0230072776648274	-0.9012332257103219	1.6392282846909136	0.25569738038534756	0.03663831819310146	-0.4847660622103477	-1.5423237437819806	-2.7996497461471646	-3.828920826280122	-2.610210527399565	-1.582947599061171	1.9080121357149025	0.7063017732064201	-0.9029956587648558	-0.7675531594628127	1.1206684994211362	-1.3132631563452195	-0.46667644450041573	-2.9731931297491005	-3.9336550510829977	2.3991125839926046	0.7816816845908583	-1.601486039648429	-0.404887853623735	-0.5270660819644293	0.040317502420418094	-1.0390279958774953	2.607861026966588	1.0116710071784272	2.197755307458851	1.0543232371493854	-1.535744123690262	1.9036050241074711	0.7878169193828388	-0.9601745582173399	-0.38489748014853914	-0.21944682254805337	2.2798178641408837	-1.0997404214795496	0.23215584984769838	1.7614024170162463	-1.4622664627634734	-0.2392111749895894	-0.09609389722931731	-1.0641644243528958	-0.8625451977996446	-0.6094258903638284	0.46532477344464174	0.535341982109422	1.30560293890296	0.6082492283385876	-3.2101164720474453	-0.43161025571893125	-0.4080994066343376	0.5628136926893896	0.22096926345807455	0.2197363272600161	-0.12540644710716384	0.9348036619604053	-0.022118684579501734	0.7563111836258795	-0.06013662372629322	-0.018470650590467118	0.6924766386366636	-0.7531546544401092	-0.3005278856494071	-0.44352223202040714	-2.195703887407896	-2.1082979317479813	0.03195779414988266	-1.6795424448716831	-0.10048841027547525	-2.1566835097179946	0.33543519471500777	-0.9446008002581323	0.8163919108684478	0.30325112046915614	0.620868553638156	1.4101160224136597	-0.7841113391188326	-0.0867101185493739	-0.05060043275471727	-1.5522239468249015	0.5302041098299123	0.643366121310628	-0.6021341293655089	1.8028680771321541	0.45607330180697375	-0.4815941803468878
DTXSID9048190	7.819074610673153	-3.6787354244513595	19.314681602454613	7.841981381345228	6.9954614929204375	13.005130088352047	-1.7717233688815306	0.007530776924514497	-5.584524345312787	1.4112710741325074	2.141062830292833	-1.5978372312084204	1.4934829601736064	-0.15853532509255913	-1.6932237577035467	0.4265313845328259	2.1123284752670077	2.0202469458633123	-0.5968649190333775	-1.0092517970396069	-0.03871753559167	1.2738275965916466	-0.06945890484486582	0.0760565253518207	-1.6158196840322478	0.9635524534109173	-0.8770109978419012	-0.2001488934964856	1.2234833187457372	-1.0802323903214284	1.7842838081745473	1.2419918828166137	-0.9478814220752494	0.1385609202012203	-1.3430136916815507	-1.250636919851697	-0.23843837772153198	0.02930002585872619	0.34182612306207494	0.9588021760494907	-0.6336972286463192	0.11810890776574051	0.08314364442763654	-0.13567613633996126	0.8157559983695316	0.4223522225192895	0.9909205990263865	0.21661871126267684	-1.4473954223621608	-0.6124330793603522	0.4181585846690926	-0.15184315119019143	-1.3442095359983794	0.8423911478094567	0.15451170675741202	0.12028907101645397	-0.24824581303960297	-0.1220586413275778	-1.3401727425480061	0.13761046530037516	0.18113140057610572	0.5434914224301101	-0.9955484436191873	-0.9723292482157746	-0.27510481714571894	-0.0761731014267919	-0.603005709326695	-0.007786216302595496	-0.8472489098483641	0.4273378043085791	1.2715710804095317	-0.22142271441520886	-0.8769629047781937	-0.38033019353631997	-0.2715132667505142	0.4121915954208694	0.9253303313419811	0.8946285310649771	-0.22555239959973344	-0.9063801564055817	-0.2946274395895274	0.06195862808611043	0.032794033615406594	0.5241238059745394	-0.45072564847177804	1.1379835930960882	0.808874644849382	0.41723831695198466	-0.42732836138205166	-0.638813793949188	-0.3892243050750471	-0.36137052467236747	0.5321568937983575	0.7145138233661162	-0.6598528780407644	0.6688645689576541	0.22784026136650204	0.11768784707324653	-0.8250000693209864	-0.19107136190035764
DTXSID9048510	18.291276394449874	-2.6144768695052427	-9.563838857226074	1.1273062216246805	-4.686525501635812	-1.0259251228666466	6.481745066692354	-3.7793697792925425	7.402894587122958	0.28623061598963695	2.7698640792718523	-1.5452090703231198	2.413661773699483	1.8143235765424068	-0.29307022563450574	2.01661015427515	1.1653403296259324	-0.0584667733521367	0.7665110741965666	-3.8131235394134353	1.7119056709119407	0.44987210647181336	0.5864337630259104	-2.5009838550752646	0.9309248553725022	1.2327034912400636	1.0805146205014404	2.617047880993095	-0.08695452707123488	0.242662641912216	-0.36811482697825054	-0.8615204584436802	0.7602934500937529	-0.5200390546881006	1.1815652412957771	0.41973314170813114	-3.408655750709972	0.8939278305405864	-0.9391933131694806	0.4323983385894086	0.8748289048133897	0.2720743934649861	-1.9351262931870674	0.6213385280569133	-1.7806506652893497	-1.2749627102937289	2.010726555540675	-0.13989888745650994	0.41266384248986215	0.9654168719034837	0.6397646319688406	-0.4659235100666278	0.9068254652094452	0.2639700008688616	1.6079737583058393	0.6879275869495962	0.07362453881862875	0.6895244892473539	1.7720001849427656	1.2136185107050266	-0.8610650658143479	1.222648024639145	-0.27998651036429867	0.02770545945906117	-0.9616764275232845	-0.2409686224565309	-0.582808583983183	-1.002925059502649	-0.7470259497553382	-0.5190200534772175	-0.26823189194356994	-0.6059611815643877	-0.38121660568045496	-0.19820707041704042	-0.19724908805042796	-0.677854315669822	0.4828166853426084	-1.462132877183804	-0.46548327441609544	0.26895249651558717	-1.0442166353861837	0.3072188561702101	0.028875878067157166	-0.011969945558253845	-0.13875969523530784	-0.791001854373538	-0.37091174473971567	-0.8809018624118874	0.2743400694474992	-0.5495908837358946	0.44441651288447087	0.6112233573119519	0.1497907131427391	1.480172595158205	-0.20056998844660004	1.6181007768263085	-0.3091389035686427	-0.9966357067676794	-0.689910378781399	0.022332268940622485
DTXSID9048514	17.752325798257363	1.1402746103509105	-7.404754789801954	0.1454391368349377	-2.542779834381945	-1.4787646938610115	-9.104481162008618	4.734133246810357	-1.2205479870326037	-0.48009429596650943	2.5249467479508567	4.939201452939329	2.5170385741775223	0.5522094653624664	0.34777088313244275	-1.3329614030348884	-4.030548255259587	0.4630426313799755	0.07477176924242232	1.4112684443570425	-0.2927207243278051	1.2472024356685845	-0.9796728047495364	0.18714360182616696	-1.4542150951511617	0.04963540057301261	0.06147268728198312	-1.780790883839529	-0.001973225506856558	1.4721901902997447	-2.057973178138382	-0.21809918092972197	-0.44177457284472404	-0.06577649001573167	0.7963227323320907	-0.6346368267746	-0.6271137899920941	-0.6640486865454194	1.9464366198050902	0.11604779449707853	1.8993928039119	-0.06378720922638637	0.3070666774452611	-0.7433769218739228	0.2618415695031508	0.5125591791584425	1.1696525903061414	0.702026258397114	-0.2951258714383976	0.2537374698912935	1.1396116865225905	0.06732856590858445	0.1764737620129913	0.18659595115323127	-0.6634790026134203	-0.49800024384400654	0.49398188201500204	-0.5908037054705677	-0.428942969176742	1.7279120448593699	-0.07536336391987082	-2.013924827887624	-0.5502593259211273	-2.171655993668815	-0.5823181909904795	0.23613702821934274	0.45141303948301625	1.0770688737062504	0.6345182953001725	-1.3072225931029533	-1.8820914844811205	0.0401154512122331	-0.17496110509965612	-0.3106223248628121	-1.511523252052913	-0.5664702510226844	-0.6508895387538995	0.1880712336201638	0.5146593135761179	-0.004600152070512416	-0.26096506514158624	0.03020752004748969	0.23108934103582876	-0.020076462531949005	0.7264422517081581	0.0765672298660906	0.38841219456552356	-0.1793855014715261	-1.1727536075439216	0.1102575985335568	0.15541582848344496	0.8507146950710185	0.22806276078386706	-0.6647893080549021	-0.7185644160793473	0.1423388158691542	0.24820575673390055	0.2579444894875304	0.48547643048934075	0.40300821972122813
DTXSID9048518	12.865947663654797	4.859919962884866	-10.013115974050152	-2.390260157082393	3.4050252947964754	-2.502061375675119	-10.737882570158693	-1.2571676742235969	0.06599314684922204	-4.426226885821912	0.5008636059987291	2.959411581112157	1.6457775765737233	2.7916491572336777	-0.9718297883378892	2.2633965714889364	-4.906762442105429	2.9327439539684717	0.18623002527984564	0.4788578855334784	2.839951774642671	2.6808815123749152	-1.1035412045773212	0.8950847048266387	-3.03323946889306	-0.33507290068352524	-0.0205506605951078	-4.848519509757699	-0.36899116420973516	1.765463396876105	-0.2121309822666213	1.9055527199205877	-0.020996955306484415	-1.4692835987654624	-0.022934207355412663	0.8332057217582849	-0.8887059042493369	1.5632974673361755	1.304706857859537	1.6746435226198775	1.7742635048032702	-0.20717276324377631	-1.5591842270723117	0.6241605113129213	-1.285113773386907	1.850650717760121	-0.14987775287534202	-0.24152985903418903	-0.19235485383078135	-1.1660863149451561	1.23197919457096	0.6124267026415439	1.0160403551350818	0.37113507022742426	0.23829657751664265	0.01698941962424297	0.7814761488929367	-0.21442596133054712	-1.3554213032619413	0.912635161398017	0.8366186722457128	-1.6337590638684845	-0.4971190110813987	-1.1058683521173462	-1.3200933346373958	0.8501157975992459	-0.7570271335484297	1.1288275297239172	-0.3520381528623646	-1.5544184357310873	-0.42469897390820627	-0.3849874992543303	0.2728273290153012	-0.27457679000849344	-0.2089695625769892	0.18920365796923924	-0.32608134491706686	-1.5367451723255388	0.4812688871039737	-0.8722625319764624	0.03980266528037081	0.7461983237954712	0.45960926878959424	0.5819979165399067	0.12160561290924071	-0.28674539370649593	-0.15597164953518242	0.21921244267518336	-0.2704053478925578	-1.5213983245257012	0.9584531851077397	0.6089538774937693	0.6823562642190356	0.09493347143655459	-0.5016032454669047	-1.0842952329248887	-0.6081232499046056	0.9941880073349041	0.6565686498801017	-0.15493851162968475
DTXSID0020076	-15.028571293791327	-1.2041999826127863	-9.647193022780156	-1.6529504565126796	1.9579250262879178	6.43055040476075	7.892348588709056	8.685094449057457	2.328284428008568	-1.2488020276572516	-2.0621359690491707	-2.7653738815901754	0.8705056383883822	1.1435235532971968	1.3094956321526354	-2.3132152907808052	3.1263769100078784	1.3246572045349763	-1.3826468692759086	1.2009899215102346	1.574282942485954	-1.6867673220599486	-1.2728076930322145	-2.1994746624068906	-2.5795360914673404	-1.0964664033413487	-0.45600909977150855	-0.454600850767228	-0.18736886795825972	-2.591804249329517	0.26367021320958245	-0.6576995447742048	1.499856729895988	-1.7001030639094292	-0.2352436213670975	0.051014060477217814	0.3998909422030093	-0.19874413360440865	0.4768838476996564	-1.2777892663519004	-0.3604685999777882	-0.8403948638383949	0.22790761625438657	-0.8812844022414459	0.17134881276181108	0.2253308331462014	-0.21322012609311736	1.4213110029036948	-1.7719845701784398	-1.237989190951531	-1.5601794355106728	0.5838111736092424	0.32255381288116547	-0.7866827303524438	0.2742993716283489	-0.44480910633506804	-1.4026116739286154	2.3725473962756345	-0.016184954842518386	-0.22639672006499992	0.467717371731712	-0.7694261770552043	-1.039009899786843	0.8529276719222852	-1.6452725153615264	-0.3656188250137829	-1.6769463034164582	-0.22444191233994468	0.9064147430661346	0.7575207909943846	-0.14939077396388786	-0.5587785151633584	1.0171060276264379	0.17474737050557057	-0.05683660906985747	-1.4628973708349198	-0.5137480748564789	0.0293702357500569	0.8016101695119602	-0.31462063035803906	-0.49917520713285346	-0.1459141784658254	-1.592791235251364	0.23990228430995122	0.9169235465413014	0.7862968475933693	0.5864482100595428	0.5941185225668633	-0.007089609818827418	-0.20203352092981045	0.053802975979526595	-0.035783007023867795	0.3640291553327919	-0.18542424968353924	-0.1438986818130126	-0.5004059027359044	0.021480964897341887	-0.24300797004810332	-0.12249290809121627	0.04657380024157912
DTXSID0020232	2.2766752540464545	6.671076166114493	-9.684767402150552	8.765820213699214	9.124333705807077	3.0381099193077246	0.8308874598955923	7.982229539120361	0.5735679389053934	-0.3546532790889576	-3.542786186237186	-2.5184988196732334	0.882097033291855	2.1948066623791043	-1.3933211994628711	1.3249709075804932	-2.252207487493511	-0.43213147783452055	3.3757037947540063	-1.8764211637652295	-0.7834683521167523	-2.6273001975931076	1.3444573354408742	1.6161327903538416	1.1023498910574394	0.9413133294006069	0.07193585322239981	-0.5977298308297193	-0.9315632604886513	0.603082157645755	-1.0237189146903258	-0.757316974704326	1.8036459778602212	1.5951600972561302	-3.37758084904073	1.0250703448966056	0.42785315462198986	0.4583934172619876	-0.41731345874818215	0.6564643512882109	2.1646469627715086	-0.7166298203679162	0.8025774253985567	-0.617275975878005	2.2460561267507453	-0.22588053224897015	0.7652530256272564	0.9906250482975023	1.025315450297201	0.5473457559287638	-0.1249276847747472	0.433376421733154	-0.6862206610487951	0.4687875727886671	-0.0012007393111292757	1.1232027803951403	0.6691331603738313	-0.4939663984374927	0.914743295352011	-0.2335178431348214	-0.6129650082991746	-0.3189198997724466	-0.27652784802019575	0.8993334192845234	0.20278553149947823	-0.23488241006414118	0.7718790359172072	0.5617909709223678	-0.3635911509401962	0.10235640996398238	-1.5477112876275998	-0.8928554954849766	0.6471861803048483	0.34929378437725517	0.20213099029471485	0.6605608742603307	1.3060356817493426	0.2205257122539835	0.7304870998349243	-0.4285269273175608	0.7072927851681404	0.3907918479586201	0.4386702086797334	0.4120999208256237	0.25939078258539433	0.3667585380878048	0.6480234373602257	0.21016820224777555	0.23065814072270338	1.2639602793682934	-0.08924073061242287	-1.8351850075724494	-0.8137930228927488	-0.6985284686555497	-1.4139181409064006	0.6192336117580564	0.5016267432918033	-0.7808437431427205	-0.6837656759145133	0.4870507080200443
DTXSID0020604	-8.698493909124544	-16.139786041010332	5.056456270751941	-0.7056868505419011	-0.31933258749526716	8.26512152071882	3.3337060011755835	-6.849961846346144	-3.796875796689798	-5.033886494020631	0.08447257528146572	-5.56370123509543	1.8724709822582137	5.707633441639535	-0.8551948405832752	-0.3459091257168757	-1.8101076617788288	-1.8484024749855354	-1.1461711355743809	-1.1413915117780684	-5.347409719065138	-2.1216193637025587	0.6249050579534104	0.6435843971634314	-1.4711653352056948	-0.8324620848397708	-0.5843299071885535	-2.5414981653837025	-2.8558139815506896	-0.7317639879562984	1.2463002865388795	-0.9583396356816924	-1.2038208795070127	3.581833664241014	0.9200910993589396	-1.1345359689702965	-0.8960924533038853	1.1735882483933608	-1.3395378508533373	-1.9429557313373391	-0.048094705353107045	-2.8741835850226485	0.10876223556973262	-0.005293245805245056	-0.2951979372900648	0.38171911845169065	2.0166643457038	-1.5307685512689573	1.6353170732265059	-0.5022689497490689	0.03686665118080331	2.2226151476039604	-0.6699410078614999	-0.15170410138341625	1.1302474290366167	0.7784630082396325	-1.4453027266882	-0.5382318110148825	1.3362013919129527	0.22075469413372514	0.22867112241564683	0.7379334540663591	-0.8777802113275581	1.7341109850721863	-0.427108566143233	-0.3124159121170751	-0.26967380382350487	0.2138868510547225	-0.7207793101128532	1.1575089518711053	1.7453788598268054	-0.583232836147619	0.7754328087331442	0.029883280769439104	-0.5146366126555227	0.6014859796602541	-1.978499169939004	-0.006646778718355952	0.35802348905982145	0.4730882912585104	1.504220839207968	0.7629906185555326	0.3599109004447654	-0.273100987594643	-1.1477459334558393	-1.0416169661073984	-0.1869842669214735	-0.5375016599059008	0.5883411750947708	0.11154378564620089	-0.1336814211832752	-0.3372971166089516	-0.7442541160311122	-0.8813168401241116	0.11407085959499991	0.8930166034906971	-0.21212293841819602	0.34083419096471856	0.4692068465285701	-0.8659487116959135
DTXSID0020654	-6.286297806035746	3.1514846920493267	11.383579860810322	11.926529066118857	8.787639538663448	-5.682306761431322	-7.496268269972341	-3.801356609356596	0.6375924164088093	2.912461081019657	1.091808534019297	0.02350232275265554	-0.1447314033128015	-1.2234135052295734	2.775988188458479	1.9161098734088566	2.441872696334152	-1.6678197751014816	0.7737138505580294	1.2559230676251179	-0.09220519957351943	0.9168233001242637	-1.2183175482317377	-3.7772553207454407	1.5615645894606578	0.03782374756406207	2.152211684503466	-0.8907150898003208	-1.291791166011238	2.33819104048424	0.7980215930622906	0.31644800718446275	-1.1949474939524904	-0.669369220639053	-1.4415302754180788	-0.1479928358727335	0.640771924430915	0.6353750589479905	-0.4915428386323261	-0.24227468727763152	-0.24622326435848776	1.0705591790099818	-0.3318556136396399	-0.5839056247337671	0.59423621961956	-0.20492104720411988	0.6592561061470453	0.5426260279621106	-0.529414633768727	1.4460778621839487	0.568983153406067	0.0449135566626249	0.877251262959653	1.7486455960566913	-0.7684946002503382	-0.45037823285431555	0.28267537637240303	0.5464930189049528	-0.5207315732676722	-0.029798713893320852	0.4670187502839837	-1.0276491825693288	0.16480737525136	0.8202196424009982	0.973804856129023	0.9609478053430244	0.3538426407744417	-0.05161818502536101	0.3717701458013782	0.8909752182751737	-0.298361657944974	-0.47830734415232395	0.05230217459025341	0.09027420366783098	0.1817258817545361	0.31017483929747436	-0.01834301252207772	-1.0229348888127556	0.7869638173879852	-0.8182935628243279	0.1791163870112873	-0.05348612410628387	0.24178518117890535	-0.8062008666389042	-0.42146328125034926	0.39093200722585625	0.3511601295093694	0.4170677292569133	-0.3137854827032568	-0.04729593881680318	-0.1016309082977454	-0.07152779051639808	-0.8981842486846079	-0.3905324564492628	0.36361625408370507	0.8628818818550117	-0.3014369451570648	0.44778669124037596	0.4257053132463097	0.12360261394331735
DTXSID0021123	5.144854255113277	6.977277661531685	-7.754986023563893	8.707980245298451	6.332290976581677	8.292603458045875	-5.702922530453884	6.989578486208739	-0.9955370162094185	-1.7312535677484158	-4.297761087038589	-0.40957216412946645	0.052930573575832814	0.5744934288271822	-1.732088819787682	1.987176119029887	-3.283034067851662	-1.0142989762544128	1.5706954739471888	-2.611437456221098	2.842111780566521	-1.959122013095179	-0.1357665572679545	-0.3977595108027771	0.7289445607280555	-2.1804494234249665	1.2957118835502066	-0.1424912238419275	-2.3853165096285327	1.4969199282491725	-1.307086928380641	-1.8003715274125824	-0.6971875783611489	-1.37240510635168	-0.05141838564617588	1.7175265929119834	1.510504393016372	0.4901810485444778	0.4283087991135727	1.1077855775647658	1.5138969984978852	0.2394064145183756	-1.4058519046002418	2.0790969186357584	0.082041943309239	0.35373457762336363	0.021939327475216916	1.8593142373869784	0.628809295616007	-0.5666725933698697	0.602508318328964	0.4536977916043645	0.16521905487797373	-0.4925730501614604	0.007035045225313249	-0.5831632412815173	0.7937731421562054	-1.2160755446155962	-0.4641230277881957	-0.5989599389352073	0.7325008925646681	0.8320658781139395	0.6953337445605579	1.8546856027964553	-0.9599040904513936	1.2989585365705887	0.9580593374671715	1.096079818955531	-0.8507030712391402	0.6743500365368152	-0.5176700229416766	-1.9303215182216305	0.27770648022093564	1.0499299391588146	-1.4500389492698167	0.2821044993801799	-0.614714685021865	0.26578425796460653	0.4813551870832476	-0.6217090392210486	0.032776317483307685	-0.16621685461003854	1.1097231805380063	0.13216942533001108	-0.16829174008731618	-0.8068478234250696	-0.44244544260544155	0.5149227085011868	-0.1530047113692297	1.0502522895541608	0.21399251480655432	-0.7011437857663922	-0.2549017588112568	0.37340775374729984	-0.02291876015614131	-0.13976031868197303	-0.4840017023538778	0.47977587725874227	0.22253400048942137	-1.2488017748538687
DTXSID0021256	13.018484746921379	2.501866995558425	-12.834530989945424	4.384513598671022	-3.192649035844756	-3.204069608122179	6.150602017654716	3.8103461024416667	-0.3896415606200092	-3.383898188192561	-5.877235392384058	-1.9528834059282016	5.17343083341723	1.0883297000880425	2.786033352195221	-0.30459100311025183	-1.3414368640435608	2.5238165889236726	0.14323808065707086	-1.384491712323086	1.558785873299903	2.9154710545473517	-0.17309697152648817	-3.087956414818206	-2.364210570477436	-0.8550870826807506	1.2547794039707494	-1.215825366542565	2.3013519556853845	0.8784141630449714	0.4594541323810069	0.7116059161054098	-0.37420184151983377	0.9944766758650759	-0.3402662869759341	-1.885637058775286	-0.275157768261899	-1.2831484802641364	2.1289526839411947	1.8042073614521783	-0.7040425857811692	-0.5367237355485349	0.7417404062598764	0.15654435250987894	0.5737565048643923	1.2206930553667477	0.6162223830660899	1.5558999758777068	-1.095678330953402	-0.7302995631387895	0.6752829786753904	-1.1425016170649265	-0.015314434303990924	1.629044790568172	1.2230665801979503	1.176586822520267	0.10455868205814144	-0.36931988738421817	-0.5275405614601962	-1.6055929342570194	-0.8916427859793304	0.4882075853870636	-0.515107379569888	0.29398794440835285	0.49591277042522675	-0.2927905868746929	1.0050183269134032	-0.5321025234980811	-1.6914459460982572	-0.410732698632651	0.6720398635977465	0.9276926448852822	0.5165012476611752	0.4536862265300054	0.0323452302637949	-0.45299999167704696	0.2950972653843197	-1.1531659797085718	0.1056754601625653	-0.0719751257730792	0.2976184243300418	-0.3880452214076027	1.1502480782656588	0.20245181211397473	-0.9504140345403218	0.02008548710529216	0.44329381468762613	-0.9107058990644572	-0.414611495840591	0.20580630211855575	-0.643030849909637	0.7278226657598063	0.05093912516397125	1.28638499193606	-0.4765790890762845	-0.5402944632475373	-0.2935827471481445	0.19888895389238262	0.17522138518404462	-0.05829745394708371
DTXSID0021337	0.41953126983088346	-12.983303245511475	-10.455595547929201	-4.455842174676353	2.428698623808531	5.411581406334169	6.64839315342862	7.9097201898818525	1.0404277472554508	-1.8120216131138083	-3.2729237060672	-4.9334996498172	2.0138494353813536	0.17586549165699017	-1.9257570080704052	-3.6059146718437782	-0.7777163028253228	-3.3669753324568754	0.27646086940068204	-2.5920310381134044	0.0711782622308718	0.7270243801881938	-0.7731860491212651	-5.387684337563028	-0.4795072414626009	0.6153168364004908	3.6930273739616153	-1.668671252585003	0.9464545874139527	-0.9901635017083715	0.7764356130656181	-2.044585673758963	0.0801885744925111	-1.6140623754240806	-1.1860250748273269	-0.5770762237018657	-1.6022770743326875	1.7085047013924801	-1.4339744971187833	-0.8905687519817221	-0.5973987497367106	-0.8169563960983918	-1.2035499365039874	-0.1828658819883162	1.8321612843308634	0.2838045595310826	0.9627111159840737	1.9826910618162925	0.18814671778331618	0.387012155831638	0.7098425193762506	-1.3070543931152057	0.20930006655694455	0.8077097404030061	1.2973145874154717	0.17064043934368897	-0.612615719876291	-1.0119160710013138	1.482264008478237	-2.255191986249796	-2.0930111763022192	-0.14363899592901624	-0.5778218561123823	-0.7288107982001557	-1.0910366137629273	1.1669935992569018	1.1634139377055908	0.89636069414609	-0.08345292160364239	1.9625925861765916	-0.2463848262402361	-0.4582317489649826	-1.1150843110396746	0.15501573332434537	-0.3957025235726757	-0.0006814654587785292	-0.5294481098987782	-0.6039988488607827	0.4108726234055069	0.18589036775923945	1.716280108990099	-0.7285688939380801	-0.2977503433707923	-1.5997443042941497	-0.570905621350276	0.6884266809037308	0.21265868402187904	-0.42940600937409124	0.4065811592727193	0.6097533276288052	0.09912748020568198	-0.03888332949309744	-0.5245392704100822	1.5432454199191703	-0.34872920771631305	0.9411893426298426	-0.1111027776176538	-0.2887272507420568	-0.7513370351192895	0.404158861437748
DTXSID0022436	5.708291895792445	-5.912297005282579	-1.7551612347805596	11.490027774859032	-7.230663333042052	-7.595690790759049	5.521158178175044	-10.127850002682942	-3.797527570358983	3.4690302870687426	-3.954661916603433	0.3232209325379854	3.6412197056399886	-1.839179703846336	3.7179611599369156	-0.3348975881828103	1.960285135335661	2.406804834033391	1.685250122099099	-3.504694903342486	-0.6885668172722615	0.27815768770470156	-2.084223726720401	0.9695012666594264	-0.626388579654895	-0.9179704732837224	-0.773884340861861	1.4179170382256456	1.78948223265539	-1.5045748443947726	-0.3385348325037822	2.184969144519958	0.7174189691462519	-1.3718762137799532	0.2939168650546395	-0.3788641717858438	0.23007073659910454	-1.151419071720546	1.5961111722987433	-0.8755222832208515	0.6259249234401412	0.3147244523557542	0.1270517068549675	0.7656317803288595	0.71149441806471	0.906686922519067	-0.25278992997626176	-1.7684936411606824	0.47712341226998983	-0.46291160498955	-0.8027530351096261	-0.4596495846315036	0.24327978586257043	1.5458493779703433	-0.0485398559902171	0.1756330020517294	1.1576091992361566	-1.9937668946708962	0.13926574491650087	-1.1131121057598716	1.8978951352863112	0.7315727958104938	0.43032308993232743	0.7359027050429728	-0.7625667258058764	1.0701575724636252	-0.26919483864285365	-0.9894030308245254	0.1792868893307696	-0.7230491241021343	1.4654327176010944	-0.018461069922637168	1.2728974570418217	0.41010301855327663	-1.3082702904647712	0.6397902325868046	0.6782034352994645	-0.13669172479833838	-0.5306374625538491	0.33595742521728955	0.3593202702352796	0.6004270051576716	0.11164283435466235	0.22539180848599652	-0.16801523044692107	0.5943812467884257	-0.7287940144439229	-0.5782539224506693	0.1398855111500489	0.6205798260576255	1.2182144374508006	0.5655509387570268	-0.5773685525655758	-0.009982492639767774	-1.1839186202049414	-0.467887156590165	-0.546245092839632	0.5630386934655138	0.2738855390709129	-0.8607138917007813
DTXSID0022519	16.234814380403506	5.9178049259953545	-5.252929034845982	8.51954323813096	1.6119804418856127	0.5065914152640819	9.318311152694722	4.759951941479104	6.870557389336453	-2.277327662490164	-2.1325239258187905	-3.2884993972195296	0.9119935414599897	0.8578697572941081	0.8052294313276329	1.04851790892245	-3.467595970628599	1.6331161270420933	-1.4817306396180778	-1.1051625773171152	-0.0013622139834798708	-1.2747460779839985	1.8524891321224755	-1.9407965435130086	-1.4642385703083778	-0.9060021067341715	1.7698695976636278	2.08148006596997	1.709044527863226	1.4938849605001923	-1.1089416204200297	-1.3584934414754006	1.5324908518536668	0.06624549298414918	0.17625644821842493	-0.4647870655523109	0.29421338941872655	0.5959295627860488	-1.094947793936367	0.4209888758221152	-1.534781551716712	0.2318433291219546	1.9901193371749808	-1.356072289112909	2.1350283489966255	-0.5419792895300827	0.6391446898531624	0.7795523435373688	-1.3402088304609547	-0.9326527599637215	-0.8368549498825719	-1.1269226497088576	-1.7888281594521152	-0.35938310140254615	1.2939404711363771	1.2698565765474963	-0.1640010381594154	0.8710940210755476	0.41429559042485414	-0.6098601367115141	0.3612959368931836	1.33231862452824	-0.1084927335249157	1.1186471094487862	-0.038151139240278596	-0.40990341463973945	0.6258004215839781	0.7947580312695123	0.12850067134520235	-0.5857354161380309	0.24097677160797182	-0.024755065194750885	1.151231276016565	-0.43308064685806746	0.07221711536948897	0.34688531468139655	0.6374478361750388	-0.2982878992187435	0.5089252205602325	-1.18609432296551	0.675117350296339	-0.49228603478529526	-0.42612922536626946	0.9697947689141677	0.6387908378791385	-0.7228555851968042	0.42717038630932974	0.6472137803530555	0.6650578282522057	-0.7547223004334945	-0.06654014498738352	-0.14339322010471184	0.2809315943442063	-0.22181163801197676	-0.41480959674223533	0.42797125184357343	-0.959394195242859	-0.4468350522897439	-0.2279259514351771	0.8230189108646864
DTXSID0022777	14.88741966817373	0.7102125445832738	-12.544096811693557	0.42611837949747167	-5.318068970411395	-0.26765896316281873	-0.6210789169460591	-0.7190379144235463	7.619692583694109	3.5014410077952647	3.225905910330662	-2.2837640463284092	2.3903985094080094	1.955306165918529	0.05553135545371372	-2.991811405368221	-1.3919589077157917	0.14944550352271085	1.6015443909072833	-2.124210615992665	-1.3036939383421078	1.9807324153228247	0.5269913394675959	-0.21134000741145692	-2.6636939212442323	0.8847818183805405	0.5630531189244132	-0.7410848839487851	-1.985972537018354	0.5099747309869572	-0.06802823522720818	1.4134213519779462	0.9671329695575895	0.005520702943421821	-0.7400861357984553	-0.917264293810402	-2.0510027091682597	0.8710190781931877	1.4703562432508752	-1.6239131799758808	0.24033712795022108	1.0234531169437635	-0.47501268675583963	-1.9941362183096607	0.7835461310479956	0.7101469031876319	1.987088113182036	0.42848574571589926	0.8937302882588269	-0.8265624340292773	0.34477860003170546	-0.34848183446547054	-0.29925437270886185	1.560955445556123	0.17466227725218134	-0.5710149162455572	0.07082708065973038	-0.07971577133769034	-0.22006874049655464	-0.3693089329961298	-0.6342016755428654	1.484884711734551	-1.4684862517003687	-1.107770928552532	0.5279372814486215	-0.2284310942782783	0.7892087833457488	-0.4455616769741027	-0.29756271494838366	0.9493262640776653	-0.5154653266054632	0.6055261411422672	-0.8132291371927738	-0.814758760643544	2.143444345069116	0.40320740261794746	1.6695815306816533	-1.3961987154511526	-0.913456916802811	0.6141968629540487	-1.7651615243782046	-0.39678426788521143	-1.00617040578273	-0.020200461630857817	0.4334410945949238	-0.04451345413563453	0.7172182584292324	0.7063417438379174	-0.0595923554532468	0.16461104077096536	1.3082326374647788	0.41141335109883115	-0.5573057066161815	-0.38165081037714804	0.04421642930669233	0.5854468819084583	-0.07546621620124497	-0.6620659143335332	-0.31632385671636437	0.5510102662057251
DTXSID0026171	-9.770543649430175	-14.114415119865864	-5.9337281337071275	-2.592639836256498	1.010918205686676	8.802626882803475	3.0394079289394433	1.9508445079431622	-0.10309857709025792	-4.161119794368665	-1.566813889143067	-0.9962973276770587	1.2998701902353387	3.0720117439024985	-1.3053210640728583	-4.628737432580605	-3.0916070372052253	-1.6357683195762236	-1.3746207099311047	-1.4862584392439282	-1.4178134260910713	-4.327907506100021	0.47282663507973893	-2.879621368213245	0.67956913100952	-0.8560303353289502	1.6017924670146118	-3.3313870869660303	-0.927046792095628	-0.9486346666102863	0.9512321084940732	-0.7876881139716905	1.5209886550002238	-0.8265098232115747	0.5441308723320423	-0.5471439821691693	0.18631022791553947	-0.3546077107834919	-0.8820970247460316	-1.768126892293604	0.18213800515149567	0.4480727092467953	-0.9732981481945425	0.8491379988174343	2.787336793763108	0.4128967156088224	1.2151728731661462	1.5618322063987975	-1.1189367424194903	1.021709198186851	-1.2495665976489638	0.9862092818984693	-0.11075323919291584	0.6628303560557641	2.264367820414497	-1.4214494342283825	-0.5012942402075434	-1.4271792126089082	-0.006083000634422932	-1.2390888773395932	-0.4891984002601307	0.5464097688404438	-0.11075227228499582	0.09709487142610462	-0.5216958379674614	0.7385827653244879	-0.5815661936935832	-0.35235472578626276	-1.2732126194852877	-0.7955447396295229	-1.3067814032130864	-0.7015533716350413	-0.049688830870826414	-0.802203251414651	-0.3214397071746436	-0.6160294945950232	-1.006776924050705	-0.3482208689971303	0.2296386560263243	0.391710588004209	0.10001456857244943	-0.42454561650024597	-0.6395545826211074	-0.33753150819128225	-1.3803033752384946	-0.2181735745264612	0.08176836871879196	0.2749368706502206	0.06420169122031207	0.46453162555724903	-0.11160536455673045	-0.5076997477067248	0.0553027383192602	-0.09411912115995333	-0.5483941380852135	1.1700860110456643	-0.7980278364494874	-0.0962790446568255	-0.5122393581229957	0.4789524728752308
DTXSID0027983	-14.216227952473623	2.0867419690578255	10.668350570340774	-0.6327232657871914	-5.704572760910254	-5.423388532856945	8.53487311628577	1.1729871544557722	-4.059925714643616	3.1910087008146806	2.6001507523810914	3.030522152255905	-0.12935385016012618	2.3966238298993465	-3.080974184582744	2.2489921972029943	-2.3055203902019197	0.7495200735936819	-0.4533697264516684	0.6203832176382956	-1.0153177078661666	0.7832713253360548	0.2463803174128414	-0.07825322793935002	-0.4222385445457704	-0.3945990400927494	1.8285816508212434	0.42967515176004567	-0.875914216574618	-0.11697184263286962	-0.7795922440898642	-0.988960831839839	-0.7750477166196995	0.8393833206124971	1.874675367892801	-0.23242495703090096	-0.7303656366445096	0.2954771845965185	0.43039960356949136	0.15690110237642244	-0.545796330483336	-1.1350930799388164	-0.17776102616565118	0.28240225308434097	0.2924512665548725	0.022105394266038757	1.7250467004767953	0.016638280510005446	-0.11666795104436893	0.052228837764091436	-1.5670367269870225	-0.8498830575533511	-0.013297143239972935	0.028205523935106797	-1.5489703764997498	-0.5729700326719872	1.0915715390766265	-0.5020927012610826	1.665993676490796	1.2856325787385237	1.2834215807519864	-0.08204084156346654	1.1434699488013003	-0.3721862615938867	-0.6385269318207484	-0.2517959289088531	-0.10015745178996946	-0.6060146452279749	-0.427021458526728	0.7302153224450442	-0.23869701158773454	0.4017999969308439	-0.9564099181779339	0.1728553139799687	-0.12126120004877639	-0.9942763538112458	-0.7576152689889775	-0.8964026369770612	0.5371398264254352	-0.31809881134386553	0.5738912021669104	-0.8618915859236335	-0.011440494460297568	0.7393319011349265	0.08331191520078324	-0.745207107319291	0.08528264482091459	-0.10734201499839036	0.8110119906005856	0.59573645564349	1.250462271873777	-0.46697963805620835	-0.925900639034598	-0.041206549204599846	-0.5642396881515306	-0.3554386222401659	0.11973572384990866	0.6525175574877853	0.07346387522623338	-0.2548720079977366
DTXSID0027852	-11.156554805963394	-15.361324079183277	-4.982207496995805	-10.570649927366098	1.1258935130670797	2.433164186595837	-7.993355829472913	-4.594982813871206	1.8530902229592432	-3.276963535339534	1.1050902346203446	2.0099507535571024	-2.3473947718928563	0.029702380336166942	-1.5453406746047444	0.48774268435625395	-2.1087709103897287	-0.3031309047864628	-0.7880685653149953	2.312147766479397	-0.643064923167392	-1.7727233998070506	-0.7436495947969126	-0.8828137925558945	0.8654706781779873	1.2105786369927958	-0.5893892067113305	1.3540889856609195	-0.47653086496018704	0.8000582234740173	-1.8722032279264436	1.4597763866504738	0.7337047385535133	-0.09111766915764889	-0.35621660414808337	0.421413514615562	0.18068553298827647	0.16212924837558726	-0.2283661861849307	0.13701409647495366	-0.45078666402738937	1.433817809360625	0.945131949835048	0.4449162256699079	0.20387813526256982	1.2020060574813685	-0.6949039328343389	-0.2337664753554687	1.059127857362926	-1.475177924967693	0.3724651303945459	-0.46432160459410765	-1.763184798548586	-0.4923418271014021	-0.851406620095242	0.25173108403620137	-0.4680976183771565	0.2828916526563294	0.8665876545061929	0.9357414858567795	0.22264715203261654	-0.7724217979258313	0.02030683630347388	0.5729474434584462	0.798006665915471	-1.0651985789361114	-0.48908787290703604	-0.03457318599885261	-0.3269823671484247	-0.5067785508132078	-0.5059199225830318	0.46989052600415676	0.37110879409213526	-1.3764740435035536	0.5489018021669783	-0.7467010342963286	-0.33924932306859035	0.7980766457726483	1.025841034694809	0.42571212210574766	0.27442482408042257	-0.5019453735117323	-0.2598079386302377	-0.5463967872400954	-0.11083845957954003	-0.44982494459280664	0.058134823423419225	0.1704982529266058	-0.7454616520515355	0.4543116995233472	-0.36015846396710166	-0.8919082189709496	-0.2629749719683089	-0.4137268109937729	-0.5898832317661409	-0.7058102038483043	-0.18653531131427786	-0.40269745824342795	-0.7770658358923819	-1.319651474900693
DTXSID0027856	-13.43275634408972	4.228728154737781	7.8182037956113595	-0.23803462816038853	-4.5954120280963835	-7.5913147696120316	6.912211365522584	-1.823325677642834	-5.346087212686126	2.9111307957246613	4.141294472840471	3.1355472140311753	-1.0243940706881374	1.077451766371321	-3.497971096481457	2.640134966673076	-1.1318197598539859	0.5724977124666221	1.3547884642180303	-0.020994663670530763	-1.6903214189957934	-0.4490754741095805	0.2882020738591471	-0.31235117480643526	-0.9889518566845339	-0.8434171462341763	1.7272458462209723	-0.20240120435061246	-0.8485600887151501	0.18853399043251806	-0.3857761131873398	-1.42850007246694	-0.6819897066628524	0.367579616818359	1.997407701239002	1.7552684113761086	0.369244033318267	1.106151816269666	-0.7192524675862769	-1.8186120391064433	-0.5153839541794869	-1.602840369691127	-0.053858113359383473	0.37077906132059896	0.4582377019136039	1.4307234137063207	1.3512283343189715	0.3629583143270874	-0.3436583112701474	-0.7772028274509641	-0.6199897369947619	0.4799261858971018	-0.8238279482194218	0.2696774064797644	-2.4832910768561476	-0.6976624854520933	0.7611545412782553	0.8417704189779072	1.322630496050854	0.3693532107292742	0.3925344837122642	-0.3094875330602899	-0.34300533462189137	-1.0090429132991217	0.06076523126597317	-0.5294410883054996	-1.3105109766191987	0.8058118461724382	0.25183308083777417	-0.235513191857787	0.7311057739556228	-0.5910681174032674	-0.02158869676702245	-0.5044362067855874	0.765466259575998	-0.32678033634048675	-0.24494469994112333	-0.625278997967578	-0.504128529235115	0.33345886352957566	0.6095241645708266	-0.10492793819535287	-0.13544362699270293	1.5858850491817855	-0.3419960559071899	-0.2721692088652039	-0.0402259187861174	-0.42435225550302147	0.2706374110703123	-0.1430309631551344	0.67165778383741	-0.13172209734283927	-0.34773502364916675	0.6408790136048488	0.74977346123671	-0.5687096240779489	-0.5893659258973531	0.31231315086910116	0.06155454257786725	-0.06779081703527014
DTXSID1027390	-1.717239706929365	3.6165061173101574	-9.53908539659791	-0.41575597733022035	-5.643830819246574	-0.9895406944379943	-8.824934597672378	-8.629160623601637	-5.864107999216255	-4.653607139469088	1.5805715599177237	0.641956286940011	4.075508867622287	0.06007724446642203	-1.399076075922292	-2.8610417190227584	-1.2569255525789225	0.026251828216261992	-1.3321359457861146	-0.23709883853379934	3.8362603619312785	-0.3639116027994596	-1.185790496346827	-0.40421752810635514	-0.4425458180064326	-0.9456968845725969	-0.6411802540195717	0.7299622599724002	-0.792885798572117	1.1777156467387075	-3.0630459707300077	1.1289000339600326	0.5827049252670782	0.2881261982086605	1.2975776683397826	0.10935270909633046	0.7390069968939006	1.0302121704640987	-1.2658013859402217	0.49577975741816366	1.509882443171003	0.36713046148198725	-0.9178942844474988	1.9608608944990684	-0.1299419033789348	2.4187816469266954	-1.2111113490201246	-0.2708027466996403	-1.9169556956075624	-1.0026757802169535	-0.36864090377218417	1.5274982147925067	-0.08332745893062758	1.388057698778095	-0.4923185074796493	-1.035887442073271	1.457984383460087	-1.2305640175995696	1.0115254347419556	-0.9758173865131843	-0.1587323315863512	-0.8971765800274841	1.505113568583335	-1.184300736916404	0.8292524949465262	0.6941583291988562	0.8113425770627979	-1.3301035375846266	-0.06257485119098279	0.7863585221705529	0.24786820992031705	-0.021786279937788682	-0.28801565339235924	-0.7533302878045524	0.8842251724532539	0.29830469279282323	0.07858227466630262	-0.0013178959619419021	0.017478449093401845	0.9700314118028396	-1.3968767102073063	-0.9704397841269156	-0.6592544675445967	-0.8447872703854474	0.3109937799249178	0.5970589112075051	0.6321329351834251	0.6298649285809615	-0.10173749166800472	-0.27038964220107403	0.47170754863132003	-0.655140792925651	0.33521320855550735	0.840035521572781	-2.450282254033082	-0.29498626746169493	-0.6665444761572147	0.3196154803203908	-0.5921436995887249	-0.6879017163616912
DTXSID1027924	11.660142650787051	-1.2291465874606562	19.29274745108422	2.0434485577735955	-3.8074564902665218	-12.018443171496383	-3.537285709726458	1.6540741893621653	8.505787971772396	-2.1390610175799494	-3.4694672905830775	1.3211414879809626	-2.866517799792426	-2.616018467620665	-0.21762829097316946	-2.133624487394603	2.801967819454263	2.6989389808034336	-1.1376704577932915	0.0704648657402333	-0.22373734369144352	-0.8762453554100164	-3.222030271820489	0.42820702656563286	0.6980285672630594	-0.023860303321108577	-0.004423842923215466	-0.09804439168108706	-0.49288310601190327	0.2926451433222006	2.0492985504407653	0.5499246673193804	0.9526727371837339	-1.127026661340048	-0.34175931713505053	0.3469635245381057	-0.5133165833210446	1.1335660002503214	-0.3405267107785933	-0.7160082542344983	-0.8096445759448924	-0.8894351141498179	-0.17871888377398223	-1.7325510006746039	0.9743019855815191	1.0358598550640514	-0.5053193493035749	0.3990023950517389	0.14026950977299943	-1.2555056420749575	-0.42419721639284663	1.0715252003589697	-0.6487848938878926	-0.12334139571533718	-0.7871184836180201	-0.8343813588631515	1.0902155984036006	1.1035191694412734	1.5791886751664261	0.24278949770387412	1.1599277264005108	-0.3893296406834638	0.17186990918474307	-0.643932626596112	0.07551484993120697	0.4713239435669138	0.06719105135125071	0.8450195809662159	-0.837182961004598	0.2152529193725887	-0.6990560836607562	-0.3290117303650968	0.026684146471368977	-1.354248387248907	-0.564763733194129	0.5451945247904331	0.4350174208461251	-0.5805969474416115	0.09155956576186858	-0.1256390178908489	-0.48647245396393557	-0.4445372279749979	1.2353895271102078	-0.14693537102255635	-0.43216734965429043	0.09971648126431244	-0.8939055739850869	-0.5286670678499894	-0.651215383857093	-0.1041272342340023	-0.210037693128556	-0.18422660732413118	0.5194643336257888	-0.4804297321905449	0.3957312775909558	0.0052635562613255835	-0.16590556490783803	0.006480807007167418	-0.1939868528484418	0.29392809177985796
DTXSID1027899	-1.040412290302207	6.284335655050251	-4.770921999290106	-3.0045777926569253	-8.212150995680101	1.568842861326931	-11.219361978482587	-0.6875385992030665	-7.799393077873678	0.07985806775810017	4.3145669263270365	3.2635373738818663	4.0062406869719105	-0.6387111849337964	-3.953098194740078	-5.061548209884078	-2.5119454143148463	-1.2941102013473957	1.2868975466540193	-0.5038345504479897	1.0313959186429145	-3.104152199346254	0.4879256364476759	-2.5733907569312766	0.8256670008701121	-0.6284014096116228	0.23749851655320048	-1.5292708964617447	-2.324058039432961	-0.5233576953379466	-1.728732262541226	-0.4278837162698212	-0.47705478251309213	0.17378384742516906	1.504901241426062	-0.5681174626122295	1.521284686355036	0.9204061940915839	-0.15724447032558236	1.5942619895013932	2.1689254791656483	0.3991180668993315	1.7999013114691138	0.598254944349253	-1.112915578368176	0.5921075614785444	1.1579208897601427	1.573518616058558	-0.6899310433279483	-0.025220274367633033	-0.7801630005459077	1.703820073435916	0.7381950079735905	0.4269313896363005	-0.14306118590340816	-0.5404601998751419	1.6131833547975356	-0.6274139934189517	0.6725030698699382	0.5067626615034496	-0.5429817939735627	-0.8754574032424127	0.6169093615937711	0.5364872077587449	-0.4189694013180642	1.215635301377091	0.2235314241216953	-0.05780580644965024	0.6370486566860166	0.12911722643701118	-0.22138981779929795	-0.10659229689358866	-2.2173123661729646	-0.7443971392033463	0.29904543841920117	0.15489336144366783	-0.22159308361396945	-0.6701135170597151	0.5064672189653254	-0.39832924578538875	-0.15587397217564464	-1.3468164129681608	-1.0119114547514336	0.04416812743272011	-0.23434446980752066	-0.8764658005650956	0.40190445099340616	0.6396174367576022	0.22297241524825687	0.2138549525609371	-0.4746006549738756	-0.7024404812805219	-0.12104764236334495	0.619516334596077	0.25779775098655183	-0.7512533389960501	-0.6879607604462609	1.0472475736757794	-0.6147346311007437	-0.9682641498987519
DTXSID1027926	-0.028098820351467414	-12.72897634542866	13.007405735821216	-4.351354860906324	-6.308846265462455	-11.920174757700883	-5.242470194487311	1.3053966369464165	6.410064152698872	-2.3516507367187245	-2.9745825020978414	0.2541349354239223	2.106874657146411	1.9957255877421276	-2.501471855221999	-0.4468669277330597	1.3482729023094129	-0.33449557715784983	-1.2412702553858943	-0.8883824009408732	0.12256186032075743	-1.4959989091123322	1.2297839947017026	0.4423573579173864	0.25275894210125316	0.8914935329974687	-1.8046888135806265	0.7672700670395861	-1.7857414392421487	-0.532483337735357	-1.7290116835695213	-1.5379435507781865	0.3897129534981393	1.1137593124365845	0.38072675146293505	-0.4080101508665613	0.686119514842846	0.33602854950376804	0.6912123565791979	0.7842228319828021	-1.0853907151585243	-0.25365661108070947	0.2358797888547026	-0.5935206233007982	-1.1368467005869163	0.7385659651372225	-0.19062904478378714	1.0613310557768838	1.139393593839145	0.8507492664172118	0.5787302306978962	0.28003752457118186	-0.6024849585967875	0.9219079642880271	-3.296562508973457	-0.5963293529813851	0.44991814221595483	-0.1752954124075127	0.7713198061495506	0.33588858278817313	0.1748845811881844	0.037965934132628124	-0.01747508335183383	0.17916705997138477	0.11149759054808848	-0.611522646493454	-0.05010802744624931	-0.23405306372645127	-0.10773857346720664	0.885644246872753	-0.19056393904966956	0.734269120858361	-0.1998292438649969	0.8601336628614789	0.6412532787470264	0.1930554300172636	0.30907548545850067	-0.7666358192210572	0.0752601149467565	-0.013727231525164047	-0.8808137059730671	-0.035403981213597696	1.2817612130789686	0.19480585431588102	-0.9637136682496796	-0.20727000518131897	-0.5838326459606493	-0.38993768596617306	0.6574906632142351	-0.4207696675389472	-0.16514417097922843	-0.018449727934782743	0.13157324130683667	-0.507864152930749	-0.2596654467829576	-1.3452394836017199	-0.6457806228995413	0.4220350469913655	0.32104260013037517	0.43083285800942733
DTXSID2025216	-7.067919667228585	-17.728079003915035	-1.6711220956806154	-4.4691414676415935	1.2366440204090399	0.6144411605135662	-10.792897986281961	-3.360188848321256	1.4171521766564683	-3.9652119569589894	2.113891628332911	0.42155012838227973	-1.3511681561655098	-0.1790536793097004	0.6226186964911424	4.460870570360963	-1.6461621699751532	-2.0621792377093278	-0.8105361336240355	1.9427896526009887	-0.4770079365280378	-2.214690676230623	-0.7301437753302361	-0.01191553637098924	-0.32282167311552834	0.22298194824518508	-2.423901248307331	-2.4921808161132852	0.8272263341929516	-0.38000923262515574	-2.2876439924053424	0.19840758584709522	-0.7050345444023972	0.060366220801180086	0.3846091865493571	2.319098775508102	0.5085985329352504	0.6283975599109801	1.0365795855989544	0.8936989147694543	0.43135206293560974	1.8420500736287866	0.1380428559049551	0.1276185158261086	-0.8224366089503337	-0.18978304131608892	0.009968277283726915	0.37806437247955654	0.007728778620409897	-2.104065771232193	0.802581864084213	-2.667528386317946	0.8849333532664905	-0.022549719519207128	-0.1687971221088728	-0.8559144073650441	0.45283790087108017	0.31057065426369995	-0.12850228314236814	1.3026371435596271	0.777754836730575	1.0205196115736819	-0.3243739808749035	-0.3849224973542238	0.5221466500557348	-1.4992366481500525	-0.2439555910007381	0.37667789190097356	0.3905125860084053	-0.25797808860687005	-0.539111755237126	1.0432122220147857	0.5754450579499512	-0.36016295490388	-0.07682373294162725	-0.01911746297995428	-0.7885651441275463	-0.42450838258617235	0.8531836366578148	0.6899827805350968	0.09933731357328197	-0.5131161797854678	-0.8119714327121034	0.46226578063139406	0.2622603959503864	-0.1693253047154038	0.3036181536602252	-0.3463566098045775	0.9242958261143625	0.2919240134284458	-1.1889106548903092	-0.350161744529636	0.28468289576218614	-0.2556207903249846	-0.6061842919479815	-0.8032820191711838	-0.3775343422733643	0.14006415242582104	0.1225194692614155	-0.5734846601972378
DTXSID3026302	-3.161869084817173	4.090868241113593	-9.450506965363632	-1.7288836283755522	-4.875937679785807	-2.851210152299358	-7.252589902698068	-6.472194429924569	-4.817897583338256	-2.0390704514181275	2.918069661556598	1.846814364272947	4.854766047724683	-0.2801028676867259	-3.7509683092041968	-4.763696635981853	-3.86140560609076	0.4561971885700718	-2.3186399791897716	-0.15439386391640497	1.545475968539694	0.1460372434310077	-1.0471979640421114	0.037572964007404	-0.8209023548818438	-1.9699698180720426	-0.6863565222088668	-1.5922482800260214	-2.0619017500246692	1.0001058606740816	-2.4519853124556326	0.1946393721972859	-1.4104462150465684	0.7134539241977376	0.2848432903779224	-1.4137532403888369	-0.739571894265335	2.283243131312748	-0.13813327027361455	1.2126024586267143	1.5542641255783731	0.3987401997182973	-0.12337035394711728	-0.09820798585434563	-0.5322881843513483	1.4163926364017603	1.15579517118428	0.08104241531059737	-0.9153067068351022	-1.7937507067103415	-0.12468947727918762	1.2282411974844805	-0.05717646160456829	1.5287516166624335	-0.8228224233209176	-0.07574828584987767	-0.26918501769694114	-1.1132285302866831	0.5881406038733584	-0.68891052967137	0.03360397527012106	0.2771914603305629	0.7695866150350947	-0.07502393137282087	-1.187118345070148	-1.1193063173016544	0.6179646481956781	-1.2674557226919225	0.1454344773341548	0.35264609708507927	-0.3466538404612598	-0.32292225347511727	-1.3853895662045765	-0.3936452564075743	1.5336440442693149	-0.013459136945393935	0.33682070317967644	0.024227673826416635	-0.31536024301128635	1.174868276757014	0.47803666316610066	-1.4045472726364296	-1.1128855562584512	-0.133672314770767	-0.8463919542172935	-0.4431571960016867	0.8720460004803515	1.8251075265272394	1.3215015178871763	1.2989754883882312	0.21675481989497672	-0.5947169237546737	0.10302491067397757	0.42345493559479686	-0.21469888649219632	-0.9200701752877734	0.342576740520972	0.08978512887581255	-1.3708875812164605	0.27353217747876296
DTXSID3032412	9.980650456233146	1.8794186311528747	-0.3156913538650386	9.864965252149233	13.853239087808536	0.6390366938019889	-5.243011965778866	2.4830414191174675	-1.4898643234441153	0.6816814128707537	1.9197883908981508	0.1585675120516871	0.2673377931375416	2.777924527047131	-1.5594382596757845	4.3808580521266896	-3.783505913451968	1.0282383682249316	0.903644988669703	0.6509404543279362	0.9854751827948728	0.5288913813306871	-0.7327862795262224	-0.2562710142187155	0.2558654604429243	0.27239166168431334	-1.667746864656559	-0.30979971705613485	-0.08887491473116763	-0.3102516469408412	1.636034972986264	-1.740012729585185	1.301381248292253	-0.43949843123572147	-1.9828700734665434	-1.8179030381563466	-0.05636652620484146	0.639940177988117	1.1501036016341941	0.3375744818257643	-1.101529192757261	-1.045649253776978	1.2880230493287077	0.6005018383082659	-1.158746063109381	-0.9239473431586956	-0.7207317625255458	-0.6987508891507088	1.3274081244333473	0.8404394522741226	0.41589425621511883	-1.4054572454608039	-2.1287192979138716	1.0846130847601152	-0.5226059221023052	0.30728590452440524	0.14853648868730096	0.04664109851210761	0.7398926350211511	0.6158061940847797	1.0973083244686586	0.11215565576848847	-0.1829899911353379	-0.2427662410373106	1.4267754052370472	1.7606107055081384	-0.23392009344053405	-1.2377872637504441	1.0763890263034188	-0.7040535856476225	1.0658202004331843	-0.43346988891383953	-1.8998633244852159	-0.23238589418078034	-0.6219221893182467	0.9306461245960469	-1.1070835491043474	0.5784968563139441	-1.388711019018382	0.206071591082963	0.6763530861640316	0.37346564913487057	0.2696776366371902	0.4384636239283779	-0.131119077940331	0.6684262207911731	-0.7813381482632333	0.04532526818147324	0.09625132051767499	-0.09353306540575687	-0.04405595942140606	-0.376927349895074	1.0522802973216114	0.24139541333869854	-0.8004914751600769	0.19615730544078852	-0.4114842922090878	1.0424646418020922	1.126751699168325	-0.6152205749371669
DTXSID4021391	12.997930350684053	-10.949146899159263	-5.4520675090048645	-8.676568715338554	-2.573048425661072	-8.08189454152463	1.301262234446496	-6.042313464674784	-1.6577439779986627	-3.5116299892431884	5.015879768797614	2.1669576788656224	1.3284046252325383	-0.14774922633597978	-0.18698652159449766	0.8867094571938134	5.753828266329419	-0.9625268097763142	-1.0590645523153037	1.4163312315288976	2.5862149801145895	-0.18626447543815636	0.1647851999971793	1.4325195937683797	0.24149069444384874	-0.050558531147650514	-2.3677343506557094	0.0744096092806886	-3.2781527141027116	1.301901748110299	-0.9205446246810081	-1.0351655869062675	-0.4405664402133219	1.0144769899021495	2.86619232103525	0.8354365949306171	2.3666544136417498	-0.4678494995803794	-0.08336764611302182	0.5179535984828557	1.4795078930946977	-1.184168128171574	-1.4462936703650027	-0.4203876577891166	-0.4228253140332141	-1.070269959742045	1.569225387931793	-1.1099810693577334	-1.0707328442364406	-1.379782595327105	-0.4809991957588838	0.8854316128739386	0.12971643174874975	-0.4865355405182991	0.4207211338929407	0.5171424417807321	1.0377335777263614	0.8102321195335012	-1.3255990690615422	0.08636340863163243	0.8664807427971888	1.4764563221576055	0.17244293963656662	-0.990692765607295	-0.29900302711346716	0.8777241423862359	0.4388236030572136	-0.09022267031329453	0.8672758263597663	-0.37819268780735016	0.38065024778830076	0.40474118674274306	0.31651873804479314	0.5488127634875967	0.8834641551772009	0.13308591670768513	-0.1588211863026422	-0.5957616767554486	-0.15849181908197385	0.05494644022669721	-0.19444798057271406	0.6248239451041644	-0.31666472188894684	0.5965694910905923	-0.40547825066384857	-0.4516410674304439	-0.3599685893958953	-0.9739184393455749	0.5366284956050323	0.5059955874392507	0.36453821003626385	-0.5626289701203383	0.0012167935901448094	-0.9880759887058101	-0.29806515019331176	0.26297991950418426	-0.47274338372544455	0.5082542956045814	-1.6915283189292714	-0.09374609141136296
DTXSID4035708	18.09721293023128	-6.306229300111205	9.173954053576786	-3.9120474954990394	-4.1974062661730605	-5.965558704855158	-1.2469942731950105	2.390526733764373	0.12921914894160053	2.659846828065703	4.774620918259089	2.5352134213799524	4.073126717477605	-1.6691122392106723	-1.9420584142571313	1.770659910767476	3.8271786599717963	3.392694489805696	3.7308103621447355	1.2174343266076364	1.7389383461322194	-2.3239498235608593	-1.3612094792362652	0.12538957063011766	-0.424211474232324	-0.3382555603432939	-1.7784853586632001	0.06305573339719847	-1.122602953156343	-3.5052391066412114	-0.18611717700612992	-1.2015635705133498	-1.249540820301503	0.4355710269993065	0.7960112933612725	-1.816671934753363	-0.1380741831923187	0.12059646329853295	-1.0100981661201218	2.0941799186913643	0.32899762111978376	-1.4473389764252906	-0.00426625749262107	0.16900268571076424	0.3284002853033903	-1.1376305414568169	-0.5865403468249263	-0.08145232330524048	0.12669227354032034	-0.5688660807549888	-1.1893192625222158	-0.5357353710963731	-0.629905295532763	-0.41420258275162414	-0.8136830387879747	0.19683226201459994	0.03350895721024284	-0.29543503896764634	-0.5939842018547783	-0.693177540200863	0.11928976741587773	-0.2807362322076469	-1.2373584929687893	-1.1819388872668009	0.5146887529404737	-1.029192514393594	-2.1261404762841924	-1.1240850408177385	1.3707650713069728	-1.2237180885329735	0.22876636850006354	-0.1828075465996035	-0.685796456956858	-0.9425942332676368	0.6420702625064951	0.3256840320714844	-0.5959692371112832	0.589380697167991	0.4210808301893682	0.3904875104930003	-0.4948575446118471	-0.0944975140988065	0.14282862162745316	0.7006351913136163	-0.011947231777291881	-0.6964716997686671	-0.5240871718317643	-0.4157714165818296	-0.36869750805166496	0.1555988792621527	1.3390059027877834	-0.1375897055010038	0.14297303728783922	-0.3971610112912249	-0.16247393632687085	0.35025392893234375	-0.2454701621145324	-0.8406379061366088	-0.3249797834927056	1.0903909506183602
DTXSID5027932	12.909946954278643	1.989594397491012	15.34893746236111	-5.23611661318315	-8.53522916374473	-10.242735780928822	5.632309478537446	1.7712024558541364	2.528766915627771	-1.8219446404696025	-3.2634011463008195	0.46242273333663475	-0.2815927901330903	-1.7151131617457143	-0.5192972375588476	-1.7390890793802167	0.5039775263943671	0.43400453071129297	0.048960967481161875	1.575887903079884	0.08395413560011146	-1.6126036448631056	-5.1637710707854225	0.3624554103078444	-1.0069989877209342	1.0176829084154964	-0.2786859879529672	-0.666525430672611	-1.7686001400452551	0.6525370951746233	-0.146731289292453	-1.0390841444892829	1.462071963799109	2.674031642772549	-0.6187948842978964	0.08828529901240803	-1.3770809657292717	0.942019098389359	0.8695607339336802	0.8778794359812815	0.17612296019009457	0.07634745052699976	1.2006609904705388	-0.04204692794730304	-0.6804099736103155	1.2290990430355029	-0.004987868267355519	0.5209270964901427	0.3160749755196654	0.24119579186077583	0.49333242674483946	0.1299162753440336	0.25670425678321973	0.3479308692315427	0.18641093183013804	-0.9157598667419886	-0.7703112250592906	-1.4296078438782795	-0.16192262130865934	-0.01631102427122623	0.6441206455400891	-0.40756667187075307	-0.399015641196996	-0.8716568147591244	-0.05900008361946584	0.5409887646231941	0.3304076035157828	0.34836458116582975	-0.5435580730192221	-0.6155432240163955	-0.8136879576742844	0.5800662944669587	-0.9493573321451532	-0.7628618944978625	-0.5908154518780862	1.3730582944023815	0.7665676487454242	-0.18144402330699075	0.4975895657866726	0.45336809691608604	1.6620933188155012	0.04226595540258585	-0.11158869477639358	-0.7667269858409964	-1.0455879082973834	0.700460246965311	-0.8014314487583951	0.8848000023610887	-0.22487846353836524	0.972649630048104	-1.7663743036029071	0.2852200844059081	0.022496655169183415	-0.4781507034628479	-0.8122183012878942	-0.13565786054896528	0.12234402034283184	-0.006531830184890751	-0.7109097968702468	-0.4637533263776918
DTXSID5041302	9.411573083783246	-7.971761738863258	8.816861025115788	11.35725206207147	10.648127375394694	4.958764474161126	-3.730906756424208	-1.8708107479377802	-3.6421373034223135	-0.8758682672841984	0.8445735843907596	-1.154437337738723	-0.8546097451771121	2.3407743670122887	-1.947643419001932	3.976893468622893	0.7970814701228855	0.03336864465096313	-0.19927874177338237	-2.2577705439072187	-0.027657359251041295	1.0978929246930658	-1.2062213453586352	-1.5327713553910662	-0.8051365156684039	-0.7065765245523803	-0.32149907905382513	-0.5327856788715942	-0.004153453023281107	-1.5155379098853965	-0.4510054495859845	-2.7866679007811275	1.9048361977819894	-1.5904324432778982	0.7643441341842826	0.14152217147353938	0.2678766443884217	0.48068062657623617	-0.23594292806867923	-0.45942383908485285	-2.0498170992716065	0.0021893360302852618	-0.34354619861227964	-1.457134641613636	-0.3204338729972812	0.32899179092865266	-1.5863308908878553	-0.6302210764354573	0.4369534849017244	-1.1745826603024414	-0.7402534516956597	-1.137850659926303	1.1702492082552125	0.3856673049776934	-1.7042356641612924	1.1269061801037603	-2.0054061641658385	-1.1545596364539636	-0.6404743721460415	-0.2580329045973418	0.42709672004498556	-0.8940796347108106	1.3153814799884416	-0.06718488491358217	-0.008506767127854385	-0.35654510540319034	-0.05985249197609676	0.08890507308216324	0.24006038566489754	0.08675124527011421	1.421985522586545	0.1895333157961864	-1.131145773589205	-1.0690433862161266	0.4285041812375359	-0.6678747383424518	-0.16020570566679304	-0.4255361013023972	-0.3812259442225145	0.5034003731358168	-0.24914428652890638	0.08338580915210717	0.5576639887744518	0.813055342190393	0.17592709368155973	0.44359134290990093	-0.45724861468354366	0.11994489381750473	-0.6992825079971429	-1.327917473524941	-0.8522625310062847	-0.0043564479516626994	-0.05252451390602637	0.35568468980006374	-0.14423753575133874	-1.1678656368442832	0.4798881266275789	0.4419652362982441	-0.2758927471609905	0.7671406258676404
DTXSID6027921	15.631002620148898	-4.819569858136771	-0.3779854274363273	0.9159715035180528	-2.0879685947184647	-13.281541281884689	-1.3052017340940174	-3.636789028101155	-0.85400519073014	-0.5796209926391811	4.699483330157218	3.925615758542704	-0.48757242914495186	-1.389300578887454	0.1431463111267758	2.3501729353717162	0.8324816638223645	0.3112656949488372	-0.28328275936137665	-1.344061179469628	-0.2351786736718642	-1.4203349036106494	0.5783201413602448	0.48189568186797294	0.37747460113310083	-2.862803347016917	-1.8146860400617941	-0.6484583839132411	0.21205627457404258	1.0826567849038824	-0.6578666061848488	0.3440913365445309	-0.9492256057257411	0.32626203331939774	1.8358678173566836	-0.21150334737368695	-0.9563520544882258	0.2636000824339579	1.7097244121148032	0.5362463452586035	0.6991936464982795	-2.4585072986637697	-2.0077715774763827	0.9904115404398619	0.2906254183879778	0.16193589862103802	1.0039875923397639	0.5201461672671445	-0.6198559994231702	-1.5831149400366977	-0.8774779344452899	0.8185139868856862	-0.7004247267553895	0.6234025602877492	-1.5593801745790858	-1.2056209146683141	0.5584578490497728	-0.4639703469382777	0.15392802993216245	0.6940754813152871	0.4351923048131531	-1.709302666027677	-1.2889148212535904	-1.1144793328966043	0.0718088101289266	-0.8270522319283511	-1.002275132488528	-0.05123319039434205	0.8213381652236079	-1.0946269417188066	-0.2312607939826738	0.5946835961024495	-0.5695786745373416	-0.6492716407955343	0.4515553052686014	0.6147412260482125	1.176139064688093	-0.33291661644163	0.4218054304469993	0.2676011801376994	0.2558726469092517	-0.563596646331648	-0.9486945178594289	-0.4742661881950834	-0.039746597425387435	0.04998216332578418	0.16882348209574197	-0.5624066201122733	-0.09997025480093562	0.307668333719844	0.8480651812387563	0.04028274759547527	1.0130002873076251	0.2584857976416282	-0.49563198789563406	-0.6679221682154939	0.8093106846191248	0.8876596904242606	-0.05246867594825449	-0.3282553368206796
DTXSID7025130	-10.878962839453896	-18.436512275564894	-0.7694883916916492	-2.330079808048946	-1.6534199462895371	2.9994667897429035	-6.703559584024081	-4.4794443108735384	1.44837776570119	-4.206124787249004	1.9505141636153163	0.007393766574673889	0.22342319217638557	0.9191183698056005	-0.7001357974286334	1.092541155646379	-2.6843376442878335	-1.0443686855889744	0.22183539425904095	2.1702838426190967	-2.4804776038287524	-4.0298547482956195	-0.4821116386472556	0.5041439771287631	1.5279860316355047	0.05229563282626996	-1.0161275943240433	-1.222389317189879	-1.0200849060503492	1.555488523646669	-1.5524248142512878	0.2948713559162191	0.900125622904487	1.0815343981641592	0.39897574911387107	-0.27137325922924677	-0.3773843211684704	-1.0859419302396116	0.583940385768164	0.4796914412875135	-0.7755168616665654	1.835417372304097	-0.38279995482245815	0.4304879534735072	-0.2748253782164248	-0.21875113218420733	0.495733632407445	-0.05877652029108997	-0.4651303385295639	-0.4721632705317172	-0.41504851716379765	-0.9619726520502665	-0.7478247322844184	0.1585492065264245	0.3906516732632428	0.09152557059543256	2.0580925912098174	-0.06680074800842321	0.08056702027255985	-0.14312567933675371	-0.36300387578791	0.6132978998917239	0.12736343501389188	0.48725352020938273	-0.13168463471040473	0.03411942650189079	-0.17426794373921017	0.11875285137913974	-0.5626364475023599	0.17169971667181091	0.2867832636455399	1.327021599925607	0.04343191778550655	1.331663941213876	-0.2972660828883449	-1.365634847496377	-1.0712816750421847	1.0305708543790768	0.1395269403203761	0.38281079608482305	0.281123538066505	-0.29065256267724654	-0.18546203578517403	0.41934681372783966	-0.37387144433426434	-0.778479107539507	0.520753308009972	0.49427591934326204	0.7363690117419424	-0.23613729335593828	0.032946353017168896	0.07116742183148263	0.5498610071625513	-0.6212160354231037	-0.40577566855519837	-0.09978842364550182	-0.9207707663720816	-0.06999290421027332	-0.0695588835028243	-0.7338478060208091
DTXSID7026314	8.623772431860631	-4.442616317867697	6.757237818529937	5.371098108595522	0.9863002072698376	16.926435413205475	6.198269031577414	3.766317359303604	-6.243032630494563	1.182687084508025	-1.063974649071213	-0.048106293245880505	0.6032393008203318	2.2022964861963104	-4.051530289416605	-5.405791440150249	-1.3070807630134815	-4.032617208618685	-0.6196100643714613	-2.242872475746851	-0.5558855644575053	0.5516533606486805	1.562176853661714	-2.6375252633085764	0.2820608901954294	0.9949304265528158	1.1960589408731646	0.6668652032626033	-0.7529279596868554	-0.2821295267877483	-1.2190303928817703	0.1213496279345047	1.387584205782252	0.23297432412584784	0.9015701532619848	2.434960191203343	1.7826206723517455	-0.1749655371866966	2.040755217216959	-0.7782781397310816	1.565116329339505	0.5612170443810033	0.47113509158241185	0.06352808651258478	1.3898448332483366	1.2473392290373786	0.8731225185574821	1.1745884422645259	0.8457275190053862	-1.1119770894673884	1.4697089828455132	0.38653637616847925	0.9279269111561027	0.4727546412356045	0.6456830975850495	-0.6547215528452797	-0.5383399920769923	-0.06427583660735622	0.8725246762929267	-1.2501104900961628	-1.1494359454774503	-0.26176401851783665	1.4008303505426782	0.8530753773973581	-0.7704680426773086	0.716264647767092	0.16897860848416713	0.5738695454385299	-0.5289422996447747	0.5309640780298	0.7394814580342752	-0.02034396748738158	1.2160872835884446	0.20461320586612555	-0.8954650947586522	0.7641021437889788	-0.19084848029747958	0.04894346629479354	-0.6947308084620387	-0.6987025338695106	1.1827016150992018	-0.006187107729184129	-0.5959014949171323	-1.201502474011683	1.5169898228659062	0.11222086400476812	-0.08733062930729278	-0.3368776043044677	-0.008516336432473723	-0.4223187760386695	-0.5063366462666155	0.3406176333348842	-0.1214251139314027	1.138183767952288	-1.4786125883715753	1.5359836181831612	-0.46262600821258515	-0.5202652619602258	-0.6831588994015764	-0.6497509060968247
DTXSID7027388	10.410284897858798	0.05450289127891342	18.114780456838403	3.8292650214325055	-2.098322197088876	-13.181224838854586	-4.026138790118052	1.2273528426509843	7.795727368239745	-0.8104570884496516	-2.9360354237463913	1.075836641240172	-3.106489106324127	-2.356168477823835	-0.319631738822562	-1.301788398721935	3.0831517489969986	1.2242428772377358	-2.8882172491247387	0.07621666182196338	-1.2686326672223576	-1.7923487358215675	-3.080264048461267	0.28004587851263335	0.22140313912804044	-1.274130722954845	0.49634232851145016	-0.016544276218529184	-0.16401466735245387	0.7456678112359537	2.706837142324469	0.6780703468947996	0.31292066251416084	-1.3805263036395439	0.04674853728675928	0.4187966277417407	-0.20760721100065727	1.1949543860842577	-0.36309873389331987	-0.2096912752194588	0.35152167242756693	-0.8572306603656544	-0.2847026293468248	-1.5478537063259465	1.0412640310772248	1.1193774159128083	-0.19501009701390035	1.3668362201640145	-1.0161166226385823	-0.6930219270664194	0.0013449970812378991	0.9346392473166473	-0.3270151464071506	-0.1278656785652	0.019692333332683686	-1.0652062419219934	0.4186228405547444	0.35742675504482857	-0.06326515193707846	-0.6945850136395256	0.18026758082215538	-0.15721724425783815	0.13268900840960454	-0.7123875324547624	-1.1939969877910663	-0.5595767037111591	0.15312401262161435	1.2989770533493181	-1.2158850085776869	0.07976863096737197	-0.3648664863128988	0.9407793233163664	0.32867188374662537	-0.9339663641687332	-0.4426472365863818	0.508428092619295	-0.4127167629200189	-0.16744076767408891	0.28915795769766367	-0.37588430963875097	-0.2817427451581489	0.42034367590937377	0.015012172589803785	-0.4865633756196853	-0.323752568493707	-0.7598093194045844	-0.03662727552215248	0.22480042793868976	-1.1299961504573037	0.725836790548392	-0.49210753843729776	-0.0749901896232716	0.6928832861389392	0.7225867984253254	-0.6885073791729489	0.13915932133653242	-0.4712223074206001	0.36588263798344733	-0.4448046474645036	0.5108920896621096
DTXSID7027837	-9.093086652306422	4.195095785929946	10.256795825417544	-1.5036918798805572	-6.672804744750813	-8.41289812424075	9.807049291014224	-1.1818891753257494	-5.937837919511601	4.191331241828536	2.7013269968462517	1.2031383917192677	-2.628732821777347	1.6623301793737149	-5.167163542752688	3.856681862548988	-2.4870428930697983	0.4037922213866863	1.8301112169394707	0.7568115653026934	-1.222711862928483	0.48053579600789476	-0.6238957359159889	-1.3724772104651406	-0.9440758192673819	-1.247258896681304	0.7728271293514192	-0.4357043702343201	-1.231235968067867	0.5939650995382395	-0.8872525678148566	-1.0862480666525545	-1.2200566081566149	1.3075878768739624	1.6525399570842347	1.4613369804220733	0.06359043003803211	1.4654979445915695	-1.0259435609268788	-0.5958768867748759	-0.02583311352957122	-0.2603542294494152	-1.4300043595461118	1.7066478247201504	-0.18137897631033117	1.5092594456221597	2.721144847291921	0.9899633417148119	-0.5551158565190156	-0.6143617031232331	-0.3570197848259639	-0.6460789468301381	-0.7545311713687273	0.1380661129629904	-1.6915108039792348	0.724440104769793	-0.2274179667733219	0.6831960425061548	0.3526264550133835	0.8230949208943331	-0.059823701177604834	1.2886300034910365	-0.521023971620075	-0.36889057817247806	0.6924420124802416	-0.6499579527114981	-0.31152186228001755	-0.298864013576822	-0.21496545492736369	-1.0443508128097252	-0.8322129961063456	-0.5066417248583852	-1.3374469326575436	0.256089808973661	0.3670865546210129	0.19820578657955876	-0.9130066067060147	-1.148858909356595	-0.18251543091265263	0.29998837274850776	0.6694455331703312	0.4642382977930093	-0.5077009041077887	0.8211133395949587	-0.8285511153741049	-0.2555584374710556	0.25193811449692316	-1.1707769366354257	-0.406476762604615	0.32115549192903536	0.1601036952927817	-0.00365204604693372	-0.7905505119063563	1.4149177357372698	0.01729838542457656	0.14631478126874287	-0.13029290980591615	0.8869824355709457	-0.8286401161438756	-1.0709099616065128
DTXSID7041708	18.46607740280053	2.661684030334284	-6.115017740169646	3.3586641206161305	-8.265645960248168	0.06511688457332598	-0.5235140338427409	4.6818754063924235	-3.06592695679684	1.593477489868478	-2.203856803280515	3.5963917573084077	2.3098302709697105	1.180614449653366	3.478880826516469	-2.306181027577925	-3.0864402504271142	-1.0220240648396286	1.9830917188752046	1.111777864326966	0.9243161093256853	-0.5236792707169978	-0.07957206004250371	-2.244504582460901	-1.296079325472161	-1.9038348302989783	-0.07212059121035563	0.32548227447482697	-0.3332608147019044	-0.09030526859758027	0.3620643783680753	0.4444384350865136	-0.05029270890925757	-0.10575684021322763	0.2745646465145665	1.304060766843507	1.0953995796934883	-0.871980213312225	0.5638801313086059	-0.7090409791636697	1.2911584290169356	1.8178624439970938	0.20425701838496016	-0.4515957229901292	-0.23327794559694384	1.881547406527405	-1.0181537524952509	0.957761248432828	1.1151150705133517	-0.3259773875496888	-0.8718548455342356	-0.7250586240947972	-0.3150190867670422	-0.3545250792999655	-0.897147308953106	-0.7271575432129715	0.27063645649941326	0.6533035323930083	-0.5539595028146528	-0.23713343204074244	0.5466628473956734	0.08385871546115915	0.7886398050005402	-0.40150786952302475	0.7181367471007936	0.1766043173379612	-0.022746108140392053	-0.00575678324452996	-0.7383411666535152	-0.838245898098157	0.7394218734586117	0.5380729296555532	-0.166957143934937	-0.3999861586141656	0.2915002406063616	0.9309394370939643	-0.4523742888095396	-0.807225463220213	0.23152608888226137	-0.6417025442318988	-0.24167123121816914	-0.11561281623404893	0.44640083965591587	0.9568593886433492	-0.3074672119971969	-1.2264915797463902	0.3941374037411651	-0.9568826734145333	0.12458523361442682	0.3301601090708004	-0.505705163075505	0.5942834442639873	-0.5107486880198975	-0.29455311727480754	-0.038671006132595394	0.3036748501505454	-0.6584063592828011	0.8319314371589637	1.3128476301701186	0.6010348023376391
DTXSID8027377	-8.039163213157837	-16.39841180081232	-10.789035357974258	-3.402993046455532	2.6456472667148248	1.1793050126175806	-4.141296998935822	-1.6443656876899286	0.584763638769364	-2.6484118386645843	-0.15327272051581187	0.13274882632870502	-1.374844436515401	0.13895594475849282	-2.668188670820748	1.828187023478028	-0.06047994954847024	-0.16876629814255412	0.35736694785649104	3.7214817995056544	0.5901603488373645	-2.182444024068486	-2.206772819126858	-0.38619366967464536	0.9729748293520296	-0.7155556948860305	-0.04484350844478	-0.301092021309405	-0.41343362111154086	-1.3527496273810764	-0.3793912578322088	0.5454548982948771	-0.9934947092115628	-0.34618295020680667	1.073162646905748	1.7557357498054955	1.060188393141626	-0.2182271084752039	2.2743495491022077	-0.3781660442127261	-0.10511926941079767	0.32510799696694903	-1.6658354523469994	0.3174916398616193	-1.4593103668067144	-0.015299468103730219	-0.21208874453355084	0.15548787462289979	-0.10203599456564093	-1.2849769696154378	0.005658843924430546	-1.2869656541957604	-1.094390162875238	0.5141257726771343	-0.05624227842247612	-0.34311676912344324	-0.4717911233315455	0.0037315289119994855	-0.027704179251868324	0.6764662475902274	1.2008017982200527	-0.5206085311424307	0.8772989706176678	0.8187901925107819	1.0264036627010464	0.5644069117009283	0.9790705149536693	0.34192004854150876	-0.008638639206761466	0.19958212009338291	0.13686518826453747	1.0133171107750865	-0.22063454910655467	-0.011752598277668136	0.18252761595174657	-0.42472132746168084	-1.4207493421706752	0.7321199932825312	-0.018734097457367597	-0.6333422045893	0.40026847565384494	-0.30966278793438473	-0.3352251631766349	0.9080153560414871	0.8202282297216821	-0.48161519781913936	-1.0410091950732359	0.3765729700580116	0.0012110201737741554	-0.44138511382683443	-0.7034219938650272	-0.20208205800286727	0.246209258077628	-0.5696725154363913	0.1283435526031073	-0.3736277672201964	-1.2060330511750164	0.7878520361748995	-0.21203517939974256	-1.3713347551659756
DTXSID9020794	-4.535413398715098	4.1785143618962515	-1.2837812072553092	-9.949414365306502	2.413751762451768	6.292501109028455	-0.3036763954727648	8.73530423360662	-9.459200118127749	0.03174143199716439	-3.1880108994255116	-0.5159186171865123	1.6834671873442475	3.3809054473261373	-1.304789012624405	-3.0390570949872187	-1.6290226322704144	-6.267810713671959	0.09933687183052722	-0.8976290249197154	-0.8270977511381769	-2.015334569815053	0.8820640343708614	-6.017393918611118	-0.7695851345869074	-3.8987916793902713	-1.4837154448027876	2.433544206586299	-2.3555107427837685	-3.980814479786261	0.17758125702184274	2.4581731610300874	0.261857340013937	-1.6874188296947188	1.4645575191819635	-2.0326403053523925	0.23579866356112525	0.5064778222680874	-0.13384382656740945	-0.9282726930804428	0.13365997130724966	-0.4079513445189207	0.4169239633883049	-0.5839733031555228	-0.002537733062014657	-0.4031818663316386	0.28411433415671944	1.5266611620331012	-1.0587616237604374	-0.4271676645371401	-1.9536555995788412	-0.936017423459227	-0.8804635032284247	0.9493326104836061	-1.509344632371823	-1.1751200438001501	-0.256091301297925	-0.9063685508122709	-0.28296077117637325	-1.2054274640423774	0.14882039106761344	1.0248192952041697	1.0975958866603523	-1.140135807826264	-1.5577102218373133	-0.25195514787932227	-0.27019436041151385	-0.7106166007067181	0.5693075729061798	0.4843413284981239	-0.5399428462421553	0.019336116170605395	-0.14742516058567795	-0.3233528979876273	-0.10268146817326049	-0.825141356090022	-1.176320494397599	-0.9192321403598496	1.049430186725906	1.2235257804723172	-1.1259051043301784	0.37114363505102016	1.1072020504500715	0.22956636986211618	0.8660103727664004	0.7705641494518749	0.05138713310064615	-0.4053115221411951	-0.6521685352031743	1.2628396207839407	-1.2239670226824324	-0.561778821497998	0.3356891134722009	-0.6626985760977412	-0.3960499311757772	0.49940177944341435	0.44057811890315174	0.5703461875428555	-0.6174936411230487	-1.0790106141026279
DTXSID9023833	-13.243408054358094	9.361685274595452	5.442489875554308	-12.264912647822033	3.7355115771347736	2.7846219753849346	-3.109535740207085	-3.6425136679088173	-3.7334127532742007	-0.8050488798812983	6.9510679512263565	-2.256521796114612	3.582918149135817	1.910211525107436	-1.8354465913252171	-1.2515450386413511	-0.3379982536266596	0.27567276270199365	1.012630566551904	-0.3302858059552029	3.4188227368090587	0.004067036092801454	-1.0043765078434734	-1.799966437982901	-0.681961981035491	0.7078210475343149	1.0934780521199867	2.2087823549170946	1.526080985927206	1.6851480107060088	-0.16552908757543944	1.4442673710889615	0.16580608176609	-1.5050308322095227	-0.14157943982019458	-0.5592741291351406	0.21159843058999778	-0.8580600855184879	-0.4709713843231755	-1.3043270190339737	-1.5939423042254934	-0.6904740414383846	0.49499550168302187	-1.1743881394205489	-0.7918072635667754	0.3112004855535864	0.20183823577544724	2.6677086708457223	0.8851332517952148	-1.2762625059721062	-1.0162411919937897	0.9335075585094015	-0.10015082298052096	-0.1345702746124938	-1.137717488046373	0.34986006558241595	-0.4755771003400613	-0.6782175778933283	-1.1761062463390748	0.9057501630159716	-0.45367799028727385	0.0014499864637980812	-0.5612229155724102	0.30387663664227416	-1.0793340001476848	-0.9345941129377892	-1.2973223003652048	0.14587023981310634	-0.14945395537053077	-0.4584179141452866	-0.21568367601639166	-0.4178024434093657	-0.5816510120365601	-0.24417571048765782	0.7823034291930956	-0.9906600766497073	-0.34004310168449203	0.1851226347975667	0.13860313862016405	-0.10510206523259179	-1.008720490836155	-0.05645805228833736	0.32706619542468324	0.5489546521271266	0.22967384816382047	-0.3837581737093902	-0.9972804398520143	0.21718562972188926	0.49686156904263146	0.19975179313745017	-0.19346281741427088	-0.1853527345143902	0.3871882060016536	0.4283385925903756	-0.10063177401910967	-0.6305555246041992	-0.34229141490070814	-0.3761371953343462	-0.34820638829582784	-0.0713570514237661
DTXSID9027863	-16.61189841890011	4.280156810449316	2.335422542750015	2.67936834642699	-5.468364796373562	-1.0485412979456907	9.846329899897615	2.7282460202650833	-2.2463138167983123	1.5112676232047737	3.046365942156515	2.7380577310610184	1.7432513456994811	1.4560644468200552	-1.6273681848754715	-1.442263870271484	-0.9278823401039747	0.40427658659195004	-0.2568157274161149	1.4499268390731932	0.8157508069161158	-0.8661750866865946	1.7263142243676783	-0.03287163308413223	0.4008243079865733	-1.279529042400716	2.0606872541330423	0.058283224165280645	-0.8023609688319491	-0.009013186899506963	-0.20843578188826067	-0.8060181477350218	-0.4877294044956676	0.0757694934652434	2.2470856386556517	0.1826407665268199	0.8124044727452171	-1.2890646284638287	0.4528163909887068	0.18847229038801278	-1.2013999138672555	-0.3794834807437291	0.14087526702344924	-0.48771424347140846	0.49127753576105426	0.4502605731567733	1.5928659980366335	0.8676172700837955	-0.9158787004630209	-0.7940979271851116	-1.0742181907903061	1.3109588158977241	-0.3947641793499826	0.0996114488634481	-1.2292389010870832	0.07610389254064856	-0.8417605077362492	0.9739731959146152	1.0503959126231242	1.3892083374911999	0.6993801684861269	0.2260418850114172	-0.20542882329100895	-1.599447369893051	-0.7955061583000662	-0.5441355491155347	-1.3436527149561939	2.2259147576720935	0.9426632917884661	0.9585357229018597	1.6896816679395514	-0.6971581103904181	-0.9684644323748416	0.04708779992724678	0.2305293159174	-0.28576122723788305	-0.016687678002099374	-0.38354487089701467	-0.8287132002772135	0.5217500668540401	0.42761168090916757	0.6957004518645978	-1.8709646768658177	0.06357566990901826	-0.7911496425985974	-0.45175053682967337	-0.6990774649203171	-0.8005377540409107	-0.2883910483681168	0.3104376429446222	-0.2515202805028902	-0.5096507187607064	0.32108938194980774	-0.3387363785104289	-0.07645161485337476	0.2321235870648839	-1.244722002292485	0.6980625118210507	-0.3825956012048716	0.15008247752354306
DTXSID0027191	-13.518584450330717	-13.357890535548254	1.6157971433626543	-2.2019997217465637	5.414247713226029	10.305060534963802	-2.7921532897892956	0.5149272811483818	1.925231932475072	-4.669145818822423	-1.5029014844402777	-1.8001018947648837	-1.4828501171383477	3.120196405591808	1.2610611389767614	0.44970190181546776	-2.440966259619131	-2.8524525226663124	-0.2368523264468553	-0.7266992255724429	-2.19543688654655	-3.388115904996616	-0.9582959588518818	-1.4485685568617717	-0.7833578027147713	-1.1036727353605926	-0.7169539625830149	-1.9779192987103735	-2.5035477955233	-1.3344817616512776	0.872066004899069	-1.2066154142399617	2.19260348725296	1.5575772276157265	0.5692020339834057	0.04746731442593755	-1.0468156549491145	0.6868185087275095	0.9262688054428118	-1.8733176175457793	0.9628401258138904	1.4122921650793503	0.030985761252140677	1.8317331384007967	0.6840510821691816	0.8929073841217919	-1.0415840082944978	-0.9676894165608558	0.6439524655959975	0.4416802642939063	-1.1546813048991265	-1.2973122648750668	-0.39620536835092873	-0.8863971753781875	0.612885832431258	0.9565098349335964	-0.24090798172242966	0.8042640450509906	0.8724296309517617	-0.23664683886809326	0.7193494863955681	1.5362694983768144	-1.364806634126712	-0.7551835306677663	-0.20951529018133028	0.3923113703823354	-1.012662476235913	-0.5202346251239662	0.9243025505844302	-0.7872514364480898	0.2201302314553604	0.12732364677305383	-0.4171378225109405	-0.9550214980839538	0.4396735968449911	0.07066365710418401	0.16807046237405715	-0.9270972254934332	-0.4734929291193702	0.16914045776462508	-0.9512463452677946	0.9709059745473825	0.4232749460287112	0.04893029663396306	0.17418905656328604	-0.7652340557403928	-0.40494686497582105	0.49282042100075885	0.6879920560039668	-0.3918480738964228	0.1965709520734721	-0.6455720633164739	0.17514595526095295	-0.2490700363037108	-0.3768613130173338	0.10357374329736492	-0.15939931672288496	1.508724365709506	-0.4865785725700484	-0.6503920549750106
DTXSID0027721	9.179219232235527	-20.219617458028278	0.08827364002359483	-6.2770706473712625	-3.669028964584718	1.2699885222268024	-5.2461844098508505	-0.035763939071725356	0.920076756321785	-5.37753145238962	4.143882094481409	-0.867932496671564	2.5951004156764093	-5.388232372165307	-1.5274003415848114	2.051911965998439	-0.3769995677903438	-0.5912703026045071	4.640853400534077	2.0600702857166304	-1.931310667418955	2.372858134787674	0.7594230305847414	1.377883953487634	0.8626761901289175	0.37006275535411076	-2.0385843365195715	2.2986301035665386	-0.8622705809176102	-1.530852071882304	-0.841513072776678	-0.3087357606650802	-0.6177277488054975	1.1094958481214467	0.9914440742398312	0.7634357633195098	2.817650580186701	-2.143158533308411	-0.6839374515207812	0.8006323184527057	-0.34817907538069454	-1.5230119986716988	-1.0247343835567757	-0.7073830419197227	-1.375190702862991	-0.35194738490121097	-0.6347068252808409	-1.2297917967016943	1.8643149822617344	0.19259422092340428	0.2772526556183968	1.3179601159186674	-0.14797371119821606	0.5662388130507982	-0.6066875159103932	0.44676430295711894	0.5408117375580275	0.9614395611010043	-0.8595887005716012	0.2659790278546368	-0.3141203167450917	0.40366732792216736	-0.7145166872489523	-0.08606256258176792	-0.8068696446281798	-1.864183476635467	-0.32435002468590807	0.4065282920400479	-0.30546214784833386	-0.05307572536870678	-0.9132421580043735	0.02707448358714078	-0.15473379542615912	0.8008190060161591	-1.1119087134849088	-0.7811086222477552	-0.4530968034293861	0.6426997827204921	-0.36003885579202705	-0.29571094294443795	-0.2773891140556408	0.14570875094468236	-0.49847927316477175	-0.13581905255655422	0.1559374212506296	-0.6879762434217049	-0.8502992012499604	0.32385530386852435	0.6825474928474558	1.218094959707623	-0.40817946512118075	-0.7769141727117919	0.9956667016432065	0.0029372060693109445	-0.3142331046647912	-0.2509742995589218	-0.37575294469607046	-0.2542710793478593	-0.0722698556693579	-0.2533311476685098
DTXSID0029262	-0.7104540432437021	-11.439835508562243	9.075539159515024	3.3493645259704126	1.2517555909874996	-0.19624417146700399	-6.905374548686064	-4.285065222463926	-4.805912223502212	9.485313623021366	3.5634124580290116	-3.278974975437721	8.098302594259884	-0.869167671031609	3.4335999271057434	1.634862789478426	-0.9915162414202773	3.005232000558598	1.5377754315721024	1.625987116258739	-0.34478415463539464	0.235095888946247	-0.9505904083866596	0.5678383164235075	-3.894745927677957	1.1145037939752602	-0.5273316571970887	3.550571169658042	0.20085254095247426	-0.7435300415334801	-0.21270977584338124	-0.22447804205336572	0.619107419097631	0.2138077770797252	0.4667931408199814	1.2258054400041116	2.5910530060557053	0.9062924139026984	-0.79321919575094	0.9940147135704162	-1.1222146399695365	-0.9799086100945539	-1.2152352581655463	-0.7793191196161947	0.6523756802547546	-0.7622471357300852	-0.9188523853976306	-0.0623325381270544	-0.026802207020889805	0.4370303016901654	0.06343138647232179	-1.3353082588569039	-2.1074293427118853	-2.1538202682911534	1.4690005560524158	-1.4557810459825333	0.19760678505941384	0.7328104517759696	-0.6048110019792696	-1.8085535092654506	-1.561683056772253	-0.2210179390614812	0.3408772071952061	0.34640687720874075	-0.4595612642189367	-0.6054725743391385	0.2299256072838129	0.7090270910628651	0.37762518373061865	0.005298964368582437	-0.6414169866720372	0.3838584386169007	-0.17444196078949323	0.8874292209124298	-0.028769159711850654	1.251559809046692	-0.31852810242731255	-0.15694147200928613	-0.18865212518174485	0.21556890945855237	0.5360099169628246	-0.6215259718843936	-0.5787465135998898	-0.8060299537638678	0.35373328807060095	-0.5523871544710093	0.14035042717261123	0.18586286054160767	0.07019559515624436	0.7352405837503652	-0.3147688498436677	0.446408812435562	-0.4990800025059279	0.6419432805781871	0.1288591778063386	-0.8693907740580217	-0.12269468574548281	-0.7100568905658458	0.9469213314823441	-0.11490263108844782
DTXSID0032493	8.518146549669426	-6.517125807350528	-7.233562234595148	-5.189613885143568	1.4110965892661738	-4.224967366927846	4.154593801568876	-8.301126620609375	-3.3185625718455976	6.032647068692448	0.4862359091537453	3.7146769217863067	3.965704544181859	0.9874342627610152	0.7850886053245179	-0.8379070056006394	2.053733539446307	-2.9118313827010396	-1.4538899091593738	-2.3662167450755605	0.2428769557980744	0.7509430336079279	-1.8133637683431376	0.6564495842636956	-1.0254774204672985	2.616526031591255	-0.8647649662966748	-0.13886779263627355	-1.9834637420710375	-0.8319554819164492	1.4516898402034297	0.3168287864305623	0.7558514605047608	1.4492914484064678	1.453516352786349	-0.7424024579288746	0.4729822597762068	0.2984155976585389	-0.7073638709129106	0.5971058718013158	-0.23657705395491405	-0.24777668392531554	-0.4161583082882258	0.8136954849836842	1.473031866757324	-0.2178296861087854	-2.5451155843301803	-0.5375676390209257	1.398182797205036	0.47332998115089764	-0.15358622414598355	-1.0174742245556065	-0.20894101461204456	-0.0864931746455062	0.4808947502591795	-0.6681174048112545	-0.4116813048304062	-0.7877449628303286	-0.05155367237958138	-0.11469400884784721	-1.1661468061287517	1.6096459693668779	-1.2237921760698536	0.7938378827848882	0.45984947621690675	0.03849500461305029	0.2506338337886105	-0.961308956237369	0.0605227849757158	0.8017515172453168	-0.06002654327972522	-0.26278833739843704	-0.7781509373274293	-0.11255144820466473	-0.16544309023843465	1.026374944649491	-1.1684639769001328	0.2727632455319396	-0.1961921217598114	1.9881368740321061	1.0729466145475999	-0.6709823673745796	0.9486526748861291	0.8094930674501579	-0.737112623587808	-0.26525804515210316	-1.3048701320813838	-0.25793932452850044	-0.23672734742370577	0.1985118823169479	0.08594995993003635	0.004718495075786713	-1.0313370325892421	0.6107066645235524	0.13084269048381164	0.7891142605525358	-1.9149418098021767	0.8688233701932313	-0.9206126515596208	0.06497003345856799
DTXSID0032601	8.360863709523105	-8.291511623678009	-4.794971606321415	-0.76307904460112	-0.324782715712033	0.44319666941233093	7.885982747608367	-2.6750187884736754	-4.079621299875789	6.935500215341616	-4.0680046520609325	2.4270110377338083	6.107246735952102	-0.31977447384829333	0.33506563995807903	0.14729839399255884	-1.5621062720356456	-0.13182812171036357	0.6884821800593686	-1.8518513966605643	-0.41075952961727713	0.6030100350237498	-3.182150785239809	-2.0470362279783805	1.5998403957063283	-1.2661751318091126	-1.8001942758482496	-0.5873402802016711	-1.5697836448279803	0.04482581521386374	0.29361507133024606	-0.9224089931367627	-0.6512476283922729	2.5576550195605696	0.7782632338420595	-0.5529541821169012	-2.566268998425908	1.5342499174676092	0.9466840459617798	-0.16758751017710993	0.1293604510809315	-0.495663261394486	-1.300616720107252	-0.8508978538306444	2.4379414626066076	0.027258388756314655	-1.6557373238897817	0.5353077684379349	1.7005840182686391	0.3338863849197626	-0.7703261524337082	0.2748118302730964	-0.6410560975741086	-0.29136319407849187	0.761230867940671	1.3757793075679987	0.6725409298735415	-0.7468510762314238	0.0510311158481662	-0.22082623799369264	-1.1591546731399431	0.041270521777179145	-1.2054718999208933	0.822415095929903	-0.7669990684272803	1.4092687752962636	-0.8209207727630213	-0.9468111211983185	0.07452355062045489	-0.33474103062796373	0.4106908407284175	-0.2599040663450273	-0.43673866600893513	0.6329791454267795	-1.8967591706990001	0.6003271597003235	-0.9495282911378585	0.27453873010108754	-0.6765576671329048	0.3954457142750325	0.8205784199877901	-1.95714099612792	-0.5292447163179873	0.6891058475165162	0.7909415394092244	-0.3721258421429862	0.9979854546956713	-1.0670205797201149	1.2415392439150255	0.2856050701879852	-0.5714683707074848	0.22511298483794853	-0.949811082281832	-0.1602775597234655	0.0798119111641377	-0.6827700213359823	-1.1400967183242563	0.7622489691076995	1.5375363936567243	0.2230900129625927
DTXSID0032655	11.33535843409221	-11.495065865836494	0.8600338739751732	3.3220773560790553	4.602601902025807	3.583326934797224	2.010092271162306	-1.0476606846944039	-4.450255096112048	4.090269211985267	-1.0990932664423767	1.7805252811394998	5.348888418047131	-0.4176494516305501	-1.7530593565619852	0.6890999518714279	0.1231208008631124	-1.1073792557354039	2.6778429350615025	-2.146666285642407	0.23104234282529953	0.052909402844013353	-4.071618733275502	0.8190970627927252	-0.08180051430620307	-1.068363578797612	0.34944832970106815	0.9522997701725378	-1.5560829180518092	-2.469094851920666	-0.34373694997655185	-1.5423735900696933	-0.4028190521001312	1.4135470616861605	1.3414391064954265	0.3787371438999253	-1.6691230825104837	0.7925487914386832	0.39406252003835807	-1.4923647710908718	-2.4835513910387776	-0.3671966962048957	0.6469854605433782	0.7939213931871576	0.14029760474310635	0.9112748429300254	-1.7016658517141794	-1.6160487778112005	1.0774847980969215	0.4959976203497933	-0.6432571194689413	-1.3425031341321354	-0.37048037501467485	-0.18920273138662294	-0.7350512657354289	1.6488899296922581	-0.6102365447694816	1.0506650438169347	-0.33745486354918364	-0.6153104387643589	-1.859100812588356	0.5690476779960699	0.452330366366091	-0.061204090224538404	3.1968723711305986	-1.9009577227028058	0.002121768443291491	-1.2966973620621158	0.6343172702180464	-0.3043028371661429	0.3853199411080564	0.41932451291511846	0.10504720779398143	0.31885746296989514	-1.1564945382385683	1.5376367342182469	-1.1862263616548274	0.5589365725069556	1.640174052234624	0.22468444688164105	-1.1001389343745478	-0.9442114926811187	-0.40435174419145103	-0.9363016823503003	-0.022051313265113053	-1.2988061363164705	0.45157540145520914	0.6396810337468349	0.773733226499252	-0.3640646766345492	0.5692190833191121	0.4253383535302823	-1.26736594435314	0.5400331095115827	0.002310558338480312	-0.6535502972331484	-1.1325473243822508	0.5408677776798723	1.7288482753342993	1.854555101811817
DTXSID0034223	13.244012541921007	-6.97218128400891	-8.327453700194825	-0.5749200162386818	6.17273688238258	-3.344437705342835	-5.136436429433147	3.346255382370873	0.251366906363354	2.4919323489011984	3.6249269324716007	2.29077909526903	6.501357098622436	-0.7085817975050727	-1.312152324947842	3.007929953781935	-1.7615474312884354	1.6908673188858885	-0.09578346618666025	2.1753178559645576	0.1985503031562604	1.2563205731481213	-0.6527537635816105	1.675908070485932	-0.27194269009673105	-1.1608534914672424	-1.6876929705029828	1.1592192870823066	0.310671862710276	-2.6134765495600205	1.5356807642190375	-1.055766413956041	0.33815486628299984	-0.0038871710682664234	-1.3406492902585732	-0.02355398852685236	-0.2401774120779337	-0.39899895337616154	-1.0755817810653663	-0.5772943750059042	-0.32443611764219266	-0.1057905566250345	1.1941049965563133	-0.9521267997983038	0.08536981485382067	0.16117809771400776	0.5211494951975758	-0.4425659032917183	0.9998791225897125	-0.24673383121823916	0.709602160002824	0.3469352343475141	-0.28820170746782164	-0.5034953312302239	1.7032469637928593	-0.5425897373393316	0.33545015324820704	1.5911715350336149	-0.8605367393635813	-1.4583655957982442	-2.090632692416319	0.3843475844215933	-1.2674617987161154	0.4470148343943235	0.18631469641969875	-0.22512576570679985	-0.11823397535074034	-0.6271680086506815	1.8437497189846317	1.036671927700498	-0.21198633802333203	-0.9799832273574428	0.6122805426077906	-0.24823505386895303	-0.9482895215074314	0.24617480544867784	0.11783682780604023	0.7664930574908866	-0.03306337472370003	-1.2923906957067584	-0.49047280167699064	0.25821682053859507	-0.42171126913563955	0.43956805155449136	-1.2845005670494358	0.04525079511804065	-0.6581382231937052	0.9378900666788645	-0.14356976222423293	-0.15990869933014576	1.071224640643773	0.285382850610666	0.3866309597165116	0.8225844337526449	0.8308620431751786	1.6008973477626454	0.3968955383831108	-0.06793271940987872	-0.21977597904406515	-0.11138887038774928
DTXSID0034300	-0.34900549181080326	-2.8494331836695865	-8.573792986087287	-3.322870170671421	9.22557353489579	1.9108754407713229	2.2708436637613705	12.73778815864808	3.7680267228293385	8.78920741465937	-1.2062239372268222	1.8928336499104206	0.4344985060949653	-4.255699470474163	-0.5321250846563836	-2.0978621281097336	2.1739431410707155	-1.9717903567144495	0.10534955549072123	-0.8935857955758266	-1.794945824714894	0.9464156902849881	-2.471765219223004	2.762811913562151	0.8308414336563328	0.5409096065806522	1.0054040517164289	-1.7948809212511128	-1.1805885151883835	1.3143837174695383	-3.4258539196766433	0.9825809846027405	-0.03859121323946079	0.13622856806069983	0.8838655963731686	-1.2768995255217643	-1.3204864229238016	-0.6690534829542375	1.0509216855611512	-1.0454717124927622	0.0833286180526296	0.5540988932212378	1.166009893536884	0.5077746248987037	-2.3053024062168155	1.3208515063525093	0.12100806392940007	0.6821409849392788	0.06172741607489858	-0.5675805987714337	-0.5955587089760577	-0.42479168259158373	0.42515358326415054	0.5057653288003314	-0.11563186529241042	0.8572012244241137	0.8742524016756489	-0.6380788197153396	0.944965140878278	0.44407477024536535	-0.06621179406209092	0.039153705825507604	0.7595639378574572	-0.3089598147610022	0.42014734050814856	-0.01595196298874252	0.9198173279693148	0.714510169952504	0.5817288893289977	-1.3134076617533272	0.758604839825189	-0.09824213836826298	0.4143221389664518	0.33677520847468806	1.479253746039836	0.5076580092820742	-0.8641753798354439	-0.47680998394604335	0.3368733412364474	0.8525353460851528	-0.6692500385202165	-0.4156400042838042	-0.6713163921563179	-0.24179695109840185	-0.44817610422077936	-1.123573414505909	0.7880564428924641	-0.33919327438787134	0.4494971092116603	0.17799959764620604	-0.9663896912723863	-0.5404185172506423	-0.8459104249980256	-0.5317962450259838	0.3789065882825175	0.050559834299646673	-0.18200150586544292	-0.2892107441879497	0.29045972699105843	0.564411383308544
DTXSID0034803	18.706085558119565	8.448469096964882	-7.048986475038461	-0.8824193058474644	-4.369085677244829	-0.06406060521910097	6.8718897215353305	-0.5760130335859954	9.224889556128169	1.156676987988064	3.3705390888735653	-5.52328822115987	1.8816916249794473	4.835666356482898	4.493443368158909	-0.19078328712458098	-1.0961414199256896	1.3210268818546977	0.42877776450234234	-1.8499894567495303	0.05615975243744002	0.12260109127981339	0.7830127657782294	-1.695635171304769	-1.2648590959128208	1.3861661553093032	0.4851092650930844	-1.5759433691492615	0.6698894880648456	1.8004838346843086	0.028206141052829155	0.44302135147253646	1.2391833196032906	-0.7764284527554076	1.3120451580441146	-0.47212666929816655	-2.41094443810466	-1.035847010065466	-0.4863409078308736	-0.180855184616398	0.16096362939791495	0.5670369561769582	-1.1571905858661053	-0.17727949549610214	-0.06757060746637977	0.7842686680446068	0.9745460806546798	-0.4061355984396389	-0.4407746864491832	-0.490221158171384	-0.31641490439907555	0.2838980482411875	-0.6534456560018561	-0.24293779331746132	1.3188707611088066	-0.1243995860198581	-0.5228199237240005	0.8747754397897121	-0.8912354072477494	0.9550019190591202	-0.4002691223237278	-0.11491498037724122	-1.463432628108896	-0.010463972241969486	0.4174117743827884	0.6934788939994574	0.46337605774348595	0.15406553831304662	0.34797505823750624	0.1791468772748185	-0.3430475829971991	-0.44822440367471	0.7839526524827605	-0.12766439137158145	0.09130317892380735	-0.7179284905207095	1.3856843802339076	0.19440962476642232	0.07025820248712772	-1.0250015996503499	1.0497708276160802	-0.9405974670003519	-0.5008578611196131	-0.010455143166283463	-0.3324571788853838	0.2716739309724201	0.6835525472251305	-0.3562167486567741	0.008824995609788736	-1.3328068112669442	0.4165252489714712	0.5151992206058723	0.43182204769848953	-0.518156203635435	-0.3773648435760227	0.3965348348655593	0.46714333682383075	1.0364390319121384	-0.31209254557905036	-0.02786783701197689
DTXSID0035748	8.234325287315343	-4.0092300858160925	6.485147439761045	-0.4642272910500914	8.81549459233376	14.479572216820458	1.8638563721006987	3.1604481441790755	-5.098679618317551	3.376566482949335	0.18619584911688342	2.338892718489253	3.0779031622266566	1.8149244964939584	-3.686590860477023	-1.333982496446806	-0.3073493960768275	-3.0595778502529143	1.648996230784396	-2.296996760380882	0.36404586596518124	-4.044432208673861	2.052902016844987	-0.8119999550715321	0.6612523477215134	-0.25884578974787903	1.8465008082984176	-2.6412913867650394	0.08163465925767086	-0.12109678412184594	-2.7710146329445466	-1.5247741063149145	0.735305996904681	-0.5669052955925408	0.9426526862814916	-0.3972594007474744	0.7794606913702948	0.856948349869546	1.6136296674410862	0.795484275285289	1.2407004599351348	0.8025202191438218	-0.2553881291272986	1.0054394124841344	0.694100415040064	1.652666697360242	-3.569907904171714	-0.08637331314326706	-0.6177413026591596	1.4928779011501363	-1.064804708662365	-0.29140497051118425	-1.7158598324695489	-0.5541820886186607	-0.7738467053464644	-0.8367195816573672	0.09745941174971136	-0.532788733205998	-0.7825137386456534	0.7875057623312312	-1.4980326577579066	-0.5582096939084316	1.990574370110345	1.5347422858860997	-0.2542834969000878	0.5554057647175147	-0.5784728580666386	0.15623637268573773	0.32567759707145744	0.3245499568926387	-0.8563308081429213	0.7909673886947426	-0.7416625547374622	-1.4760357907500077	1.3462065590698353	-0.08301184132510572	0.8074672525666124	0.3413383655125703	0.9949473906208504	1.0213915324281788	0.07274733561752579	-1.178618641465893	-0.5255600779471936	0.2987505977187972	0.2189923047364511	0.27547864896564317	0.7587541416445343	-1.7625109380894362	0.42445036881772974	0.1994411209314023	-0.3718961704904693	0.3758042654845467	-0.058069607631061705	-0.42416649947985013	-1.1906502240454597	-1.8077323653515345	-0.5084392152380274	-0.7521272561088399	-0.255829916073355	0.2812652809768112
DTXSID0034722	18.215487540549127	5.639432030297157	-2.919195570534403	7.239713189113715	1.279272608208867	1.3732788168910117	-0.914397955810054	4.825826952235331	-0.8535974936702986	-1.8547645627712088	1.0708718934840866	2.262533083361096	3.5400331108280083	2.6789963936693795	0.2857381947266303	-0.12836193868883283	-4.705388868548539	2.348944812180303	-0.27114885269440075	1.803082243749251	-0.952594300591821	-0.42756141746082593	-0.025390422219588128	1.5341763876077366	-1.754578874255863	-1.92250620999704	-0.045239752089343006	1.5360924514618803	-0.3049024677426868	1.828042113157778	-0.0860153651968638	-2.764319110054795	1.8034844438047886	-0.7499635137547268	-2.0566513956308916	0.41744369169265055	0.4158538109076911	1.09918431114368	-0.1791164611360816	-0.4218035171243713	1.9729790850146358	0.5619362614953374	1.0302833691434143	-1.4389780645053256	0.49670522689157864	1.671139679842825	1.1195642632249523	-1.5113484124768668	-0.1756510147481595	-1.084887982359757	0.6756315129141675	0.18775579170177253	-0.3743776296504625	-0.346150512701804	0.5927846091262888	1.1613939030590856	0.055912347404811394	0.5533112117322772	-0.5269022125406176	0.7322755237288543	-1.6462304066160682	0.32681045370654344	0.820329038668893	-0.029281376505006004	0.4861591226757434	1.254465127653719	-1.187338379739918	-0.059710650132674035	0.5691017325656001	0.6045501689695146	-0.603703128162186	-0.3985546332284404	0.05122959013157426	-0.21385611599194534	-0.7399994359973037	-0.8732658481981033	-0.11050173004312759	0.47548443288925996	-0.500903652476322	-1.5721025575090293	0.3814542871924964	-0.6675247308281578	0.1932638737838994	0.016467508403962532	-0.5617811867982169	-0.8467988142832501	0.046369514181855497	1.3283896356513	0.05076609604208039	-0.03910354534029644	-0.4221019586072557	-0.10160444498521877	-0.17300168101081703	0.6958090457080732	0.30668478858775444	0.9014292638309345	0.7394566528133873	0.0811205336338757	0.4718471929104274	0.8225345967649573
DTXSID0040707	-9.245793037411044	-14.366681555549995	-3.2445372520140197	-1.0333850932479862	-2.1794378202206337	0.48813589990066536	0.5567042274050115	8.63508303354879	3.5584476917477046	6.372306742578024	2.8186108043762963	-3.589002900144318	-6.639882960291905	-3.808230934747134	-1.2260643299486749	-4.251054004580546	-4.321083021652101	0.373425049384659	-0.895957132263382	-3.062251085819595	2.6133177835631036	0.6995337817120987	0.21529830072385245	-1.4056596309949836	-0.06349057351370575	-1.6168695206767132	-0.17108317627635422	0.5371758536701369	-2.0246529026450117	1.5637042629868816	0.6402100058643975	-0.6643562608730487	2.403034576424039	-0.15897491364318972	-0.8680120343781488	-1.7981021507324297	0.7818782217153075	-0.48923491648623957	0.6104438890752566	-0.018018520474335727	-0.8403780642005401	-0.5687652604450529	-2.126457185274401	-0.11167843738935225	0.655004465742585	-1.0630844084211888	-0.5503587552696098	-1.5709003097380156	0.19586244721485044	1.9109280577897034	-1.0224164182955966	0.5387794597165646	0.21936529911183972	0.0727971203511475	-0.3812684316408153	0.24076319098352386	-0.9499757336435374	0.28310657986991017	-0.3213021110244194	0.40641126011259127	0.2187311120272521	0.9457792948475288	0.07215044236665938	0.04148064857383432	-1.3336165523674988	0.014098743449974138	-1.5664969920195664	-0.10772524306499028	-0.7752711590652847	0.05205535089292809	-0.22989387558785798	-0.5872749393291516	0.2118737929938983	-0.46661629461751714	-0.29248726528338165	-0.8411952832896177	-0.9143220533743573	0.6496354623601628	0.49122337302880364	-0.491572052311758	-0.04397715054094663	-0.29024679596404995	-0.42719512648602626	-0.09383610589434557	0.22330104661874534	0.14707795042409677	-1.0335197270889267	0.9445290741585931	0.390137574246709	0.2470279318933058	-0.9140320611283886	-0.04438626773925588	0.44689252017064185	-0.5583778907550496	0.3007667439866318	0.4600869750408608	0.49704748721376163	-0.5271694458145345	0.6929695939273242	-0.30928144614252356
DTXSID0041646	15.810260379282461	10.229451708329535	-7.421460941051636	-0.30138336904236385	-2.06482741446814	5.971368313242481	-7.384545480169498	7.069303132843064	-2.032674939262944	-1.8680899328800122	-1.706745302154101	2.0303065762799046	1.1089523822941145	2.418595540047287	1.8337532089000903	-0.12173084994402267	-3.482138940004095	-0.45352290038133786	1.2445361321289778	0.15558999724858102	-0.3041990151907001	0.40108886859540105	0.3155610129970378	0.1470292843020048	-2.845831466165033	-2.3562936780404176	1.30069108520763	-0.22539600636486487	-0.7225034201974205	1.7740555195491985	-0.6244962303181589	-0.9593042000358923	-0.8389511011315814	-0.6714252800183873	0.5101224961625913	0.8582648440039633	-0.20184653188399496	-0.4913945219317359	0.11175277612744018	1.6542594827246357	0.6968413913653011	-1.0460605303465331	-0.509743658866663	0.6753217236741078	1.1914445638538869	0.5400558436587771	1.8035484563163227	-0.023600568479751713	-0.5670262394567828	0.390878599750387	1.0193936204976919	0.843292596438381	-0.02741395652549273	-0.4098126040433855	-0.4257229608423985	0.2281479163255167	-1.2344968644752974	-0.7720473882119512	-0.12327473009950693	0.08144574412001326	-0.3962133263216433	-0.16862986656502804	0.181749493714037	-0.7511802343104657	0.7283534700340026	0.4575050661262972	0.29809415705899267	-0.1831070818036424	0.23836193178254653	-0.034784148883450244	-0.3860812142403655	0.3254723463167578	0.323862993849225	-0.4283691288864137	0.8853026759159555	-0.6141052393934022	-0.1610612663904626	0.004742555650855988	0.6401805896384043	0.8232292591924752	-0.41609927488806236	-0.36008558381165834	-0.5567554522655122	1.1821519715623996	-0.3817796972791298	-1.0824337149715535	-0.24491935568038423	-0.26720422238353236	-0.5634034637809826	0.8596922176429626	-1.0411185362011417	-0.18555281270640353	-0.9267795741546198	-1.0767087833824351	-0.4218370059964585	-0.3691499032108392	-0.02327995894160779	0.8886207984040317	0.29638345456983956	-0.05620510257278464
DTXSID0042086	0.8664718435702702	-3.9429997838220707	15.612938589006294	4.085904554915263	-4.939605034071561	-11.005515980951905	-5.130124784581827	4.263020538949547	3.774297635114947	-0.7002327925622295	-5.8271800116257975	1.2163915589383858	1.7503518857081715	2.5313437507887766	-0.9776109310040212	-0.7733704826086598	-0.5135439658906304	-3.56623236058469	-2.573054760366192	-2.283206746956288	2.9564395462358335	1.3184561541940727	-2.2908733500710587	-0.45638517234965176	0.4219495609756971	-1.0419156694644394	-0.38528382425030744	-2.343157023656147	0.32564708666814673	-0.4572727953671212	-0.6018450605061858	-0.6853918549462509	-0.04408133877434694	0.6100088326049427	-1.8091890988419652	-0.9093440400202701	0.6449877944168362	0.29586052865910706	-0.6857939822257735	0.8629708310581087	-0.014853780486430154	0.9635407497751108	-0.8528701320077778	-1.131693327837591	0.9448238124585234	-0.41643057797891087	-0.5647385667552767	0.4767098881685153	1.1890859880098963	-0.25352378128554237	0.3280291783231177	0.47853506352436603	-0.18502180779460553	0.7084389904024025	-0.3244774776775183	0.5976611750678489	-0.026108772543638623	1.3399791022597993	0.7818243065025963	0.9204202758778394	-0.22941847479487432	-0.36780452768129307	-0.32793849221058385	0.9892849545853012	-0.9037704983349494	-1.577894263739531	1.0775503383057126	0.09074441774553108	-0.4071182284701231	1.7806258379110644	0.48175533232294204	-1.8615334144911064	0.8681161343034787	-0.5389999441957455	-0.1011706305522467	0.7343246354177658	-0.38655195462755515	0.5411739337160252	0.27747144335343643	-0.3875183860862819	-0.19948981248503028	-0.09505101396844165	0.27281969033836234	-0.5294930216705938	0.005823304317738222	-1.491804516893203	1.6659529293695625	-0.4051188612324522	0.3127153597459723	-0.6670031998029465	0.3607652832249568	-0.08190896442698255	0.7605735159981531	-1.0914829866865234	0.15938361150348512	-0.4363095972033173	0.6567928810786655	0.5808190611390167	0.7687734391883825	-0.051214432776637
DTXSID0042379	-12.988929486476055	8.820280825177514	6.9352037541256255	-9.63179212306575	2.907173437035847	-4.011614467263998	1.4567160635467291	-0.7517031720363058	-7.017127887399574	-0.8111841306653106	6.569163462481336	-2.485046259530053	1.9218334219710878	-0.16387556919516832	-1.5761734088131452	1.9945393351480358	1.0025730441242973	0.5313929744777804	2.4325391051778675	-1.8655710004141675	2.1634104620687458	-1.2303030807580972	1.1442059772092277	-3.153310324639679	-0.6397238862974274	1.384948198384306	0.8910000961457868	-0.20627436966012458	0.5264386908440005	1.9311179807945358	-0.8217813759836877	3.2519571466189796	-3.3310969567497524	-2.3581032942039655	0.2203436934607753	-0.4151612501932621	-0.14454586865275257	-1.091479941086356	-1.9979437270560374	-2.5973559763781546	-0.9894698683105152	0.8978336926562592	0.7088827915364999	-1.2107329862456173	-0.07596773556555782	-0.4279785321624721	-0.294754974977715	1.1176073635782602	1.0318743146693226	-1.6898548475532513	0.3366911515041711	1.111241182495747	-0.213148133267928	1.162505046647063	0.031270509699019955	-0.043322179409114536	0.03334926313336835	1.5307622749259426	1.1962306865938626	0.5713603890001984	-1.508814310914327	-0.3671641164100947	-0.7912543270476075	0.5035364886431891	0.4735298995421813	-0.09918658505764733	1.1574733588232522	-0.42078144765659553	0.07854938492332457	-0.02131155876527849	0.40726298103540276	-0.42739197322577827	1.1739975737468604	0.0829186033875792	0.29208952619050016	-0.6505570323250188	-0.725485833541587	-0.05560060975175965	0.4679531199952032	-0.983295572130032	-0.3094937851543936	0.9241065667025571	0.5980989624675195	-0.15704467736516467	-0.5176188911529169	0.727341024112176	0.27054730755421386	-0.7020649318456011	0.6151688315226916	0.10435231973302672	0.04262264388282675	0.8100979168538145	-0.46707168827462453	0.45408266284858917	0.06217219717073489	-0.6575814637914681	1.3518641443960369	0.49602957499077205	0.28751415213323234	-0.6900314717194644
DTXSID0047246	18.77077885676264	4.822767004992706	0.19789858948733813	1.0979526056523656	4.661616531524439	4.250807300235999	-2.9809259326704027	8.362863373040009	0.2171468377580174	-1.4430339262189038	2.117640480357288	1.9032538395411402	3.6637797567397596	-0.7015215095258682	5.120768130166245	1.415989967186164	-2.733927126638565	0.8104670313141394	1.5173372752848608	0.46511924221093415	-0.38438088440177504	0.4780090783004196	-0.015527952770477796	1.353453617551825	-4.388671533388683	-0.1377422560170358	1.6811302658022278	-1.5848505624331626	-1.3601644376400168	-0.31125084026286715	-1.8289747563353145	0.01841044338015853	-2.480915917266381	-2.5533597942349036	-2.0375533954847516	-3.765299372335893	0.8268899553330001	-1.2349867066897309	0.9905608332264152	-0.1661617668118366	-0.5255722115616736	-0.7191181343343294	1.2068259841442002	1.5223936689861375	1.2403234047469591	1.3284623287359245	0.2992872474610077	1.3107324834149634	1.434476115769816	0.9491441394067387	0.9243436317960999	-0.6576905361012023	-0.35243661703121226	1.4146971909007824	1.0063772992021351	1.6383624296514236	-1.0922394503567663	-0.5074577365783149	1.1350648364824554	-0.04404463509126792	1.3517597986006797	1.1675917684221933	-1.7343306486722652	-0.8937016236390071	0.23926807664192304	-1.0408564918754288	0.6220810291304814	-0.9159788401612703	-0.4148084736014425	-0.03154894227752447	1.4457511865445802	0.76215492552871	-0.33160135836515636	-1.7037142602493742	0.2191489491678015	0.48143804888981173	-1.3161935258604633	-0.8012144857079171	1.140075867409627	0.3634830133361377	0.03560713319008908	-1.4928069454188342	0.3990959943982109	0.3077315779364828	-2.276980163522003	-0.1447213730732907	-0.990654992266515	-0.9480535052614429	0.1540266739854911	0.8535633564720367	0.29280498830023893	-0.5568738435808344	-0.07153613262088598	0.19897898206276235	0.5267735492007953	-0.5084184638327853	-0.11473473447263516	0.838663613153762	-0.3181423451638064	0.6525830521433407
DTXSID0047248	15.397798174089097	-2.8233727182109547	-8.113909150169647	6.515497769931969	7.313562071592143	4.863366737823921	1.4136672386947757	5.9111931661349	1.2219229577116326	-3.1069652353080306	-1.8600740695539464	0.23901723573876874	0.018057267891314187	0.5135188391780573	-2.3729556670191165	2.2847715686082184	-4.841617742368623	1.8740346803728967	0.03916240378338406	-0.33350921295700425	1.6909918231276204	0.5819712663543527	2.160652156999725	-0.9815461821775919	-0.6466895296666322	-2.6583096416330494	0.6658963386843821	0.1610962196565936	-0.6311435583940701	0.2936912073019592	-2.278471971433812	-1.5795909013356684	1.1913634859061857	-0.038777345624671396	-0.19427252393361774	1.565822781477614	1.6286831195256652	0.9271522320881658	-0.52806544910171	-1.150685955164338	1.0935277263236238	-0.7250446705594961	1.945323788526987	-0.663276817575985	2.5303450275235315	1.9043828459588812	0.541421734170619	-0.12866079888829898	-0.1255261166071843	1.1408770952298197	0.23009864042309439	-0.3381573464028474	-1.0987473494080366	-1.059921510610296	-0.39382082460943957	1.055869054049664	0.6085431999343097	-0.25335505984465145	-0.5752660954986519	-0.5954132276172532	0.6466887777502559	-0.058567520824534744	0.7969328370746755	0.7151940375956599	0.45792889368780676	1.5965422874807578	-0.1827231312191498	-0.41468731855598906	-0.6450895057467696	0.44125886677750864	0.9709147402759097	-0.3787128137066996	-0.5513347255507052	0.1762052229664728	1.5455239638942344	1.2059680565523863	-0.6957225762531395	0.67199301130064	-0.9197491013066256	0.7912468300382459	-0.07929445605860495	-0.18864843277051915	0.42330960512653176	0.5661662629587045	0.22965795700728486	-0.003933624975568364	0.0017482956037147758	1.0304669638274588	-0.17539888740914644	0.5191316179981378	-0.9787406887756208	-1.0209522838388219	-0.32699846315135955	1.2822392472504327	0.4035023845488939	-0.08700730669662958	-0.7381741551150568	0.320210888692136	0.2231626816458409	0.539723232883885
DTXSID0047292	4.858760366069431	1.7541368280230496	-4.164035476311551	6.569370483433847	7.184192077891522	2.975880856356669	4.413796223743773	5.072601857396468	-4.1850264655986384	2.3829369973450363	-0.7990113480526377	-1.0636469717132382	2.7719247326239707	3.394425690587878	-3.794391612614966	-1.6521983781167362	-4.564647776369061	-5.574379942390301	-1.5739779426972338	-1.7086615084912038	0.7378349763964582	-2.821123588801779	-2.154098273271327	-2.030559230117277	0.5372609365374884	-2.6140301551979417	1.0582546092952205	-0.1072864064135428	-0.40990555047729776	-2.226074199065866	-0.6924420665604133	-1.1917203699469474	0.17196264224354196	0.4848216392608573	0.46428014613429364	0.08089385298072202	-0.3879945465894114	-0.3097097308906253	-1.271100767095373	-0.9863189032927885	2.193118592595746	-0.041918987048062004	1.4230040493888787	-0.5229386687809787	1.2223879853503234	0.8824206261565789	0.4631899362164938	1.453727112156073	1.7805129926114969	-0.4756430195943323	1.4125035022786145	0.18957565705987262	0.5350414649721907	1.9267648241153608	0.8497448209352491	0.5703377235317414	0.12339290622368075	-0.589360502866458	0.7137723072298926	0.21683230437950543	-0.34145155453255194	-0.8828502741350978	1.3012703359713427	-0.6741196547531674	0.260830649280315	-0.9189289737007087	-0.12960512250801315	-1.6513667228931657	0.3083793689218875	-1.6353598561138165	1.4228252096327652	-0.2533996918881881	-0.482586706754838	0.6349707538023049	-0.6532781309345485	0.7014423950444554	1.8243005201389426	0.2637007897523532	-0.24281787826562704	0.19706127263080742	1.548459187332504	0.9592515536457114	-0.8656604183040161	-0.559708439248538	-0.336777723820607	-0.26303965724915307	0.404747342462722	0.13372196724317292	0.7776042807659337	0.8870234007519403	0.478693653070472	1.5304664438447604	-1.9548856497057265	0.3922581846925473	-1.415291096501369	0.10171339966280375	-0.6354091075018641	-0.1408144465698441	-0.09707367722646143	-1.0895998930083373
DTXSID0047377	24.91641079492294	1.1195022871724907	2.2491664392077184	1.5302017596453754	-1.2182750206777417	-0.4659693094467302	3.3284686222391255	4.116846272739559	4.074743683128349	-2.7915774175327703	2.647709223153195	5.426201635498531	-0.6856572210517337	-1.7662571673323726	4.240963515023321	1.479282243004249	-0.6603346894973293	1.9489653761345898	0.24844955088832152	1.9501400832965685	-0.3390969201621887	-1.2165294945684049	0.617710403273196	-0.6684975285892957	0.027950898315916815	-0.2009959356449453	0.29361614308474765	-0.1430116041922007	1.2195383922528236	0.08797246481309128	1.6591796825564855	-0.7023654150073079	0.4677114151242506	1.171397064259777	0.7312642060918088	-0.5698167491970086	0.3904920846683852	0.6292871960507801	-0.35239100640719295	-1.004481342631962	-0.6879353687521964	0.030019027380792318	1.2350843307764223	0.7750471781826967	-1.2427988070042986	-0.47675756085138704	-0.9610455447243224	-0.3910799484983828	0.00778812299864358	-0.1597910738014608	0.5120585766199656	0.5568681021702769	0.007499290644212794	-0.31023742716300684	0.8045012541344637	0.49725425147642555	0.014711142103855657	-0.20215901885589013	0.15672295861983773	0.3866604975169859	-0.025796771755719913	-0.17564728078181396	0.7675860289407125	0.16938569266805154	-0.7917971898171087	0.3018161730707876	-0.4872364217268	-0.3849055760784608	0.35066290474642975	-0.6054820790356832	0.7621597040175256	-0.7536756907544638	-0.6162304082756764	0.3395222464030641	-0.3768669740622141	-0.1142826341796839	-0.5854016084199595	0.6941002584972893	-0.3702861853473001	-0.1330308496391671	-0.8904250078993601	-0.2837479414563408	0.4495521760748283	0.5427521635600575	0.022901222783885865	0.17697777570505213	0.08826398007246568	0.17628576569864646	-0.1458674459775283	0.16629937642600567	0.79797550791392	-0.37422731160884376	-0.21772805001635392	0.09499794128187314	-0.3631082753189895	-0.09492699615581633	-0.3676866894379096	-0.1759822716112982	0.17787022247359296	-1.0326543631204472
DTXSID0047294	12.150564902993604	-11.446026229423353	-11.195030854017794	-1.5886133259408897	0.4254194754508277	-0.4709757527550075	2.5947852819185115	1.952489607146691	3.280087831665184	-1.611724257195795	-0.4022390126319978	1.793382515612024	3.165636327030545	0.013654650356636475	-0.8743856639467812	-0.9034909000465394	-1.784994352130456	-1.3583562848950286	1.3050284737068387	-1.6788839443961445	-1.293526989504966	0.4659381253342521	-1.0109289169979812	-3.4680056439046534	1.3504597160718412	1.275686144790073	2.076436258598966	-0.7981556671777689	-0.7171469683027133	-3.9797916447861743	0.8081947346533453	-1.2339270157024456	1.5139721807088709	0.1594471686547616	-1.5539162187856281	1.446986631893069	0.1745652484617496	1.935078053476318	0.33409241347667495	-2.3683353802344587	-0.9797095199603105	0.4381209550675405	-1.2807034676932334	-0.4107668022478582	0.37529339123913386	-0.18939396730784377	2.00944045521146	1.43189883048453	1.4376388569452905	0.20082909972188356	-0.26910250906929845	-0.675086949014922	-0.730942799403127	1.1106866316099255	2.6493930405932025	-1.0639763170743883	-0.21698298489166096	1.856078975039383	0.5774989925170982	-0.09852519880164358	-1.0846026846358026	0.13136908111156603	-1.47891073411295	-1.459823039463821	-0.35243518642615684	0.448440974362258	0.05597700267151604	-0.3436431272460106	-0.04143304481817624	-0.17330768674426547	-1.0262006774529298	-1.7270312567014101	0.8305588187371125	1.1681552623446738	0.40154357039270017	-0.34073186440549286	-0.7964173745795341	0.3894183448007435	-1.1249393840641346	-0.16595544268489287	1.1633179998114116	-0.4589451713551468	0.4092654996303927	0.7267620437982432	1.5977014429193095	0.49517374365386313	-0.2682426227456553	-0.11589987224616102	0.6507625648033646	-0.20185922553297755	0.28644078901056386	0.5688647703427351	-0.6191613570932556	1.1050318744869954	-0.4982364326171549	-0.27953092617911746	-0.12049232351390801	-0.28744994471791	-0.8557042513135432	-0.6329306611026602
DTXSID0047325	20.99833837694191	-9.349634132728948	-4.6488270338898445	-0.6760234153832423	-2.397746801904081	-0.4369393739532145	2.6104354752626193	2.1600300889105783	6.318491572060333	-3.62346093989133	3.2887082633646605	4.436718482023911	1.44842427131032	-0.8722852473866726	0.054698673666480895	0.3409097253051881	0.2976662585944809	1.429189942700954	1.974639366287764	0.16667149676579654	-0.42346623437073644	1.0957891454841144	1.126795211209064	-1.675715958136874	0.6217546660799627	-0.3779786773860638	0.23914009212106946	1.9650119892017595	-0.6552681548595514	-0.23033835945813322	0.8084570381790241	-2.951202105852188	-0.4999223945230529	1.6035790379478285	1.7116590083495864	0.22113299373729078	-0.17235929069088318	0.15832177899669395	-1.0863854820790797	-2.00055979504437	-2.4162095715458562	0.984103247506909	-0.19087197650888976	-0.3915134149434318	-1.7174027621636696	-0.31931589147194167	-0.35057048987332834	0.23488028074224807	0.4910505421955931	0.5201688586990304	0.05540243068712702	0.014107784793033937	0.11891411645268435	0.0005913933617529748	0.21215195135698575	-0.397126555470545	-0.08120118711304809	1.2379166728995077	0.45945638937276123	0.2196342649751347	0.20102556908576663	0.9270990528712904	-1.0700593667469036	-0.2178271838150022	0.24378431852597116	0.12650183446403326	0.8039684240145698	-0.7928257000416353	-0.008429702461590347	-0.29210961705451466	-0.18486066419242433	0.010132943978772195	0.4377337782043134	-0.17085370773998645	0.1966530182084423	-0.23861791214727246	0.07493188154855733	0.19709674548751063	-0.6913823170440213	-0.7529204838611777	-0.17910194643635272	0.9175879896032269	0.03908882100815218	-0.18286498909213214	0.8549226387600446	0.05920932475645116	-0.6101851495077504	-0.11811516567661853	0.40988029049787605	0.7519666758511442	-0.9972560390339452	0.46916367828707145	0.19336090960109092	0.5054387055327935	-0.3793404512430892	0.3830766666703978	-0.007728733076725944	-0.015129862218156757	-0.37138295228520773	0.4482725443638834
DTXSID0047327	21.376732545264744	-6.2505263579455015	5.413716115429741	2.5694807952691487	-4.962430225998279	3.127263176966146	7.161484252027432	4.447135040512219	2.6826818934312238	-0.813713385300064	4.657161166140691	3.6747959263346326	1.9394463530331334	-1.735572581065747	0.12535566967119446	-0.22537218448197754	0.9149197386559186	-0.902703022003061	0.967608331590003	1.1091515300785022	0.09998133148636805	-0.7993556592950446	0.3458944644933447	-0.07862713593096221	1.6231163916190114	-0.4974575231491814	-0.6628864754462058	2.9155026785207094	-1.2106246702575965	-0.9719617503869756	-0.4694527464235456	-1.9926802072674705	-2.6820327286224597	1.2818526604024738	0.2880342705188746	-1.0137390353720728	-1.3288643486072853	-0.03567377661639567	-0.5873135482355262	-0.3365810163273778	-0.07446668882936451	-0.21365218538912106	-0.455763467022481	0.7754070977076111	-1.1369990942152617	-0.6473363906952909	0.29747536409666037	0.050920380374969834	0.6236688831609528	-0.8165249439683308	0.06336241368387314	-1.3239880612522652	1.7530819160013968	-0.3168156253740388	1.0210670247105385	-0.5475185358277482	-0.7678444364421712	0.08309257879915291	0.40899559137237085	-0.08995917031944427	0.7539472878527952	-0.3752806622626745	0.49537263562594236	0.39882953082008077	0.13077476024572193	-0.6530647225632938	0.43548294317167	-0.776019808952333	0.444551874494321	-0.8755277643390328	-0.9619202269296403	0.9474363754644286	0.27758329618450395	0.0469815048152347	-0.7324796277267913	0.5544286022075947	1.3826130731348587	0.5887686966812902	0.3922435418851225	-0.20418739229620883	-1.1420745386822793	-0.47920046218936246	-0.12201871689707294	0.22828144895107813	0.4132724915685818	0.009624979638918668	0.16641973129327567	1.7368866175030053	-0.8316171747410942	0.2648700500814882	-0.6254958356312078	-0.07896354341330504	-0.38681162503642724	0.06350789275397149	0.6685943932194858	0.1863628016076988	-0.5502266233408719	-0.9267515919958853	-0.6354887691351488	0.8895362122665035
DTXSID0047371	13.030240541011405	-7.287490056839374	-10.786409830550344	5.026410053734917	2.8762421553587565	-1.1485175229641733	4.487556835288652	3.2881508117781557	3.543548146741152	0.03353631515739086	-0.37473057666321646	0.9816189644231833	3.916482927474453	-0.8714070877218775	-0.529147265176586	0.4492026264696806	-2.681501655375416	0.6239265065803246	-1.9656725574176788	-3.129673170791941	0.2111007139293636	1.1151627163101507	-1.8876862452653869	-1.710108488738559	-1.57860191197008	0.06610596715853163	2.7736581876303017	0.003029771329575693	0.904332628007667	0.2947209811624352	-0.325403253143591	-2.0985463352196296	-0.9545779334897194	1.981651805191134	1.2012363901494576	1.8692281744370864	-1.2675072394769484	0.9930518514685925	-0.8724345732983235	-1.4358291602903732	-1.4017919262274172	0.29605452989137104	1.5549810840766325	0.10927524542077226	0.03376149769729436	0.9543773610051212	0.8353028241388819	0.4825129894324776	0.8423258685542088	1.2041172876730855	1.3107598052943488	-0.24735617145256322	-0.7108047191949368	1.3727715836642482	0.9396124793486185	0.44001215126637144	-0.09359609862989625	-0.3012810017420319	0.890914974750907	-0.9480705490442602	-2.020441672489838	-0.06966656994285912	-0.06886387018559617	1.1497578522016199	-0.7922971461145834	0.887990191585168	0.6218578033197726	-0.18649943171618535	0.30431806119317617	-1.3727160906212945	-0.21609482754667145	0.2432559164121372	-0.01845663935749646	1.5163724476412306	-0.47717125111216796	0.8525710037657235	0.40586955374739786	-1.3785579117056248	-0.3889055194733953	0.5819324626412582	-0.24378898627355083	-0.4410782345571898	-0.5248724629319891	0.03930891276820922	-0.2093000667021399	-0.21432027738852757	-0.6344151859239292	0.14759927567632591	1.234901142428884	0.11873919906975008	-0.1970444540059864	0.29232818464451493	-0.9745025002623932	0.33842998757572246	-0.4078173094971675	0.05732768533575295	-0.6345284061146247	-0.25523233029293324	-1.2335501045574	-0.006874370586553031
DTXSID0047379	22.862957384284623	-6.697124916981386	1.7387338231157987	-2.1066034361262473	-0.8671094373483332	1.2323673948670122	2.165432807617486	0.37626377653795967	4.016694518328674	-1.1377170947973356	1.6207755228201173	6.869008761451134	1.2533051897780232	-3.2932681153888277	0.9940447438564	0.5839177807634514	1.220989769121589	-0.09752787429812199	2.3397438434700346	0.33498699397178383	0.12582078785748954	-0.757182399073946	1.5949396810902534	-0.10998234704491827	-0.022526142599675676	0.19475968924255807	-2.1635964667670247	1.430769727090026	-0.5454965020443643	-0.2818010288640576	0.062296245113066036	-2.31148822372193	-0.6107164838088294	0.4311678027310567	0.26772907966701015	1.4311014781217202	-1.9015644927583735	-0.575580642540289	-0.17037452327020164	0.03246812555413759	-1.499387307455883	0.6467482126152366	0.4176168200320105	0.5551105282719546	-0.4892872388323992	0.568510885255751	-1.8819152565678907	-0.2220101034143724	-0.5763549972106161	-0.915300657553695	0.04528303328457003	1.0949457547917396	0.11870056646616402	0.2920888158660712	1.6092589042469045	0.3527947849188644	0.885124405393155	-1.7126472203606653	-0.06517811232806234	1.2509601670469055	-0.5080105096274823	-0.07726606134375728	-0.06588573362748715	0.5177580942637181	-0.055669513939344	-0.2287036208346826	-1.585476248314913	0.4886754086221756	-0.44290401933498275	0.5759881655059303	-0.1932912199129901	-0.38472833178968463	0.31439020472546575	0.8206736002060491	-0.19296538804879668	-0.19563372028824763	-0.9041126445762305	0.5303565528040141	-0.29077147963900457	0.503416428572923	-0.2840074564457882	-0.03797489691605396	-0.12507762198854486	1.3057678266440178	-0.029622693852755004	-0.5892667798063688	0.8151557952279611	0.3246350642401504	0.9125933955084296	0.2260513864853204	1.2659540501449018	-0.7863030350987318	-0.4770439362992387	0.3610544113845071	0.3730317553805212	-0.3683205983696708	0.1797271768004216	-0.4036920657901775	-0.6897650356323073	-0.36811561691091593
DTXSID0048181	-7.927688291908472	-13.748501462949118	-0.9730157372339151	-1.8823337958114006	3.006171842553372	2.7862471030629505	-4.930586689639872	5.66003719945152	0.1330954152727454	8.44102307401149	5.506317665651247	-3.8100067484742155	-0.07190305840995019	-4.31999343559974	0.27280456310250206	-0.44058458339389955	-2.6931793108583975	-0.6525891061445449	0.6712877991774687	-2.9491715365367197	2.468241417641174	2.3069721998764927	0.6979493335454908	0.08727778224348287	-1.1657671310544182	-0.05079586875478944	1.3816789255979278	-0.9467255069536326	-0.5279876173091461	-0.8155401664964212	0.42575294819514437	2.4493946330455083	1.2983079498954178	0.6126947455776715	-1.568368598511523	-1.2708836973640187	1.4830486836064463	0.9442101801218579	0.5402515448477527	0.09688584924246225	0.5734595084562755	-1.6902222722586284	-1.0008185428740461	0.0795787502143749	-0.12455504342428217	-0.33493841804944696	-1.329243121061572	-1.0823969589071638	0.5938784897101184	-0.5371533506155125	0.602905782730669	-0.6842171982131623	-0.7369327505807488	0.06562394646342119	-0.36239057000124086	1.093586415226926	0.7608520425618704	-0.4658311953556402	0.2795646695293034	0.9997232334522032	0.40781493528084845	-0.27229472741962907	0.16857628012017326	0.6301167384039195	-0.14801476960426177	-1.4504935111793618	0.42744484022338736	-0.8811957999410438	-0.9711594493988395	-0.9476760953584259	0.28740244342562016	0.2281843890372628	-0.3022888628785634	-0.967055619710133	-0.7401059826339014	0.4140745588085279	0.1672253114381716	1.7350859575693627	0.4896848421607956	0.3847178553771998	-0.44323883750596016	-0.49404159382959884	1.045411546495507	0.45210642586321165	-0.8025823500598419	-0.6208819754718617	-0.2936529036769264	-0.6002073385452964	0.2121944038380216	-0.5198524307284245	-0.9433820951207222	-1.0760893786826948	0.2065836762540419	0.28734498263832675	0.5520654832406555	-0.015425408581406277	0.6500144016905242	-0.9188568598510071	0.3110611275943583	-0.3529781612659992
DTXSID0048187	-6.2377074824842556	-14.818502418412777	1.3796711024965962	1.7456085193890343	-2.5683871735430186	-4.685918179468945	-4.290523896577711	-4.890029254358517	-3.654157078508267	7.450699169609911	4.986349405881357	-2.5881571124566713	3.6228484266985164	-0.42830292405368253	1.5354692074028622	1.1235642645731574	0.8873381934371553	2.1888733479887987	2.3615206336954735	0.4973085638662273	-0.8372155481366311	-2.5604701958949123	2.3007088201106356	1.4465642926794282	-0.42753525187229735	-1.069295470911761	-2.8147940581405755	-0.2881573903678277	-1.140009146563441	1.3170161557885	-1.0969209047158266	1.614808978037234	-1.623846386780239	-0.666133447699141	2.130680555686833	1.0450552600092193	0.05200969701579905	0.3599119845818647	-1.565740694694564	-0.33444834736234885	0.773671004571577	-1.2809177953209638	-1.071811628701508	-1.526938339188698	1.026058160495102	-0.10199400645361471	0.1296766501990149	-0.08051341995552695	0.736183904163197	-1.3307312865554741	-0.8340541656820616	-0.7278852100794975	-0.6375220555750778	-0.8785754685909138	-0.41985732663670894	-0.8020937273410953	0.8561226558432904	-0.9772047574084082	-0.11416579199455104	-1.2198851237790573	0.11905655440789199	-0.7700860600901067	-0.6857309048579348	0.9844901488928499	-0.596367259220677	-0.628042857714641	0.09969932810755473	0.9952864924461553	-0.4359241172389799	-0.3656600017036262	0.3119352363321088	0.7300793308404744	0.7551060244297062	0.26996748283382715	-0.07256465402585802	1.0878692198299333	-0.4446147554712156	0.19597630734315838	0.3553115910686056	0.18684706543967075	0.748766065236441	-0.1913844930481271	-1.133571192631741	0.00040700645415367106	1.5031123942271842	-1.3733826009260337	0.07590461378544007	-0.09119743186037513	-0.11275948070437784	-0.28741779017629404	0.38291595935857303	-0.7376987572199243	-1.3019019357464219	1.384229006523515	-0.44334557998374613	0.7211546992144628	-0.24075469983248862	0.18741074399204682	0.06593757095881936	-0.2516366566892994
DTXSID0048185	18.46660379025979	-5.639177552550298	5.163050731794412	6.263684062634995	-6.788205108272853	6.245956895575354	10.022750688364464	-2.91757770013893	-2.252965265409486	-0.3102103874723401	-1.4447109292312739	4.316238597044556	0.7698728300204036	-1.4572876193047577	6.00673120469537	-1.8362967170658502	-0.041419623127483866	0.13882378132491782	2.366148906721413	-2.2793175193361623	-1.8240453988400502	-1.293597682284555	-1.0095016201924127	-0.7964271456599636	1.681595985710393	2.2330230060428073	-0.4854827720378613	2.0274495720141013	2.110674719801367	-1.0397090725694305	-1.0418717863382572	-1.3163446681773667	0.12063766362664646	-0.507669032764663	0.2042991966849582	1.4113081660582645	-0.3576265998119474	0.8097814238360928	0.35396224545546967	-1.0831043865543337	0.08109190712066812	0.36419815782891396	0.047890040193553925	0.9005904665947153	-0.12265610895482357	0.17007728980659714	-1.1188358611759723	-0.35918762251347786	-0.35024867185980374	0.5595560492071947	-0.8535389649726818	0.6194726464906176	1.3703728422642674	0.03909312152009769	-0.04782593212120637	-0.8659698605691909	-0.020386254912790044	-0.7733824736707403	-1.323636096267836	-0.28888542081533464	0.7974624232316	-1.2547474784847172	0.05223560079902104	1.3084523177119622	0.5669815721976362	-0.19274763375839266	0.8997475558220208	-0.4373138835115775	-0.8872176745081503	0.2291241342589404	-0.833722759303007	-0.532124294432256	0.44810618316046247	-0.8748253800838839	-0.5943483486699217	1.025332409988753	-0.030021409470938357	-1.4419308517042986	-0.2777352256307755	-0.39116810404720714	-0.34979723998716394	0.2687005235370818	-0.7485720960943276	-0.18393540376278758	1.4650828199416903	0.057843914724044994	0.08052316168842717	-0.7854662696813042	0.6966903839776277	0.17621453752387176	0.21492407519684723	-0.8906624633975779	0.2947188057816843	-0.38205544417453646	0.055107854553052414	-0.07031017904008004	0.11520155177818922	0.24482542208264668	0.903399629112552	0.4427526243839099
DTXSID0048507	20.510236548690585	0.0259960565350387	-6.868304634668501	2.4293847736586747	3.037969805523775	-1.9329079172694505	5.487387685232493	1.4637280062345428	4.2126503128447705	-0.24400782678119326	2.42870919462801	1.9491777588010333	2.731256271724914	2.2574781077917807	1.3063294604052351	2.463818041454143	-2.024937142215868	1.0203351993310745	-0.8495517591569396	-1.2594421337741233	0.6924402112320662	-0.3155288867049135	1.0466508039355362	-2.093181408754207	0.5045420462362958	1.2574733954971902	1.353456393378933	-0.03680550663141965	0.6107819404340449	-1.4003491609023286	-0.5688845523028467	0.20515984780501173	1.180446643450937	-0.20639887839613402	0.47710656406999824	-0.5501932119303229	-1.2545756813279565	0.3203198545630836	-0.46989472175488267	-0.22532834615514985	-0.19485175781078798	0.4779470912220763	0.5705664623178419	0.6843951685475226	-1.13331646209316	-0.11370588732836862	0.9662807848317119	0.3288406775573152	0.939893398505852	0.8918353450463146	-0.35911843982125335	-0.6019569320079154	-0.9181991965183488	-0.8707999801772492	1.305742839044215	0.223632167946635	-0.18635555855948305	0.6439555295512001	0.5259347755058051	0.9533734735396969	-0.15971570886191416	-0.09057404955042996	1.070310538061046	0.17763118604304023	-1.0563408666007306	0.03942563386343806	-0.7553800828444855	-0.2769311177283795	0.33001168414218834	-0.23288527869675216	0.13782020459367322	-0.5111885177348023	0.43221613073533127	0.4829513588861759	-0.2959630307132835	-0.35431922234509716	0.48554915569573376	0.5908712731719847	-0.2410285575372168	-0.4810132188286236	1.138891232015397	-0.504539728510613	-0.7620180044800383	0.43804722587426614	1.0968501206094905	-0.5415648603212444	-1.3286909885016838	0.262762358024424	-0.21085075152828495	-0.38635793991146083	-0.5728104590823472	0.559006725817672	-0.675238757660529	1.322249025606646	-0.21678500836494716	0.6660047003924128	0.7085717935857268	0.9694124101532985	-0.8210764823399238	-0.6209712355983124
DTXSID1020148	-4.202735701116097	-6.322769699775752	-2.034601007013676	-20.134446719322042	5.667004253775617	3.1901685920339284	-6.719016712027982	-8.746060622418366	1.336432672661088	1.5011438009689149	0.349588717924143	4.422558895779488	0.3063793813703134	-1.9584986320026996	-2.2808157373754065	0.13183229349314074	0.0451144662499079	-0.8812680307966919	-0.11711117159880183	1.3425165423915952	-1.147453565655562	0.8882147471274718	-0.6287859129256513	-1.395286252227741	-0.5652909360188106	-1.1566373874221336	-0.29453357650191364	0.8463936337435357	1.520486005280398	-0.6456244539256857	0.12196462035698043	2.5341759536122153	-0.6970523638411492	0.09611537381920242	-0.7434454825909125	-0.06258644401188318	-0.01145879969580776	-0.04218074995864498	-2.2760581725929985	-0.2746619249704884	-0.6532242286203825	0.5839971226208063	0.576140279385572	-0.6570414069454606	0.023000227796763528	0.5164987514307995	1.157862954779471	-0.43561071754710823	1.8584070536114896	-1.9810636181239119	0.7878911231894616	-0.20347136056242698	-1.6755127290341618	0.017948583879883923	0.6862774388243571	1.1808241864340705	1.5500525999175774	1.0047052238882868	0.6309060719516306	-0.5129248299925255	1.025347151626607	-0.6652782730645465	0.09132063270666602	1.0785650640897506	0.6333395764835985	-1.1721224124677045	0.0973412005832175	0.06657681961760284	0.009975072154414157	-0.982450301244415	-0.6031390602648096	-0.31580039496268153	-0.8854408072194854	-0.616635439520811	0.2510275142125258	1.2272329380673945	0.6650500390534451	0.8862183808077688	0.7066014295809082	-0.4561390488016914	0.4564898190872953	-0.7078928275131188	-0.12938784934440764	-0.32668798897943535	0.06173465733862888	0.12739381255263266	0.14172906354202028	-0.694337265993756	-0.9173514781283354	0.34571501545282446	-0.2271835225297413	-0.4641134236808939	0.7629156288742278	-0.3014266220686796	-0.5716530755918977	-0.13160604211879945	0.4067322308152438	-0.4053306082823308	-0.01065585692020126	-1.5507849968247047
DTXSID1020221	-8.154857967720721	-10.586566550526841	0.021746129025192695	7.204709366888204	-1.5909627307115575	-2.2843324652739803	-1.5833670129107178	-7.756263684009928	-6.501821682784365	6.933883010264675	-0.002074376256819895	-2.6992985623831425	4.846717229845026	0.781464440682344	4.721528480065091	1.1268118141690708	-1.1573902420743774	2.5718752947901007	1.6664286823552747	1.6496901273879998	0.7973718748900149	-0.8024993222205449	-0.6988589942084085	1.0511526156994	0.9783049267169998	0.42690468921395214	1.056442667648501	0.2302783656601872	-0.06789138023027522	1.1440924839753832	1.1889956216738726	0.6072024381778117	0.46206319422976433	0.16165384850417613	1.6564708248440054	0.2289082444535436	2.0176745855791016	0.34879869303379024	0.21362149668313793	-1.0889263609150344	-0.7520097555501867	-1.061378878087544	-0.49428928001089295	-1.3531441269858433	-0.19587746989827892	-0.04402504159600181	-0.48900493583878707	-0.3026074351299017	0.8143383216070623	0.019045564071027747	-0.4609250238039343	0.6153634197308805	0.9846058415307227	-0.2007597011568651	-0.4534691369268971	-0.7313184409815502	1.0450191917598353	-1.6621980912100707	-0.5058705107680495	-0.4247674928495545	-1.3745512272345375	-0.012369201960738917	0.29551817842418443	1.0158849179904532	-0.04600219019316567	-1.597407323586812	0.7625056010156811	0.3619406629409554	1.207341820176569	-1.257696977139921	0.3739818370155443	0.010638009128708008	-0.39801053571058276	-0.16563741464877743	-1.2278847975671987	-0.2930331615639446	-0.3024266175055892	1.3964926128262416	-0.9326305419810801	0.06818250915764178	-1.6616654950549077	-0.9643192523558187	0.31549966260616796	-0.5543740328983304	0.43495473050028705	-0.5810207244228458	-0.3588283409496049	-0.6832099220169768	0.6507095086992597	-0.5833524616957503	0.4036763835226612	0.32197282762289253	0.4603402747137604	0.01983524316400969	-0.2532573355796702	-0.12951763699581492	-0.235770220146854	0.39505895463251917	-0.5071202588918996	0.02879720504876785
DTXSID1020770	8.27614865634417	0.7936904271095976	11.244000341120323	-15.910007532957508	8.539820665034181	15.555508734912483	1.6289290135930026	-9.129699866304843	3.4344486044370885	-0.5347778530867053	-3.2966468103844813	0.8144762929577736	-3.4879389117452377	-1.6840058018643589	-0.6860403215964398	-1.0389373839323233	1.7284715177528325	-3.2442606404461336	2.540912216726943	2.7992629838483754	2.8086300529117785	1.6011446983054767	1.5692959245557025	4.621769940374186	-2.2514745415510222	-0.3233532200265577	2.1813126439625026	-0.7835875616438056	3.4461101144186204	-0.2700682145678137	-0.07973255558468505	-0.7654231416016688	0.9018240419557145	-1.6192905282604486	2.3582440624695598	1.869487753637742	-1.5078951004375176	1.5481235427789966	0.5837262410482112	0.7414379542562268	-0.3374649489183968	-0.06499123739787394	0.22411787662328372	-0.1934032933245469	0.7609183502056349	0.7212272217244788	-2.3778611499315874	0.08133252027435384	0.11870161488214077	0.05793726838116154	-1.3841040117402372	-0.003267533835931402	-0.10378360639790456	-0.32644220500539445	-0.1590938169515783	-0.35321174714568676	-1.1838798489593725	-0.08407024561718177	0.07270458548569522	1.258063006583401	-1.0283768125771773	-0.029305786694063547	0.8151351950971361	-0.2881943711915536	1.1661510376087236	-0.343257849798503	-0.06771613574962441	-0.6444607551979639	-0.6861039524299386	0.8537159166476853	0.010253544750343058	-0.10161051452091062	-0.5542954024631068	-0.20581556228539685	0.5908376554042153	-0.15333722347212062	-0.2656273800090514	1.3822202026948895	-0.6004959582441936	-0.4693393045537405	0.20083924873412942	-0.06452266927863717	0.4491831419569002	-0.6660972570628996	-0.07871452036218332	0.19907395737153008	-0.6734836336967662	0.8481629382951843	0.4803814771527196	1.5244563886116491	-0.22785675200225056	0.24685065211654847	-1.0696462732439729	-0.6940709741351698	-0.20961603211283764	-0.1073345902149633	0.3543485631734338	-0.14247495705269658	0.4161692208336611	-0.9297242847118177
DTXSID1020932	-9.068328671102368	-0.6496622847862603	-10.341815727546154	9.01060916630951	-3.605289581364004	-1.2073743315617251	4.2506665640937	-11.818323491487465	0.37064663397626824	-2.3572316527973345	-5.103956550290054	-1.2244773093948218	3.239771801603905	-1.2216708032830201	0.9075791493306453	0.6771342842104094	0.09967529966819207	3.265956678906555	-1.8010832796630294	0.10459660878456195	1.3713997088733594	-0.05322751770770531	-0.7202437153933293	2.113130031099306	0.3672356604360066	-3.223431747885681	1.253903475922848	-1.2820260115791824	0.12280815112939483	-0.662490465784146	1.5604532652266907	0.290969255390881	0.4632943212288523	1.7109082791657544	0.5696956994814703	-2.9166047999353255	-1.0506562675603626	1.8164303156587374	0.921302484560879	0.25021876094333334	1.3494103557237125	0.6847533667578573	-1.2445871614362811	0.20720152159646685	-0.2903287024552207	-1.665722908775002	2.1474541058304704	-0.5102415598410078	-0.5638335650380129	0.18685669203177874	0.3803862479588069	-1.490923938026362	-0.3764136181335752	-0.479414276894445	-0.5637935765090174	-1.0808626227594695	0.3580379692718129	0.3988792173426802	0.03058390412972201	0.1371469224265716	-0.945892867516086	0.3216992643246426	-0.4405114426154218	-0.6219696761627095	-0.6103778000910002	-0.2181295016931203	0.1640737184058354	0.37296797030323764	-1.5087506434727829	-1.678296658234065	-1.1432475195879461	-0.9223435312224779	-0.62162824732312	0.2492786137416558	1.2407323586472883	0.032312615343896435	-0.43795371179538806	0.7694554738359471	-0.4217624991641558	1.4837961530526793	-0.09634435444650001	-0.9099099683625211	1.0349643902381644	-0.7800886794486446	1.41891891127399	0.1956062974772359	1.1160147103385296	-0.40252391747063115	0.6810078335264325	-0.8210078139510809	-0.06669503561462183	-0.10333191879796468	-0.13001333684418243	0.860139408690969	1.237911968695766	-0.2729294684455043	0.24289748546733353	-0.3870931135791415	-0.3977022982539951	-1.1746907114102298
DTXSID1020930	-13.175358824872957	-10.54519881195699	2.088490658624133	2.7476619313080213	0.6765310631642967	7.2849556801437325	2.951068557348902	4.100483540360038	-4.233795926733432	2.4524758667823887	2.2473151741569377	0.34919430918666144	-0.4910614302497743	4.599019005190723	-3.660706668379791	-2.852945457388418	-0.5076503379307514	-0.9728083423025414	-0.5514217906930925	-0.7218654759287204	0.33553468963224314	-3.626738797418552	0.3800593362179319	-0.7419838698676505	0.6982296507976554	-1.3498637988010818	-0.6317733248117787	-0.5164925713009254	-2.1147141148479816	0.20280964507169288	1.1244809348663714	-0.3495012031444741	1.7630375019616822	2.252385350339313	-0.4424227270792224	-0.8726750194925601	-2.394405463223653	0.5940824610509392	0.6247975845440834	-0.13298240536092346	0.31764702804946104	0.2942867649125649	0.7393903730138185	0.39132459062467606	-1.2745579183851632	0.7564091640800745	1.123480884272281	-0.5451107541078439	0.7740893665791165	-1.6975430809203746	0.46840247001295393	0.34949848913369524	1.396003973621224	-0.8670114909185437	-0.3132247659650944	0.4590216491989271	-1.1759485806790801	2.8178633876731043	1.1439756751112562	-1.8237274360097215	1.1409618543080666	-0.6806685178212755	0.36272764006545805	-0.3308940931417762	-1.8003631699439737	-1.3354412844744328	-0.9273130923412808	0.37912616542403393	0.3359119434320922	-0.43709912886192565	-0.6525999654752523	-0.2759386999263698	0.12192264593624881	0.3672250454454949	-0.6599678057799707	-0.7217148785576745	-0.7193019273791778	-1.333587058508524	1.2161783455364819	0.22122366251895584	-1.698937666163677	-1.0160972683624285	0.07697800097083216	-0.39617420576615026	0.43369898057800305	-0.40556146666996334	0.17138059389283586	-0.52604092491973	0.5478625985850809	0.027154099336610924	-0.003625769986979518	-0.853351243754997	0.00443444644814061	-0.5715327589685223	-0.9739695953651458	-0.22957738906633407	0.29658174302604834	0.2616179713119611	-0.64719370322126	0.8922040993532956
DTXSID1021087	5.285853255149236	-6.884617631725913	-10.918269700025535	-2.385839414301664	4.997665538098515	1.4630493878974202	4.947041824440731	-3.7642679789518843	-2.419757500728965	-0.26310325880503627	-8.511790270175137	3.6628927731554235	4.158202726538246	0.8061412350105923	-1.0393216566536962	0.9373637273579011	-2.0098145713968596	-2.629751427412171	-0.5769200660947212	-1.0532545966235622	2.7480092182578844	-0.6470261510932607	-2.1549651767645264	-2.8195240989737247	-0.16627949961050503	0.15691218799401446	0.5348242061588978	-0.7085745638824441	0.35613289256818276	-0.25425958582719477	-0.8761496378504948	0.8735893034655676	-0.6428270018319392	0.07074087406087697	-1.898272087570237	-0.7249896603121981	0.07792239444052865	1.7119512100404122	0.18698730160211569	0.4212920949251341	1.8857649201742865	0.5693630599914306	0.5347578057269207	0.6359245187970651	1.7344823773737477	0.16986213273541406	-1.311530345658601	-0.10450858048567645	0.5313156376523502	-0.828359011478124	0.9856446196839637	-0.5286525509608633	-0.21681716633631037	-1.1063109071161779	0.5786530653533777	2.0261475149506314	-0.5241211883907678	0.6153211095616482	-0.11592262275785939	1.227704116284839	-0.8255796520323186	-1.2339007408267793	1.2347222482687494	-0.4059438877928811	-0.5106638566851461	-1.3098728497529841	0.7704153511068382	1.525272677741231	-0.953396767468473	-0.8258344779874073	-0.5097431992953441	-0.5936011065755691	-0.8746248183219103	0.16417303801620467	-0.5153094068535016	1.2067500677410454	-2.1501736662988695	0.23655937545993372	0.9239313430904712	0.45353008980755305	-0.1190974623277483	-0.8616646724809119	-0.9427830410829888	1.2634902634703278	0.21385382803225683	-0.47137240425283505	0.6500446860842277	-0.06392540871350372	-1.9222008075825459	0.9235171098779243	-0.18499610199850972	-0.021357565349147428	-0.41345149910492685	0.4792801526257967	0.05537136229143685	0.47811310373268084	-0.21294827099132163	1.6508669199368866	0.2706425322705977	-0.9327611770129594
DTXSID1021455	21.21789968820136	9.506710848049782	-2.2436518980262345	1.3346326592197628	-8.844776435412992	5.110310469673312	-2.0742112642267028	5.538168865715546	0.889885431075421	-2.3296101800243547	-1.1014343607669026	0.7617240526160346	0.08184834143900895	1.703091832473182	3.213894083806105	-1.190907649995531	-1.5339036137265412	1.089029366124462	1.2095638353229687	2.8553300283466996	-1.1259279210788553	-1.0884829375775062	0.4565750872601867	-1.3014296227731363	-2.8350708728902294	-2.1572600810933262	1.4559470311655476	0.28948058703179164	-0.05824866699914517	1.613358637722124	-0.7861287302724929	0.005666659950751942	-0.6464380774056119	-0.10579183679937416	-1.264557817012273	0.7891048715640038	0.36199468518646255	-0.9506114530588889	0.3826309345385943	0.18014667405820656	1.5870931698335622	0.2444490343298545	0.27475074362311397	-0.2691745040139986	-0.017161745922580657	-0.8326514333201741	0.1583569248229377	0.048425538729859136	-1.8054503090074847	0.5682740628037309	0.16180095949945203	-0.0777854904129771	-0.5391248274250637	0.796595837705796	-0.8445763649315646	0.2612761839394807	0.41413344497530263	0.8570606472391564	-0.11793773807316335	0.16181306902015358	-0.4518344645316707	0.6311497477869831	0.5126176937802718	-0.7785705561299501	-0.06655919724383542	1.0713433772035617	-0.5320488755216167	0.7504764009218003	-0.6292837542123422	-0.18154425543620747	-0.5108517781198635	0.752893956266102	-0.9705361650523177	0.3291628321036815	0.3424204462301468	0.9078563520737057	-0.2686991740651493	-0.8705850090261942	-0.13049487893578748	1.1080348730094705	-0.4291153207559049	-0.45255184785869557	-1.178537110529433	-0.27931943011231636	-0.1454365461573895	-0.5416849916327289	-0.22743997408109687	-0.005293106963594424	0.8488837470107541	-0.07656834825073358	0.40446252858367476	0.41496600597388883	0.28241016728995244	-0.0018338121732085757	-0.09525873245569469	-0.611721629099986	0.19237116103278568	0.7981842701106692	1.0957950212147767	-0.5465500050871686
DTXSID1022508	-0.9589065501693014	-12.771034524029881	13.415290314748844	3.82774451416006	-8.838447407868621	-9.059522802486645	-2.4746280414805484	-3.1197325897812895	1.5927556787956676	0.6133852870572079	-5.715747385689501	-1.2186114086650701	1.6357265625072943	2.0959564030825915	0.4561139040887709	-1.10489497595006	-0.5011800365701357	1.4282483386311542	-0.2082292777660726	-1.281590494070668	1.7279943801300757	0.7674410629502811	0.21285875464573256	1.9021459504393152	0.16374537140408305	-0.7933061489990758	-4.034764246353183	1.1203218891260651	-2.420521741778315	0.07867736357923559	0.5609578276972156	-1.0887195172039346	1.2326175713481933	-0.331880088079375	0.19990089164890482	-0.5416008380634997	0.3448640679010509	0.10186453994899532	1.152369179482929	1.0925875991499974	-1.1350751176782716	-0.7258507550507426	-0.07555166495014097	-0.003745942797626206	0.8175587351130771	0.9564408254050724	0.02739131569341781	-0.7267434381962741	2.0277742389317615	0.6038335965598183	0.4408676393793893	1.0423945148171385	0.8492751648583541	-0.7427999793047089	-2.1738189645672197	1.0937679956197808	-0.2644214199932784	1.1632352760844715	0.6347313054919893	-1.1214176690080757	0.4581881752796253	0.6714796068678472	0.9239323194040122	0.2971928024357643	-0.04983563528636624	0.938433128692854	-1.1563804528914279	-1.3008684528255303	0.3513735326548469	0.34365955620834676	-0.31363872924296615	-0.8221125226821877	1.681056299382954	0.8742132600243516	0.18248283964802944	0.4702162664440537	0.5820919819079339	0.09447826375354026	-0.047888147217002026	-0.27482510092520723	-0.6175732435969752	-0.305066135718665	-0.439607393298353	1.5140628806158758	-0.6637734178676611	0.3311366192140845	-0.928919719844855	-0.27779636713044614	1.702632462085496	0.504255399773924	0.06173048710990908	-0.25375983586319195	-0.3159839333404908	0.44448034612400855	1.1854474346176316	0.6429323833675937	-0.0903530361834855	-0.9065187558564409	-0.3282112333530524	-0.956645851210131
DTXSID1024170	-9.44715616190198	-2.77030502637053	9.250649038524564	0.36324629752889864	1.2120757922328018	7.1004789938762585	-1.0192770855133588	2.596476013462987	-5.751226920905298	6.348338999658122	2.375772444656026	0.4472405826794742	8.132715497972967	0.6945468288952182	-3.4465153609780397	-2.526803958983389	1.2460137490719712	0.9779915389829611	3.7914922480029114	-1.195071873873745	0.9580035669119044	-4.446785683089125	-0.7393642012646673	-2.3504248728065313	-0.888977628413652	-1.1619397824866489	0.5767911943914523	-2.8832881572916227	0.21858663453002686	0.7530629110885118	-0.11414771752653063	2.613396090118062	0.3220125644706382	0.892598753042558	2.1707008761206033	-0.27394671957190436	-1.8867256750245338	-0.49964799069040694	1.205919530531706	-1.510715583491986	-1.505682003582301	-1.2181182939321413	2.768677742828582	1.516817088526446	-0.5764350684377041	-0.6358049726454252	-0.4642412637392367	-0.347806407173966	-1.3286779517584275	-1.7874847894282575	0.6545104652519166	0.30340025583975166	-0.9849943621658125	-0.7159623218703216	-1.0577873847247588	-0.43528074431213887	-0.24465458983201904	0.28601854525315445	-0.4447143436785498	0.12253108095391677	-0.9332103569936052	0.49283171407193155	0.4458811924548875	-0.07948727999472588	-0.5440616363452804	0.009618987048770455	-1.141306531370393	-1.2777537542784272	1.1685122955564722	0.10850451524429341	-0.36854580516697427	0.1428824635192955	-1.880288093226425	-0.26083226020758893	-0.10703114483625056	-0.868479773185107	-1.0048449872015017	1.5518102334593216	1.8600221331523221	-0.46369269838951793	-1.4336730032423253	-0.7092707012638013	0.429042986551609	-1.1218732142203738	1.2848484808901455	0.26960857755218565	0.44614484700584883	0.4164240205954229	0.3037908955748255	0.2916924955754172	0.21550160973814386	-0.2070388053488473	1.1654453707221355	1.1672907758832043	-1.0401154832149064	-0.027607870254410798	0.6198167378041266	-0.5863813117765488	0.6881688784111125	-0.677350738249402
DTXSID1024704	-8.729157602777097	-16.544986355778377	3.46733476625978	-2.715082560990738	0.4379414680487411	3.408047835768852	-11.23927026679074	-1.9620824706032653	0.16966650565814895	2.115661978795811	5.375074748192189	-4.025259671559224	2.5789550486033885	-2.838988912851807	1.3420395999809291	3.281158580230565	-3.3260377094589213	1.5802886023335854	0.7082776384153955	2.528252023129475	-1.2285641158042429	-2.0085548556715804	1.8944808426733024	-1.1477172856206788	-1.5399184160773585	1.7009266173464854	-1.7504973517801066	1.7063425666316456	-0.2852950662119646	-0.24747111221954562	-1.666270280594049	1.4663120485614978	0.8508459168388682	0.5337898493281026	1.1391587097414688	1.7391347266146608	0.05278712525344756	-0.6534346595385738	-0.3262780870208986	0.9194926477568569	0.5363781051530199	0.4470570890875813	0.49896803603758466	0.22928358439854454	0.3833098707161299	0.4330140899096195	-1.0372612639589514	-0.21054492188266163	0.8900315486291317	-0.47440338062419385	1.1952121685078203	-1.4864853549995027	-2.249163749769556	-0.13290480449525663	0.7541665408141365	0.7642241745995599	0.7888420596362327	0.7007316394447474	0.34439836575858945	-0.7045790033694134	-0.3201609131896399	0.022815211392219713	0.5491326050225243	0.2765012113260618	-1.1181249486231633	-0.5980962060186998	1.464092516982819	-1.6429675652216025	-0.39223741054859684	-0.06253671186985846	-0.5510399238589451	0.8001100815790363	0.13059126293072984	0.142002246966609	-1.0030360919157761	-1.1681248699336313	-0.19765210934423227	1.034835125138898	0.32502209296539625	-0.6181034946949123	-0.5048786052656715	-0.4848149255006811	-0.6780351754171128	0.06840629659201894	0.1343650976253175	-1.222293817727615	0.48492080505063395	0.11787907208024709	1.1398752604905913	-0.09028849023493926	-0.46229818818586926	0.5686539252989509	-0.0003393746797827399	-1.0598825450821112	0.2514873684952151	0.42247037735599813	0.2424721854922419	-0.5881849487837452	0.37295331531836645	-0.7323020813670708
DTXSID1025017	5.995269184670609	-15.67666191867566	4.149223362611272	-5.313188200214877	-0.11438199918939254	-2.743342799308847	-6.682750061611685	-1.6555123889629118	-2.168443848929028	-1.0194593805394006	7.1598439343662825	-1.9226893816627255	7.260395474489723	-2.8685486939851987	-1.7410552131824586	3.431945499926612	2.355772240608993	-0.9692699332741919	3.6062132197070946	0.5684637345848159	-0.9915035026986077	-0.46428236879910045	-0.4144638890607135	1.2068997333148666	-3.7770644498347767	0.30822641887631747	-3.2773593936692795	0.12702463977953035	0.019580218842680096	-2.0567079813438873	-2.8996810362194836	1.851291885775274	-2.330512511830801	1.8297573201977835	0.17152999593118098	0.32213761877336106	1.398757563452488	-0.8170487676853053	0.281741101223254	0.45072609773074856	0.1723921372987325	-1.3420404113812148	-0.10601149170564722	-0.28168237240474087	-0.21913425697980599	-1.8806837750209264	1.0263444690797492	-1.4100732766172377	-0.3049234300807338	-1.4974903200245175	0.8246474264667242	1.3213356312531346	-3.4824723427918185	0.7791439024763778	-0.15750047716620144	1.5726229530289266	2.3410337108675017	-0.6623881282886405	1.0288178522977345	-0.5484520074637907	-0.86372936888908	0.27561222408834	-0.36704075792106333	-0.2130672494483195	-0.04223793121780941	-1.2381682256354218	-1.1931298591858845	-1.098640270155728	-0.12373696780496309	-0.0913805984483973	-0.20948582112667224	1.118712039498226	-0.7788371819803814	1.2024269955610627	-0.10830383548039291	-0.17945760275462316	-0.5913577903785826	-0.1166631819709806	-0.19840930228828885	-0.46200451442062307	-0.6227102828459447	-0.2226923079609955	-0.22643676699428153	-0.6554242257130307	1.0026565313897342	-1.8378612966656571	0.6786075853755424	-0.25921889275809296	-0.30794117410484595	-0.034725497748820354	1.172526896951954	-0.4488854405350657	0.07470815949822551	0.29892993567437626	-1.7055138114542363	-0.5117136761517909	0.8853631601864842	-0.1226581181288105	-0.44802435172215055	-0.7637673463806378
DTXSID1026081	11.61536341806912	-5.951072801202083	0.09575063485808177	-11.929980182559792	-2.0370839981807896	-0.1703970535459892	-0.16175586985630996	-10.996586465032019	-4.702958336341595	3.8308360528777152	-4.775225031364746	4.504932437629695	1.1155340514177983	-4.591362070864654	2.959320452399938	0.6069910079154278	-0.3804392482603397	3.6108591895507516	2.9368437527969196	-1.4237633218195747	0.4134936137396949	0.6878961816003769	-2.920254704540235	2.372834992646716	1.7712153315068175	0.2639005586144502	-0.4949090289338043	0.22466440536678423	-1.5680331996752412	-1.3150783457889346	-1.2538864072724492	1.8224732371426677	1.1221680015564501	1.470879990919727	1.7192413425939455	-0.11899359696332865	-2.5673309569228073	-0.8029522702385515	-1.0118651293543097	2.933067607764208	-2.2362703351523736	-1.5277209066533894	-0.5263521290826861	-0.8105804969377797	2.146874590636774	-0.6966237311262328	-1.0063242007229247	0.13247839451762142	0.6573688389468887	-0.5378958646963939	-1.6340143472883522	0.10953192794230222	-2.3560705555706853	-1.2406147101507612	-0.6111011359884818	-2.212945536355611	0.5654654163066641	-1.0339687215327324	0.943908902162489	-0.6086032606046277	-0.5904775633388709	-0.5156398906043665	-0.27921790088187376	0.2750107787064511	0.26427719210788864	1.6398314406249397	-1.6315532826540897	-0.5339696723607061	-0.018157761224635048	-2.057723548288072	0.45162227814674527	0.7365385102076971	0.2835309498630606	-0.10231194385114137	-0.905789147674454	0.5292134048538764	0.1303978678354043	0.000721758546164157	0.7638684284142542	-0.09851705686260172	0.6704897596152017	-0.2463494901445308	-0.45604237457962177	0.13002010721610624	-1.2821418497138883	0.1710759569635866	-1.0320785197677895	0.10647884233495752	0.3911330205938264	-0.3930430751737625	1.595542096093821	-0.5261475142992331	-0.22034731491566678	-0.2697492998327811	0.22938892262537974	0.10053909777942506	-0.523251285357272	0.24420243863527769	0.16314335014722037	0.04595964378565757
DTXSID1026118	-4.596601938313875	-21.286271128213514	-5.452913719201689	-8.528902277978457	-1.431908860641944	4.152514010485963	-3.0873993151588772	-1.647330698560069	2.692230099078242	-9.124035450327984	0.8044336145801265	-4.619906673891563	1.6327110004162808	-0.7482127247924599	-1.8684124957691615	1.7139512134138715	-1.9103629779855071	-2.122695280809888	1.2999541751139083	0.23000488268369196	-3.3016621482046853	-0.938864021613773	-0.2513975320966655	0.7125767039678021	0.998753741505384	0.17735423049402718	0.7306168001674388	-0.9668523055325411	0.3156697916986136	-0.08001102925735316	0.43944457652792096	0.5712994071743357	0.8132324595250721	-1.4948603570189132	-0.9076760995509777	-0.6697109037437871	1.0652815762283763	0.361157568229525	-1.3046900821084548	0.3899462742358711	0.7500191211138119	0.7050251431981104	-0.4162272266940209	0.31593367018272744	-0.36130840101339906	0.4811819274166719	-0.1388918691649688	-0.4332619622362463	-0.34142235884310584	0.35068911925532176	-0.018043191718815004	2.0624664773510597	-0.7138765270803967	-0.41331825298041075	-0.15950290782908919	-0.015165150071826422	0.19591436469769608	0.3319766596376511	-0.1944776065432078	0.7900487554700312	0.04762889352615348	1.7240280287851337	0.6610372284743298	-0.500000219693106	0.023533902905022865	-0.06690569443625875	-0.023564254932580513	0.28200479108302084	-0.29998731985468263	0.1146775079055645	0.9322859090580227	0.3840879838208121	-0.12150634777435936	-0.40165390737764883	-0.116849384703305	-0.1268373239602628	-0.3796419836763901	-0.5030215807843609	0.3789767186019643	-0.7963214918913409	1.4382209164096835	0.30569616363767266	-0.4044789749190067	0.39548508486102973	0.14755098444184006	-0.7281885212304791	-0.07004534027250027	-0.4573370028769328	0.3230827258972621	-0.7924922144395474	1.38416372129081	-0.8424373248538233	0.5771235307643114	0.4717481627815239	-0.2280078902953307	0.22806386232207176	-0.4252305887177459	-0.5251613268276376	-0.29159996081901063	-0.09252475524737232
DTXSID1026665	-12.994769725144222	-8.357332977327173	-9.272860787467758	-3.320008723632098	1.7643149294097966	6.121683464494517	-0.2225146592608142	9.758248719128904	5.489062490422872	0.7794557894485749	1.8171600848876799	0.3996658918416535	-4.41019915904453	-1.7995058595954532	1.0574769835293254	-0.38749267942904514	1.4143990940506415	0.43604558576028557	-2.0489265660668194	-1.6348608925758972	0.3134899694773147	-1.8851087678532092	-3.8131702357532378	2.1878920211443615	-1.6383147517402954	-0.42064415968306834	0.6447669106626385	-0.2967914302735565	0.2843927600674767	0.8622149971121489	-1.5043845473365904	-0.7424589820265396	1.072494370228536	1.854462541108007	0.0342077304564122	-1.4284820241368503	0.2845042019709732	-1.3458130703266804	0.415905060008386	-0.7962929325715141	-1.9214482651608544	-0.34645018769722924	-0.0584962775329916	0.8987082194541955	-0.7810922789309626	0.6521795521616655	0.6998572483110005	0.6220543085295278	0.32528948851542633	-0.7294053183005829	-0.3707529977922097	-1.0479235503582935	-0.4706097049065406	-0.5459193464313452	-0.18220150267399723	0.3152255443886466	-1.008170964162779	0.5080291434542299	0.5912189126372828	-1.1293062364016158	0.19447304083585895	-0.811594451672003	-0.12203707841977099	0.004682843107031877	0.06725636487200336	1.0503469144417368	-1.6049220474711583	0.2203618893835751	1.091265360121793	-0.031227161641371324	-0.28713667085409794	-1.4311940813728121	-0.29039038585009613	0.023898583945778352	0.46273880504632225	0.1447567713576693	0.3704290402377761	-1.6478381564863587	-1.4048691085524885	-0.019996458051845915	-0.46870777886704756	-0.1517954670903092	-0.753093938578442	-0.7420747456231997	0.6617829665208876	-0.02782668270763904	0.35725548797059276	0.22957676047456874	1.2906687725890897	0.7189148377951	0.23620616763186755	0.0028248406747468993	-0.3105542551133814	-0.290925604587182	0.516511131046089	-0.20791188327427518	-0.16053235795591508	1.3898278231998837	-0.003758162476852054	0.11029084320764675
DTXSID1027479	2.3931622560673524	-14.745412098610409	-10.842237259309242	0.11583114756561107	-5.069883697441303	-0.8101622354262095	8.85642547304533	-0.4082075824438066	-3.2489053498931297	1.3962162129521307	-4.590943643602095	-2.1548121726456078	-0.032662292792498555	-0.6342795551120478	1.0297570260195166	-3.905255365996421	-1.0560466490092004	-0.6387598084869138	3.2014389534494265	-3.1074277767491822	-1.0015572680387	2.2225370638641895	-0.696004275992934	-2.363320492937541	0.5939037998455261	0.7650218320123998	-0.22614650104651984	-1.3909444965382127	0.0020265682575601124	-0.3792991680686163	1.9162282374117157	-0.49350634897980034	0.771472052302642	-2.054446518307377	0.35302562055274994	-0.707254569330928	-1.1192559505917499	1.800542622784356	0.10122341544943154	0.29772554073569674	0.3723524253595812	-0.499057384516995	0.990363355928363	-1.192646276286675	0.8593817767826613	-0.2666877027503865	-0.2200653307172087	2.351434390448115	-0.3739786273098056	0.47303626748823274	-0.2261570112224128	-0.8859641045118959	0.05211318727324719	1.0682476378969326	0.7193230804821928	-1.524928530559058	0.0016441706581142993	-1.7240127879290674	-0.6012346376291142	-1.2597004397370126	-0.5650387311892928	-1.4406769158792345	-0.2682934828657441	-0.6465325846650527	-0.17172466695356828	0.2838532431653564	0.9455269150927376	0.7348690389502874	-0.5874460090191199	-0.39011772810579476	0.7247665908328159	-0.19333881827078156	-0.9364896567880137	-0.31022051851357196	-1.879843215496101	0.4951396316538504	-0.26597333465863743	-0.8924040838882042	0.46049421277777475	-1.8331332907244315	0.10350048611051905	0.3040003361564253	-0.35147601754408747	-1.5765011901000476	1.0385132929212393	-0.408358151355609	1.52194067991431	-0.21126202582794162	-0.2180090312694188	0.026932032793416386	0.8302223726087155	0.07235545936031194	0.5479241901438012	-0.23837894045634325	0.09630868730437464	-0.8320200727801831	-0.08029496444603496	1.4011820098407621	0.527060069512394	0.0684367563648725
DTXSID1027633	22.242787180304035	-2.2156317312304066	12.699910889984462	0.9115603172586587	-4.563952067182422	-2.5478358774410763	2.416930456959185	0.8755689818802129	5.541739540650439	-1.992315029776531	3.5700727743707787	2.1928740857644518	-0.6721615743142451	-4.132120122860643	4.929997863162562	0.44245701496919604	1.5101688908961177	3.4526669309086544	1.2503680418806324	2.391417310442774	-0.7422696640024806	-2.8026885686782395	-2.007934321202125	0.8728151696507148	-0.691610771778721	1.634452220315198	-1.7028139539581688	0.8168469346745707	2.2842210223733903	-2.013264868654862	1.8052853823999169	-1.6454206346808742	-0.15824550897313494	0.39950138501315435	-0.2250909618721654	-1.6661369423030798	0.4458109293121327	1.4486541285595882	-1.1086292389439392	0.3586823522378751	-0.6180511715779389	-1.2360526042897324	-0.9134417998126524	-0.26102615176357835	0.021510807714914093	-0.234943441369578	-1.9150170705462557	0.16487712870743743	0.22828200946909	0.20307626740635382	-0.11113390183808267	0.898499288182952	-0.7456265709419793	0.5048186591918891	0.30066189858188025	-0.10897501334707035	0.8912679115709928	0.07486284172736249	-0.9146247262706593	0.3260936740552427	0.5470289132189866	-0.16541422001973133	0.2831756776903152	-0.03597600283333634	-0.24712701136313167	-0.8270578418735688	-0.41547167261985885	0.94649592738308	-0.3805399053696264	-0.155532421127252	0.31980320107945565	-0.35096022993402975	-0.9678584619556921	-0.008112913583279558	-0.10173922300908697	-0.19187528269393936	0.00504554284579177	0.20224816665389775	0.26195221682497044	-0.8550912418584103	-0.6151870895475849	-1.177279227062053	1.0567202649972605	-0.5059331364700498	-0.2306307980174707	-0.15125012782152114	0.09747928227439819	0.011002884643744599	-0.889903227704012	1.0691093973849375	-0.16886775151094677	-0.9107338914646514	-0.6989522985965444	-0.15717205888024713	-0.3599418423208619	0.3687159984575308	0.20282596741977243	0.36176740406952274	-0.681739121755747	0.7798002933639643
DTXSID1032511	-10.369771493151756	-4.040028237382206	3.055795718234827	-2.0939275940177438	2.259039966628256	-1.1305730864244157	6.503681989141515	6.815243354158163	-6.0997643880120656	5.353260178324314	3.505896471078109	-1.953811929949722	2.2633592644838427	3.222308368230168	-3.622049557734544	1.6474578962085664	1.8200055144729883	-2.863022375621399	2.02605939854284	-0.24863726873791725	-1.5073816914755298	-3.7743660938078745	1.686959821599926	2.1257259375654565	1.275257808041374	-2.8758423557604758	3.390658418571654	0.3200941037181604	-0.08406339504543128	1.419670296763359	3.005080482668257	-1.2210360141347185	-0.9150161734823469	1.70329609063528	-0.5447606026411743	2.471765609292759	-1.4438942397840864	2.4859064947218577	-1.047572743893466	0.5756195892834787	0.8339302452818543	-0.3525230785051878	-0.10192905513691199	1.0521739111964346	-1.809730628745711	0.05608696467752761	-1.0811211433013042	0.8986225879203302	1.4266319397321698	-0.8016203390432638	0.6167978841319083	0.059351228511972116	1.551710833607321	0.3942606947053219	-0.316880596668709	0.11603420737513256	-0.6942225694205985	0.022162853606239732	1.5311136856833032	0.06326916360929914	0.2955844052528301	-0.8410843279891174	0.6556977740668279	-0.5491678820810714	-0.2635863120634945	-0.4824956383159827	-0.16505245058934315	-0.8787626353402196	-0.20830569416330721	0.04952161333959129	-0.7791494793337822	1.4003466629650223	-1.698539433242904	-0.7271046117667329	0.10056192991175203	0.6575842916731405	-0.9804721234256577	0.10697601689446842	0.2888747464523622	1.6395638702655724	-0.7962010192485846	-0.8509657177504273	-0.34937404675492856	0.6619913621287128	-0.4614408883892865	1.5707361409098395	-1.6794558522592617	0.1182562992923269	-0.19240087149361293	1.14810308470278	-0.11918815351483512	0.8849083723311825	-0.7359633519889467	-1.5391032193562049	-1.3977237567520113	-1.2716578054545136	-0.7419334643674405	-0.5343807257360247	0.29802414778409636	1.0880624694379208
DTXSID1032513	-11.598190310306844	-0.5766263544428234	-7.423097485898461	1.3636829700161721	3.597813281038775	2.938413966356338	7.4767391127268255	8.25366085972327	-3.8065390316677683	5.097328798684192	-1.9016511858321077	-3.7243847392744835	3.200967657493163	0.09230437809979385	0.3066191756325463	-0.971885865031035	-2.03000839998677	0.42666656724298535	-0.33382683408088204	1.644531035765148	1.028910396293858	-0.983496260090084	-0.5763774913103215	0.3866160668287381	1.1297920520933318	-0.8488941798681895	0.7763328052568369	0.17664625145444302	-0.980804141452752	0.10127905788874907	-1.1513746212912532	-0.8867067006033124	2.136852890242531	-0.9783378486081624	-0.9874714905491093	0.2450913759069869	0.2550270559206334	1.8267849667834692	-1.1580481690816344	-0.27506402907079514	0.8331040677482325	-1.1909512152556632	-0.9965647884358785	-0.32086474284611644	0.5357626620445743	-0.4276813271150699	-0.9662464673402812	1.3194318076495537	0.006045842225348833	-2.0738367964184627	-0.839057576882338	1.9828845051030775	-1.0423100674967627	-1.0889472161866878	0.4024414250451937	-0.2523446955732018	-0.21624830729779052	1.3410183375318372	0.7161320064951769	1.509193608860257	-0.38974716943371496	1.0213698007012133	1.3560335911427783	0.6998233426747971	-0.0838113612631232	-0.15983284229141964	-1.2465338972952718	0.5064079906674201	-1.313424125218325	1.9387398850290334	-0.4179099273797127	0.9168679355741465	-0.08075336532113091	-0.12630943908727885	0.7446895251978769	0.3080906384732465	1.5411607053281957	-0.4292707059276416	1.1770943270665992	0.15027771469647308	-0.4531868992183435	0.38219369817273147	0.7136553668838436	-0.3867372176862409	0.4481480322647324	0.33400151700763736	0.24704541217165712	-0.563210257976861	-0.3236885270204768	0.005511071824251704	-0.0047754346227142554	-0.4978324995813423	1.2389576130128905	-0.48904122651145526	0.10925438680889848	0.8380867166943291	-0.401923638110563	0.33949877982643945	-0.3641038728826812	-0.05571944837622841
DTXSID1032519	-1.6355229961837083	2.2093136248954592	-11.700953951549847	5.234621876535902	13.110664928026633	-0.7882386725261188	2.5500967767991733	6.6146514948042565	0.6051263930212766	-2.197425915969217	-5.659082683284984	-0.7065316851332274	-1.797966864951763	3.657052772135591	-0.8786836332379806	0.8613377174680534	-1.0275803136226185	0.6191913163654171	0.8082101628810512	-0.5883296270778242	1.1760701966943183	-1.0269793575812425	-0.2043337722983558	-3.116876227081273	-0.41019160692487405	-0.44366413840554664	-0.9551230708557281	-2.316601066388039	0.7950812864369876	-1.2025208791616397	1.4888862432385648	-0.28020446148130534	-1.5029881326839758	1.3986260203938503	0.9402365649407698	-0.46783848080193263	0.2679505958515587	0.9962680897131553	-1.3512569588797425	0.8832090013762053	-0.5758665568920256	-0.24564275434978072	-1.218676924583116	1.194386890669082	1.4798690332011601	0.7248451530119585	0.2042217957905975	1.579043459915089	-0.464198687903055	-0.5568531100325375	-1.7842186819239352	-0.19161743472472192	-0.7224378979671418	0.08176478678195505	0.8080000835769447	0.9883947235326297	1.352519235539819	-0.2888719243891532	-0.15663154925370262	0.24655454060544912	-1.6935104861953376	-1.257270039278755	-0.5107061583120864	1.1638388741763106	-0.0550360382743957	0.7120279171109163	0.8901631737991288	0.6376745257372105	-1.171869261358007	1.130819363076379	-1.220841406917958	0.05335814977050214	-1.101236086349306	-0.34051938757578437	-0.09108449081629796	-0.5372655125602437	-2.1105727909816636	1.9336568287411273	0.4557961783242199	0.5445337381153309	0.311077518233141	0.7128897865197098	-0.5819464377780053	-0.2691624834811635	-0.03754245250752613	-0.7907197578274784	0.4931739900166992	-0.3668422408026385	1.1804107871101157	-0.15886490172409784	0.8926074143393613	-0.6646995799956115	0.7443302083228431	-0.8684597209239459	-0.2616226581409446	-0.971950964068822	-0.45452668742962776	0.5841089232353649	-0.1098604682262482	0.5346058064121504
DTXSID1032569	1.6572287878459182	3.3703517639421356	-7.998211471513686	0.63298769290594	8.227918161159655	-3.806333720459328	6.658201621767738	12.175642593677967	0.6604007487874607	7.089335243630384	1.4088541206094893	-4.691099108831281	3.669848880443371	-1.4370781352484179	-0.522418274999469	1.8480242940277178	0.9572299740323801	3.025029075259552	-1.4977948790361126	3.1045677687284563	-1.0624366904303875	-0.3345296195614275	2.5336746525802525	1.5282765716256033	1.813467541726668	-1.0211682150705585	-0.7818611712207093	-1.4064067920936383	-0.730032770459837	-0.05572360140046313	-0.26670857769583034	-1.5746674897829547	0.6459487451033346	-0.9915363133738604	0.2801979377512996	0.9668761434067773	-0.05868395218815131	1.8520976763024537	0.8730797602578194	0.3515354284795641	0.9230568441134552	1.458786886720373	-0.4014477752576121	0.3188173948037249	0.3758354698836213	-0.2814706332921611	-1.0524617717252176	-0.28143522999035747	1.310088565094015	0.8057209153277829	-0.7578048314782231	0.8019589956438001	-0.4291975354159236	0.02493334786664497	0.7974360994441414	0.7101250571548383	-1.4132600154982853	1.255420821495933	-0.5905839333980172	0.0949785796131276	-0.2399650068813447	-0.2205900104669068	-0.29837660527604787	1.7905126605955128	-0.717092261680085	-0.6214338049788981	-1.450323080516245	1.363186066138816	0.4648600040840431	-0.8574935287665288	-0.37925800254402825	-0.6537452263683556	1.4119066286789095	-0.5002254563223802	0.6111029033443657	-0.3720592009050197	1.121836881427188	-0.007136930657809128	-0.030543323619751758	0.6340265569697797	-0.11893130889994791	1.59993548935335	0.1899232543977545	1.339950364304024	-0.3046898901831411	0.428635558890592	-0.40697052506249215	-1.067179390957666	0.04823110878282459	-1.0630813607248042	0.878843731039771	0.4661188562125889	0.6020493610532065	0.10915655487052803	0.3826083381239147	0.43941990208292814	0.08647261299668035	0.2833135543842394	-0.7621296134965748	0.031902015611413655
DTXSID1038795	1.3514025112927803	7.615912390882524	12.252164085171458	-12.689958014334504	2.9749959684005662	-4.923085448494167	1.9574350853400428	1.190892890316189	-8.561605825882962	3.2185549772293385	5.523933524146704	-6.378889066659117	3.070517797080383	-1.1547890422806133	-2.5254049312688918	2.76281078548204	0.26990741787940786	0.004327040704741497	1.9493180082748223	0.33922770709451305	4.797405578511206	-2.834794708374747	-0.3201576850299711	0.032454233081670676	-1.263847260547788	1.860236923501816	0.9477602538556807	0.19150962580978134	3.4914335923815334	-0.7863448913822492	-0.44197204574604604	1.7819967172535107	-1.9483851925166302	-2.0555190999846173	0.12306195374323554	-1.2317081649338484	-0.11374043722834165	0.3328022332930578	-0.7635743673076464	0.66022394400979	-0.49643759310885177	1.149227880825396	-0.19457676871774263	-1.5910591618291146	-0.9141419754072856	-0.8649885381727384	0.9391729573090986	0.17616363926163134	0.21318634490092916	-0.413170383804429	0.834175660225045	0.7477082218037655	-1.8561119151666712	-0.03059382452886537	-0.46330830064703415	-0.3286271006472784	-1.0288508414650448	0.2982845901013729	-1.8795549125819635	-0.5223161027004194	-2.0554041359771116	0.29431592286321123	0.057012912997251225	-0.9428047100773168	-0.04994424295735125	0.0675889149841103	0.030769933135046675	-0.45504110727862007	-1.1829074750812278	-2.6018620264626238	1.035704808215372	-0.8139333711428435	-1.1590341013216263	-0.14646391122431832	0.7058276679112591	-1.4042417305053843	-1.3847996677905106	0.028482186955494065	0.13367914418570476	-0.2746885777923438	0.1788848470580855	-0.28786172862714104	0.08687602677966225	-0.6579140032762597	1.330984654301241	0.3673256853687977	-0.48341230492029574	-0.35229481460225365	0.8999835071282936	0.5213350382006438	-0.10731396826679591	-0.10748778778978092	-0.7426059325379035	0.41136862082067754	0.8389675578218685	-0.1792833574322207	0.674050170511681	0.05019573294318614	0.6361959994862858	-0.6517054482317339
DTXSID1040372	12.617281205536262	-8.862785332744787	0.5119913764333979	-5.924041649119461	1.6853375007466576	10.293900790507685	8.949331529314437	0.4246756823145604	-3.142533540907248	0.718261360458962	-1.2252366355472066	2.9780377536312477	3.0680503680447435	-0.43115668209323466	-1.157792281083661	-0.3967261403562705	1.7290571233701257	-3.433106796237749	2.9864425165388067	-3.0588494036336806	1.365865787168669	-1.0979905356982456	0.9075414629428129	-2.1627678309671374	0.6711407022124881	-1.7122019090746776	1.9618392216777445	-1.6819998045170146	-1.036057208463527	0.7488681131731025	-2.8603292769079722	-1.1045219934220611	-1.1187813918040246	-0.46527032975910737	0.766219864196786	-1.0401165077638992	-1.4470228491791275	0.5710568117580869	-0.30782457764077337	-0.624895678204358	0.7928163132392491	-0.9687347001663364	-0.2170726430066138	1.6259487059290914	2.2115087527846926	-0.7304930467760905	-0.23291169237287582	0.13101721311239886	-0.39033922814135386	1.760901349219834	0.9992485603798484	0.1890006940474082	-0.5102483152742974	-0.5418789340478185	0.41402913908764466	1.1885083119493691	-1.5387027524753614	-2.118950736999913	-1.1326507748871855	-1.1780143604325368	-2.1396144415587512	-1.4185157258514849	-0.936101854391807	0.925608387846452	-1.6283288632092496	-0.6058050028782249	-0.02294147769317411	-1.8426985477607247	0.4771664930068644	0.5125541866005671	-0.17031597328391765	0.08728060605073823	0.06253220267812866	1.1130457955678057	-1.2314487102872027	-0.5471956757461924	0.32451654769222316	-0.7393460402713585	1.4916493979863463	0.9315362012964497	0.46266959766093513	-0.6564993508310252	-0.5622808833006635	0.5660836883732772	-1.4382191059547487	-0.16891756520030157	-0.2523775841261467	-0.15769689879768323	-0.08436077647879263	0.6360118857422726	-0.665832101568327	2.429110400440068	-0.20939204183028443	1.5529136592948685	-1.5878367567221294	0.9053739853036074	-0.921964192854752	-0.6632182203835306	-0.2830677676853521	-0.3406129957688816
DTXSID1040611	7.768723156880711	7.413443777281348	13.931375466647166	-14.516418842307267	2.2690404540170497	-5.458590751823019	1.4542052198020021	-1.2495563452924998	-4.363972766545543	2.679748049732401	3.7548284086180197	-5.961641765090523	0.1975750350220253	-2.061701311614766	-0.9210538401896374	1.9076378582034534	0.7270344229172966	0.6820608547670662	2.281484427832678	1.6426951541582322	5.291275740341289	-2.4079981928291905	-2.866446001366244	0.6118934191873862	-1.3909206042018059	2.689229937956455	1.871882843106041	-2.1301268117455567	2.372217831338996	-1.5277693458992287	0.3632544164190307	0.587722139578747	-0.145193923353614	-0.6488992430328716	-0.28052632230053204	-2.5940851021338416	-0.46989306759988886	1.4970830223306408	-0.3054635640793977	0.849294438370387	0.8107813540507709	1.1129172647927592	0.796533268434438	-1.8983487335220894	0.5900932637059183	-2.2464517076282884	0.4938300454513033	-0.6066430996260085	1.1465566444416406	-0.24812433011153132	0.026356263236479733	0.367546974660283	-2.004739108087423	-0.7402840071958834	-1.302271802325185	-0.083618641224499	1.5203818282206973	-0.6381128018780089	-2.708493448282029	-0.7267575200803839	-1.1959274035431715	0.18802143403201083	0.06579566957849273	-0.16654882107661262	0.8313688210073384	-0.646856853331006	-0.036949955518910664	-1.0128657646438917	-0.6817092338228063	-2.2446462677553396	0.5477836162253147	-1.117659262760852	-1.740627588994926	0.22064692573206587	0.22852433411021458	-0.7070061543584155	-0.904315882317129	0.0633670452064102	-0.25471534970456194	0.21283589647893325	-0.35229000231562624	-0.042621125663781484	0.6299904806991666	0.6218012703566174	1.013860855369606	0.14561415427532137	-0.13852763616759475	-1.7570664878215743	0.7086232281936373	-0.603465005059491	1.0356441953731497	0.25449491831094617	-0.3731188244861647	-0.09804491609527469	0.13507448366638738	0.9286995960856329	0.7948705794699986	-0.9722543158692553	0.7862055361869248	-0.26033538785119353
DTXSID1040792	-8.712782752817867	6.331415546910252	-3.090790535976859	-4.701460985974477	1.8966449467831406	0.8198845462836688	12.074466937541533	-1.6641597870779483	-5.387872045356154	8.364801027989479	-2.883989448575437	-0.24791337698483476	3.6946264894108887	-0.9368233638348572	-1.5858782933857016	0.5296329363569708	-3.058364907463032	-0.5467935343772871	-2.4597397371845067	3.640258539749891	-0.46880177949119844	-0.17053960005240515	0.7357928381659172	-1.101759782615417	-0.9549917152762473	0.6029139937366419	-0.9220028459845951	2.471419886734938	-0.47873718038264196	0.9853322756454732	0.6754691392922019	-0.2684912559147437	-1.0621327096763484	-0.3232315066685555	-1.0850055081245549	0.4570349050287496	-1.29900046204773	0.7975362884397053	0.4798168968003017	1.334120635664596	-0.6736598203426127	0.18191855995517148	0.5968795700067105	0.7067011817124591	0.46761965153646207	-0.8188487900005451	-0.7510982705116613	0.6782101827555369	1.0165112408744046	-1.951557312116818	-0.3391047193534427	2.011463223811041	-2.242440627279117	0.16020336636926233	0.037448893342000654	-0.4911232455991141	-2.4695472565314667	0.9104988536189569	0.3436228235344506	1.6172333585820367	-0.12477633312045881	1.4832936701648054	0.43255103308238607	-0.3438333852840934	0.4578317955557391	1.1450213791544441	0.7228098851497144	1.7001013615236518	-0.39204884693187186	-0.7850853229068808	-0.789607447154301	-0.9099441399340015	1.284661305351408	0.326089224209457	-0.8623845058857849	0.23346743812249102	-0.9084379137654693	-0.9467119952120943	-0.15484038888318535	0.34267784011020735	0.11100297774363373	0.9893899758990521	-0.4443574896908668	0.052155718246565314	1.459534007563306	0.6889700019583977	0.3592868861527906	0.09941086599658222	0.1439412712542418	-0.11739916338700832	-0.43684681245976664	0.08129123557842348	-0.5201313765091579	-0.6755234318170823	0.5659510042783178	0.03346623210402878	0.4729277282955718	0.24534386324798718	0.4712267420301197	0.9125556718909862
DTXSID1040794	-0.07708789591635742	-1.66792613137451	-9.93447675260015	5.4101604422999525	-12.614003473913957	-0.28538833263059404	-5.399175918415312	-2.2847066679539374	-4.149129246861088	0.8336288268780453	-0.08155050897172757	2.4400559465238354	0.5494916360701306	-0.24809250330147892	-3.976905681454591	-2.183715865161813	-0.4925483943960317	-1.4405474074940159	1.0608785952070505	-0.03665638258327291	1.828624019101458	-3.238306114262758	-0.07924486107853153	-2.3117494617412193	2.6269182342497954	-1.067196886440089	-0.06975361813273162	-0.7732214506867959	0.7525375509390854	-1.0236608624148467	-0.6680098492811777	0.30246521902491025	0.16005554679619804	1.6956844503239157	0.8391707951919097	-1.3110894064063268	2.644171312370131	1.7749602068839865	2.1430624122986766	0.936901985625233	0.7503199361095045	-1.4607650168667172	0.6132337208626092	0.9891061793680674	-0.11714189878521565	-1.7848666278670908	-0.3500664401401388	0.9807557447878346	1.160910437187948	-1.8694639420665353	0.7046330291094658	1.051352709246903	-1.8206895036009176	1.4068077347514831	-1.410658124881465	-0.5909386015699982	0.8659403528008854	0.4328486597263165	1.0611148530180285	-1.3335332452335542	-0.21023488073902863	0.6246193320463189	-0.6524845588575354	-1.0455002528074677	1.585335495876218	0.7937028525223598	0.1585837820029959	0.1386490808967035	1.2160503535521672	0.33779590299359463	-0.8096128932136405	0.9293846850444558	-0.9726243769597933	-0.8170673898207113	0.685174639201197	1.3597871611865107	0.1502328589608699	-1.668937346218033	-0.9584973484345106	0.4615590021293763	-0.0034555574599515627	-0.27941027850471784	-2.2584618343784864	-0.6054899876315986	1.2183296908617047	0.7360024316518905	1.4519622212772294	0.41686512243467283	0.07824118922143324	1.196517666366105	0.2186284689383675	-0.3836494088370073	0.44984661770085466	-0.3389134956143568	0.3741524884114002	0.7982104270873351	-1.0790349998376332	0.007073249851203063	-0.1620586321242456	0.9327114780180479
DTXSID1041550	-12.7730131962699	-3.4266417018718034	15.41291310728684	3.3566567699396646	-0.8424820485587313	-2.1332782146264426	-0.33951332119534045	2.0481614478643957	-3.285823801653754	7.205672518769097	1.9055318166731887	-0.14138110366291412	3.94539931778384	1.055136541671767	0.47107207018961633	2.6522029111493457	-0.7557824594881879	1.0479165432392679	0.5044894870256564	-0.10847128081806053	2.398281450125124	-1.2847114969329239	1.0893808012155004	-1.0621157430961725	-0.0943771500155087	0.29408984140158295	1.1079373064350995	-0.6258654215884326	-1.2785522690749538	0.5523687930627492	0.680134155554371	1.451459418181206	0.2934860737303573	0.989436566462462	0.6325154093234168	-0.40583698176283073	0.9269978014799519	-0.46655359955905523	-0.8881386832185056	0.7285145600350511	-1.1201303333158137	-1.598912503975042	-0.43367060466538976	0.18864457827784625	-0.6758236498975903	0.03697822569126392	1.1110579218566274	0.0728647879592826	1.0308993067015322	0.3084527019194322	0.16619255180084777	-1.4599528656013265	-0.09408204554593243	-0.360843519781061	-0.07721710276303041	-0.4343491242705825	0.6462825792822433	0.48940755973745426	-0.38987270162143967	-0.5918003456751276	0.674251811719929	-0.14294316173968957	1.4682326499524416	-0.2189273581138826	-0.09407179970094749	1.300175341829684	-0.8206344582935777	0.3538752017523072	0.2923805926674324	1.0186893134109412	0.3659327373894453	-0.36396767603827884	-0.056399475303502214	0.3822046119536529	-0.4656116859101724	-1.661258779738752	-0.22102109981801976	0.2890198211880591	0.3467746696167337	-0.4446812188773294	0.004092761243148458	0.48098249212741334	-0.44018808571858764	-0.03460802778398206	0.4913732245114439	-0.5319457339810375	0.09359624977244892	0.6277980582588306	0.16196319005329993	-0.2101752988406206	-0.3314552380035459	-0.9594999490882792	-0.8382998546245212	-0.6245137143117444	0.204122299329824	-0.8765168702203012	0.5126892717446306	-0.028552830496664287	0.11079616545745688	-0.6422652254528546
DTXSID1047289	23.061956164943226	-0.7039514863348306	-3.5662345513987104	2.8886701770908423	-3.9839782105753283	0.16983473203766689	3.2901329298729602	6.836278298593069	0.9691743415847967	-6.034981565042317	2.5684976743709647	3.7239345449142798	0.27517682698629636	-0.11503124770586647	2.480108953610693	0.43375195997998944	-1.600639445152928	1.4852747386186742	0.6969727052109793	1.7072285493757582	1.16871112058355	0.7987456374967341	0.896604437062672	-1.1073678765408057	-0.5077211173592577	-1.191095123603067	1.2469911420599704	0.5137265781868352	0.49417858729824543	2.3336957695162646	0.6583654800188997	-0.8428032865637111	-0.29969873465031766	0.38040266107539483	-0.5261000158398182	0.09771559694319923	-0.5124385801857408	0.47918993318655717	-0.5968339441977293	-1.6788473738222522	0.5560794578980248	-0.386238126519286	0.8942473297846105	-0.1059834438428033	-0.1340751655704977	-0.424857627951667	1.6400982274763103	-1.2927279638960127	-0.3522602666555797	-0.05018347558708226	-0.7951093900236421	-0.19910572327867287	0.808087466178251	-0.02042143067928402	-0.6940323368593754	0.09260772097278305	-0.16320976427290157	0.7913831949091829	0.056110183812739224	-0.5789266456921176	-0.5841356202779665	-0.24811827153613303	1.0420977371858247	-0.5536687427301539	0.09130459097650599	0.5050761467550163	-1.5842275370189445	-0.0827490906596052	-0.24263899504493572	0.1606112096562816	-0.5666930558221257	0.027491543126397087	-0.12786135647671315	-0.8699277460025946	0.7659589995316858	0.18246907343735871	0.25307086419908403	-0.20667961359208206	-0.35593937912326484	-0.025007119642118197	-0.4029178004192638	-0.33319286284725186	0.01981748010792864	1.1704072520204227	-1.2134021694976127	0.6929552541437776	-0.14812923711329165	-0.11568179175603596	-0.49163486781459736	0.38050662104777644	0.556446084649389	1.2312978071663472	0.3671765428706144	-1.2321331094611998	-0.7600546413230473	-0.3977706774173233	0.29024926046331423	-0.2909817018151609	-0.7440973670079014	0.37021969889332773
DTXSID1047287	18.870800686184317	4.327589247667524	-7.061020125897205	-0.3053314218554808	0.8170863746077881	6.012189433275256	0.12899619673585536	4.024914133829272	0.4472344343149332	1.6473677605621215	-5.365950371853495	3.1681067869657533	0.3660685372026775	1.876587097848126	0.4344071485144352	1.641646195309009	-1.5390001496290342	-0.9559669268971769	1.1481288793798066	-0.8164813811409871	0.655182557009136	-2.617783045373895	1.1406091773021971	0.027174448844166147	-0.7066529826867302	1.1946295145836343	2.9083712640445096	-2.135001331836789	-1.5450640472228474	-1.1055379840713169	-0.431697264076716	1.1911862051084394	-2.3645106282691133	-1.9660151421937742	-1.2283592807698387	-0.580175363589788	-0.4415995802166663	-1.750737980905695	0.8937804879098002	-1.0642011340811848	1.5904171191717325	-0.7075577493770411	1.2199420992251522	0.5671465084608233	1.1239975581679031	-0.9437578348459141	0.65589004427811	0.3047820324107268	1.0799023452471221	0.6403357428935083	-0.7912159540736647	-0.15916139168953597	0.7283797893330785	0.24287369317969562	-0.6581689715609291	1.3217388555683172	0.6824117371504866	0.1020713488874441	0.04095640457663572	-0.5670858357502021	-0.7217126901749418	-1.9017729569355113	0.17332224183484943	-1.0724433398100428	0.6460297895696674	-0.6442870678343957	-0.7498500125226624	0.9451442745614973	1.3254149938421507	-0.5848733728219929	-0.5311969370837824	-0.9406669466641896	0.5152358607795453	0.602438215634038	1.3931927599900975	0.3250206540519239	-0.28947473168437615	0.048272378702216207	-0.8579990112658926	1.4846177421166156	-0.5574650953741729	-0.6329955241695601	-1.396774326791622	0.10031996965935117	-0.4843399890534097	0.6593150460620383	1.276294287652121	-0.33648027608470865	-0.37743524605203166	0.14626713682605805	1.474124447961215	0.09429914595016502	0.38743389678306567	-0.9431869399418553	-0.24668568025756513	-0.011296126493977812	0.3454555016061004	0.7268597338274821	-0.6558501914856623	0.8345836834100423
DTXSID1047368	24.161341104399185	0.9048842307461014	-1.5649610638731932	4.140344256850603	-1.8629992590635776	1.2001590026723252	5.05374298371587	4.773283137756293	2.6148465473752016	-3.6092078997531036	0.7747321440271658	2.7165955212783572	1.398620942446977	0.15722625800584084	4.182544467239397	0.448971876681964	-0.9692404119191788	1.0790598629600712	0.03894652544453577	1.1642041738894262	-0.6910478722115349	-0.3997328897948235	2.659115335721632	-0.02473587753304873	-0.9770817314088568	0.03659605110734591	1.3445055029468225	0.38784220453055734	0.7883758717028182	1.5319238722637962	-1.000390267740301	-0.73420104181939	0.09313608732877984	-0.1842221662220259	-0.7377483823603437	-0.8050610726258223	-0.5291167973309986	0.27181992953038975	-0.30724289081917006	-0.5894353336372663	-0.9579378979217174	-0.6128741912274971	1.3978249468242792	0.08041711349932178	-0.40719236823610144	0.03419541228658744	-1.1959331005953213	0.7830912037459214	-0.5651022505657387	0.544874277012261	0.5105094551920426	-0.366943914515049	0.1896664063006013	-0.7028079519986549	0.1819520235403929	-0.1994903816883483	-0.6565353943409127	-0.05778206697712304	0.4988166468083777	0.9065725214465016	-0.016434067141584893	-0.3630470186290357	-0.354220325604328	0.08562242466525927	0.30948950989164564	-0.12012455238500347	0.31208624038600724	-0.6142164524664311	-0.0359382040822341	0.6588319308733533	1.0654467812363502	0.31538095129421656	-0.1736674730526605	-1.0466104692994764	0.88936205226683	1.4220498095356782	-0.05734977622745864	0.3017441034836728	0.38167442602746693	0.17751958134343743	0.2358458453056892	-1.2175394213918702	0.05365499496394708	-0.05498966848977152	0.3820761601356348	-0.2837377745619441	0.1128760867067616	0.4025110038364105	-0.8206928946692937	0.021863565045216724	0.0034831636917081275	-1.0114020262005752	0.24113014817300693	0.37444964854387436	-0.16218101697134052	-0.251081789132817	0.38846456888777897	-0.8638835926058975	0.36928501911824413	-1.3549877512241704
DTXSID1047576	-4.366741260439099	-1.0772587045110749	-4.236868011325887	12.224090150098615	7.385281813069246	3.540996475748404	-1.780680821858419	3.638690107489202	-4.789344606030377	0.6253834979637025	-0.4870243305649461	1.7048365173324787	-1.0099490624517415	2.828593956391993	-4.523746100219245	-3.3680522915230804	-0.7698587615658495	-2.220384012635431	3.429028864252025	-0.663046236558456	1.0334865698653541	-2.28554303201088	0.1872903754869956	-1.1150038492789354	0.7885408604554438	-1.5224496552118953	-0.8484919031957976	-1.175802424237797	-2.246138140793055	-1.5189648314971118	-0.8401178945513941	-2.361718884619794	1.0209117831258663	-0.49141187198626024	-0.5027729441733465	0.0005986596656421751	-1.4407201782945738	-0.06780720950063264	-0.20021335320823952	0.7410962855720676	0.5635081287161391	-0.46267297226469933	-0.07575827410515952	-0.45402968965274126	-1.1614520408588465	0.8077535071593624	0.9214100781135881	1.8786628945526789	1.3439129077349192	-0.8306216518556289	0.3564545298869624	-0.6033313634561633	0.2684243204852177	0.34502252873784117	-0.8318640461789155	1.4323498335541907	0.17017319140446963	0.33810717610799573	0.8067548222744639	-2.4108564826343057	2.2241280510746537	-0.7037758205368143	0.644164495529282	-1.2488393066399976	-0.09552365556616958	-0.88759031619068	-0.5863410109540674	0.1494415430067744	-0.4598368284056316	-0.6992941316784689	-0.11655518495698343	-0.3969447673384762	-0.34863734135826807	0.3929765478962132	-0.3851035405661115	-0.428961178433325	-0.7306224262786705	-0.030265841633926704	0.544395736932789	1.4679607311605358	-0.668212255892879	-0.6931047453342714	0.18587432536013113	-0.44194785893866867	0.34678470539570677	-0.7627068087098436	0.5378098625523092	-0.7763594599779227	0.5584623529710172	-0.6507606211229859	1.0995706562327214	-0.7163158183629665	-0.9207368852964761	-1.2075430608634683	0.1423952887924111	0.1417661652968572	0.6058676894502102	-0.02492444015696759	-1.103433795374773	0.23769744905962906
DTXSID1048172	22.406848108526532	2.5124720565704735	-2.926646548632185	4.701546325760905	-1.9814041473296713	-2.0915808765317125	6.797551421521991	-0.4628519191802455	6.302997287372143	-3.131734559251556	-0.33641699665395136	1.2931485246806438	0.34254401960430364	-0.5053730747175784	2.9396142127841554	1.8130118724314677	-0.8662670362966963	0.18714834173979777	-0.22722878360599078	-2.0436045232397806	-0.011296500866363818	-1.8493108953285253	0.6880363664337172	-2.5716255773701926	-0.5974789628310208	-0.6063505147871182	1.8814691015287108	0.05826367844825076	1.2114736825807428	0.48439158682388206	-1.1454228918814018	-0.43045099163623607	0.9534247128077963	0.8745357857629704	-1.0980857730717122	-2.365958813962077	-0.3789973136787497	0.48765919670882013	1.983663637486642	0.057777285585916056	0.04440107664328642	-0.5418407590646869	3.0221010303337366	1.0613230266184441	-0.4518341777816479	-1.2101062905127695	-0.7339833127959255	0.312862372853892	-0.8317111741593801	-0.5507101006730636	-0.5085652408583581	-0.8211726741323301	0.7097837574417865	0.6784407817840442	0.2594067232164298	0.2389283021604393	-0.19491999890123102	1.0541972735412946	0.7433418255085398	1.8763337680901464	-0.6809220446267068	0.015300220659079168	-0.3194287173652692	-0.6796686616557074	-0.408689403895491	-0.35974757088044357	1.2286587412135166	0.4739033873268567	0.24547070352120748	-0.052775608162501236	-0.8311044280887663	0.13063754351213483	0.08384449846651944	0.2833917261538303	-0.0798171110631418	0.8126028030087288	0.6430827437104193	0.6238884859113223	-1.1479260751011062	0.1651806881336016	-0.46290525042926073	-0.11005255295187735	-1.1524192727619758	-0.5831142148355348	0.5647697259499022	-0.1449464405122252	1.2384794801820533	-0.4983081445810723	0.2880259539313992	0.3364224710493543	0.0743926230573007	-0.4933527354268243	0.2734068554834194	0.18690108564122151	-1.5766063617276678	-0.9448465658221304	0.1751433575279781	0.8188244572275007	0.03287658553312115	-0.3844907500407969
DTXSID1048178	12.376950901706826	-11.260043612383523	-3.3479436590015723	1.0828083271600466	-5.534869496775612	-0.024579671100807183	6.373544247387866	9.770390737558808	-1.570986058784695	-1.0316161207147505	-2.2760355046271687	1.3213437554883811	3.814762087371066	-0.19998982966631004	-0.5846787993294355	-2.7912449554565977	0.1319338597172921	-3.137135719382294	1.6058715890090969	-1.1840643478389727	-0.01762552824218105	-0.687977918666485	-0.5184767553000044	-4.315721005384697	2.356497053246779	-1.716736972987356	-0.18833007545717645	-1.318856380525331	-1.118696525186296	-1.970727602011057	1.102365034430635	-1.3138783650273083	0.4450366196532255	0.5690583050892001	-0.27769911122047924	-2.3472186661270817	-1.5371231558950926	0.16967392387736838	1.0026331421633625	-0.29423099402682984	-1.8304140381050933	-1.1844006025744132	0.4506074168497771	0.4450259192907512	-0.7506338086714637	-0.1705999593638565	2.1339392279388685	3.2428093702841103	1.7136894464503332	-1.4375324661386317	0.017796309119853655	0.9490324160258291	1.358694398396715	-0.04965633330574513	-0.8828090154205549	-0.6241443689992536	-0.9953023327639209	-0.00207858316134066	-0.07537574232250721	-0.289679261001655	-1.4376201553048096	0.6002885944123881	-1.3041487773936837	0.26639950428767323	0.4339177756710838	0.05863336028516386	-0.284484113881064	-1.0659901553965194	-0.5273623333828886	0.775760550892182	-0.8442148563266454	0.8823958397088787	1.7532133706677822	1.0507892126420864	-0.4414917196770874	-0.33996880683129854	-0.26882427824117106	-0.9328692602967321	-0.7661599934582941	0.438064800659706	-0.7844311493112355	0.08895692954602108	-1.388894507880623	-1.0153651392353438	-0.4252287840841977	0.25813061670154386	0.9242851259102307	1.5260999412439085	0.36760789059716287	0.25696440914416374	-0.5591124788591118	-0.5766651669841505	0.12069640093302872	0.026756101184994635	-0.5048711847697951	-0.15573082846682396	0.016839515222997373	-0.15461340477930302	-0.056199151281369146	-0.749187753167702
DTXSID2020137	-3.024835378379405	-15.644376368245961	-11.072884467544917	-2.325414908674974	-1.8164134622707824	1.4662871106497843	5.131036133808009	7.552813479403656	4.026378859377004	4.80094026815966	-0.3761401212653448	-5.1275952843381205	-5.4734365365879665	-5.414947720254577	-1.335702390170862	-4.188333079698143	-1.970185311509491	0.9274632067853622	0.13296936986652466	-2.4613200367632095	1.4672961587564428	3.2273449018134044	-0.212788555510776	-3.029108741604313	-2.163646526511743	0.4321304998119741	2.7204606271336353	-0.05950330131822975	0.749844893776435	1.289715056812929	1.6431708884914733	-1.5185216663098449	0.2034404574779517	0.6800828689229885	-1.8016923965415115	-0.298484009276346	0.036012825978569085	0.47581913892434713	0.19949436430527012	-0.6256818443683444	-1.7374664885424753	-1.3762953096288304	-0.07250768343386894	-0.38076363387245343	-0.43814411569761325	-0.9884373378694457	-0.7269827003665158	0.3046208777866088	0.246075664323782	0.9826368722173945	0.18277576601963594	1.145154090906459	-0.06830666540198181	1.2913502974927127	-0.25403175962441993	0.8956028569976651	0.7333132990069441	-0.23657644250888707	-0.0021879381135482506	0.199992652370768	0.040048550298477106	0.39388099913172464	-0.06797049366389504	0.4575282651703712	-1.1654489001269408	-0.24859793387245616	0.397281529120506	0.37559109084930886	-0.09455341118007081	-0.26953803973598384	-0.5706691502463338	-0.6335489558875784	0.26429221999885677	-0.9370375184486757	0.3809636167432071	-0.1704169335381017	-0.4579172601998592	0.04132430853722577	1.0364871021130961	-0.38487234780747737	-0.10199952245326525	-0.39812747076686766	0.22309602840585807	0.14355777405514344	0.8251405234461227	0.29314726449244893	0.2681944418484487	0.26963953693690684	0.14726276657148604	0.12406093600882925	-0.026916154493865526	-0.694117005810988	-0.17995808635261318	-0.2990150672434254	-1.029163441104917	0.12670729904590167	-0.3110723195530865	0.41882338228005833	0.3849060322951085	0.3148555458416139
DTXSID2020212	-7.795826944936679	-12.12180655659601	3.6672217574166943	2.9716906622478945	-1.8065151152018801	1.0662634703535372	-3.953636180105544	-6.9420159351546005	-5.040788444242473	8.90760367490151	1.1911320542969794	-4.893931634180156	5.397199896623598	-0.5218808937997089	5.655708187708699	0.7353384056947574	-1.8840899612483126	2.9491299818152035	1.8947771023099422	2.0556499715232057	-0.595588789694219	-1.6283089761433818	-1.0189830387980938	2.683529088665419	-0.6654008935706549	1.6540234499097375	-0.998445373527602	2.9336840560091124	-0.44048374615295477	0.9387554903181865	-0.14653090631849544	1.126212091452801	-1.0417156332980437	0.21033100433813062	1.606107582804165	2.210273114722559	0.3162482300173617	0.3416571631418823	-0.07644817967150906	0.1626239030972217	-0.301723677987827	-0.6223050278837791	-0.9742974671688764	-0.8210000875075366	-0.4908405814335755	0.3269812752858112	-1.027414952958858	-0.8674003166277425	0.7577809011520509	-1.1695912929767163	-0.13097547509514781	-1.1657858137378474	-0.8868596296122081	-0.9593520663206395	1.4267275685518315	-0.13253810614549186	-0.15066191122960068	0.908595586857023	-0.7222598428364929	-0.37879319894363506	-1.1096185356787025	-1.2911507914676144	-0.7786385011010563	0.9988850101520365	0.00886098396153432	0.7790646565018255	0.5555680618345292	-0.32783355452478996	-0.18233445606055423	0.35008940817133816	1.0038865164929567	-1.3671431993843666	-0.041068956320438804	1.1151043939199767	-0.6012155536631734	0.49325673143479687	0.4430597186354763	1.1436973608128045	-0.5239057437213289	0.48702922184885006	0.48925415201247036	-0.7780245429433712	-0.21089985119375465	0.025100724955732314	-0.5806545328309938	0.37277386939747553	-0.18074246215214698	-0.5981458248981318	-0.299870643687128	0.07191730913151713	0.1057916924987868	0.514419293571954	-0.8554662271053481	-1.0815084481963093	0.09059918550571741	0.2435017192461041	0.13382814165768436	-0.4110921433284921	-0.7785788524018961	-0.6058021827397444
DTXSID2020216	-4.135166807395542	-8.791808446869858	7.349695991902939	4.58528395108136	1.1199115902799757	-1.2584682645019258	-7.549941952383394	-5.102470547803347	-4.285783317668269	11.19287934350595	3.6943337896905266	-2.41353501967476	7.7681193265446264	-1.6409144992520541	4.167382427621412	2.0005917867726475	-1.289840575478119	3.794140531388426	2.22346720583896	0.9162306834817678	-0.36649507628584455	-0.46607701146932573	-1.0647826850656434	0.4839845273580862	-2.892906940169045	0.5237278760514228	-0.8534670056684134	1.9855485142802989	0.3831805835973355	-0.5842287705718121	0.5204904614336601	1.017841983404243	0.020625114439284945	-0.4959432580012633	1.656806353968269	0.6219759678883803	1.8942704184086359	0.7837253520283497	-1.091435585999791	1.0022076447364656	-1.1757591432821686	-0.9944543710081402	0.11193831521537244	-0.19310759611335465	0.6756203596116741	-0.9697326446403841	-0.4193453784959273	-0.2800646025656898	-0.17832793152635715	-0.7579867472650074	-1.0828766587121428	-0.19874934906412822	-1.0472002114777699	-1.895383116763918	1.134644987767539	-1.762283469699248	0.6697442712431919	0.9782993859186927	-1.0472785585001232	-2.0036945067944023	-1.3701261473767137	-0.024296706065808405	0.4189319672753536	0.13924408966656332	-0.06486214133263936	-0.2861474976121482	-0.11722859619463454	-0.2836252391472524	0.35957301794302665	-0.25284771579357534	0.38373145790386387	0.6697568619198528	0.06356140652674075	0.11667840111336678	-0.21805910746220356	-0.14680161194778105	-0.8199664651175976	0.014525509048991013	-0.9842211152643303	-0.3900297987337601	-0.4092830774602799	0.19277747504805617	-0.04597833605981041	0.16368477309474194	0.739748539056384	-0.8831617042357206	0.6117833310473841	-1.2319112155154193	1.1226356048160056	0.8102488763821555	1.4115859907571193	1.5011820798423892	-0.431248872463063	-0.7454593771843335	0.05035199744238802	0.38021579529999705	-0.37796023927406003	0.06507254137013697	-0.5631568825381895	-0.05677954506559412
DTXSID2020634	-7.478444298792812	7.548522857063755	-8.654806339424335	8.873961395954915	5.50019027211312	9.16433836127505	-1.7225772510549695	-0.6153968451199333	2.1465985726573265	-3.159405053148405	-5.83856200885888	-0.6246502273929009	1.0129937954085704	-0.19671565142104258	-1.7554603465557803	-0.5002680314141009	-1.8894821927789012	0.5413026406348334	-0.3677141648754668	-0.726097516131155	2.287157384090852	-3.546604602372512	0.7294390859643587	-0.3097264162081848	0.8073058480685986	-0.2996505763633454	-1.007958592069939	-2.0187445025542297	-3.0905881423426034	-1.9984157035016903	-0.521267561997133	-1.5901409830507147	-0.17303263984493217	-0.1290933439769908	0.4304761388367902	-0.3978260089146109	0.11404535449021956	0.4277065829096911	-1.4816696455583025	-1.1601344262341322	1.9917687987962953	-1.5646264339198457	-2.5291280507443292	-1.0367629682906285	1.8478382992964908	-0.1319397250674898	1.0242766025460777	2.292464170346348	-0.3652710782046618	0.5559950109078922	0.11182350459894493	0.002230463611370534	0.8663477079290159	-0.30862154358526306	1.9678358564345126	-0.5146823270503136	0.8296254712911472	1.143122610503058	1.4233592344976176	-1.0722667757970763	0.4571782637900452	0.9061469478894614	0.520909211048342	0.12137926360175912	0.6088874472327998	-0.06192934338793393	-0.8285402311067132	0.7163573970407188	-0.9895789741610682	-2.6161551650267207	-1.2822023926032122	-0.9394972525512403	-0.308005896603727	0.2751684576277426	0.2483203406470337	-0.6858761707459976	0.7169216742683485	0.43964391875339487	-1.6179131127707698	-0.4620946959838186	-0.5245542696886861	1.0413767100757592	0.7604210351283907	0.06487939273988705	1.7283501671824106	0.49134161432344076	1.1602969499828881	-0.16322215652597027	0.6889745848772755	-0.011641003077364286	0.8876050565625349	-0.09184430319275234	0.40816262627584443	-0.35936466163236486	0.3778124477226045	-0.13787746780063115	0.6741147854497608	-0.0707286908529362	-0.2850143617152923	-1.1991763760009175
DTXSID2020713	4.964688837431041	13.66009477638659	-10.374649775901743	-0.45498547568060776	0.952020679953146	4.059637438765443	-5.403156110682898	5.9923090737729225	0.18073269019517452	-5.340219397300477	-0.863688655999929	-0.6150524481132703	4.035935358896349	1.8441166711477932	1.9532651949585622	-2.5804735112305	-2.994143666000478	1.1216593426036903	0.35414371319082727	-1.6357693257028605	-0.8820097241270373	1.9503301139913292	-1.1710221428513437	2.715081599599313	-3.6541603959005995	0.6064742435303511	-0.6976653772603382	-3.6335018398669057	-0.902242994727862	3.58217527508988	0.0014230211592246099	1.2124104524490105	-1.7997220605903719	0.3230967587361991	-1.0036713559261876	-1.5791323234031718	-1.4098664212350327	0.5951894161157523	-1.3558399343169187	0.8570598566633093	0.5721100098977228	-0.35317601819650485	-1.756281371354528	-0.12617031675264193	1.5590340400337335	1.565579297494155	0.5307361344766073	-2.058525454350369	-0.5574965878628733	-1.5773127739359882	-1.8876429864755493	0.23253949070809118	1.7970528565160555	0.02243059530548343	0.948953753180087	0.5525039448511153	-0.6123602415825611	-0.14663504820378917	0.040811771679825894	-0.3230666081603414	-0.8650048322798276	0.4669288199156989	0.8767246640314178	0.23762023496791462	-0.20755168178281166	0.5105675182597125	0.7566349272316125	1.1762120182380966	-1.3126655083422265	0.8204792619229379	-1.6747941984458967	-0.020151101005667343	1.3161226412220204	0.41679322705379956	1.2276991028535593	-0.25618819456658	0.4592493490807461	0.4137365828959558	-0.38975524728437555	-1.1156195967715274	0.07858312152687143	-0.11807873619563905	-0.13151816386395515	-0.01029541922589353	0.019401743946335377	0.1525940098929399	-1.121656126094316	0.30163128639207537	-0.013940947963340986	1.2932416118039831	-1.2862105609710572	0.03564380682609317	-0.1785298267116031	-0.7317717062405539	0.1439942480903597	-0.7704584758675371	-0.8563711056200396	-0.27445432588473817	-0.6862706574697242	1.3163811818650226
DTXSID2020890	-6.81385590677546	3.964378493436351	-9.381922607492942	4.052683585877535	8.846450050948027	5.5124751378342705	-5.473284717951131	7.410597031871531	-1.7140391576668166	-0.9177645382673187	-3.7739522064560758	-2.080564134714972	-2.674748147947364	-0.06176970120647693	0.015510246160370764	-1.97376454001026	-4.364508041111723	-2.072164028285581	1.0197476410885822	0.5379719220419946	2.428536186054428	-1.0657921470741505	-0.776299304707683	-1.9903863997573519	0.27400208158167927	-1.5374778200131927	-2.782557373556321	2.168631688972606	-4.2850433646749835	-1.8017409937498612	-1.9143971740905206	0.957869714116068	1.4088743946756264	-2.1158653543865524	1.5553778665179703	0.5400839898044081	0.5353080455854838	1.6644429730318993	-1.2430562201652182	-1.0778125970139536	0.1964767015501137	-1.0666818625313936	-0.0889209596531967	1.5276917225461777	1.78971116411568	0.24634718124065996	0.8959797965344932	1.477454304937615	-0.7157946204839829	-0.44086580647511503	-0.9234440559407338	0.5277025927498694	0.7435088483490708	-0.08378102126552482	-0.15400985922973773	-0.5714759219628813	0.4210754880060853	0.21277076107050133	1.4513673942026448	-1.393388664653766	-0.4934120537545523	1.4013297960131035	0.20335767002312516	0.07308801436578716	-0.4842684774142153	0.5677213630862858	0.8278035673628376	-0.11569968023066154	-1.8916987601325785	-0.9931289308682841	0.6870062499029986	-0.39078776489574263	-0.15470544453243718	-0.2476487743393641	0.5625395697766327	-0.11546229535389538	0.6632784664548002	-0.6566351199362528	-0.10722784210474218	0.7250613039369587	-0.001437292422475577	1.3898727014801844	0.9262273011568086	-0.051487599408445	0.7984844851644006	1.3235438947060807	0.4814816949680494	-0.02672280127829941	0.15729449661325823	-0.286336552748074	0.2599079137921462	-0.4462870493887785	-0.30529808958136545	-0.42913702342831944	-0.7488572196808334	0.18546292467161182	-0.7224462727464536	-0.06761251595193957	-0.4885980810405472	-0.05184374781420536
DTXSID2020929	-5.811656187194718	-0.976382003445175	-11.910737835987065	9.76944063100353	9.17754860897931	2.083927488892368	-2.8431176259031252	2.89252476684626	4.611022081637739	-6.295383116643995	-2.096959133075463	-0.8260217197047705	-2.533870225000734	2.8941185438773696	-1.876365209750678	0.18915839546938423	-1.5634406064423956	1.4117393803019	1.974080485694833	1.612047410086843	3.0384557658893288	-0.8259828910439367	-3.0569904357234066	-0.36433196733272305	-0.32418064647746325	-0.10175151925089063	-2.379697667522194	-1.5117279238015868	1.6617475219185036	0.1499492330680869	-0.9463825171039277	0.12656224944648528	-0.39322909923236593	2.259810489026499	-0.1424956188475196	0.3953769051492289	-1.76252287502308	1.7415734133830219	-1.4710419549898908	0.690078514644705	-1.8016129559610214	0.17465303033123175	-1.0796464047421468	-0.15894362845771384	1.3095007244237578	0.4424911881474979	0.8204585314417242	-0.5157098514956744	0.17658338263397608	0.5042399195836711	0.2739631162854403	-0.8418361888303175	-0.46970378900814025	0.46845158575399315	0.5429163446974403	0.4209240096410538	0.6052917020608061	-2.273440810821385	0.013021708726911416	-1.563640628936671	0.08117131277875918	-0.6901242996487517	-0.1618354988442828	-0.5403371987928461	0.22949544798209895	0.3304749378942564	-0.7202064489928094	0.5081095988641036	-0.46026910523581266	0.04006543177711783	-1.1109976773085575	-0.9466371609401197	-0.805995981710111	0.02885085729288151	0.18575907712621995	0.6435123617344023	-0.8153028936827826	0.6627772595996102	-0.3089378687341195	0.6427936534609041	-0.13119106918751988	-0.6109908161501054	0.662347171170772	-0.023391025392755036	0.580448359979451	-0.2736133436917501	-0.8037797856459865	-0.3811958932432169	0.6947871289936179	0.33388478406212163	0.65020716437567	-0.9845135412959273	0.271421478345999	-0.35081824804072487	0.14582412251974142	0.4154281781388533	-0.5920453096238699	0.3960652704517822	-1.5342710606130125	-0.10701894628787818
DTXSID2021311	2.1141574227596878	-7.19661445582173	12.989449361380519	2.8770062425298057	2.379765109019549	-1.9094715212255888	-6.542820704130221	-6.237902880930042	-4.116005636966741	9.52389999887917	3.5158517592638785	-3.8541927622114374	9.146012314352097	-1.6387486614680356	4.392394408272045	3.8403042784531136	0.32273085412424696	3.4498370691720526	0.8728422292845412	1.3108260505304077	-0.7229465692080405	0.10753988859727209	-0.5713531416874549	1.3706603031741138	-4.526714249402625	0.41691569347674695	-0.22401157771010632	0.8575189261939126	2.1738362014097117	-1.0355960311733305	-0.12784655413555857	1.1175623957249377	-1.408095886908849	0.2646370979239561	0.3930766407673231	0.04286619733854654	1.5960443600153507	0.7134258582823537	-0.4330093819864949	1.6725535489755048	-1.3610641087812216	-1.5761715133279444	-1.066425074196099	-0.04285433097164905	0.2602511963406833	-0.954807644169234	0.6894388845694486	-0.18241584516109058	0.495807835599666	1.4643769327714038	-1.0450707771940286	-0.1790212051448823	-1.052279494521776	-0.698368545129293	1.3779429033038124	-1.6586307201679333	1.20065254279691	0.4345997739029266	-0.9115573140051659	-0.8525613113812122	-1.7885301982728732	0.8332014304670011	0.015590113154064361	1.300184015708538	0.5093119105026029	-0.6768803087029294	0.0600637184545968	-0.33621125225586773	0.06578601753350764	-0.8271810250672681	-0.295786050942697	-0.6281480192693678	-1.0889142676212493	0.8976744040003035	-0.9850873393298237	0.010070862589618567	-0.5044082605839707	-0.6059747561229625	0.5523640690647632	-0.00521719999756808	-0.24308597587068737	-1.02761658867682	-0.8480900390612147	-1.8165446401047887	0.12067818065338809	-1.3469412129200775	-0.9672267548168577	0.41755669004757623	-0.5981504655631739	0.7651669776112019	0.8772908793808961	0.4086215604386689	-0.3976355650181824	-0.9309057832860265	0.3447138847167019	0.041073002163940046	0.16686837530299842	-0.5235495108882906	0.2555011074138349	-0.2707312127167706
DTXSID2021997	-19.557705660388173	-0.31251671764246913	0.006838838972981484	-1.1663091410658772	0.030478455177253026	2.674173033067576	8.430938382542855	5.523787645940677	0.9958457270025991	-0.4467939571596285	1.8147546241582944	2.6800196224156903	-0.3556020211641952	4.505470280764909	-0.10155022533042153	0.5457495042800574	1.0523006569476268	0.4009249306130243	-0.8647514680036101	-0.18018160905596928	0.6154296785207658	-0.1016689588874829	0.1546778537370217	-0.8473694313962817	0.1431722932455718	-1.9607518035113882	-0.0895900832948328	1.1860324916375187	-1.5660058091651792	-1.0048445447718468	1.8931341303603977	-0.07881168151966288	0.8639421362670331	-0.8548698755273731	0.5631162999795821	-1.0198900160266848	-0.5979386973412023	0.4926009686098407	1.4834211822321572	-0.07441274464086423	-0.3317789906697246	-0.017466123359705377	1.3320533938186223	-1.4838290991152494	0.8558861514317366	0.18336822840002998	-1.7132769591105326	-0.668271642115881	-0.42626310825841635	-0.18390330834851348	-0.21443519401894431	-0.48869383581407255	1.8087919187470414	-0.29187246504203757	-0.25829013729094524	0.31726058432575654	0.9566450006926842	1.1408745946723553	0.36102153669465564	-0.7811296127798827	-0.8952468458656948	-0.6875696246527444	-0.7555382304110625	-0.24074031220440428	-1.4996816735144918	-1.180115935196579	-0.2706065852892728	-0.44429324128520375	0.3421488792089161	0.12330439252418855	0.5303647752676666	-0.3979089356800859	-1.1565690377017448	-0.01540212710208918	0.030723201573826322	0.49797052823049454	0.6086930829998584	0.05686831136414899	-0.28454315636996064	0.003442914122923589	-0.8537972408584941	0.010557185618674829	-0.12168728153516964	-0.6492569440265723	-0.48157153816597226	-0.2569688491804441	0.018269381167733433	-0.06177927546864865	1.179366212446942	0.48775874543657766	-1.8250242288528522	0.10869518071266064	-0.1988022238210024	-0.42599394697943793	-0.40978475957070204	-0.0976993251011352	1.2212098602453667	-1.1053880113463928	-0.04053236324887249	0.030344558112783006
DTXSID2024242	8.996552184194503	-8.57109523487975	-3.3520121669297795	-2.7541778184092474	1.3572560247816914	0.13418928257886914	-0.05006813479500566	-1.8727685195007382	-4.353624337765828	7.939091577421933	3.949258049151201	3.9211654405909675	6.7273874301580285	-2.194865341130135	-3.290136169073612	-1.3303924682657344	-0.5604476503253144	-2.4798615930358374	0.8898527075181752	1.121098880522772	1.0221090134324353	-0.8407735650310891	-1.517734488414511	-0.8230578931682533	-0.04565320068912516	-0.07493625923263286	-1.1515089087392631	0.7231470584924354	-3.4825404199318735	-2.8447720502099774	0.8514228573850637	0.2603405924176982	-0.14835610845978758	-0.3409416132635729	1.7356629652839963	-2.6229556790828044	1.4005823322014297	-1.0587481936434835	0.9711017560878491	0.00042325013922989786	0.2992982193938783	-0.24192406552467008	0.7748823948920716	-0.3320227602130438	2.6748519444661105	0.3459282214495433	-1.2677013117351315	0.8206688954810265	2.414004600649769	-3.3652251209231125	1.1778255559815187	0.0020261193955833172	-1.1559513649642181	0.788630643195424	1.006718283092701	-1.9952393700271465	0.10442976845286042	-1.0468827133332828	0.7296472204147585	-1.7568044468082014	-1.7088042757887956	-0.6375399257499239	-2.0050462540881053	0.4031079867379699	-0.26907559979406614	-0.028406828081643243	-0.3062051276192757	-1.10786543050806	0.4279261137569667	-0.21458223607266805	-1.0785144226056262	0.478175417631244	-1.483697302907339	0.4161465231567672	-2.2608369890870765	0.692958893937424	-2.0228267807001488	0.3785578439921355	-0.41606065857058444	0.6045089446653261	-0.4122599592629672	-0.7521786660068137	-1.3454865186919878	0.3025911386094635	-1.0271033047386957	0.6807382178384992	0.41672056991930145	-0.474293594947087	0.8200941623170026	-0.750696043300547	-1.3246043392545959	0.03945828474987973	0.44148792449294927	0.9886512768288088	0.4479778427768358	-0.44487061959369667	-0.3061858347949759	0.5441250183509031	0.5656252686286954	-0.9574865660745161
DTXSID2024955	-10.246018965192409	0.8856004163954947	10.62681015523514	2.4452199787910436	6.246895990097824	-2.885270095418978	-4.522528892363799	-2.4769497381270345	-3.234432463305017	6.55085119886525	7.404209437946305	-4.570276786515549	7.355601242457797	1.1238795954320568	-0.28502895333278394	1.0993471472539873	2.310915140093121	0.001190537495741875	1.8614457438492544	2.2103150339167055	0.5382008731430001	-0.1080109503160536	-0.008669076536483569	-0.030770643494992974	-3.603326276289322	2.3417773091081537	2.8666040293756256	0.42503651020889244	0.8439199352504594	0.5290378397576694	0.31849578550956165	1.8848499732518627	-1.3949519035212388	1.502861814226205	0.4746640477773206	0.15099366543676554	1.2308589498814904	0.46000171149993685	-1.0772339781297462	-0.9302766487542476	-0.2734942694518625	-0.4653029824069222	0.0029067437144731727	-0.8031562736696936	-0.10070326096326794	0.4612251798599995	0.7753198611932078	1.4459616054509776	-0.30488740000171255	-0.040607925931628056	1.0605909669163784	0.17742713443490946	-1.4033509702876463	0.31609639118160854	-1.040249408389805	-1.775800923430952	0.35119547822691105	1.0059567027597902	-0.06026433257454802	-0.10579415826165557	-0.023737428741623656	-0.115500499592308	0.4583625227019949	1.2110448745247067	1.0752366999516056	0.37196058082639105	-1.1469487469736939	-0.7239109532924127	-0.14557876226175978	-0.31848947747705575	1.1925824198912582	-0.33696042478004373	-0.5130068592493836	1.3415200461895034	0.7007924472672411	-0.0711773651063538	-1.3489953063050508	0.5551122953047809	0.06967623465820455	-0.26093985854458657	-0.2356589013576711	-0.10840482538827961	-1.7890068145422078	-0.37543839513776495	0.6784329426407076	-1.2085218843140337	-0.4994969381617142	-0.5321112038355552	0.2536034176003185	0.608620320039209	0.742099658503427	-0.2410808293977376	-0.5905988082251813	-0.9346264633049709	-0.7952071813242025	-1.1694672396202461	0.5980460136868855	0.08655030490659599	0.08651149677748132	-0.021776574025583716
DTXSID2025395	-2.9818280824569925	6.473415875677253	10.008258483563605	-15.085169372018381	7.668426453556371	-3.3648890342479145	-2.826263142473191	0.20578111291511694	-7.688715042623668	2.0437542398729813	5.686531891838869	-2.9721278601752994	3.4738621713073394	-1.0053125426244893	-0.8233714635096995	0.7460124264890265	0.06434382967216636	0.45449854908104564	2.2217194621935556	0.09503582657024606	4.9236919225670945	-2.0340398693883426	-0.09010081277352565	0.25453056224914244	-1.5982208903258723	2.11015131077003	1.7417178815497771	-0.23296292913447222	4.359862685104472	-1.1016651100047938	-0.3543449570463363	2.759286254136228	-1.6642529519694322	-1.7595691641810163	-0.35950239280853674	-1.9773412611567647	1.4618200111480655	-1.426407767510025	-1.3478204105633675	0.5268246887976167	0.04626878031033761	0.7421498291478117	1.2575005681646472	-0.7813465310005023	0.15073825781536182	-1.2757059478191781	0.24221597128430936	0.904038807524458	-0.26446792646446143	-0.692768449086525	0.1260231595556159	-0.24066056894362559	-1.272246543441846	0.1682522894434966	-0.016868876984427218	-1.4684858145821333	0.20488700775374868	0.3962228066541623	-1.3110872631285715	-1.3447382256728269	-1.9430277997140677	-0.20448318111588792	0.4960008175120487	1.1618027081750009	0.3863928242861977	-0.4949425627565397	-0.7142244133238292	0.36505640388417027	-0.7342675940303011	-1.3462332193469593	0.17581062282307153	0.36377534280177437	1.489525245582782	-0.3228938121667679	0.15540300251081648	-0.9347599801824695	-0.9169398024875772	-1.0314212410298425	-0.11009183523707161	-0.44772020162464776	-0.44308558331761505	-0.409378669895289	0.07224327600179355	0.3288337416168277	0.9118184491435928	0.12381662043171739	-1.1715943970534073	-0.1879686180437318	0.5880377973420339	-0.20661219675034273	0.30666773873084374	-0.27349747439429	-0.41563704572288207	1.342700667706394	0.7940718344036056	0.3434966883968348	0.29873307860567416	-0.5467318749175742	1.3028879965443974	-0.061878478726768736
DTXSID2026525	-7.093880121468066	-13.387845180883101	4.544210445424641	0.6980880919939672	0.07522292113703785	-1.508043888108035	-6.527505461708412	-3.8808518289268648	-5.465371983427392	3.862283680210234	3.449843685791727	-3.374281967347784	6.735406740802258	0.3699303154658254	1.8948993808762378	3.093033179194851	-0.2998030424093717	1.1007638716363488	0.9624372002524035	1.7828504065826722	-1.9983816009236537	-1.1534955970417127	0.03700050888252449	1.242591086213711	-3.78853739758427	0.029246078571927667	1.7397074533217494	2.446062257117749	-0.8380111509501711	-0.32872526586140927	-0.8549971632336149	1.4146956537759723	0.4994568089727048	1.5496696099453473	-0.23539287764145414	0.096013880796297	2.0743974653200343	1.2378089951910523	1.950892907221585	1.2263404398652291	-2.8126913120236794	-2.09945944901643	-0.8260076393229412	-0.6499385332226026	-0.08098658147927287	-1.6275676563861108	0.6213665779786092	-0.28465471410789384	0.15796766671518706	-1.4753963534070946	-0.28364283361338666	-0.20611174543454075	-1.479054734871222	-0.41523368343259864	-0.027126349934019557	-0.8890871025630869	1.684528905614743	-1.6231348116407835	2.0471333323443512	1.0380681890315042	-1.6549540915968493	0.5617693552303126	0.562230618076585	1.270724409981224	1.401904934467125	-0.5968545424997875	1.7366875342103703	0.0745950867073363	-0.9875681598079341	-1.1586611383106562	0.12676104080598127	0.9634401985374969	-0.7232835882552296	0.16192776440730858	-1.396213266125273	0.705538020610904	-1.3532514872449566	-0.2438312287833019	-0.5819325832597328	-0.6071349846993714	0.6160274390112419	0.1638270192270826	-0.3269363136216573	-0.7180313638182265	1.5262435939416181	-1.4045768887443242	0.4992627672945617	-0.6854392088951465	0.41877640968548274	-1.0639301960555616	0.8264069415111396	0.542967347248435	-0.6713466622606694	-0.2692443929690765	-0.19034164528048872	-1.0126290015650112	0.23833594982089157	0.6487900130792894	1.0548387268704633	0.02816343999384053
DTXSID2026529	-6.286556801017193	-10.523438737995704	1.1756789120826137	6.0414887260006775	-3.068419759802713	-0.3469415764237843	-3.0593317678259764	-8.314597099419213	-6.667188612086072	9.947756280886534	0.9699045067576214	-3.116458578787892	4.983650554725432	-0.2848314212091113	3.1664835650511005	0.5669715463022031	-2.5601618247855846	3.703637489193503	1.9593736046270955	1.0298405810720763	0.5792843414174481	-0.3684913149940474	-1.240803678445021	1.4224780436814681	-0.767877262377482	0.13557193390482425	-0.670652026156047	1.6996907613441967	-1.0810281154211965	1.0780776032376653	-0.020186618879441752	0.3399078889989998	1.0701659416423492	-0.2480307309951585	1.8176829079098973	1.0796067488788985	1.2748017724361138	1.0216618712167107	-0.6263427005005544	-1.0953574353540816	0.9957615150176338	-1.0700252317016932	-0.35806755718779537	-1.3796763098258646	-0.07216729738059247	-0.5953317405931549	-0.8605433446649351	-1.4223407144128934	0.6963663282523047	1.0378685847963494	-0.3605168577051662	-0.06445576210100247	-0.7367573101190481	-0.5795095884793493	1.1931761858146122	-1.4467261519470211	0.9342317749397583	0.5552043081104407	-0.7592477074072866	-0.4978132869510937	-1.9398787314455517	0.7732792591617368	-0.961477580502387	0.4556383275981042	-0.8073879553766174	0.23119731351468464	0.10028916457021843	0.47186803985928055	0.5093798815925973	-0.8354126915859704	0.7938801872223042	0.3590130755232728	0.4708808587916217	0.12851171562256095	-1.063239357474208	0.8366191957780902	-0.5143690844730342	-0.4843659909025466	-1.1431113447626566	-0.7778593223355177	-1.058773107346849	-0.7499663240813454	-0.5415486399116999	-0.44442685780262103	0.1625210952134532	-0.5641972692462832	0.4330708440265459	-0.9842214496139821	0.9971813943098177	0.9012275687929829	-0.040820542051501534	-0.29230895351629854	-0.4691045186167053	0.26622348029276566	0.03489049882681546	0.2515815284319093	0.2729279527185293	-0.89914957454585	-0.5323185797926827	-0.7179690434641247
DTXSID2026602	-2.257175640650789	-9.334762625370566	11.538144694875582	5.670760565775099	1.620888612168568	-1.0184757331916283	-5.689095912626081	-6.487556612558685	-4.546298778494551	7.95318932778151	3.0243028467791917	-5.510165800104911	8.890271097460378	-0.9050499865128648	4.305470732911672	4.653710458983817	0.49323419230533516	4.947264702209254	2.000511923260448	0.05399752478206903	-0.04766596352484055	0.6160651117494585	-0.9478915905745868	0.35221288140721985	-3.1727785729451776	0.9526132571517061	0.5424796018045357	-0.30044765745890717	1.6375528389687632	-0.7931882569907358	0.9520261162695103	1.9380567972200091	-0.34433806058984134	-0.044832747116794754	1.2558364812119405	0.23523081639897783	2.8515162001780445	0.47377496134677716	-0.2862803701232108	1.4681965680456255	-1.938633782748664	-1.5284363058863017	-1.3127698154974452	-1.057581205154365	1.3649618944555997	-0.9683567601215978	0.9050399733199112	-0.4980650043874772	-0.26708470801184925	-0.47348120434262025	-0.8468590867424521	0.1629178120902	0.1036370248748331	-0.17754148255763255	0.2954397927720656	-1.4429258058130254	0.6873634468223587	-0.5716096563162054	-0.38666619516818557	-1.3177299276598684	-0.3993856975132688	-0.3252717662625031	-0.7144453752603085	-0.062132105915297275	1.0128923732742472	0.911383185315851	0.5111251869327729	-1.7736414931757145	1.2728825284069267	-0.6023343775032738	0.0377927381197132	0.4592483588506384	0.10132970297708722	1.012861719159045	-1.0350944147779084	-0.1490593273654923	0.21248330533847676	-0.5552664448705547	-0.8204696220348024	-0.6080843005393892	-0.1454604740966925	-0.37704009306210173	0.8182465583510208	-0.8414991285221549	0.7524954806720432	-0.5863705318881081	-1.0918366709294376	-0.47909513440857393	-0.6533641337703857	1.6831056853172337	1.2004640295529383	0.7365097579244111	-0.11962839852106977	-1.0816165423620558	0.2591665346060888	-0.5412911084491554	0.4017262340259707	0.041630661844721535	0.39095044620992164	0.9920765362369939
DTXSID2027200	-3.8424008584112843	-17.415403642927153	-11.208170188265338	-6.993255539743127	-1.392065197626956	1.6038205409023703	3.175491420751828	3.0019476239662675	1.4196626026326409	-3.6012613709513834	-0.5145823542773056	-2.9469606871854883	-0.6253292952454179	-1.8563695671240215	-3.4745691646399273	-1.3179661325222753	-0.3439287066314891	-1.3664362753330215	-1.272030179318222	-1.464209804331654	1.373994252838435	0.4605839366494379	-1.283720952525327	-0.8397293062520246	1.0433026324057726	-0.07254056120584904	2.708096298882375	0.39945721240863635	-0.10955986881868188	1.0295286866612003	1.734019538716328	0.05646007729029916	-1.3215591957732795	-0.3980685870030044	-2.3639060840174944	-1.193471858092582	-1.9304531335740807	-0.21384808190659196	-0.5469476848238679	1.5435014909658618	0.1054849635772891	-1.276592380155972	-1.066546704516029	-0.8835065057402365	0.5364252607015614	-0.8571103109044932	-0.3197117825396178	2.3473188287812614	1.5755085080684066	1.0650056540443096	0.030544579301321973	0.05528735012222546	-0.9341333856342062	0.3081475336709789	-0.21160581717281365	-0.225470521458058	0.0027852616110552036	-1.1866651323899768	-0.23748512238873723	-0.23381423465667842	-0.9519380473413551	0.33301184607855855	-1.391687823534943	-1.5915907583124582	0.14468818880999	0.19145415878921968	0.754827744984201	-0.6065928124468346	-0.9345104516865786	0.6037703137600213	0.6234518614153285	0.4639952064502624	-0.32358419215085865	-0.40834619618033874	-0.030652985477133524	0.0613131761695486	-1.161790427540827	0.06024495484072223	0.25278135898038645	0.2547380494245767	0.03746803702998504	0.4088007050608111	-0.212087047326568	0.5530245871782339	0.9709433510579266	-0.951011664845977	0.9907554799172174	0.26985732128443374	-0.8376915923244304	0.807802038950902	-0.19579655883132357	0.6210707545682963	-0.896932110937506	0.00036720028684780835	0.6304317884234509	0.14483884992840457	-0.7933534918978973	1.1385242986154087	0.38809700567615585	0.05679684202888472
DTXSID2029616	-18.67912593359879	-6.1861343152536135	-4.861880380103704	-1.528818382834502	-0.2924123250186978	7.0015881317058914	6.033952743774618	3.786163317913838	0.2603142392245677	-0.5785176125423462	0.2199597786771506	0.18062118696451607	0.21653542272082377	1.9907416793222876	0.880363388120179	-2.095689692792236	0.8397547721502884	1.3956427858988878	-1.7320801692514936	0.8907786910189904	0.7487015295721294	-3.6188840723604616	-0.4380336067619366	-1.2016112316260903	-0.10271146783840443	-1.4128900859696143	0.20308704989407295	-0.2658576304753207	-1.7956763368384097	-0.7864925212014129	0.9755768814806273	-0.9815711837216545	1.5899385868941658	-0.9753637412740436	-1.3861849293640058	-0.3130717030700459	-2.6446474133788067	-0.008305899955548274	0.3678451969104349	-0.17611646952604176	1.209438205955281	-0.37063651644826723	0.565999472227217	1.0030289948614821	0.33429079860112576	0.314783421393599	-0.06369504250064921	1.5488836780019306	0.13769056510703845	0.18036967695060765	-0.5279716973714235	0.8328257024490515	-0.13243180609489194	0.11927133050260418	1.0444754930717335	-0.8841612967042536	0.2024922838778959	0.6924122622731015	0.9831432186429713	-0.11729105343743917	0.7891834491368347	-0.5222043131292131	0.17973815239735266	-0.45927120379876174	-1.1992894760782131	-1.0307363378091803	-0.05977304782208669	-0.13202850102182587	-0.1989081058222775	-0.2799707180668191	-0.9662048500868057	-0.5354016019590397	0.32789911165287927	-0.30227293809341504	-0.11989041362683572	-1.2817706076200848	0.7305458472002765	-0.7550023111488744	1.1290975137788055	-0.9301846846790581	-0.04420423224046313	0.2618218295911013	0.9001549655471789	0.3564496156587134	1.951079854021872	-0.010611993840970313	0.6606484435835571	-0.2774358231362039	0.05280832328261466	1.0684402275620144	-0.2661842828055521	-0.01167356396616722	0.40445971509887485	0.5280265515127804	-0.1642946236587579	-0.03409313375232668	0.11058354631925243	-0.7615282410857185	-0.19607790990175086	-0.6612531759158362
DTXSID2032390	9.396385213033504	-13.674566104082256	-5.417988711352736	-15.184261557998113	0.8493497716291136	0.05868261856907562	-2.9596447818867193	-7.705047664970975	0.6266704767666325	-1.4008122705310815	-0.15787404396797752	4.093057568752413	1.461345776798676	-3.8216613721772443	-2.400841134803154	1.7814992711057875	1.6582117624494328	-1.8850924032165943	2.0936594870321565	0.5949339067937395	0.1170831350653923	2.7708113709572073	0.5587064962851881	-0.41670815786998044	0.4251966689835982	0.006219901867535037	-1.0600245081262498	0.22899693769901577	-2.2841498884717826	-1.4127611261918205	0.5899148984007632	1.1242851337113142	0.9421624235029802	-0.33995157641267854	0.3373109328454993	0.46095361158622455	-0.6790724533123463	0.09098660167826106	-1.7030030686803284	2.245501895508676	0.6730314324382025	-1.0019159449812434	-0.11118412128684642	-1.3763289876713511	0.41084195762061354	-0.934928675004958	-0.5725366096038611	-0.28050041844931756	-0.05856958433744071	-1.5834076368039138	-0.3856958668918078	-0.23385478186402855	-1.5578921172622495	0.061624123572400345	1.1440552511998248	0.5932550626870514	0.8721250854032235	0.8358717088931744	-1.2307384891272046	-0.41932904159437234	0.3489409229748651	-0.32106367825041365	-0.9151692646973633	1.019456131088773	-1.510117796082705	-0.7126315721707415	-0.3597318780987112	-0.4200103246778401	0.8077447997627197	-0.803468530987193	0.16242352517765957	-0.2556777885816527	-0.1563619200759692	-0.3970897937155479	-1.1291403279736927	1.5246515602782127	0.010171805464393932	-0.04396516402174297	-0.21624595316348144	-0.07895061562049392	0.7894093570932603	-0.5979626882611767	-1.0039078344980357	-0.14822669129535568	0.8175939625512234	-1.367438031379113	-0.03813335051765868	-0.31417145985769185	0.059892603248795515	0.2555082453915717	0.2761006279166162	-0.5180099241479114	0.272133721516572	0.11213891467488515	-1.2083436530001164	-0.4568388651324618	0.6585140081898039	0.9517500026557688	0.8162135465096632	-1.153595426893454
DTXSID2032500	12.244917624305993	2.242647082208148	-6.723910557397261	-4.145425816752683	5.734956632420504	-1.8756312136867201	-4.8783275838616715	-4.532371657741894	7.952028828484077	6.563041317554391	3.6326051930952916	4.141516062123866	1.8646694945394824	1.690757185490411	-0.1481583768738687	0.3624992813335289	-3.432555217712318	-1.2611771214799403	0.3473957421915122	-1.6507214741640228	-2.55655608383518	0.7588872195483908	-0.3702151748620822	0.5455326892698346	1.4898739164170713	-0.37710822303532754	-0.10859571761159337	-4.45285459327938	-2.392164629693187	-1.244820404315942	-0.3311232979270075	3.1253561491124575	-0.2564189584349643	-2.9277395633750736	-0.13643389878925719	-1.1239068725568853	0.15370973917702882	-0.3297166450147549	3.057485270560275	0.14227504644766084	1.5252699718728784	1.0070539250648995	-0.7207764977222298	-0.5995725611003633	0.6919788503128057	-0.1420855706551814	0.9580051471134591	0.9733313666959515	2.4783553505347644	0.7899482671425475	0.7310524992791825	0.17587397530431453	0.5771924633848506	2.479234152875595	0.6398059806283114	1.2703979562959162	-1.040238212950084	-0.3890156157490259	-0.37859135543269834	-0.001159656192828221	0.18469726971674066	0.7121445948609558	-1.79329569294069	0.16788443154993674	-1.321122275557435	-0.20952403235489908	0.5252364842218101	-0.2830985146654844	-1.3433425686047293	0.22793412462104662	-1.211739483851058	-1.1162272344186288	0.5715267864490217	1.6702121558480079	0.7129773270040074	0.6278626115490622	0.5078841507187473	0.8069725470236109	0.33445120643691656	1.306121989397544	-0.41398646875903766	-0.44519477806048446	0.5087618676708529	0.6465577172816359	1.4777017939662422	1.063963200070055	0.2945778814280093	0.1932043226280879	-1.0467361771429349	-1.4002203200805623	-0.12987945573357493	0.9729819779622619	-0.6186475008004166	0.5954789012521103	0.14421146421466452	-0.23825390641096345	-0.11300426915802966	0.9439897877950352	-0.28212951147208165	-0.7557352223481761
DTXSID2032552	15.60542855785162	5.76279420671414	-8.20144162711622	-1.5899944970159945	2.584903123891937	-4.577248458878838	-0.08831579174562451	-4.1572047793974285	7.544582205799893	4.931350100639051	6.141466847072625	-0.8057285678892893	1.037631924131337	5.474340280532657	0.8766104098948319	1.5488926719859912	-1.0982790245317682	-0.1443369530718681	0.37098949186042457	-2.295074071180192	-1.0465169152052143	1.2075545495657756	2.4727611544225283	-0.08077939496313719	-0.3450159630720444	1.9477809800152466	-0.5522337060982492	-2.547872796595668	0.15198974595227896	-1.6522009536769189	1.4001751230918875	3.170158981517327	0.15294346575117557	-0.4197771713174475	1.509173474601575	-3.034624324384502	-0.7139663964680258	-0.6260732027100633	1.107591018381991	0.8504123274686262	1.759791164615021	-1.1969585322399614	-0.8536722865763626	2.05205798439619	-0.4262402691799594	-0.49400795536191855	-0.0984065783707336	0.8966863695476672	1.9429626854483562	0.4453792563161694	0.8285573866225849	1.0316201033890424	-0.800229847404719	1.4965011449967658	0.8145232655549131	-0.5679275607319448	-0.1408756545125972	-0.7569198005160981	-1.1428157592176915	0.034462294792064516	1.0069424803515368	-0.7058288913912365	-0.6098990527130832	-0.5136295042476104	-1.3009251842009781	0.34709761544625234	0.01410056570927499	-0.2254138005259874	-0.28914988491601995	-0.29452081761636745	-0.12461273199495228	0.35491250309499905	-1.301748426704448	0.5783303342186467	0.5070494129709137	0.29202464950831764	1.5120364418683607	0.7002443756185043	-0.6805334804081012	0.3889572242636678	-0.6073571764304424	-1.5122091590282325	0.6111466809058017	-0.3395960458010701	-0.03833993263245394	-0.2807550882851764	-0.3806416578450112	0.05509721459008167	-0.8402465007007264	-0.03879513743912746	0.03607474845679163	0.3997695315253847	-0.8557839436998876	-0.219274313637032	0.27082844844924037	-0.438863259389519	0.8419431583992953	0.2784713206304565	-0.5855962666112778	-0.9297396060473052
DTXSID2032637	0.9990797256215717	0.3238638401038957	-8.280654582544374	6.429831977918996	15.741949646961961	3.164476059545275	-0.6486992722383605	5.6481725744766536	1.3796199249998033	-0.026579693879672017	-4.538156449872458	-3.0902510203644002	-1.6038147746725002	2.075738881999178	-1.990838421153092	1.745980351844966	-2.1737877064494766	-1.3257878212191585	1.7165500002312157	-2.829596429468207	1.3065843034046165	-0.9722867455878871	-1.2032267181984395	0.7884416763803855	-0.4732254480037896	-1.519066332112056	0.4413810407269462	-1.850779407346514	-1.7669204457365382	-0.0365438516505593	-0.48202917809174184	-1.683175678390611	0.7155063508293784	-0.07463236242958765	0.6778345180397747	-0.43662801742584106	1.0539221929137044	2.264704108078705	1.7371713562330027	-0.5461382547022127	0.7707965688703577	0.7847096970247083	1.0842747755509121	1.581849208434116	0.4347197249926539	1.3769620112594372	0.23548496410110556	1.1611684457775686	0.9876069579841833	0.5332049707666893	0.698521846707659	0.015028129605540516	1.2586500316982718	-1.1682068797728222	0.0717317428647198	0.4279070280099291	0.6166960410253931	0.5988495687849564	0.03157957643755847	1.6691170051680266	-0.023638739816323067	-0.7712546426498472	0.7399310406880608	0.695294332448865	-1.5218524055458749	0.3237637817988339	0.5925535119160357	0.13470911342006078	-0.4016578943094131	0.5090774879966488	-0.7579441961398811	1.4717469603671942	-0.8294796718154126	-0.5339863879372676	1.6871013080948072	-1.140436216154306	-1.6659806069618501	0.37762170617260765	-0.08550933661633348	0.6676183707309991	-0.9963767635784926	-0.30155134032778247	0.07300305539275595	-0.08586920778349455	-0.13726936378226284	0.023101743456938006	0.9472625174616561	-0.5445214837377049	-0.4020030199369272	-0.00862368031223151	0.6755067831056767	-0.6140399212884862	-0.34807187739785317	0.17266768806622482	-0.25089729772249897	0.5416253158951656	-1.2384646859600081	0.1225025427615517	0.21920907321125707	0.03278899640709227
DTXSID2032398	-0.04882226413420957	-3.4857769909670084	-13.173046283350208	1.863188022029376	1.111710522448555	4.09850247100209	4.481889717352573	3.3805422402262817	2.3002403506303466	6.528142771530543	1.9123473586724509	-1.7938958161508542	-0.6573813738651741	-0.47449888089025266	-2.7286812904175575	-3.255444370688969	-1.994675480890059	-3.085989285266418	-1.0130751712557782	-3.9355316182250526	-0.40022589424964433	-0.484352665939677	-0.23942060160485967	-0.32975681702145604	-2.4009577118046845	0.8255250078538534	1.117016394853192	-3.9239988527302327	-2.255364572520208	-2.4107985813493813	-1.7628566195149538	0.37449276844183127	0.05034202428283325	1.1116152576964116	-0.426740855084619	-1.3242864805293604	-0.4231678168697634	1.6600791689605643	1.5331507719384496	-1.4876110782685792	0.49647778655118946	1.5412815879848645	-0.7294290011888636	0.9934474133822273	0.8377471950681589	2.117471815573386	2.2697991843548633	1.366204396930541	2.4951351681317187	-2.3022856103687386	-0.527061405399106	0.7237463705454114	-1.203111944677115	0.487931844477005	0.43374304261795377	0.8910032878259047	-0.12046152251658702	-2.4964890924921503	0.6676936286279763	-0.4054892007719716	-1.2278064746980042	-1.2704103191470817	0.6332155935983007	0.2860710719199059	0.7305414361961391	1.1900627049052854	-1.00664469578497	1.833943978858612	-0.3118059861182875	0.21773091242465833	-2.3646648207398795	1.0350278314655248	-0.6171258345335727	0.46786443514454273	0.8294677018732743	0.5057456720146185	0.06445523248302513	0.03253901190880011	-2.1208694356940185	-0.658882979936284	-1.4150845558322422	-0.14060130608776875	-0.7670563142131107	-0.8605218572557196	1.0097192559679047	0.35147589112724076	-0.40556454780990686	-0.2032791350742058	0.3140043404760101	0.6926531864718656	-1.418822861329482	-0.20993880527891595	0.5844223191826908	0.11323434363051402	1.0509163813444633	0.025275245519547025	0.26918094174882895	1.062965861753229	-1.3716496926564052	0.12673749703857484
DTXSID2034625	17.418131784693443	-4.342993995781317	-7.167552548173822	-0.407947842753126	-0.8171203874091476	-5.982470259376452	7.794459052223564	-0.30868174044174546	0.9551135055510702	-0.06802584784127852	0.7313407074390395	3.9797713550066933	1.2385359644373015	3.202761272064268	0.15666497236888646	0.4140963127061838	1.9230696258957207	-3.9143235845706124	-2.2429913465050713	-1.798437575156272	0.2022164107530751	-0.06306601312260118	1.1938886494279055	-2.8744110825143894	-1.5074135101669217	1.7179607611689949	-0.1675472333360269	-0.07444867664518687	0.33366862215421156	0.596497160747342	0.6750171897491102	-0.6671555279515389	-0.7389564351281129	1.0464638834045215	1.308081198477439	-0.6142659302856371	-0.17054059888946965	0.19228055536899186	0.6045621851369246	1.0456235633196815	0.32076292421538644	1.929849953609804	0.4118715957305412	1.5410788133216888	-2.047326245432584	0.5100103537848207	0.37744795242294377	0.4924471488487541	1.8851842978664015	0.33721795388954207	0.4309980112111088	0.2525136656892755	0.18719435401574586	-0.09549704173863947	1.348654432497946	-0.6317731013858697	0.7128350800475094	0.7467837283306444	-0.755903461689667	1.763494411789319	0.10657556819481243	-0.3957100157244354	0.8264092488034758	0.8274419295639226	0.22692167191245127	0.023432667123033615	0.5382260032116223	-0.5786598679340569	0.6162708387281747	-0.4504318167919057	-0.31072839203791336	1.0407968472379785	0.6242801451208011	0.05301316000435711	-0.4134521348104102	-0.05673790229189097	-0.64383373107331	0.2370765965815981	-0.5294004079756143	-0.1325892040851642	0.9282858144784946	-0.5020273303909878	-0.21702001787514016	-0.7398402079089957	-1.1166238268314315	0.19848909424608357	1.050255234960944	0.5626995223025719	-0.4335990702102016	-0.7967065096830125	-0.23402894192776533	0.7013270117019563	-0.9443099203542067	0.33810678442676323	0.6465574495457771	0.17667360741073868	0.003159113657840859	0.1939314752175313	-0.3463814564100498	-0.22863795892198288
DTXSID2034465	0.23068428863852988	14.366487637124948	-11.057999553411143	-0.48215671760422674	-2.354672393651766	5.801958004421518	-6.372709795758926	8.845877099208035	0.7630109036806587	1.1081540983361924	-4.694433952764411	-0.9013898589360416	-0.3470027865779966	1.03880067907399	1.036882917967961	-1.4840026595964084	1.5019762376806836	-0.9764864972056359	-1.7245882131287824	-2.3082414162608584	-1.3628796325252184	-1.165576878231307	-0.23771397434318564	2.4205271096114487	-2.0264738293942868	0.30610685278789307	-0.47195672634395786	-1.4606192001688734	-0.345542254218573	0.8378312457328909	1.197550671005547	-0.3329655590599964	-3.686257718800503	1.237305527736571	0.1998782452300175	-0.5674147433519263	-0.12800161214468772	-1.3329641682251223	0.4491948666535014	-1.0611591534816858	-1.885100355537137	-0.88150302299063	0.039861484924609364	-2.529581680331332	-0.19470944215995778	0.998882053510752	-0.9023274526913764	0.44289421421121583	-0.9443423642024847	1.1608453949668294	0.6223704590369814	-0.26470203710313595	0.4240931347795407	-1.2296173258438516	1.0070873318598572	1.6911543709498011	-1.1771826391195377	-0.2485304930618917	-0.17579307639454642	-0.7523656758853309	-0.12650292455401774	-1.1083788562152481	0.6281490189364062	0.7814817272953488	1.1479184302777092	-0.12607442616746115	-0.08943358751239544	-1.346524190230639	-0.9517916380395631	-0.5293987921638211	-0.31645212906673104	1.4763581222730897	0.49673745150426185	0.8099778460342504	0.24397094964621424	-0.16801021595058827	0.9848751867604916	-0.016449166980413946	-0.4228299924521179	-0.5349768545648799	0.3388859144616437	0.8036229917642207	-1.0576384722347518	-0.3705582553806639	0.7821933462760837	1.0593172825491135	-0.25052290260040244	-0.843960019434832	0.4833962696012135	0.8918493354996729	-0.7995703565690687	0.3059703246692163	-0.7716708869254167	-0.06580438304271832	-0.20417523586506192	0.28555414579847704	0.13906374862938883	1.0024627705174958	0.3623319828836269	-0.033561279585947394
DTXSID2034962	6.95407033275688	11.556086110345571	-7.657598283631607	-5.592122017333273	-4.115916025648536	6.068285842395348	-2.809923246748528	10.058612549770842	-3.726515205358611	4.023641234282152	-3.763883122117088	-0.5907682340810813	-1.4797426215345775	2.469196442093267	0.45935382977508216	-1.8112798545159916	-0.30024227383702706	-2.3754973000907595	-0.6071246314729221	0.8716630281458502	-2.53545659921227	-1.184074222798924	-0.22351974623488316	0.4135682228278043	-0.17533247815491032	0.2441805924109713	-0.13301925476419063	-1.3222513155525637	-2.8055329996722795	0.7468409377126952	1.6723203670236086	-0.26950557988596796	-1.33207416411492	0.9531566982209527	-0.7690187544957258	-0.6071527662858174	-0.6566504564677847	0.5374553011771912	1.6000225807158677	-0.5625937810126821	-1.6130920742392985	-0.1840622942169459	-0.3493884437930896	-0.23544747589397433	-1.0576679809653882	1.3359892906666797	1.6859463922369005	0.12445809070603249	-0.3805769843301901	0.3319725428503629	-0.5510333772258946	-1.0883525260749705	-0.09706280736364518	0.22477242187161864	-0.17714573223988953	-0.9892674178361405	-0.8080860592427398	0.1476846296241485	0.03228353567296758	0.5941374314985494	-1.4558927527552092	1.4282314948490806	0.3723275594112522	0.40507859655399275	1.7829220072402128	-0.02432909056953597	-0.8282488461208862	-0.4214590048396611	1.1909042331530002	-2.06490124096477	-0.5457441704057935	-0.7910707072942968	0.15312436590454215	2.5859285768893585	0.9987769954664996	0.2303299365998737	-0.19460593191829323	-1.4743201783581819	-0.5612585864581205	0.6465369722938691	0.6574744460458122	2.5755417280255832	0.498412137220651	1.1879366403241292	1.1778263995563134	0.18600251869333878	2.090689478737013	0.9263776515105278	-0.59220978932334	1.3338792220540907	0.4001300841723172	0.5038618013197017	-0.10303231094561333	-0.9299651716997402	0.609470195493284	-0.5369590717402386	-0.31370306085445165	1.3398703953697892	-1.1265168344056222	-0.40571364876382704
DTXSID2034627	3.3750607917265674	8.799925598316797	-11.363382518757312	-5.239646620829538	6.629300691383202	-0.16512129043380755	8.463381129990932	-3.411031510793257	4.335079102130813	6.554559713052562	-6.392695971368033	-1.0523667878685639	3.028346705360402	-1.296538772177365	-1.141991617261495	-1.4040914530822668	-1.0845856619234178	2.6276176657072003	-3.021331412694054	-0.9716279248220056	-2.7037994076352145	0.033943831985388695	0.5143419394437194	-3.115135373711456	-1.2447307863460682	0.24943638081834654	-0.3131742532307547	0.23543002037752334	-0.3497270705056105	-2.068418911795916	-1.33917489093335	0.7368349673995935	-0.13612293448437152	0.8663389654133691	-0.33959797641011924	-0.7604072577472861	-0.1557984298718303	1.298255118710859	-0.8585507836379375	1.0637629383896368	0.3929066980521186	0.6524367395205286	0.017448142166367343	0.11479273869192129	0.8526504943560638	0.17564777311547383	-0.38861547361330634	0.49119624558177594	-0.8774009712630689	0.7217108556601979	-0.05301605597112042	1.4398076135892313	-0.026800493149451814	1.6240403052849228	-1.5188691944746786	0.8281425421898994	-0.6888290845006276	0.30326253840037165	-0.8049015367717739	-0.008078675315384323	0.40536575360010463	1.144601343238087	-0.8263157615087121	0.881810059242214	0.34244887489013054	-1.5875698926236972	-0.7901931129907748	0.3188513881410966	-0.6834357309228523	1.6429074779704413	-0.6606228760217403	-0.34841934678927045	0.6123674100614592	0.13649420846179935	-1.1319922584373399	0.19215686167808185	0.2073158353960649	-0.5790452596316922	-0.3154190055462078	0.19995680616085437	0.5024479123841037	0.712345592545184	-0.5295849105344584	0.9549155568029719	0.6459815162350295	1.0922083475460016	0.6305796894539379	-0.48915731767011983	1.078847493367408	-0.1917690894310912	-0.4613195230033052	0.5355886032555381	-0.21738731842242304	1.2102294943544023	0.7494987891220186	0.860263702243312	0.6760435536020353	-0.18439272686435879	0.23241379522581324	0.7581410035951355
DTXSID2036112	0.2517648164727419	-5.536274204246837	19.934083772233315	0.5865163997544797	-6.2983465873215225	-10.163397991168665	-1.8440357885163605	5.236202071194583	3.0107668652458996	-0.84317811047256	-7.219362217295894	-0.3393865617506106	0.43949356909300824	2.5419472182303364	-2.1328496843275433	-1.5331982350149052	1.0670009401496454	-1.0102749963859683	0.46341414773300643	-1.3843593302370056	1.0410056139931143	0.9228817879912926	-0.7164930603408636	0.6068945403092041	-0.9268561021047886	1.2836404269168527	-2.1136002533235754	0.7247354398831228	-1.049613778365929	-0.805323715310958	0.8347285449410353	-1.1491695665097716	0.05551572918566972	-0.8535687764420274	-1.349747924059708	-1.6853205993554223	-0.48308941721634396	1.275541680169076	1.0448977381623952	0.16500113414788908	-0.21872425770451523	0.2557997994133263	0.3552088732681761	-1.1044622421230506	-1.0580313973525477	0.9597539904020236	0.12285715968476174	-0.04354047127140874	-0.16182557963821867	1.4419665373950903	0.311603145714367	-0.2744701659927466	0.5395830350222072	-2.0242488593114873	-1.2237586349973355	-0.4179731800061549	-1.2297048756180784	-0.5208019317817548	0.5554222808476835	0.17258648469387247	0.3720350824492431	-0.24777544962468234	-0.028305578265414827	-0.4320519156495902	-0.4794921019331256	-0.21132773776358676	0.6162072242915878	-0.1731335805619633	-1.1259306336089812	1.1591706549349203	-0.20047336519438258	-0.7521258000000905	-0.05754988669185139	-1.0436588266315203	-0.1986897210854073	0.9484612476172845	-0.16331540276142947	-0.942300621613245	0.04133906068667297	0.14552236381919645	-0.5853565191870405	-0.32892692675867913	-1.2109726170056994	0.01324509034740359	0.4471369932122029	0.32428531217273554	-0.5549803662502577	0.22593799049914928	-0.398531755283252	-0.5481831044497835	0.07198091610058702	-0.3948726520334988	-0.16254672977325735	-1.1778922320045013	-0.21828956682490291	-0.2493161712613704	0.8142736102779982	-0.6335420243558822	0.6988947519537975	-0.10528106463496796
DTXSID2037712	4.868009267310557	-13.993288618101706	-0.8308522069290514	5.194916349507872	-10.007828090804392	-3.0700346178717535	6.113898800499697	-8.397486283977926	-5.649565013179047	2.180252289482147	-4.765613831870846	-0.8549421583282076	2.674629005816165	-0.4778165375239798	5.367310583108193	0.12170922420804761	0.9019714013035094	2.4252609856431047	3.610406290895803	-3.0541443113533786	-1.5317470249340877	0.22468781961343837	-1.1844465834787747	1.6326681169324015	-0.1374698349691451	-0.0061338465624141	-2.4781399927343166	0.05088581377500732	0.34637505033242494	0.2795902900875426	-0.3047454908433844	1.356276035903512	-0.493578946606098	-1.9175349942571513	1.0126028604501256	0.15911664827065827	-0.30633014926024527	-1.213488415673001	0.9686930731117573	-0.8013871559601351	-1.2360111496651522	-0.8270865656139842	0.12787843571833693	0.8391711529059382	1.3907773112774	-0.3965391782213992	-0.2593803488811856	-1.1543361236918865	0.3616032954207647	-0.7435080764390797	-1.125973586331651	0.6538860515545519	-0.763438838758639	1.4575416772584269	-1.368169775272627	0.7376927275415857	0.5732041434390158	-2.6955526648963666	-0.8271368637477736	0.35660512027160807	0.976725423794258	-0.19241590268143052	-0.06293555125671105	1.03637386663537	-0.5894705430128658	0.6599809911471746	-0.5306536038688793	-1.4618790905283847	0.1284386591376344	-0.753523978590554	1.0589264608950917	-0.08956613182555016	-0.9027725972521266	0.6723494662671028	-0.2140632631486416	0.14717816645767456	-0.2806199595874262	0.2720205306720605	-0.12533321327613442	0.8216618634080064	0.9533599125218535	-2.0096169189484785	-0.004609192073348946	-0.07395551257341457	0.4387292584679638	-0.33591625335087355	-1.3934332376133476	-0.69745030244874	-0.0884119963351037	-0.5338218081614604	1.5955753957155567	-0.19131806279593008	-0.015056846144846488	0.026308842147871443	0.03676126200239251	-0.6778697434445513	-0.39771801350692315	0.4694903112243153	-0.5696582570569764	0.17101344070275362
DTXSID2037714	-4.6606536244934365	-13.1656737558123	6.3999569298967	5.732836535789461	-8.346073631963467	-6.840055046879687	0.7490179673581191	-6.548188564468853	-3.0607051559020366	3.4716057855974487	-4.963704290249107	-1.1810278741422258	2.4987326433784194	2.7935519995789573	4.283313036175708	-1.6288751952474698	-0.5450667624070201	2.223766200825908	1.7448146490998018	-0.7926366244518418	1.440873068560319	-0.6420542001307475	-0.23603558784275164	3.0311216522610174	0.759269868359367	-1.6049577806660424	-2.7014635279278267	0.3163448912275858	-0.8482683419558109	0.43096578459787904	1.6458229390948325	-0.7110007347776667	0.3534228819681204	-0.5530927407257896	1.235837208862138	-1.006403185628697	-0.1772753247625915	0.6188518704335453	0.7798346569678931	-0.3805684000564789	-2.45869417220294	1.0297332421345373	-0.7331377493261014	0.9801397565828366	1.3669079722496886	0.21622020409271825	-0.2871060017429706	-0.6353890779697038	0.9122666332564275	0.06379690088846494	-0.67749454147327	0.15895387963639734	0.39854723273708387	0.43129787316363244	-1.1389487554383895	0.6859643368433463	0.10887736281395897	-0.5207971729017926	-0.6487870058501741	-1.4358487140244458	1.0710508041913966	-0.4956286634810347	-0.017699058869591083	1.6111204805772725	-0.5851206288304586	0.16667585720135586	-1.4858619725710445	-0.6123537839333736	0.8328287825365087	-0.790443888085743	-0.2344600226546786	-1.4187170235626054	0.47741207723185897	1.4534408357832453	-1.0248500185286917	-0.11408608758507119	1.0297735462807918	-0.29086615182280534	0.4709678858172322	0.14408928087501413	-0.07878078924789254	-0.7890315960591934	0.7704615445213822	0.7859120980954635	-0.6561357520609545	-0.0742681231294308	-1.704117619241737	-0.16686742981769104	0.6860204902841035	-0.6201621858081384	-0.8892464195992743	-0.05203628535988677	-0.5266554993171463	0.2649749521780103	0.6047905030216332	-0.2050780976704269	-0.2503209608298978	0.38324145939980336	0.3451465792452649	-0.1588249822034152
DTXSID2040363	10.094334457411556	-6.492279043421965	-0.6631856578552852	-5.373827881615833	7.324034867269599	0.5032321088150782	-1.6293818818025454	-8.614569186677318	-0.727575940056289	6.926295166330869	-1.3328181953346996	5.454845032614274	6.958105039740084	-3.1168336056869155	0.7205453336707885	2.604130244616008	-2.5610684457120576	-0.4518898357983763	0.2118103750270179	-2.150113052972179	-0.6606818393819508	-0.07035297906151897	-3.1698929346816103	-0.07753882333096887	-1.2538791172236783	1.418175195368754	-0.08159018247804123	-3.8962464037120164	-0.6006620225053376	-2.333521451402275	-0.26846290155812974	-0.4793085630218905	0.8561922182691825	0.6085452198686077	1.3035784137751911	-1.6293274662605555	0.11779929728074667	0.11337139873566053	0.5484171471390983	1.052199493874629	-0.2130442949176455	-0.45452771744356446	-0.5375386913641995	0.4929237204274647	1.9746496918485608	-0.32719573518430134	-2.2604787018320858	0.31898148510594354	1.3178245476690553	0.9210538118727348	0.13227361546283492	0.05817438518208679	0.2098882390180909	-0.16810956899514892	-0.15044431691951485	1.0817365801738663	1.4876027983664422	-0.525180372357799	-0.25300634786754056	0.6624384734905039	0.047067470369069456	0.3206936778580099	-0.9054232827573158	-0.04585379256246774	1.4024527029643803	0.12046195315236097	-0.6606608453114047	-1.0911714172376534	-0.3014022651355313	-0.7797527167686474	-0.22354617644103159	0.7846798500861104	-1.4889781091320144	-1.1560276895914012	-2.2713901374535985	-0.3635891517614514	-1.887167636564385	-0.1003434274344969	-0.9928739410885801	1.188427124830744	-0.33289396203995525	-2.320857465542388	-0.7552368509334105	-0.3465930915304782	0.41432142545388967	-0.9759359236020562	-0.026476212123834643	-0.9715538884833028	0.8924934733068002	0.21246225858503218	0.8728288709646609	0.9175502714829109	-0.7591830481307036	0.1678995822712029	-1.1328205651544327	0.014111354909624127	-0.47419747372712745	0.33682072942519004	0.5582387421216765	-0.21979337634697596
DTXSID2047270	17.568216536781343	-8.06758809016897	-9.071522953621514	1.64343183386308	-1.5294805974891903	-0.5129078181896037	-0.47149292404267024	1.0424519625267465	0.1703545541778709	-5.88160511735275	0.2709595301066952	4.952192068274198	3.055562947683014	1.1584284124774702	-0.6384067152682057	0.9193485841700432	-2.535602106192334	0.5453076722064215	1.2669391234735778	-1.0008002659180744	2.1644341026532112	2.2571484937662536	-0.08409601355173886	-1.02097044617243	-0.5432648750732477	-1.4513844269399128	1.171258006428941	0.40262703921106413	1.7095564708912212	-1.7565912070975906	-1.1719996781222335	-1.6783432926287414	0.5023955248886625	-0.6202579806976676	-0.6731029941159551	1.2256875324244927	0.2858195139150933	-0.4069290714930818	-1.2110603948912302	-0.7942791249578748	-0.6865879335519346	-1.5496429904620097	-0.7713337718597416	0.09731504438864373	0.5842181519274098	0.286924077095745	0.5418522801347728	1.6453085526557143	-1.1688300387803037	0.5923442438395127	1.3780165399938857	0.2502530099633323	1.103426434584366	-0.3636376777272634	1.1123944874844751	-0.4752174262239762	-2.546540357669776	1.3373914951853512	-0.36378302465906054	-0.09150909860741811	-1.711849887654657	0.15929451157538593	-0.6758835327641998	-1.5855777540885632	0.7471379888269136	-0.5621389572660345	0.31311094808950357	-0.009316401119483585	0.5471455398588377	-0.4524911989298354	-0.2793621244373621	0.24489899975834592	0.8575141497287437	0.7632169914500038	-0.1937517171829801	0.1357224508815356	0.8233877503668007	-0.00801501501059937	0.08084208978434762	0.4079389870696585	0.7622083587655772	-0.03704630183724514	-0.13378058607828228	0.35307545006676494	0.252343535123717	-0.43236340646130794	-0.10853742778885338	-0.23286254294755515	0.4366158466311778	-0.039540347436754185	-0.5962305640941356	-0.28658224413607375	0.038713307014726576	0.8154706706909465	-0.9518817078519619	-0.7432864814689601	0.26065124935875283	0.6972641787762556	-0.048841671279224	-0.11391634099337052
DTXSID2047272	21.85133498204741	-0.24871574416587014	-5.951485453425562	2.5994441861598476	-2.9726057315566803	0.9404591333307216	1.6839338131688901	4.709074621581701	1.6554924612108366	-2.4228145385638666	1.965439319723579	2.5630792844368404	2.6812738213742695	-0.7568434495311553	1.6285308882461655	0.26447827180247435	-2.3738859115119038	1.2900069220435184	1.181089657347901	1.4225114053319095	0.7393561698346552	1.424454638003551	0.443608000244196	-1.7185066129068973	-2.7134159098791306	-1.9727545642303097	2.8725422830156733	0.9412808553438974	-1.0923905061230483	1.4073203744017144	-0.9907021459377543	-1.2820851954668173	0.479360291731584	0.4809384370865444	-0.3185868984965899	0.09569353816211318	0.6939387244820937	0.8401655853768627	-0.2757744163092369	0.5670359305141569	-0.012880430765042455	-0.4212818820181011	0.009678145740560787	-0.4486033030931969	-0.15449510360896063	1.523729064113684	1.3388567580771427	-0.811769797842983	0.5691233547465662	-1.3149750113938474	-0.5863001511813399	-0.4162347598009149	0.51064020896665	0.24175123676839635	-1.121570349283038	-1.2446278278679794	-0.580550181708909	-1.1801199382447682	0.45664844809996347	-0.7109467370091205	0.22954061170071102	0.5611079797976366	1.1935558443512944	0.398079160757253	-0.7680195021154932	-0.09325949795565319	-0.48540219592842276	-0.09027282646643761	0.6179211500912274	0.17957789068174884	1.4558086787728368	1.5460438858583787	-0.5201838215861783	0.437522090244498	0.35942548471623903	-0.04803882878371903	-0.2976038144190784	-0.15046768519290848	-0.34488617437646274	-0.4865741038161715	-0.7676694783059113	-0.13718424710265262	0.429156255498013	0.46314760688766854	-0.614394548121653	0.17884170393391596	0.10302990849186329	-0.5123889916749933	0.07057439210784579	-0.6092179557742726	0.11781919834360685	0.40626038822786686	-0.336611928069558	1.2407987961239013	-0.1825337472408608	-0.5059041727790923	-0.038169368916628976	-0.3008502436812909	-0.9104029186470377	0.041548567942299865
DTXSID2047307	15.408626636512654	-7.690512280129981	-8.635509419949162	5.596429041403074	-5.155795415068162	-4.9518708781347005	4.939988491221818	1.1376328618466003	1.451275863114156	-3.1405297407004378	-0.21659074239253168	2.5426864737590336	0.4636025987674174	1.1748912861626628	-1.2009290470163294	-1.9123406491800112	0.6175808926313405	-2.8370807899598525	-1.0736233827819284	-0.8362595479618874	0.5647614585209279	0.8134629325157231	-0.6455392170458778	-2.0147682982631974	-0.6124775542154512	-1.055795089737579	-0.5298122146936322	3.144194301357107	1.6087198206095978	-0.40491666295226875	-0.0364016508829768	-2.0167747724665936	1.1554763271692052	1.0720681484214776	0.876920181097225	-0.7459160902246047	-0.24943118739046755	0.7935440730895538	2.0003263310585266	-2.6667787566212247	-1.4083556015507168	-0.15902084741235717	1.6382480923877731	-0.6876839141341354	0.15645856794426005	-2.950288198434167	0.31042226656873145	0.7715039576647562	0.5798381805361112	-0.3602877029714006	0.02263797957382176	-0.30055668716457856	0.29788157270193	-0.6152279195671975	-1.3350431341875888	-0.6627940017592122	0.16543828392055684	1.610938062635408	-1.1649444229393306	-0.48830095189090333	-0.7416116893360449	-0.875667020202233	-0.27290931691218345	-1.620646463320014	0.3776798777163802	-0.18949376947504584	1.3881215365178448	0.9572724930737959	0.7763936529415209	0.05874107312043761	0.6307472256336633	-0.8568756828607643	-0.8832861937111312	-1.305937357063523	-0.012500060292074597	0.7396258040448126	0.45089234494399416	0.3253479409059004	0.053712328388282875	-0.687621320279788	-0.7755940620727122	0.10406905549724334	-0.9909388292888933	-0.07267370440748264	-0.031246903962406085	-0.43965673934361227	1.341392010283871	1.3592358024931408	0.2583820022091424	0.6372028611254392	-0.04733542002413809	0.3233884315618636	0.24103243942913208	-1.16398601786239	-0.49673964119805786	-1.1169414476841668	-0.32943560518768883	-0.08610637123659415	0.25936135908519004	-0.10135102594175312
DTXSID2047309	9.029814163136464	-9.994308788109286	-8.416011228228843	7.930744028588659	-0.12536091408615582	-6.2342550223231825	-0.523654179236992	0.04166263267498445	2.1340954422164575	-1.8634928616531559	-2.1739837362943133	0.03872031915977636	2.141226824150316	-1.260759668494682	-2.4322577976977824	-2.001918286077	-3.4004389958631105	-1.9049674320235934	-0.8660557524887527	-0.5797905559874851	-0.35068013590437513	-0.17904479029168857	-1.9754736597428186	0.3409950105299136	2.421250826513809	-2.303404978135137	0.8118886372039202	1.8855071470772622	1.4874570295272647	-0.9729271063317462	-0.9372451887938889	-0.5439831297224903	2.634598646120219	0.868195986688299	1.0421555750816078	-0.929998335504935	0.10370544894381054	0.8284461961730791	0.783583759904051	-1.5630369633076797	0.7776318794380406	-0.4736549152649774	1.3131729884668761	-2.0176508176403782	0.8861856554760225	-1.8976326562827606	-0.8766738878641593	1.4868520679122428	0.24849912078921058	-0.522563315400311	0.3269217355243957	-1.009163812366001	0.7511229725249582	0.6295668860827601	-0.6336999758372246	-1.7383762200183452	-1.3953847042622642	1.2690659888438396	0.46493980810058755	0.3715121208798893	-0.11354368093382479	-0.11061859255941574	-1.1722751122323167	-2.745242079381934	0.6816545379818428	-1.828860956621525	-0.48233986212081303	0.6122714866580592	-1.5012008281219693	0.3362302668890695	1.3637125386757203	-2.0849562134317496	0.08621958775336559	-0.4074328380784928	-0.03334312125713491	1.2118045093448169	1.3708623938178475	-0.1856020479336952	-0.6413675955836541	-0.49318065298670744	0.01086483143502588	0.4396210715729355	-0.4320206441556233	-0.20887342983956217	-0.24041843124222637	0.7931681952583538	0.8251536508017946	-0.1962046174745541	0.6437578662095161	-0.13369621712925914	0.86204046348314	-0.8069512164353587	-0.21621187668498648	0.0940362389639112	0.5304703946859427	0.0207184313441472	-1.568634661804493	-0.7859317468942619	0.21590634345100873	1.040268621080735
DTXSID2047305	23.095535251247544	0.6404920785460353	0.2565908847466315	-2.795712076016751	-3.472668392192295	3.0851514323585483	8.203256562009052	3.955995046375025	2.4217757182089725	-4.628131082489916	0.7260462770456775	3.0963416945002824	-0.8843005550260663	1.0350918218210545	3.053002571355111	-0.94195926381691	0.670201245643465	-3.055027961922966	-0.2761650468681152	2.6179511465412793	2.9456628121077477	-0.8445005714979945	1.528884075101028	-3.2029570647074697	0.004082178071861979	1.9275966269196534	2.0506139459683634	1.410473845232085	-0.02434587882034287	-1.247720107419564	-0.5780651463690996	-0.5117298402793743	0.241990552295814	1.9035541199370383	0.08047681555677295	-1.1984854190423606	0.7432065098336768	0.8301544652125596	-1.4433204458934101	-0.5301209472398557	-1.3330539111823407	-0.08858285188906527	-0.4910658426061839	0.2605185237090537	-0.25952394745392826	-0.7750489882019217	0.12740895819078998	0.5989174363814849	-0.06449925256277105	-0.14853230402803524	0.11837026192215723	-1.3786573100126822	1.2522708009036103	0.33768132613084834	-0.38951961745573466	-0.3804586958960496	-1.5222836122137813	0.5967727266724703	1.7561994351494734	-0.4389884823422316	-0.038634353692291554	0.6735075362409636	0.3243875772077003	-0.733084881800123	0.4040304812729272	-0.2708408508275674	-0.5150307497486123	-0.2072575507740589	0.16677307635701588	-1.4168946321793376	0.25966884576746124	-0.06526050251136283	0.3845792068866896	-0.0721306355248155	0.11710160357668012	1.0490850076335272	0.23053320957708262	-0.014475298051945343	0.17774974421799217	0.543356333485266	0.8858356709146535	-0.19738178931130573	-0.7805711954830642	0.3547860229673389	-0.3347934791325408	-0.6434491161755841	0.24771823230894624	-0.5644827007122171	-0.7460723647274472	0.7798102898752162	-0.0005073318338725453	-0.6888215954346634	-0.854542937055371	0.5048534536433522	-0.8356494859737545	-0.12025123948914694	0.35922150105207556	-0.3156774533588531	-0.9042172055823006	-0.34964652792388
DTXSID2047355	19.873330857842838	-3.246860250567469	-5.768514589459076	4.114392919860766	0.6252891210280487	-0.6198079530170401	4.202168901872259	6.387766816986369	2.3408120157634076	-5.137371086630538	-2.059291282907063	3.7544584454216525	1.2120051856010297	0.9010441947941816	0.8336623576976337	2.0353277441949054	-1.3354852553878185	1.821037119844293	1.4334800881500827	-1.2879700661645155	-0.13156569198304321	-0.5032666229819227	0.9578276338625697	-3.192281300026816	0.3780496043980823	-0.47404672541899223	1.7230416504592478	-0.8290878360797843	0.9764270977391267	-0.8610578933557715	0.4341166428792415	-1.4691737716953819	1.1245340742380077	0.6476494413191599	0.9922936252292468	2.0877274721711814	0.12819841843786223	1.1452511338273244	-0.3498443836813704	-0.19987882736801385	-0.9162785522725913	0.5371611528409302	1.3894640508523408	0.20607953551289326	0.23500974189235202	0.4177570514598102	1.1957747039309286	1.0128430386235932	-0.18364953218933747	0.6362033904706438	1.2034322543881308	-0.6222022510988889	-0.3920215087542784	-0.45967929734531016	-0.7694525196446806	0.6224630531773337	-0.7552771177016334	0.4347838367663342	1.1489365277678978	-1.1982022806150385	-1.2480312708143424	-0.35421894354333866	0.2641097437355884	0.02329683474723421	0.2151388393644764	0.44801290977832564	-0.1717190701937295	-0.8459669822133166	-0.81840926428155	-0.9104975074550291	-0.1862205058363739	-0.5110889027296905	0.9759263588783655	0.4113273774058651	1.1608971727346225	-1.1744699635185778	0.6751636458048355	0.7392926563976019	-0.650900317022761	0.7278847634383542	0.6573432565689747	-0.3135066718085519	0.5332910846682551	-0.10887676307897379	0.4636808731254909	-0.3358442678247698	0.6222139765104162	0.5700776847388934	0.10625838961205593	0.1824874646350161	-0.12585073114435172	0.660145198693472	-0.261891154819263	-0.37094376183476124	0.25277063792120336	-1.212579280430898	-0.1600363385849924	1.233766417558063	-0.14399522472346032	0.807638879177205
DTXSID2047353	24.514386978484275	-0.7378466241741374	2.4369965239048037	-2.1322305582350225	2.075162105837724	3.5823331696951275	4.854168064243698	1.3823187134131178	3.5276427260498275	-1.7730694755927727	1.9162674879698067	5.9432096623753825	-0.6924323123141115	-0.8677471299518305	0.9293980428681925	1.175876894725609	0.7425399433407097	1.0249044882471932	1.9130349646431006	1.1289165715676606	2.33569372870062	-1.412616236603256	0.9375477438055386	0.6811790270346794	-0.4203280630649117	-1.0534906576500833	1.2937628524374434	0.41735146724171546	-0.10487328619669772	0.18104799842983718	0.6537558485715287	-1.3839872485715954	-1.2394490522130377	0.6500908102256033	0.2794526593366705	-0.5324162811383406	-0.8013658269731371	0.6199231515453355	-1.0084960078145024	1.4719262732058702	-0.9056092398247427	1.5594827373965037	0.2122272897657371	0.38394361064149385	-0.8103355552888813	-0.4920249895619871	-0.6718331946680216	0.02216164931892524	-0.8751195802173207	-0.2075379233910295	0.7283102402816326	0.4976414321286787	-0.7548526151188227	1.1206789835098574	0.016989862229675155	1.2342583526887703	0.17337643077601472	-0.10426097233585249	-0.21742148506034234	-0.23446596384240742	0.01787241544818631	-0.4953979328364107	0.5097689570126803	0.3046967075727508	0.29921354182594917	0.7934374880264214	-1.592709240130138	0.3894006618604881	0.4603832419486737	-0.15465189651789155	0.7197486305138996	-0.3288176633106286	0.84841814111471	0.19444225660345352	0.3321951451699331	-0.3289600087127494	0.6947102433658439	0.04130542714124075	-0.343921697279347	-0.5159646806849214	0.4469185638207515	-0.8244429562431724	0.24414523063952245	0.47221524635048	0.27887518415874885	-0.6308451530356552	0.44984542662460264	0.9224809098954667	-0.07475207234656943	0.5431305852139452	-0.32896998310159076	-0.23620659384556894	-0.08370229607905408	0.8441237589865095	-0.005021834207245729	0.1361170573045194	-0.11740924585371282	-0.4405290885366586	-0.5233600938353233	0.18864998604575078
DTXSID2047357	17.36316776147119	-6.159605538415525	-8.901795606483734	-4.990113224836886	2.5053325577941905	-2.3290306719000697	-2.635318550471053	0.7441884940188095	1.105371167597287	0.18963159078714117	-2.2346547390231	5.749948412096395	0.8027457368235799	-1.19468388087606	-0.5906834586214448	1.169559113278901	-1.561722402607026	-1.1156776083618003	0.9549159158882164	-0.6242457653595991	1.3076972302397287	0.9285851152361865	1.6443974025925336	-1.7784227158974657	1.2929641076319116	-0.960699844336862	1.3982315077899172	0.24205093722172852	-1.1354013735867214	-1.7319255501148203	1.7043851914942212	0.20317052305851172	0.7374969489401207	0.516972399285045	0.2773549757525098	0.3637439328686473	-1.7567039124953943	-0.6692900221462875	-1.5800862370136726	0.502593641867485	-1.0144479518711425	-0.9835439836715902	-0.301135943256423	0.5000714115772751	-1.3091568638363822	-0.8989929608925443	-0.42029234884107597	1.7431086655115768	1.2000680512395772	-0.17156381310957336	1.743685885123508	0.22952257274323776	-0.823569159465982	0.7136721881499591	1.1187601459482852	-1.022520959082084	-0.6896586207738499	-0.42219672720906937	0.424809555922161	0.2182133482657384	-0.8761340065087461	-0.6561612609687395	-0.21557388557592014	-0.9134722538824332	-0.2990824010267793	0.3428916165719469	-0.26991492421405977	-0.6685150672065131	0.6873785714979105	0.18033873876492293	0.14553985804874123	-0.2047075979548695	1.3114600351431047	0.03220024245474424	-0.602967327644768	0.4258223213662163	0.9510692086373055	-0.5788352530798915	-0.0687919698960328	-0.13846975751748428	-0.48293341732511685	0.13277230366644385	-0.14577284956351164	0.23536313685023316	-0.8979672422070443	-0.8286189106755153	0.16513301696745558	-0.6462314173561304	-0.6825603251461025	0.47174959616115	0.4525217915386085	0.5855713203146238	-0.5233118517325019	-0.045955725058357905	-0.049341143032622166	0.25287311304099735	0.2974788412763061	0.0804484506857214	0.26264574450936456	-0.8201381628710926
DTXSID3020122	7.636326652481351	6.663848880623219	-0.9554939538590346	-14.149858080262469	9.866473962977523	-5.81420967657404	-2.8879335515735356	2.1568670517652535	-8.867840865012475	-6.150343571115592	0.862277405166528	-1.715859120950561	-2.8052939207635683	1.5261634207578982	4.858010399234464	1.292874536296975	-0.7253966916162751	-0.35657068218917604	1.0946723312119304	-0.2579283175230079	4.624219083975305	-0.23170479413324846	3.194228168147129	0.21509153619628146	2.9161714401292134	-3.2345879154687003	-0.8456403649761873	-0.40324076549361465	-0.18157595134362728	-2.622832072295701	0.7622813933639563	0.7345969350498068	-0.5416986603286454	-0.7138907330549692	-2.2477546170101403	-1.1084177143300926	0.46665607306495666	-0.4141824870979403	-0.4425164045806356	0.5647113264133906	0.17957800490868567	-1.5168172010904755	-0.927630630915892	2.2069053925375868	0.16369140706723528	-0.2833309434861317	0.9170129613558967	-1.5822027854888248	-0.5676914165181604	0.5891042137032165	0.5628356308208821	1.293858411887217	-1.1159466885892473	-0.5337538302403023	-0.42270871645711483	-1.4245476829192638	-0.8289892690861139	0.8672648987768823	1.5361813638386026	-0.31984882384702995	-0.4480148610305521	-0.13845920219665758	1.0250992030979804	-0.5895703826211574	-0.2705348604355547	0.7485110458192297	0.680998561043128	-0.17311996119821552	0.41178018786501003	0.68946606274489	-1.0670035885497882	-0.7364489205003221	-0.24023539524599297	-1.1740057964297022	-0.16610139512950536	1.4284656127501139	-0.1971356913642317	-0.32159535696681923	-0.5278348907500295	0.17145795492252738	-0.6087434727795146	0.7684329082761809	-0.9587259008010386	-1.2235856910906866	0.7476539206582266	-0.5802127068055876	0.5302705909023178	-1.1532961422661354	-0.31292514525709353	-0.5562093849969162	0.23842971236114477	-0.17025297591401478	0.23034606304426686	0.34594088860696953	-0.9136125926527491	0.1915749832241116	0.17936028449994534	0.00875777171354871	-0.5925376620504742	-0.33861034158832465
DTXSID3020627	12.878149894114806	-0.0884292391426886	-5.4654990008351625	-0.4129156899728447	-2.143802605196215	2.837805566226164	12.915318892354732	0.16572974068253457	2.6019108117649132	4.542644628517158	-0.3057863132099985	-1.4409724585465977	4.913754144238353	1.2235237597789868	1.5287785847852498	3.674802552308921	0.6987699276865003	-1.5807416553651998	1.0820314996381637	-2.080026167437606	0.9151161687800852	-2.059393358903199	-1.0066383583370868	-4.061244990071359	3.6408311033145533	0.004522024317719087	0.06819086205013652	-0.9336507803950113	-0.7187573464816552	-0.6812072078559777	-0.9843641809386067	0.869912601245329	-1.5625326664452626	1.3158917771266636	0.4535544525942978	-0.8593052923550669	-2.915931949543299	-1.3648739537403782	0.8284961678885912	-0.2657551906459007	0.5851638428612853	-1.1103004876987395	-1.4490289137952874	0.39787576510176614	1.236763049361057	-0.14623818962394514	1.0604815312289022	-0.7733527429545483	1.9089311049564017	1.8352959752940645	-1.250506049886596	-1.3891562023395365	-0.25035890445352754	1.2928176663626323	0.7905213589754412	1.2281681826287463	0.3187149225248562	0.5861941971751579	0.2888876123857077	-0.5965540388258844	1.002292334461783	-0.7520729913977328	-0.57207515529155	0.1532820341595596	-1.3139240410014144	0.1333495110459812	-0.7342917605922789	-1.4538311079223085	1.3171842016755997	-0.42190697051168136	-1.942661386129418	-0.09817133331738369	-0.13909521511819145	-0.023509022512676912	-1.0784202689401512	0.1848191407799004	-0.2841953798864866	0.5564733334374663	0.8763819652005654	0.09459271067035517	0.020398937025463148	-2.583787034211318	-0.16263856074517266	0.8350229202558642	-0.024610735905556895	0.5250215527492985	-0.10862373454181766	0.39336478084673887	-1.3651141735916095	0.44063117723193623	-1.233484638512701	0.29163101654261997	0.4101734105247985	-0.18130250603909134	-1.6305819803628996	-0.6010752529363763	-0.4868086708775939	-1.8355261032512895	-0.7213958812535263	-0.2166165052616105
DTXSID3021853	-17.31743917983917	3.2895684712309627	-0.07710230473579094	-1.737268230218417	-1.537873672131524	1.8093887383047838	11.564644558371223	1.488051850630776	-2.582392375918295	-0.753846787437053	2.1785908885643446	1.8689935126277388	1.5067105323645062	3.4210203477041725	-2.5724911193070765	2.024970968538225	1.3743758583685417	1.3429318106168524	0.6354013680049686	0.12856199106869062	-0.71298438272136	-0.7072230558200397	-0.691412419117189	-1.7118287921680384	0.21575972003721489	-2.6562721042418653	1.2083448373325316	1.1580547623811135	-0.551492599538158	0.11263925633473724	1.3627335824464295	-0.7761741259488988	-0.22082308325770011	0.70583234750311	0.6658101627926103	-0.6934030557051429	-2.134058191299343	-0.1623340092862163	1.5709596056121964	0.48686488883031465	-0.7028049230348395	-0.9929118250130873	-0.4534253637169505	0.19003280180944257	0.5507572448835145	-0.45373007212997235	-0.49729634849305954	0.24391395816602515	0.7700110788851077	-0.1521742372577105	0.7094052298811818	1.1534455210141767	0.6168218028622872	-0.9752317562213305	-1.3948049790013712	0.05316233781409762	-0.12984343974007978	2.5882516668183415	-0.37192246300663767	0.2579021483317543	-0.11846799525613384	-0.8364691357348804	1.1997064479615627	-0.49723175370685324	-1.12124932591499	-1.2745328042184583	-0.18512125127391757	0.8306301112399652	0.5528080642778751	0.0920103420201829	0.049754202457981685	0.16792540446298265	-1.3622923895194043	-0.6629894065918678	-0.8917101579227383	-0.0959998312102904	0.18987650630296904	-0.5132848117287307	0.690634895019729	-0.8362316121071741	-0.9664542041366231	-0.6894651876089115	0.4579888502283626	0.5524337949934308	1.4825510085838223	0.4614051104758847	0.12182110871630127	-0.44802006520755566	0.43565183149454556	-0.8127378657004638	-1.0136856317983969	0.9854301393763873	-0.20343459764952987	-1.0126045260763212	0.6178252555951312	-0.8513672694954474	0.8593189993356339	-0.7943475009809432	-0.9757364407490323	0.2609260462941484
DTXSID3021770	7.621249729978909	-4.1752064366303125	-3.095462425394771	-7.916509090083099	3.353469243414686	-1.3876006455227452	2.3606513123474553	-11.688481977083008	-5.221429224031272	8.477037189430316	-6.468838036223831	5.783024915848687	4.173073349588898	-1.1260889543761508	2.502144544837363	-1.9875793104250155	-3.2840787522556067	2.001765857723717	1.0689078633775109	-0.7001290257604825	-3.040118094113378	2.1066309285599334	-1.9495892886607151	0.49645076421263307	0.6855696264531828	1.2814326712885902	-0.6538654325463779	-1.1981967716198045	-2.2820271858281043	-1.3926409236705626	0.6517271523863238	1.2650333542031769	0.4547743529211653	0.10303858184762892	0.45074635873859653	-1.0610266773272492	-1.0488006687805056	0.5969686789368491	-0.18328563056498032	0.13130776344951095	-1.5612666973415492	0.5727134572587304	-0.018845144797536094	-1.0921128478481026	2.565269645022521	0.03304516506886626	-1.8834810979413052	-0.18035844384266791	-0.4242118320214374	-0.6404982424079608	-0.9591041652535472	1.0770819553445958	0.44344570782614606	-1.485330452614248	0.9989544779826656	-0.30317031613137857	1.2612605585277807	-0.3581231207897039	-1.1484745051817946	-0.29344917713992835	-0.34091933650918316	0.2549277731338585	-1.3118482053894616	0.3619254436537199	0.2789958012785523	0.7881253572961614	0.10187195959898783	-1.8915689093423147	-0.18482109468854932	-1.0131713873152897	0.19011059528755034	0.58641149616808	0.675488681417953	-0.11994876052082096	-0.9467381513823934	0.21849606783785544	-2.3289326988687375	0.06127956506335683	-0.3494826358828335	0.10400923282207923	-0.4587168218300019	-1.0633289348169812	-0.3770072975566065	0.3659284028820929	-1.0407229014047905	-0.6779862378065243	-0.04636215459099551	-0.005703302991059151	0.5983698504052419	0.18620810463358237	1.0016199558879786	-0.6745045292750411	0.34557463658379195	-1.2304603279658344	-0.06530431432280542	1.2417889926191905	-0.45371817075417714	0.09574529688076844	0.8870754684658325	0.2891019028541228
DTXSID3022247	-5.249073619315533	-7.409316118048271	16.828284452036925	5.479165189017029	0.08229969839330738	-3.666316098804349	-4.14508779868012	-3.358416235254315	-0.6003424039452825	7.794139516969839	-1.360284567154747	-3.580133615977142	4.515590949535736	0.1693880937056814	4.396833234037562	3.770075448308421	0.6322417816112622	1.2174871444848736	0.796422034938776	0.7404751367295512	0.9119166251368863	0.1972704959407428	-1.1112999128243457	-1.5321770756415303	-3.3613123200078245	0.6894244786565616	-0.14212643311113823	-0.8801747765037605	0.24454334454165758	0.9964807295871736	0.8285168453806158	1.1287352376692996	-1.2134052679303662	0.6289612843912066	0.969973721405001	-0.26922223674663537	1.1563334704094643	0.8788852806693096	0.6143150247402623	2.2486516149424993	-2.074697579102435	-0.7534757157685278	-0.8149410557139035	-0.24032859888411637	0.7461190631322535	0.1883175685317076	2.1584073817347065	-1.095863859681832	-0.09156296679506402	0.1576985883894296	-0.42329314542031915	-2.311590319433178	-0.7591384394494034	0.09872882261343276	0.4880040303498412	-0.5018259764624137	0.17133875314740635	1.6228427653452737	-2.0474421865077916	-0.1289688772900993	1.0420362890279937	-0.9459786974217825	1.4721995400808938	-0.9852034724409429	1.1407035648779238	1.0911918413010246	-1.064500175528862	0.3022112640521692	1.0941059256063148	-0.8653177713702697	0.8325958912297332	-0.4451314849986804	1.252126149172478	1.053306527707756	0.18317019035346463	0.47315546747810966	0.4270577909619454	-0.7584026490531355	-0.7439555914805145	-0.5563674485481863	-1.0710401835351722	-0.11317332859223225	-0.9294022522397968	-0.373157602711841	0.15645773798933593	-1.15724176758298	-0.7922522051372884	-0.09337620068405306	-0.02907341233798655	1.0236389602322145	0.4665451057873644	-0.39127715651173395	-0.6953407049898139	-0.9833224707601735	-0.056369805194911256	-0.8216652835061125	-0.12523239217357252	0.7789640703070265	-0.8010443842621957	0.20619814585435306
DTXSID3022536	-0.01888249030762373	-18.286743445647595	-3.0851103412282073	1.8950101522305267	-5.9976575411351085	-2.1737297086615675	-0.6063514787379857	-7.363691860877573	-4.312341162712748	2.4425067805057115	0.11690341514597029	-2.8727459874863	3.1488584761612413	-0.2107221599925606	3.8776793074107925	2.5525553847154363	-0.4545402551997302	2.1980708079297675	2.856800898523309	-0.5042983095799322	-0.5639796989340439	0.4010190149508073	-0.9913835643624285	2.7631613730643574	-0.6080385930664872	0.707869922181208	-2.4753122019835128	0.03760531062032355	-1.0086835666119223	0.5718670916504798	-0.8438467914617453	1.1486503687634366	-1.2888855426636643	-0.905547855386438	2.2016177093723948	1.1236060857635153	1.8422270647711916	-0.3724903145027341	1.290994615126426	-0.03700739568817612	0.04227774364208921	-2.256740472402529	-0.901526209099456	0.07789608952890735	-0.2753190206128146	-1.1401983292707683	-1.254327728103846	-1.0267251202230436	1.1592117872459298	-0.674934265169643	-0.3622000397579922	-0.01770693904577541	-0.49772779977534826	1.1615080214230455	0.30024167714324496	0.02035198310014244	0.23691126549188063	-2.520739835425829	-0.2741692957380764	0.08047684593882974	0.3246057180410575	0.9447890366234378	-0.7051505057510399	1.9577560682313941	-0.9243969846213479	0.05568231715031163	-0.2753120704670464	0.38868346388121255	-0.5771236702279741	-0.12931765415635224	0.4968186133534555	-0.8147595800178192	0.21753813251195014	1.3730359336998237	-1.1177513825123264	0.5120779648102007	-1.439782176627707	-0.7242855428207018	-0.0678449080756322	0.6893212276286022	0.6270686242290779	-0.7600708526238379	-0.5161782982619396	-0.05844616535455452	0.9403500131275092	-0.05398286053753864	-0.3809085577449613	-0.6371011817371632	1.0526090421744554	-0.19246386893097883	0.5880963547404371	-0.2624235396924695	-0.541784270848208	-0.8061021171301217	0.023398748652644484	-0.1350951060377904	-0.33827857447528276	0.17636132534644133	-0.1698127130254911	-0.3297829140188095
DTXSID3022588	15.62428467984698	3.438660345168973	-6.547607772195132	3.310476954742363	-0.8479973808624137	-0.11027444192840476	10.696098253221106	10.547705949766913	6.353434643433534	0.12392190593610031	-1.8060068067679766	-2.5029009133764673	2.7584425125421927	-1.7996368745693747	2.149946722343816	-0.34542273726639977	-0.47581597643249407	-0.31873364499665796	0.19318792335387844	-0.21979791622301642	-0.3304492455680769	0.22169300107802675	0.8188450901979899	-1.7434721332563061	-0.6045844345187149	-2.0303799937872613	0.7550088044048326	0.039964575951801376	0.2120835456961276	1.714088546313342	-1.011573883267925	-0.3580624859279611	1.1493532470977215	1.6781380130354229	1.4814713337382126	-2.1978246318284054	-0.7342842258509361	0.5691762712739712	0.9827495217143899	0.9207398404631632	-2.498970109706094	0.9056476912926799	2.0040246576025336	-1.4442943975998055	-0.32202293556532524	1.2024231965382637	-0.02384044549096735	1.6877490096289995	-0.655220788516698	-0.15645318385450852	-0.9071793680960604	-0.6606838027097023	0.059886184248013126	0.19991095864496503	0.21919129429093553	1.4783837517335965	-0.8934586459117869	0.7284514400772241	1.6943793604272268	-0.8223855181231079	0.2972923082357336	-0.27253986233751665	-1.0906245777969836	1.7935817174577988	-1.8652149486274077	-0.8346461111305791	0.24465799142089245	-0.07153395855441233	-1.449036229879375	-0.39669215308616357	0.06517390243593602	0.7798966377780221	1.706440605133841	-0.6452391208667616	1.072411686726249	-0.1430655829180329	0.9661229169561966	0.6428210891305686	0.7172535197482452	-0.3249922470066595	-0.5233972410191681	-0.8123828025951652	0.2030869082873698	0.6766792875585701	-0.5037680069447622	-0.3620223053932029	-0.07570433636976091	0.07514101987399183	0.7011467568256583	-0.9094955681331209	-0.10830162981003534	-0.011273267881408554	0.1424011143141649	0.694960539853281	-0.40921770970372523	1.0595315748804777	-0.765488789989134	0.5676356853614452	-0.13054639775123156	-0.2103171601404287
DTXSID3023897	8.769528524185041	-3.4141529469238785	-6.888123572573537	3.6939570996435296	10.600842216735618	-4.815234197288964	-4.67262961930949	-5.674714215382036	-3.449630950219121	1.9963518325228509	2.112116398595466	4.997927616367844	2.9765247599128632	1.9761497233833718	-1.8586541006579937	2.1988353701081422	-0.002750076380930156	-0.9537696414397407	-2.0466344222432244	-1.5669548949477716	1.5450533797514372	-0.512689472696788	0.016231667345127376	-0.6488942221269143	-0.45896697118795926	0.7829280875880239	-0.21535608253475125	-1.4660563856166353	0.7150015171547567	-1.8606887120963957	0.2999048829793154	-1.673119309002761	2.2470963373229065	-0.9005295833881154	-0.2510173780132664	0.5259984839691608	1.5385829342426156	-0.8508054119300048	-0.43658763321195027	0.23428840148913416	-1.2585099145523797	0.5035905848182938	-0.021035777256095477	1.6255080741373074	0.7559169260349458	-0.8104439767366944	-3.00998394101459	-0.32973554991580567	-0.06662917187262911	0.5534924829438099	0.9911770990634834	1.0374406668574512	-0.10226653832776592	0.4578226116552481	1.4979215405686013	-0.49209992954763687	0.989547486515084	-1.2726543800842562	0.4843227888877895	1.0552000347190897	-1.109806054407551	-1.3084230945834079	0.012699664170922359	0.0720217973536062	0.9222056736894726	0.05943530182657229	-0.36041995113667813	1.589523507794846	-1.2947568790660842	0.9574865534189745	-0.28628132005118706	0.7577281474610065	-0.6681083393141258	0.8806658336078319	0.3053343216060951	-0.13143299666955363	-1.1518897648079391	0.8686751891072061	0.986839845346964	0.31766618413288067	0.16021142258931315	-0.009986961470321772	0.1663340782817965	-0.732636299753074	0.010748282207224074	-0.6076622941152209	-0.6538658961353134	-0.5828257324206471	-0.0014447337976794743	0.19335555784068184	0.1622759687425198	-0.8813904931891806	-0.6261421158748377	0.35681162765591073	-0.5170891250900214	-0.10824781805041277	-1.8924294144375018	0.5590135854786483	0.34980072965684744	0.06983971086039434
DTXSID3024152	10.085124743237198	4.417039150912058	-3.6228403847945545	12.64668677779689	10.361147394801447	4.882510000972665	-0.8525430433582782	3.34276067024905	1.5293158708011976	-0.6068271756234166	-3.3113422647021205	-1.8028095039933294	1.2448968587156466	0.47845175774817084	-0.0498717886693644	3.612234185264758	-2.2699154053095647	-0.6827924128040334	1.4292045139611222	-2.5937717277725376	1.7653954842183166	-0.19642088439262273	0.1065258887850319	2.829770043681711	-0.6141777361049878	-1.9573002643120834	1.65893746456637	2.6270644266481824	-2.190552933587024	-0.5629428790232653	-0.5692507577049035	-1.6391665624721308	0.5058863399236827	-1.2431527046733126	-2.659298065370897	-1.8470806198322263	0.757530287118369	0.46078905418915894	-0.5667838116229886	0.5823222890498436	0.46559108578641967	-0.12561020116925317	3.3968223243299924	0.18306720500533866	1.2965582237446664	-1.1669862239386677	-0.39436884508365505	-0.1439797984044355	1.7758380406599097	1.00135805956072	0.6533809828224788	-0.9993230031609533	-0.017027637145754997	-0.003105142031081749	-1.3316317198745837	0.26780330406370445	0.5574803817241304	0.025203723594255625	-0.6226685488602485	-0.02971620394412175	1.2326233838398493	0.8525524794616814	-0.10494492905205674	1.169066782681026	-0.5046484002795865	-1.1638400954863088	1.396744832509618	0.1621248993396838	1.3002419867622976	0.38234357752005904	1.0632711018984276	0.2557792784611108	-0.320427421627009	0.41778123691960195	-1.0329248016918975	1.0726140874259635	-1.5557688038319817	-0.5419040743888411	1.7676720859903465	0.17082465980411618	0.17317842837460812	0.8387891310562123	0.4537459313160637	0.15740561044596044	-0.4724352118443325	1.0758545253109466	0.59652200321155	1.012940576413821	0.25185163841219854	-0.5610872714101997	-0.05573910003667689	-0.20072897518690933	-0.03365544133246857	0.4938301581398133	-0.421524707415539	0.3292936370906336	-0.3976968707773675	-0.3139944385205593	0.6238098120083475	0.3169384315708163
DTXSID3024239	10.480403562715313	0.8973987219762947	-7.014212460287727	-2.8554943044876375	6.822032256903916	-3.0781590739571474	-0.16982759380307566	-2.4896718803292552	-3.714107927875708	8.781316060069479	1.6009067118231093	3.99823624685619	3.871937715091928	1.2169445048757621	1.6799428282926745	-0.7582442877895634	-0.8750015136905338	-2.2395571301320607	-0.7519681902270806	-1.2054452196400285	-1.0384137430487093	0.7410882404108631	1.3314674862467957	0.06972499033908247	-2.35166488296523	2.787755911418188	1.3852715882804636	0.21313517410052263	-0.060691121033269395	-2.105619051386923	0.06834181279914538	0.6053184157113213	-0.07242547811372158	-1.3328359672656531	-2.493142808901932	0.5333315471461724	0.03758277705342511	-0.22913839650426063	-2.1965375450757345	0.6442865857493943	0.43710794530212665	0.22979395029312644	1.427398736533761	1.6030675722899108	2.880360806577775	-1.0235489528650228	-2.0404511559373923	0.12795661435816638	-0.7889123302753431	1.7106047553827426	1.6085345105961864	2.0478303111293927	-0.1326953548308829	0.2011472348891349	-0.047091778531059204	-0.3094585824711025	0.3064271921858576	-0.15014539522017478	-0.838224617634058	-0.4640130901637747	-1.4358119407719094	0.33969616084611615	-0.21824185651672562	-0.15563842574140335	0.7564259415941001	-0.4643192358245515	2.6935428747018544	0.018701213146734265	0.5257206487419321	-1.3179354552358893	-0.01853130015349101	0.6685195061925298	-1.69638899636703	-0.04335212125645765	-0.4801275250811382	0.6090389542888318	0.086231677602944	-0.0055625731136556295	0.9571482587544968	0.6699611951304599	-0.3840014428085319	0.4797571372744135	0.5217110866937107	-0.38349161581639885	-0.5974655094888505	-0.8458762934938794	-0.1028583745161165	-0.035437389359368694	-0.41502049437734745	-0.12318242336363498	0.9121074991144399	-0.6876689017698716	-0.2903730387774337	-1.1240542233092652	-0.014384777509507956	1.4893722201669402	-1.0946703852543547	0.014729947558702779	-1.422839607034644	-1.2271202913665347
DTXSID3024235	13.26431297353724	-7.935312435275007	-6.631678950023747	-6.46785336762631	1.0543045431530598	-2.4815060671806295	2.5172300939055154	-2.150488683862794	-1.7166639881746937	4.616872023435462	3.6804869712580244	1.789047194763775	3.971119249079983	-0.3365098532549903	-2.762832430823416	-0.15347109429212658	-0.6334017673591631	-2.414074433868612	0.15206857408578786	-1.4636340191583654	2.6584730084575297	-0.9633058878275899	-0.16090949824716064	-3.4868306421745587	2.273312172535332	-0.033873499429048375	-1.239139151794872	-0.47290350065940867	-3.3775877918540123	-1.5600028689275516	1.0068449738862892	0.7659829391470127	-1.5482191434411106	-0.6095729561790191	0.3781303271675604	0.8759121389114024	-2.7602310508640926	-1.7554461732171527	0.37181686673923064	1.3894161931367592	-0.03001939126417402	0.916354845933033	-1.4654281799884652	-0.8368856131347863	0.6687994026927205	0.5727169909460522	-0.20978131947925063	0.9779373043507859	1.4824261632952298	0.17961097793055777	-0.384339052053405	-0.5181264740008752	-1.175461356502636	1.2018548654407053	0.4786741151574555	-0.08027727367833451	-0.48539447673030917	-0.8866671139847323	-0.10087589813972303	-1.1034178348729542	-1.0737669620984447	-1.5922612424761249	-0.6554204879007925	0.14666020822195402	-2.6041934464678946	0.5843070650345145	-0.24531418868779373	-1.211263862319956	0.1545925056987475	1.3452937562203726	0.06669374720769282	0.2721291999401952	0.4465567081089531	0.3249677850393958	-2.0343007439308853	0.07364859692692893	-1.5586542294955046	-0.30622150050675484	-0.8096683523076933	0.4603256282394259	-0.29853362603619726	-1.18129447880332	-0.14951758915647886	0.8767747051623722	1.9312497973045608	0.7304024736255035	-0.11829676541205643	-0.18283410913425702	0.7758217562883256	0.40053158861453086	-0.33603714575139626	0.9019326554588785	-0.4653253671266231	0.35840080600113816	-0.43922162961886785	0.3697946221092747	-0.03753679043040359	-0.8936295170285475	0.15778301688460478	-1.13670460841623
DTXSID3024287	9.655540216455773	5.259452988072559	-5.693693115336533	10.616932241269353	9.925340296713404	1.2151491902438178	2.1500848659023295	2.856487477646685	1.8737297506287145	1.3084095880594953	-1.8291041563476822	-5.010318473142409	4.6289580236921	-0.3120222195776382	-1.2468309337807124	2.539315233372557	-3.9930844719688867	1.482117092039895	-2.4746634125992584	-0.6984837998527615	0.6545326944780608	-0.45442996880302367	-0.1491197198922595	1.85278815719945	0.9214101724519709	0.39028509475445733	0.29369440078649195	3.224475801824334	-1.0822888728269857	-1.5271281485965946	-1.0951892301866633	-2.267029908882803	0.8217151131000662	-0.731213739618974	-0.3819482837752533	-2.8177739559672967	-0.44600873539924935	-0.13767609776996118	-0.27165218946131914	-0.5694588538426487	-0.6493421159205012	-1.1899172594433547	2.2954674097855285	-1.2882120630542286	1.434342468586727	-2.0019835456008566	-1.297792901144527	0.6700667877232296	0.13578530522095067	1.5347706024313315	-0.03509629661713105	-0.7019892962637572	-0.35747864679623376	1.3844901624557884	1.4388235305803176	-0.07894602166640738	-0.41923809660573597	-0.5751973788548626	0.711786923711212	-0.38892864957037226	0.9969489043496386	0.6116070878445103	-0.9724704218611115	0.1796776527812643	-0.3985733838329104	-0.7164714872320177	1.132980961526695	-0.11502231976705643	0.8715219774598896	0.6251843456960111	0.8721846751610669	0.10644566469643571	-1.1033167944413018	0.4261731787265091	-0.6566032233250119	0.743290806056178	1.6337579622489151	-0.8042026710486891	0.6914307803980381	-1.1423816748400175	0.49466877843105905	-1.2989582835570568	1.5295397820330259	-0.6791693935407686	-1.111885818467857	-0.17866377171804257	0.3923586320220534	-0.18928785188031327	-0.3104193475985535	-0.6609399513321716	0.45625131668300034	0.5504415568147584	0.3407554181946995	0.7763559721587447	0.6554309821288978	-0.2602844362072228	-0.2989485485639641	-1.4219203436359042	0.7532883393860218	-0.15284338843680892
DTXSID3024869	-10.953318467002509	-8.256125836303735	0.8037491620452671	5.367134155673186	-0.9893812379189543	-1.1297367306805415	-3.04873174205375	-5.522302338798699	-6.4838405774598655	4.299756339387107	2.905926863583202	-1.8207288759923848	5.85133381217563	2.1353831365085174	0.10120459861382165	0.6593653560600882	-0.3417212153619669	1.5081446240345209	3.1576380810926485	1.5101168729985281	1.5224236199438304	-1.7497802531229827	-1.0248272409697652	1.303003028640274	-0.08861894001888417	0.40134088215607	1.1334048157757437	1.2005672955672275	0.061887437899561686	0.3277462661514783	-0.6911563201830089	2.5950876561140435	-0.6141791140499221	1.6250820979672707	0.41067286984497464	1.168530335806071	0.2573006309093999	-0.45595992046118644	-0.8849338988712244	-0.987762705840629	-0.9528633797537596	-1.8866131387400293	0.049903251825492004	-0.8921498397203481	-1.4051077142441373	0.381459515644859	1.7401197963079738	-0.09487319227983797	0.5206910425093398	-2.0834568606769643	-1.636653103193539	3.6641545179198394	-2.381039426543489	1.1538052220072723	-1.1012233262852233	0.3738360155952605	-0.093745153667238	0.30454478799850865	1.2640096808506247	-0.39757477736455826	-1.4496386776533106	0.6397237913191254	0.27802962050831664	0.623064485577911	0.668344052387608	-0.012853084922956576	0.4100604069726812	-1.1144752611403883	-1.145181721760798	-0.45645046049119314	1.6735762844236217	1.0220929219435104	-0.1336275066235231	0.17623453775245548	-0.6625659747045805	0.4315633447111809	-1.4190649169902225	0.008527668196290845	-1.3192753693940245	0.5639118035246425	0.7403323121670773	-0.7152674942339966	-1.6263382031928357	-1.2549147095231021	0.3595597674613738	-1.1734218772289222	-0.045137178465011384	0.15854506871623442	0.3326897604948781	-0.6464654766462417	0.5957917627145325	0.2953924106882191	-0.34752969348505247	-0.13820666866137019	-0.1338463130046873	0.3005577136844479	0.6759628105198581	1.0331143960959528	-0.2657460450425854	-0.6655564474852459
DTXSID3024940	-14.09750080458336	1.086395241419151	-4.289882097773871	-11.992674092851809	6.221105618181694	6.420643222876084	-4.717749054058291	1.7518290302357555	4.603623052903609	0.9294373681675518	0.13608742708068144	6.717393406162849	-0.1631503514280515	-0.9399016123728876	2.694687666677659	-0.040247698612445364	2.6210024970439427	0.1595873674781682	-0.4748539127361003	-2.822424109266229	-1.150905988927924	-0.9776461098748641	-2.5449516577220432	1.8824412065815983	-0.10249351934932384	-1.6272259383354228	1.3445517461004115	1.4406334220308357	1.9890336973370435	1.7988982484555363	-1.8823709062430267	2.7074007929968182	0.5858413191145483	1.1251048059227913	-0.08672972549712148	-1.4067304617469074	0.23443538563228733	0.39187807407864167	-1.039875677897901	-0.23236306459507192	0.021643144960133604	-0.6629173631151198	2.283610513845792	1.380487266575674	-1.5928793214010692	-0.17723393684782363	0.27907801660668013	-0.4819529654912271	-0.22811376960385468	-0.04107678559982937	1.0550145087734528	0.02225488331539672	-0.5040886858204533	0.09931746835638479	-0.9416219545947397	-0.5539536991747218	-0.1522411764117479	-1.3347554638802221	-0.08463019076040389	0.2143104082211785	-0.06985094184996239	0.06475286847853189	0.7944579686026175	0.3762586336758382	0.48949951713372863	0.15260485649450917	-0.4131283468552196	0.5273222812145422	0.5338793283202189	-1.0890731465977173	-1.3208569279158744	0.6346747099497994	-0.16714050819517054	-0.1806685974920816	0.0635086301877585	-0.5361020915731265	0.7059805401942244	0.05581003443215435	0.8843162912005799	-0.18582553117291234	-0.3962477676436648	0.4265055997261085	-0.5484495264387355	0.41438203124200623	-0.1029228143348897	0.44120336377676217	-0.4824811307838662	0.9570684605925595	0.36527603595204106	0.9156307883150677	0.16546446753922536	-0.013426240007422617	0.03836586113589157	0.7990681185044859	0.11620494852771251	0.08692286423328034	-0.19391036776922782	-1.015467103533275	0.2890990768412212	0.8179224814782805
DTXSID3026726	-12.685272158347576	-5.868584141813656	14.259723878201186	5.817968889885446	1.0740557812593683	-3.7548178044595915	-5.118213978015635	-2.0407074388894637	-1.124902163473093	3.8715459064212157	0.10323232991313051	-2.0887149202298874	3.321407129534228	1.171129673618777	4.703742340325428	2.792506302995762	-0.9026181645105725	-0.16535663937953884	-0.03859651943948542	0.34678963099034	1.808169321646297	1.3202875777534784	0.5554692842448732	-1.5841823014974161	-0.6588158144806704	1.0160230793116232	1.7156463548568137	-1.0771983708343336	1.0277989054795547	0.8018728997629126	0.8419952629430558	0.9073903046839659	-1.1620053212979822	1.58158773781503	0.07060100260327824	0.5473937023278039	1.8103550618299202	1.3411879393151227	-0.2989838586224852	0.2338485917404654	-1.546131575339632	0.045872678751858735	-0.8864840759641421	0.654709988884262	0.4547678952556159	0.12149730184042674	1.649098770860918	1.1992659681989386	-0.3608772168235013	-1.3497313870344252	-0.11630156176824112	-0.17695331568073647	0.3014853576502662	0.44574924623588535	0.09749767908031332	-1.8864525135051948	-0.10252760720831951	-0.7360673904681726	-0.18362367148631573	0.9652336673065148	0.2301647275332816	0.2077095819160894	1.199073713627016	-0.34856613099346584	1.4651225662641145	0.5161107610716558	-0.2919874717031271	1.002188516168546	0.5492020290723848	0.5312154597546174	0.788943832050802	-0.6059434352225052	1.0781504147150756	-0.5404352806065906	0.01270586851102137	-0.5130443316431319	0.27544611979154365	-0.5985145220460915	-0.5782711522719717	-0.24112383230273052	0.48980428692098704	0.08628801587227733	-0.7908141054444624	-0.5710876228535156	0.6553141648472989	0.5140330613028706	-0.8067452923619598	-0.45016483676156016	-0.06134613978638863	0.11825903546232472	0.3431836080395903	0.6379799643071357	-0.01394297927342026	-0.6299006733864398	-0.12456862149276852	-0.049379624324025866	0.1334608786167297	0.6122829340960321	0.5458349570792908	0.624328089743464
DTXSID3026728	-12.002491270138853	-5.104228204158428	13.411790811389743	6.484273426992022	3.7578976796862555	-0.7473635917447216	-7.305372040355062	-2.031969722994757	0.3725745206484353	5.392770566846259	2.014818430417288	-2.3877606310977284	4.040286163820326	-0.683962161614484	5.094722322107009	3.7540827908599783	-0.009394226691887598	-0.853952353082455	-0.5164952853498289	1.09970608543138	1.8968319215559124	-0.5007887775001708	1.8813471676476186	-3.2636368515949297	-1.249598668046871	1.4986894509930675	1.3694125870797638	-1.588893419800131	0.41946187827432896	1.0176642620700111	1.2077484079968615	0.7197174574191029	-1.080861768275599	1.5306839648027883	0.3400012249944913	-0.5260732226900495	1.2327461045224415	0.7010026443378607	-0.5410424908077796	-1.028804119351492	-1.3307296049953246	-0.18105044245541374	-0.6909642672381715	0.20851623835333635	0.23353534570804807	-1.0107316465080458	1.4736239205537864	0.7208531266619232	0.32982924332353086	0.5594419217816716	-0.20736925113176236	-1.43626218249365	0.20110131499918543	1.8638558679929844	-0.10080373099635513	-0.7602785881432444	-0.0845957220766652	0.5445498157018143	0.8195509662885763	1.434097350482464	1.0783638051803572	-0.8641447351045202	1.6363762370306434	0.419808841757119	1.0049163283717344	0.07009031144826205	0.7251942245003361	-0.45299920510558817	0.1442235726290884	0.07171439437473567	0.20229014787976235	0.8893815763968651	-0.2507308765428282	-0.33865745039225936	0.5494428201274056	-0.3506102754817748	0.13884517533451737	0.06742446983973724	-0.38090814114308075	-0.47103708074328654	0.507217977177981	0.6438213667370702	-0.6133904225874346	-0.3110555871912779	0.20671098550695183	0.42760824085708027	-0.5218516267946481	-0.21141061897409813	-0.615617864572631	-0.06591653789878041	0.042205601269628225	0.24740105225862083	-1.151392087136407	-0.5672003839967632	-0.2526082387179848	-0.3091954825719537	0.3210952591458579	-0.1700736122899025	0.9101834780405048	0.5067035787470907
DTXSID3029154	-14.924782459521346	-7.517131706519524	-4.433604345380754	6.126911466801026	0.4986587757982722	3.0436267837136297	-1.4358857878804703	-6.436290724021403	-1.7817332858383632	-4.33053049412449	-2.2107984570088055	-0.9268958579352323	1.0165187963484115	3.3291512535814567	3.1351936809639667	0.76563112442583	-0.4207027731137727	-0.6921225757366402	0.8756846153381639	1.648215777318727	1.668635192833573	-3.23059126765153	-2.4211652746810453	-0.6914354876195288	0.26755154422741045	-2.378456743903251	-0.7521980949117281	-3.097121450439415	-0.28725666843967296	-0.6520601528391861	-1.7631774288069113	-1.880616224858234	-0.7164886982185674	1.1550603543738114	1.470933564917869	-2.331662937003397	-1.147506668039013	0.4230378995831709	1.2516994209021148	-0.7889336512589912	0.01566989174685936	0.07107701944517916	-0.9976409442914043	0.5490762680304642	0.4760184455778911	0.21607131930093043	-1.503233830201368	-1.1879042172900398	0.3496254780584202	0.2866177190670131	0.2263083497802483	-0.017180432209874273	-0.08774970860433719	-0.40611779447473445	1.0137839798315325	-0.20780390216848352	0.2878287973269279	-1.0778539558667604	1.370929103673731	-0.514525572713895	-0.5141323842286658	0.20608810637766756	-0.49199806085269365	-0.8066091520018028	-0.0797349911582176	-1.2634654115831072	0.2641417530927246	0.6962500073074729	0.1479843194660789	-0.31158057703087594	-0.7126684900736551	-0.4011114019597233	-0.013097504381627803	-0.1414089656793567	-0.13072506196930098	0.2838164004163451	-0.2536813485270141	0.39892369232988517	0.8157831256980551	0.8435178598086154	-0.36683677819389754	-1.0176553043419752	0.32638910855052733	1.076859357021692	0.6482921697445387	-0.8292965625440439	-0.8120702029781622	0.17298335835904383	-0.0521036458423874	-0.6761122828196199	-0.3631040554271663	0.7347536803492607	-1.3863646701696648	-1.045520167304065	0.1262306581804976	-0.800969624231841	-0.4112122114484798	0.17466298130554148	0.31833511734394176	-0.3544076493136073
DTXSID3029289	-12.807333300065297	-7.916007170686052	4.966617177968965	-0.3583837510076222	2.5497213552401794	5.47388071957468	7.173156865518013	-2.2314521827525295	-8.001672361761031	-0.08752548946921923	1.083629216865272	-1.5522760177767134	1.4120427691285249	7.22563652876939	-2.065286402807107	0.3739471351816818	0.4319034539970946	-1.253623567455449	-0.10205796709300699	0.3197648195697009	-1.5841069666608092	-3.575370405202536	-1.1014524699722423	-1.4147202569920285	-0.49357885185278094	-0.7113007263491669	2.0549740598093718	-0.7570928228547802	-0.14183037005808366	0.04896370357257576	0.3743707038618679	-0.9521390276494491	0.5682531779858289	2.526372828482168	-0.4355970696132899	1.4308946071840691	-3.3272785729454317	2.1576339712257364	-1.9761275857983422	-1.8280666228986548	-0.1384306646311709	-1.453159082686902	-0.3419474790829541	-0.324287644254721	-2.1889146803362944	0.8493387969328298	1.9004027065419982	-0.6264069259608661	-0.6435182166113671	-2.181472325473579	-1.0278985072910374	1.0294510246383308	-0.004589138796554474	0.22378760959475766	0.54220971229419	-1.7367584263856388	-0.6974956842538699	0.1676037317269943	-0.3047792631091471	0.6440231314929468	-0.5530391069559548	0.059767203904775704	0.7569777512309398	1.0207705772180289	-0.5762864323791381	-0.7942465716311625	1.227084838942285	1.687473483363261	-1.1339207083942893	0.23388269499650613	0.7850404304569958	-1.5120004461247785	1.0779977771803095	0.007735596293316583	-1.0811385079602889	0.633518401109527	-0.22911151665565938	0.8708600227182616	0.868913327237605	0.46058187005255435	1.1581410204628206	-1.281261229237365	1.4788044501557527	-0.5124960682719631	-0.7094395556106079	-1.3697116011744122	-1.052739589307197	0.17779569189376196	0.041942635418531396	1.0957237452860162	-0.29500616098785454	1.6928721694816264	-0.24285144487029975	-0.3061145099770715	-0.123874441422341	0.9535854225612721	-0.43990416362174095	0.015224463270028861	0.41864865464541007	0.39939280701179836
DTXSID3032389	-5.0125866057412045	-5.990076536926676	17.75782230918734	4.471543940036866	1.9707311692565026	-5.756547097476309	-6.948427326381576	-2.615834843411541	0.8756698431361086	5.929310567790431	-1.4759951861642342	-3.6472204265714616	5.554783632019262	1.0374758299684008	3.286692977231022	3.7899409766741616	0.399656927120286	1.0368652917555217	-0.3446402900215612	0.028134350263153866	0.5389072669062492	0.20831729295566065	-1.5561871857005198	-2.137114985844414	-2.8911450064894755	1.438299010475443	0.2064469396336724	-0.39103827465419233	1.1136542485423575	0.5699991538392182	0.05884172886314116	0.9810815756840614	-1.8046332565785557	-0.24442745145146966	0.12013891033133191	0.0004673356173216727	2.549375065386447	1.096563025578502	-0.9594693248285479	0.63377495304031	-1.669973907147393	-0.27705041598308844	-0.37481314627216034	-0.26821964288931366	0.6180786023985441	-0.2972019536929506	0.7980482162416919	-0.13844978202918792	0.3420692497025341	-0.013559580969142542	-0.8412035910298065	-0.4161911726219187	-0.48922467780529394	0.3493109556108611	0.0354645322490604	-1.6010670999718761	0.2239077009613492	0.32754325319169175	-0.3904460435044873	0.543099486531843	-0.332956171935666	-0.29231569221885484	1.0410768003203252	-0.7843367757739358	0.4442875087159614	1.469341695234772	0.681883445344499	-0.17463374458511258	0.7106730259330042	0.7939568272483192	0.2528432739409643	-0.38126076727113134	0.7855784943543695	0.11735881266787618	0.10764613349042365	0.3929174026622291	0.600649780129859	-1.0064041525863894	-0.8045752461632202	0.6740531455752878	-0.22395953424499415	-0.9235907415971021	-1.3051174084244033	-0.8199330627698298	-0.36216719876955433	-0.8523619869797467	-0.07405911462391927	-0.7448546349909366	-0.5941016695218349	0.40357365323083394	0.018692242041110124	0.8871321554779928	-0.2057272300975032	-1.5484486024889559	-0.20928892125205203	-0.22959084182589753	-0.3664291394094164	0.046898546742359236	0.02804146950158843	1.3791155836885225
DTXSID3032547	-1.0450629692459679	2.729355616020086	-5.042785964762485	-18.04326707207926	11.51133617876711	1.4438646122798922	2.528072588521651	-4.925240303859384	1.0372519968802778	7.06510397118574	-3.0319429547786454	2.673932035242288	2.2757023514971926	-0.31855234342562166	0.7279908848761187	-2.7672150741114603	1.3924156727909927	-0.9200351512807772	-1.9508561756365712	3.7113706004577534	-1.8193071955401265	1.8175766667909348	-0.10801669414077696	-0.8329804567741323	0.5302110133851381	0.4121730527425428	0.349516644860378	-0.5305460815999441	1.2505186188546413	0.8937738774652231	-0.334003308113457	-1.8878162252226507	0.5751131682465359	0.33808848078270093	-0.450423235475472	-1.427851555394428	1.2266603675524446	-1.7804029144837126	-0.05105550810147946	0.941173220077944	0.2949223018059158	-0.29183543249098176	-1.1345902016597975	0.679939588882158	0.24886834398279603	-0.6062982309845432	-0.6109374796717562	0.48755137497866013	-0.5465867912459988	-1.6545374832127617	-0.19146255981796056	-0.28032469016281675	0.42611595526069707	-1.26332249926612	0.3711711585355798	-0.2891318437292922	-0.9520314760291181	1.292921059136287	-0.2661295543503901	0.3881436445867878	0.2813256178581479	0.6318142811610726	-0.016974799269541013	1.5718953302678917	-0.27680129082535465	-0.03316209890251681	0.7355035510965179	-1.1324820480639717	-0.13726660070873517	0.46391417534105145	0.09378738893264912	-0.6508077244783773	-1.08390838579904	-0.5794236879986101	-1.133938919462638	-0.477295382847333	-0.7751142373406853	0.5011198448253623	-0.3289149628950417	-0.10982428974888335	-0.3306234820172904	-0.09140103601690666	0.5874778384281883	0.10710066610262267	-0.17024836666567947	-0.44193939071115934	0.787094313802856	0.32096133112013026	-0.5089448649307924	1.2264428210661467	0.5421534002065206	-1.1091802717066992	-0.9470529645728729	0.16689574534057805	0.4221162033894808	0.5900332347913418	-0.38793634125977605	0.3172624746695707	-0.1261884073554006	-0.11096611650399081
DTXSID3034614	17.790516100992	12.588404980375245	-7.4011430092627375	1.9802739208683602	-2.425677465252395	-0.603236443677267	-1.8763796494029168	3.253492306868643	3.1798210430471343	-1.4479825460722084	1.9342119053108338	-3.2755121456516427	1.845542688598597	4.443569236727223	3.118660904936409	0.3283973302006455	-1.863137824718268	2.2827009172750965	1.2281171461238607	0.07725984155243676	-0.11191180326954019	-1.1556022673636157	1.9546733762890303	0.6269295089356418	-1.6337718372304524	0.9238558385814466	0.12347524286650136	-2.7872926839175483	-0.4340273965728109	2.3863197507661944	0.5682321583548636	0.13058747783476152	-1.4798661488123832	-0.7648232034433782	-0.23526553960307703	-0.4075212851528073	-1.626278060060821	-3.0400413153938457	0.5408379551029994	1.5632454042353554	0.9231143728315869	-1.4343955495032947	-0.5556984542427353	-0.2881289956373776	-0.2719245186203052	-0.49026455437851824	1.4508599757255776	-0.7300153269541689	-0.9289335424270144	-1.6963495687837753	0.2919779120288803	-0.13883380183927527	-0.12099800503650858	0.47073418369522035	-0.002998715938982746	-0.3938016134190061	-1.3141571608627545	-0.4800054697255436	0.12008248123551243	0.7046532025166136	-0.04390906031630508	-0.4487762223598701	-1.120142586942106	-1.0961820711135861	-0.9555221638978824	0.11629701071325853	0.3089141830159558	0.4970922154577402	0.4553346568195265	0.10716360385884169	-0.6658292609846714	-0.17338917942762053	-0.0425059349527923	0.12558995368336415	-0.2830835278388955	-0.13736712435456336	1.2980733192373908	0.03229143956562672	0.3602619290645929	-0.2000329543462364	-0.3570459966675732	0.48710096351387316	-0.21996336393254215	1.229597096669226	0.20320447377550632	-0.28446774739018554	-0.280703308867622	0.6831255807284512	-0.0965105746072583	-0.20606104079795617	0.2128816864069785	-0.3830928545383587	0.11873079692412891	-0.48982483198236354	0.6810399173502611	-0.9159660911562378	0.5783604998512675	-0.6895564433819917	0.04073850832725063	0.34642837733731774
DTXSID3034872	3.6768612474855074	-1.4730718998769685	-14.786565266998398	2.152240456063277	8.540422525474929	0.4307582472104683	-0.7811109756031702	5.554852412053597	2.495797475430524	0.7007787744284488	-8.208868183085738	-0.7892912307916256	0.3741657689608708	1.4842868582616413	-2.6015024612396394	-0.13989458818522	-3.1903876957938273	-0.3475127338917628	1.8764256694866064	-1.3693452303623002	1.1095378088017005	-1.3717572813901264	-0.2858249570189144	-0.01757225468684646	0.46418847363377264	0.8291326780858426	1.4566419713462468	-0.7249434204806838	0.13527225470755394	-0.43359203617832276	1.369276632418548	-0.14932238229199346	1.8622827713982604	0.5880121292476665	0.47182146996325086	1.8432824022604803	1.96929802835698	1.0464546924050815	0.7221915022372747	-0.8831929686174214	0.5644391481212212	-0.6148877454111474	0.4980695553074014	-1.9933069400303065	0.8743638406029981	0.19845740930092232	0.10565588695869174	1.5347532848791219	-0.3161419539672297	0.2648030605149784	1.708107458642987	0.2540779572917617	-1.0335317490457352	0.40961054857726065	-0.32601776500576435	2.1871462607012777	0.1609472772870037	-0.5143726107452185	1.320944461713145	-0.574729414121369	-2.690173173615081	1.0620331764046582	-0.39372931845122244	-0.839223986916362	-0.9757497382838456	2.7546330100254814	-0.02537272475928378	0.39086323687768465	-0.0037364686686650254	0.7654449131796773	-1.1419106964014605	0.30007435295312	0.4935547744416105	0.7738021281883114	1.892849741491028	-0.5137167358049188	0.4385392749137818	0.5438604914088426	0.5293052430862275	-0.1997466567079325	-0.42969793130569023	0.7109551458704265	-0.06866059018197576	0.6291076962571623	0.27601377759265133	-0.2632900216642113	0.10330743651543191	0.9511840623649457	0.46545183573860405	0.623231855620571	0.6132130755637036	-0.7663785740593834	-0.8428358867937628	-0.8795352518597769	-0.2531390994730393	0.928649206557207	-0.050977521516538435	0.4630318893825346	-0.747250889377957	0.32160969096946385
DTXSID3036286	-9.216714455016879	-5.8454669462361455	5.874012819719138	2.4644754762738255	8.573033533514696	-0.5435815441304896	-10.135248135202387	3.155757203014378	2.567171287186444	6.239841724569808	3.4018672388307634	1.0904602711370166	0.9248781907294555	-1.1596896009081614	3.240147680874267	2.456536884264067	0.47698037049057096	-4.786145728735725	0.14856266158592155	-1.458383197839549	0.2421761631453402	-0.9433668354201179	-2.945900724892679	1.25449488435777	0.1950507120689114	2.4827126670343276	0.3801056658336874	-1.197851557524408	-1.0294173808087876	-0.6797898872092989	-1.3556859362379476	0.45077857447719993	0.9755818805345826	2.365500252905482	0.09766910798533797	-0.9978112185431064	1.288495115389404	1.651819726654507	0.3441157816296593	-1.3467790143421154	0.7673407600414057	0.7837370248756889	1.9420908334553606	1.2953784910785475	0.4862609043530313	-1.3460500761010252	0.9281900209029567	1.7511767517166132	-0.2662393614117113	-0.7368390082905951	-0.5213643236663947	-1.4602480314387511	0.7268246071757478	-0.36891456242176796	-0.18874789658350952	0.34043477767586566	-0.19755180908645592	0.011058245211811894	-0.4126760200917272	0.7379390083950471	0.23193913987514866	-0.025158223514854295	0.6813603513134087	-1.1785928577472977	0.35504327282259696	-0.43452623627782777	0.3654819330611761	1.0677963096787606	-0.47302297509603347	0.08815999110804981	0.41576581210333724	0.39578863286875465	0.2527471221690644	-0.7657182983720957	-0.46342541477395627	-0.7686191867876792	-1.2636058647714579	0.4753296267930759	0.4978181411282811	0.5155683622836237	-0.13150136849932376	-0.4744050183493565	-0.28011695661576774	-0.31862784677278505	-0.8033012777454095	-0.5072859932703307	-0.5110004951960088	0.3125452097854202	0.18927251085895438	-0.2961806728989386	-0.5496621087758906	-0.10398526091328393	-0.4133395838386102	0.3587730529717847	-0.44645139863955824	0.07717273500171805	0.1863559754964357	1.2830309105172617	0.940343313125954	0.9182871906083059
DTXSID3034618	18.070949255931197	5.820862131258619	-9.487319092050631	1.3191901002359063	0.6261273971048402	-0.5388415857233388	0.5264923916716854	-3.9701785750048577	6.151389615206856	3.9791683038596934	2.768234513867304	2.395573167204481	0.3524042775063611	4.569322709474822	0.7654687662059849	1.3989088575981194	-2.208402456059041	-0.8522690284157447	0.21712611860316008	-1.6085168432443437	-1.2537207417074963	0.012108495593412146	1.0334607210385247	-2.2784159668648467	-0.7680849773446239	3.127937732382277	0.18562853742516014	-2.3346295049022507	0.5192781023631596	-0.8408712618535255	0.48095270586584243	1.7897437960478708	0.7007011921772067	-1.374503635505538	0.7012050810150728	-1.0742786072044161	-0.8348111093122784	-1.1090954877523922	1.1281605626457571	-0.07684202653344915	1.2057809640597297	0.24237726622177352	-0.948665787862228	0.3974834380724449	-1.8815410184924808	0.9078476183941774	0.5323054680392055	0.9569134869290989	1.0245493110187838	0.03575158995156778	1.5383387900578938	0.171912999378332	-1.0883944342913678	-1.4494168647409644	0.2250568605438645	-0.9731190209717322	0.3558557380769301	-0.1645801201711586	-0.11510784229560521	1.0100148178653519	0.03337610314313348	0.822096372789917	-1.7437826295261576	-0.3181967062537939	0.42221646353980213	0.4834296707228091	0.7992243451517312	0.7909531789200659	-1.1367096173870739	0.3529796706432739	0.2875174425178318	-1.289711141801444	0.520642171271627	0.17677271710259085	0.8789172210643502	0.5029093443444558	0.46113844508598995	-1.2151205974265022	0.2921448930049861	-0.17221760522039062	-0.2341211574158668	0.8946903679413748	0.8172401782537742	0.47215559177655975	-0.10546866000941335	-0.6594099414405954	0.04264060392854593	-0.3943580157008558	-0.32543548496192126	0.3844620157740265	1.1680740992166463	0.24360364398816267	-0.09975131643458479	-0.9979563442467809	0.3568926395998673	0.10099272143158712	0.27316715694603894	0.6290693735389803	-0.7606744147793775	-0.22437860272452462
DTXSID3034664	11.555739718129136	6.573670049051026	-4.909572805007446	10.361446524201924	9.24766010354939	0.11934573629747043	3.7932346479197148	4.078775989012982	2.2771791853741075	1.4733397699677444	-1.3229650931486139	-3.532055638835856	2.8005787968980917	-0.3689298479835859	-1.3888948159838637	2.7096793136769106	-3.254006739704823	0.30476191263054564	-2.512967686673049	-0.8562767805741632	-1.1113017291038068	-0.7345553947391219	1.3924306391454078	1.8558751566384093	-1.1359617315835322	-0.17516400461841533	0.12826600851306846	1.921234542505023	-0.643884757353037	-1.2773922497653596	-0.8859811701626481	-1.0658805530829785	-0.358552680002023	-0.5379187191607129	-1.6278028614506712	-1.7169427040878698	0.4181216627282987	1.0953935449930823	-0.22734219162078187	0.24746116621063252	1.9873121617809806	-1.9414964369264065	3.701107798058673	-1.862917957097125	0.8402839290832216	-0.06499383258592022	-0.39631551000241894	1.749127435576452	0.9371025204030933	1.5345093967560999	-0.6736041817446028	-1.6733990673483372	-0.9951338549266733	1.7220977114427032	0.6890867175851475	1.043551700063824	-0.1419326615345968	-0.18125998451594985	0.017140558608156085	0.2536768544464293	0.43051687688749374	0.8148168533316653	-1.889842860919888	0.01211696900723225	-0.78621088144984	-0.5428234456695599	-0.15871659853914516	-1.3942446023526802	0.10746497004742066	-0.46814750306236846	2.1489050068288185	0.17915888795241652	0.05837045635805606	0.8956864338048423	-0.4136092086638683	-0.5457637558856644	0.6187551776682384	-0.06467088582315986	0.4202453961343606	0.550437919800025	0.8708090502945094	-0.3066399271775748	0.8351543667945611	-0.08461773018550474	-0.20993825762991336	-0.21762844423116307	0.45717190964942095	0.9011606419431446	-0.06689498165095023	-0.40281617436315525	0.10111805750313449	-0.00621080508598865	0.03875033531204982	0.6585004299379557	0.6314157041664004	1.1478412940183675	-0.08971995470472682	-0.8105963716713992	0.4319867197099432	0.2546477601802782
DTXSID3038808	10.681241327476652	5.745134444970377	17.55530591176219	-12.307987776993423	3.9382025765721798	-0.544885583139084	1.3897314900473883	-1.4973409831674003	-3.7367000502674976	0.6563344437119631	3.056935536133131	-5.6644495953901925	-0.9228022647150754	-2.649879361703503	0.7147700519379374	1.8707720767656402	2.4092228438840886	0.6839580573156986	1.919470032279571	1.7134855891900949	5.2000548355531215	-3.0814087769978524	-1.5076789334529	1.6495664977330484	-4.025783497833354	3.671281611023686	2.1944226507452513	-2.4451944525177676	2.0885412104518464	-3.152739078854988	0.7084088343500647	0.3272585012071572	-1.771482597544258	-0.2045108884877202	-0.3348393377698948	-3.162963131670273	-0.7066235973055559	1.3055387604135502	0.5825139641674333	2.1760910127189677	0.5262144793256149	1.9838794322196969	1.5061243379741631	-1.632138194097675	-0.5616964767241205	-2.0137246993417386	0.9164876572780963	-0.10236996640858813	1.754289264654584	0.1801821776898767	0.29865822453007723	0.42548726021337324	-1.1418853111681972	-1.2428934606540316	-0.179979826136509	-0.21499341690560467	0.10071937333431026	-1.1346205197971913	-2.9007778798726376	1.028544762680858	-1.2435808379721607	0.5417908809563634	0.038045897539423695	-0.720733483685715	0.08057569807352992	-0.5542639388308678	0.2802120889729907	-0.8515919304855375	-0.9182581107672235	0.013423360299278346	1.4159393656004513	-1.4790659986241685	-0.7956163407859076	-0.18405087327107192	0.9704284613652213	-1.4588061669186003	-0.5473457078120795	-0.9828936827777358	0.05795228362203047	-0.5651484228702149	0.4547448006869981	0.37031600806016113	0.8995992134117871	1.0874792057219347	0.9970990493551715	0.14397133255298936	-0.390938838378907	-0.5912965435418669	-0.6979800748220969	0.09337044494975064	0.34716557129997494	0.022211051515990045	0.1829776604854368	-0.7676877272945322	-1.0325257977588311	0.10519091089872641	-0.23685924076241588	-0.7011752943633089	0.8253297036602901	0.68315540442356
DTXSID3041299	-4.82479371592188	1.99395998535004	9.727049311639181	14.482514244159969	9.77320882927675	-1.2043363661446975	-5.277287385864265	-3.570210700864588	-0.47634595951450537	1.1182751453032425	-2.329480635329316	-4.935129992810303	0.18547441205914203	0.3141061875085627	-0.5047127962517045	0.06556548950621077	3.4674164776388534	-2.652083260315799	-0.27908221929242333	1.0914737174757403	0.8709512937374818	1.9062600513857757	-4.033802113812419	-2.6872539815855125	-0.5369427798881945	-1.1750980509515856	1.533706024663048	2.2709051913095673	-1.0721964238857613	-0.8895906518676995	1.3001114180702071	-0.46976515353603343	1.5387017066420756	-2.3917761570510505	-0.5122031931062768	-1.902457859296303	-1.0665492228737963	-2.761080053330548	-0.6127379356226855	-0.5139862865192658	-0.8357979444269299	0.10661712495141112	1.5003332330997572	-0.036688794536427836	0.15853364513746548	-0.44000608122081725	0.4511611678604132	-0.8879155582924723	1.5747376112431561	-0.4430635145457256	1.2189073231218195	0.2553953000282699	1.614267040399834	1.8045033862221511	1.1201043006814801	-0.7320688083268123	0.4663305495049639	0.2466825925123425	-0.5303420571332077	2.820434606715523	-0.9017912245148914	0.2632226748644534	0.710846052667998	-0.6602772570685678	-1.6008184911315282	-0.23538099046070424	0.26731795717922924	0.5425331704814319	0.5826557187154716	0.4752591313493089	-0.45413678263125906	0.21006379178677634	0.4087956408864926	-0.021755816957137804	0.7032761151166419	-0.19282852410123588	0.2324328704617548	0.018887704587039117	-1.14181608361244	0.9269818777024732	-1.1525500828742625	-0.4894653375118645	0.04088881985742424	0.6801167221098108	0.5459153154821095	0.32526322110142536	0.857285662055634	-0.5018184752743633	0.5612673191440802	-0.6669758328418188	0.5095405730197293	0.1592168357714834	0.6723296316341993	-0.694118121748617	0.005711100314009504	-0.8436760196762756	0.5358865701534435	0.8401300512620787	0.5811563897113827	-0.1986875253479841
DTXSID3041794	11.124969485409364	-0.27967241241497404	1.2140363124482467	3.660748288999372	4.790056634328209	-13.433686691468138	-2.9657670070028455	-3.78210737534112	0.513415708146287	4.542453220164436	0.8872241663019622	6.257204455535817	-0.5147471986185381	2.381524610325427	-2.66982873189604	-0.08014884908078579	-0.10586385668973854	0.13281465030282896	-3.0960819084704903	-1.9578862027003567	-1.9388721894149303	-1.34912705748299	-2.308899465735019	-0.7524914218304765	0.36667029430274106	0.7434908989627365	-1.5598110868915838	-2.0347030359874143	1.1219995619361185	1.082004577751005	2.1746071656487764	-1.4955925140982596	2.1305312287946556	-0.7312383506554365	1.9129490509095257	-0.38691477479212255	-0.6255497006634287	0.07314765408830189	0.9007944871722215	-0.9403875643871874	-1.6530111023059155	0.3386385684066173	-0.28790329270274106	-0.9201144341646531	-0.0648883918591692	0.26329590752840554	-0.5419748381709776	-0.7515624353072095	-0.5248867680440475	-0.8458679937093602	-0.5849464616213832	-0.634270931850525	-0.5753700270167276	-0.9725741949759839	-0.24665710259338416	-0.19545477924945528	0.5629743336328102	-0.624307742596085	-0.12675556841627247	-0.4421267738901878	0.6975239638801005	-0.5303156402573974	-0.8431857809861847	-0.9488347369794146	-0.5572836969316795	0.3233880650482648	0.18499365795142808	-0.33149134046590056	1.3187830890847427	-0.9321075541269706	0.5635550701325192	0.36601382081184103	0.25712925583847024	-0.23179661186341452	-0.22991627761957492	-0.5526034544876508	-0.4846240656474369	0.4836954715276402	-0.6616944958264058	0.7385967474700672	-0.5205779617772495	-0.3701763907112418	0.8065598650503458	1.291114886188645	-0.1452538386185831	-0.5179035830009964	-0.5415383349867774	1.4781303471918512	0.7703993551067881	-0.18726193684553094	1.3123637037661908	0.5464279773317554	-0.38511543124879954	1.7568000891806654	-0.6444420005806225	-0.4612725595704201	-0.5197395653447102	0.6409184555557053	0.39998479073842813	0.22287692689194594
DTXSID3041790	-9.8522949484322	-5.639053058190746	13.19817251035204	8.678964115915319	3.590709159201235	-2.985871458046269	-8.071363112220954	-2.715450292283706	1.7297073558850038	3.827620542217878	0.438814212829063	-1.2495278854063068	2.6203034184631155	1.1063556194884332	5.998195312405542	3.3973667540578134	0.5882303338383841	-2.1777734647642983	-0.7627763349431373	0.273887194615473	1.894375692117694	1.8288343578499737	-0.9821950130678574	-3.134952243244895	0.53765678706629	0.20997094417033926	0.49076771814992265	-2.565381506973202	1.3696793091790866	2.188560921882191	0.31656485408402857	0.4747652455494242	-2.521736430439916	0.720075821260745	0.6989913196763478	-0.9112295025146995	0.9362086752684883	0.195575421048855	-1.059631129319908	0.7529567652873895	-0.23161141108729297	0.2167152419406978	-0.3476155587335491	-0.45724748515256675	0.8204480489016562	-0.14797361105502366	0.024101710860257017	0.7930191141302829	-1.168262159660236	0.0486799725036066	0.4472767383985003	0.25628263443940674	0.824091379183367	0.7466519526276417	0.5701211460391686	-0.8313126322668343	-0.6379443473623614	0.4448374149305591	0.5950776439718906	0.4104954820479011	0.8231345536340375	0.3853775041494253	0.14744352289554627	0.11113575875491702	1.1592843056839492	0.2816416987739123	-1.200823640694399	-0.26010584306756984	1.5180459184338648	0.302065481874403	-0.8676105123867501	0.10844289038673173	-0.086027852048689	-0.6280010309188518	1.5252642788954234	-0.44771049210282576	0.026672964311178535	-0.1882810777449472	0.3187055353682297	0.146805240917415	0.16510524113394287	0.06575783137770083	-1.842747190102201	-0.10630162772004678	-0.6271649048493382	0.7125130616845371	-0.541947575338678	-0.003565198847276399	0.03003225781941027	0.17556260287861655	0.93209417903085	0.9358362118177812	0.4040913283510742	-0.5682922263005216	-0.7316371953696861	0.9355460739660755	-0.684301338471541	0.044108488499420846	0.11568509255559739	0.07097423901564093
DTXSID3042219	-10.42761856852531	-18.22552780382705	-2.725815564037272	-6.3959735004466705	-3.748440630149993	-0.9668353038944336	-5.803085127243956	-2.3722221767151304	3.0036458258592984	-7.796496095338708	-0.2263444704721999	-2.8190785009943493	0.7733143273739377	2.8162899328269653	0.06261095612573768	1.2069845791860205	-1.798063780327205	0.04728089218983118	-1.1965881484888898	2.057192991927155	-1.090789536727354	-1.9029548734313373	-0.44461909856366566	0.6503371303733836	-0.48708249683056914	0.6175041329087716	-1.1602545847473609	0.4599904593270737	0.6967998718507417	0.1298285868300589	-0.6164793067666432	1.5559704968733443	-0.3696357623625253	-1.7380454013046762	-0.5452793640677978	-0.6527042272904452	0.5551429490410057	-0.5572311154520002	0.9849429526495197	1.5087483962408454	0.6939064589029017	1.2838079535104259	-0.07524889694780569	0.5263914154519189	-1.9920416662474274	-0.05283411849060048	0.5047012886048509	0.9122109304789978	0.2079990591454968	0.5053116114855605	1.332179342385595	0.07083956080095763	0.2816937252471092	0.13795166754439814	0.16367076755313156	-0.46087650887348885	-0.28638026297559244	0.7209915763675723	-0.4019490425900845	-0.039690644323808436	0.20957398412589395	0.4833192887537843	-0.31196983359237235	0.38255977138962427	-0.5315511306979521	-0.1590637800712686	-0.6065123839836314	-0.7940437640727167	-0.42791024029793917	-1.002783639341269	1.8373854734006767	0.06292892753145297	1.253184813487834	0.20615063086370491	0.1651479507397273	0.959202927484236	0.3424522454098212	-0.1336100314761009	-0.09107002672457404	0.2929744063793436	0.05744659408094353	-0.36615643542610926	0.36384787498325816	0.49990326764924076	-1.1241686458157827	-1.3354379085074286	-0.2870465601088621	-0.07496681135675645	0.9484369213738875	0.037635565135558026	0.4690665252631926	-0.7145568928674064	-0.17092850887629932	0.7431127449453069	-0.01667541348439667	-0.7253817420185172	-0.8932413565642481	-0.6224432948993202	-0.31282026736775786	0.0012239594289753881
DTXSID3047138	-8.39325251096328	-17.65815998334446	4.194655722534004	-5.761455086825018	1.822280702889071	3.9953290593128568	-9.031828764520977	-2.4010026433881233	-0.4166526018679765	-1.8959193882504173	4.989878263923684	-1.782991593585425	3.7200332961345097	0.18583058068892833	-0.6385284981714141	3.429585005798205	-0.7035186771493799	-0.2905508081068931	0.9101794904604239	1.4460146972847787	-1.5714155710696651	-2.66346000494631	1.4634095117721175	0.2178286848221272	-1.0607447699266221	0.7003081192148728	0.5422719238383866	-0.6251884548020751	1.1329239366513821	0.13593090395874122	-2.118894862201069	2.4969065073241357	0.9217940779310255	0.8812406473467451	-0.5049112303081321	0.8253746785886829	0.9319297516711517	-0.37482419012185947	0.17206106988924003	1.1745483438205553	0.35227634856148926	-0.4128291249483317	-0.7882728318417487	-0.1374111626498852	-1.5639037019567261	-0.644272271915593	0.42014644365816933	-0.6242027445715782	-0.37463107993533656	-1.361646692467318	1.2640310918953725	-0.4044824527365463	-0.8752946991091377	0.8025552048604074	0.736152934627458	0.4735319089609249	0.7961740109855885	-0.6357591382792138	1.380395748679938	-0.5788473606300604	-0.018155084261873636	-0.41840495118714754	-0.2449137163405359	1.1853587862694681	0.9808840954143467	-1.1876434497409525	0.6441186772746951	0.6669346658562186	-0.2444823185834832	-0.9091034562358167	-0.06298181362832682	0.4637753066245783	-0.4027975990625237	0.6369093019235488	-1.3057629279241798	-0.37145860945951453	-0.8282005386141189	0.32449977154143544	0.4933717578178483	-1.3465962669863762	-0.060189358701939186	-1.7785806023348159	0.12134986572330411	-0.0650276871762739	0.16742875554327813	-1.0265489860599317	0.7342328364064277	-0.3787251742728366	-0.22063524740244492	-0.14308615562689367	0.8897913472655211	-0.5427811526894532	-0.3372938750511848	0.37581724472757166	-0.27262561285305426	-0.19636656443358136	0.5769606863026832	0.6830960453502932	0.27084520728455047	-0.5445024162624373
DTXSID3047263	7.998489875369337	1.8745659870229505	-5.730933909755372	10.047173578979283	10.329184673185553	-2.733424736199442	5.164359635799099	2.3884413285442663	-2.1110429996307305	3.04305081255285	-4.849360677993312	-2.602857839751339	0.5028194681678948	1.425498443892717	0.3068204696603481	1.1204966728623253	-2.2278324280777877	0.35892134192771447	1.8790579364803344	-0.8892514348574394	-0.4177744748567463	-0.967161754704463	0.48609450792705905	-0.2917660657661833	2.082544026396532	0.5965284680602215	1.469387235119378	0.007242708930526454	-0.4117145042905778	-0.5201179393768708	-0.32571543841837536	0.7138695008573491	2.9079323408315387	0.6114743370327507	-0.1915536291312752	-2.342240886834493	0.6407574472491765	2.092026836518615	1.4037874269824602	-0.008247858343331048	0.4650991290984126	-0.5763861353530939	0.9757075753033785	0.5056339294979141	1.4208472589776462	0.9150407068786112	-1.6369631687331287	-0.2065438535354769	1.8613679388800293	0.6431525888824225	-0.14312362756141825	-0.9270017387112718	-0.08688691480590742	-0.9510693652394432	-0.45797695014230166	0.7930769503572077	0.20214432025710727	-1.6019922286465724	0.6995161789944013	0.7162425418277748	2.3531226206629356	-0.4003328341170222	0.6813493246460246	0.8370005276585872	0.5025831917218678	-1.1573146169993525	1.4278392280822068	-1.208018497454538	0.07353647888975755	0.22550552420183498	-0.08474569493763873	0.3106989073238199	-1.058892532352959	0.9364894248997544	-0.7055981912847151	-1.5976590641674815	-0.8570179003351521	-0.5677037065229291	0.3093885232462004	0.4481964683867285	0.14089398948256232	-0.1329564390300382	0.7526976473625295	1.8746927080898754	-1.1397493882054612	-0.5392826870910639	0.9436547016961817	-0.45505378032068833	0.2942600191093397	1.0821256909552452	1.6107163392847434	-0.8125809301511961	0.5276143911233866	-1.0197222770460885	0.9820371514773361	0.8050250451212811	-0.1689561313861112	-0.11057076569057706	0.3902615499820562	-0.3117066941028471
DTXSID3047267	14.91393789218574	-2.001768430919051	-2.699251174307523	3.000269993792851	-0.4752511640246733	2.5757694617265585	10.497983351682038	10.958302689506922	-1.5225850626558206	4.3965690884187385	-9.6758698488832e-05	-0.37352772959600056	5.558002538027456	-1.1843920401623118	1.1037675664010558	0.2995870142471461	-0.8339955441730731	-2.2616280056850195	-0.9517990334947174	1.372422944577408	-1.3387800217343864	-1.1017785591344202	0.13640321673170472	-1.3934539861866433	0.2536753165579587	1.1459673581313998	1.1188319315754658	1.270174282795699	-0.5799282623151363	-0.7662309457500759	-1.2847996765117609	-1.4890359751586189	0.11134853145404497	0.4798667411064439	-0.10585459688287017	-0.959525124575756	-0.42682925804302324	3.506156696145066	-0.665962588667343	-0.5442679293277451	1.85759143768539	-0.9142237759054417	0.5923019291618049	1.9699961589959993	0.10942883767560019	0.7729564734539385	-0.05786712203786719	1.2843210751999021	1.5638694643213722	-0.4542435330133978	-0.7754543598925421	-1.4283638870420494	0.3055031764530221	-0.8763944668924696	0.687557397433002	-0.5822361147825531	-0.4222126327447432	-0.6503860889831463	0.44254278229100685	-1.21967973493757	-0.6236513671296403	-0.1743131742081932	0.7515636570668258	0.4081159910555353	-1.2584077246136771	0.206529521940445	-0.033249102938870616	-2.349510623728435	-0.18592452391640787	1.5000509817129826	0.8053928148467748	-0.6822780027663633	-0.7059263960973811	0.757611121318232	-0.13249062502521033	-0.23768813428066976	1.249602146424748	0.061118228413241965	-0.024450051727553938	0.14429257907047455	0.29530607129426445	-1.1248197606260848	0.47028798945888467	0.2674922473844427	-0.7319636581464609	-0.7665264097076305	0.5202002462446461	-0.2732009042076221	-0.11794545009700229	-1.4145771449272342	-0.21508326847617873	-0.1027647840666396	0.003535951020472543	0.8712832103562688	-0.27382534318558654	0.5511613293083886	-0.9796785718126247	-0.15762036596117524	-0.9915878121086318	-0.7101377542202746
DTXSID3047425	-8.356677585327166	-12.79915375014336	-0.008656378015163117	4.783510463963285	-8.783984485888528	-2.6890554540091234	2.750802801569556	-8.632826925935298	-3.7373275005955353	2.7350710720694744	-4.549680060445985	-1.8215517386995908	2.601788879881166	4.226684432936443	3.7668825613885883	-1.6760709451520348	-1.960309762555199	2.1639682214324196	1.6422737187903798	-0.5023590520762455	0.04760733528011489	-0.5973689179328174	-0.6808410708786242	3.1819693276632415	0.691717845596123	-2.4255411514985696	-1.0847209424257904	-0.11830697164103082	-1.4444951894746054	0.09428708231325887	0.6739787469259539	-0.20600096024012066	0.4246881449891399	-1.2380642743277963	1.6605499346614303	-0.5527555207479907	0.32084807935937476	-0.22755482557724702	0.5685834687929986	-0.23839099070436515	0.26831113923701155	0.0932254355955287	0.851961671945297	0.6090157505662175	2.021213703603544	0.8302992596179498	-1.3251988676594704	0.09575150205435519	1.0901196733051288	-0.027448874409987955	-0.8477495906300899	0.65034532394833	-0.024872187855348303	0.6560755215014019	-0.7833278080510875	1.3619260858307796	0.598215431875872	0.4265442133193049	0.053171312762441574	-0.6785244029710322	0.11744659253570373	0.15126426600145673	-0.6124400746466998	0.4352017765537665	-0.7532979174711175	0.5421095075743945	-1.3454080033430391	-0.8897160149909918	0.2611122741203146	-0.36030501702763085	0.19402293826413838	-1.4119682127570723	-0.47790450584465727	0.2108664739465179	0.6889396457528192	0.29115729553731845	0.7334679549541734	1.319517036350215	-0.488231273890776	0.198514118108256	-0.37882144733585044	-0.3721679191935009	-0.37594166661137696	0.43038356693208757	-0.6512055211573385	-0.11198450494292743	-0.4066445852166341	-0.5001766519463453	0.4551433809709909	0.12063910716083256	0.7869583582871756	0.14959876619327242	-0.006020917442189139	1.3750522503267524	-0.22194314921690575	-0.43943929984261626	0.015813331094713782	0.78749081666146	-0.03735122153124524	0.005534378637045348
DTXSID3047346	17.533752221064212	1.0065231377533586	-5.019148259007871	4.508207182402313	3.8360412542554587	5.128355133349924	8.197608404059615	4.452884578256079	7.300049558225377	1.3517311349659837	2.097845417207686	0.768366701764223	0.9476704824184999	1.5279520026932174	-0.04277103958581554	0.6729058227275638	-2.080733257239631	-0.2594407887216058	-0.9145877365039401	-3.0542584035063927	0.9133973034190818	-0.8174865528609551	0.7923108615442734	-0.6080805995846902	0.936132606715329	0.8472416505798493	2.439676934669924	-2.2169351371021366	-1.952842015101393	-0.016966884001539242	-2.9076081254862354	1.1629836091422698	-2.0148981771373657	-1.6031633642206475	1.4067498328374368	-2.2337995008462688	-0.5741915773450579	-0.22433003177491548	1.339193214678327	-0.538147773286245	-0.8395471122081783	1.6530225663303164	0.21414030861188826	-0.06604484568141779	0.7673320589586654	1.4847869716499655	1.5700376387755397	0.16580455692869842	2.4017640664637048	1.160679300623704	-0.5421815749454837	0.3746317116475396	-0.29256219511759496	-0.5763710836122015	1.0319462917649234	1.7948046699221263	0.7495711404456027	-0.33523439552238643	-0.004389282268678042	0.0028237536453081242	0.6952675465857645	0.0404124088580317	0.9476551530683093	1.1636953614994436	-0.07075815697357092	0.12875732963623682	-0.7963962729582037	0.2747506633937569	0.3586806324583839	-0.4296513296233358	-1.1752517668838935	0.7987610733535404	0.0017427639001537235	0.1724888296034264	1.1453772068463806	1.0777000896327347	0.8476165012092302	0.974755390650092	0.23757189579168267	0.6705351279849362	-0.660941345381595	-1.1358600177065057	0.1699189164468356	-0.9668441020926303	0.0996788219542251	-0.03665079606244356	0.6342737598589757	0.978788226851425	-0.5227640797029093	0.5638460097527944	0.042033631834577624	0.41903260136832415	-0.7166410296645622	0.12764625748379757	0.4152031653007573	0.05239959238896553	0.6426232105607492	-0.4640105985653535	-0.7349940252718387	0.3299411519225481
DTXSID3048522	24.504674731816174	2.4732328014180416	1.42618052022462	-0.0030064506586465357	-5.373943234693827	0.9742966374541749	3.3320161486294975	2.4457447055603154	6.171687187531493	-4.623430926924699	5.55837776676889	2.93184813554576	0.11802512732654331	0.16639761220005211	2.793963655514571	-0.28864947821865355	0.3430771048798962	2.6724098155789333	1.2801305341540297	3.486983225162179	1.393471231227046	-0.1859339627812709	0.9478103852828255	-0.5373095177627623	-0.8519724889447982	-0.09611185116072171	0.09971570568314064	0.9923795361401874	-0.7141014954765366	0.4946762786718103	0.6718664056764003	-0.5018887703455964	-0.10090133412542862	2.046778985672482	-0.062173290943569444	-1.283037501284241	-0.22017179332153675	1.2452903008259422	-1.5062444119859628	-0.476853022677752	0.40861276711258293	0.7128707553148176	1.0093171357980233	0.4605126823801447	-1.5486191045685618	0.2312412620518261	0.5687878749453739	-1.0225018617028228	-0.8336133938140745	-0.17931530229635662	-0.9148112363176774	-0.08371530454557184	1.0340603078316524	-1.0754383117733808	0.9806620575048166	0.784977067774357	0.04328531883046234	0.10573664649101802	0.20958026799125193	1.3268970871830859	-1.497061132605937	1.3535881858045897	0.0346196764121183	0.08720678248656644	-0.5689983777176881	-0.006035340138748568	-1.6473515085370087	0.7577577176948389	-0.0286681930925027	0.6061257414153344	0.024570853256438836	0.39322711960248385	0.5597191194083591	0.40962870252933564	-0.7555797194398675	-0.33477961254401384	0.7151833436746328	1.79803402040078	-1.2636936305731352	0.021589190049491374	-0.7165929379472729	0.19241545200871915	-0.08821214219643647	-0.39760057246625574	0.3780444797971735	0.6055352100994444	-0.6088158107155422	-0.3271734434199641	0.31462704059160007	0.7226306501945237	0.46820203437798563	0.16105468698379957	-0.894870100255184	-0.1550719439241338	-0.05210403802651676	-0.7469499022756653	-0.12584945647105417	0.4398163713667115	-0.9675942679272804	0.6068292298060246
DTXSID3048520	20.778152453173988	0.7105902679415516	-1.9461914989839828	6.327042842141796	2.792436132836389	1.1235020739842232	-0.08152420590659445	4.903881293659599	-1.0312849498823127	-2.8841475626473434	1.4934549419660819	5.210217052479729	2.3021324239228913	-0.34299066830476654	0.43893674860044324	0.12000351370040645	-4.402160564831247	1.6946229412243121	-0.33582085741755857	-0.2568188347068544	1.539957303834341	0.3997378015641659	-1.3389618571566075	-0.8921505085834284	-0.34287594947210326	-0.8561132565862775	1.0408528523601688	-1.1116538925346604	-0.4591692778498802	1.467232834721701	0.35302056843323565	-0.9824240800705437	0.32279454116522494	-2.2512907941543485	-0.40851795890592624	-0.5328290754437462	-0.17623196378318357	-0.4482590025790672	-0.3560539801358342	-0.32949222731296923	0.7008666664677485	-0.527707366477619	1.1123519711208072	-0.9847648521985716	0.8848559210431466	0.9770649053242434	-0.012086160608603444	-1.4993346987252172	0.43243747910543867	-0.5388465206150996	0.10912617153344144	-0.2212246189507499	0.558800666978557	1.2691540618469126	0.08756206487087877	0.13902349899826955	0.6922671838726074	0.17235061618409295	1.0195286854719534	-1.0369839026794667	-0.6990253429679816	0.392219358477572	0.9331719841811554	-0.8653875119106772	0.44831507647214175	0.12964992740254136	-0.015301609408025598	-0.2399605048250009	0.43928070786948875	0.6392633940224476	0.4544971693988608	-0.19003365882382547	-0.5564114659702383	1.4440405315155822	0.5565225150065549	-0.21203658368220973	0.030368543186296296	0.915919923859355	-0.14828096514040717	-0.19191884075899274	0.23940704385636777	-0.039569293918762904	0.32243341500745887	-0.28163380095308704	0.1581362390720379	0.8468706273795159	0.781210904130559	0.39934641691152317	-0.740412286654639	-0.5464404229153327	0.428474851818892	0.7245527791058523	-0.3689690174152516	0.35097655507186204	-0.5936676866858832	0.049953439156847586	-0.486524929990108	-0.5089815365209682	-0.2046454967620769	0.3792129529247738
DTXSID4020240	-14.90126121819604	-6.328256378803375	-2.992067430603292	7.271024930048535	0.5549219531050557	3.657283057856695	2.630374359945142	-3.88251973304626	-2.9038599865828423	-3.4426788585166066	-3.9296154627778526	-0.31666347791777755	1.841598956858759	4.942272503895547	3.056061509373178	-0.8461163276716442	0.0975401735381012	0.7861420008908118	0.7667885736917897	0.6172174558292072	1.8524637670303026	-2.4949477706223817	-2.700452170922978	-0.118355857904521	-0.4323975715094834	-3.3298309733480944	0.16714436675721028	-3.26773385255847	-0.38812323143257876	-1.8349700109375635	1.0667845090073493	-1.1234194201704049	-1.3911093553166172	1.2524823219490533	1.2074950621102518	-0.9562257310671937	-2.173637310772027	1.1354774263044425	-0.0005582184856819957	-1.2939753997001509	0.7052417218172439	0.19730249112191128	-0.6084616905560858	0.8224824504834516	2.3100322047336137	-0.09314165993708963	0.5383150849231342	-0.6635936886420557	-0.9769212126852874	1.1473544431766631	0.08782544503171993	-0.03559591181617241	1.277602864250603	-0.9382094291043434	1.4228512354537686	0.5932454078801297	0.8119801520010095	0.686110140832116	2.075523635765106	-1.2388066311551122	-0.10915803751573645	-0.7329697837610063	-0.6903156408025177	-1.2489240594118571	0.4622843108855043	-1.8591284175308453	-1.0318792641398618	-0.6502818312329743	0.03910560494831878	-1.5418138132185406	0.29851870889095067	-0.15763951319504912	-1.1030165729619699	-0.6573784986906407	-0.8781526757168994	-0.11283941702824649	-0.9176068914729587	1.1382871980217508	-0.5337464794270701	1.5519783905260065	-0.4505997227745827	-1.0030417221363832	0.0902883100581113	0.781438205584656	1.6524390896677525	0.3820150759503444	-0.7367637231053505	-0.5196951037712824	-0.14566225638502628	-0.08747725957697118	0.15623383717610378	0.08775601480213029	-0.07427946760055806	0.017469060174782794	0.48487815473160734	-0.36647215185041593	0.5808958630147868	0.13815272456414346	-0.07028537403726492	0.380388644294149
DTXSID4020290	9.626198927481559	-1.391989086736218	-13.119938442042855	-0.6019695274519259	7.414840171211759	-5.147802542503615	5.412961749934431	5.579907382922052	2.5507899522141546	2.4362754547421064	-2.2508467731829005	-1.8258584797232882	1.3807316307898754	-0.26555385042274215	0.3592248908664331	-0.6537877133413615	-1.717032644250191	1.3852033054222836	-2.848220114224833	0.6304525725035118	0.6648905651742781	1.4173492715252485	1.0689887808614933	-3.486385351132192	-0.5783505152617752	-0.21675637125034172	1.7711157170018599	0.39660785507580926	-0.1073146578786923	-1.8978715840846765	0.662909950742401	-0.7469225102593092	0.9624355144965326	0.10338477501097246	3.238451223682253	-0.5674852376297215	0.4894649238827495	0.08819349142331849	1.2177966258920974	2.0783415554216096	-0.5860794715679352	-0.112291944230138	3.1892295561604387	-1.0973745311258813	1.7357584708417242	0.6611547005613421	-0.24424126020946269	0.9309786117457479	0.3564490040050225	0.9910983302746996	1.4163163765840152	-1.1249932151633542	1.1377569911138337	1.0986180419765388	-1.6833273766196997	0.6545435215792347	0.05688168919202875	-1.1776761496414108	0.4553220126576793	0.21611949650133658	-1.5784632200844628	0.014958197090736048	-0.2424679787245387	0.847771085905392	0.4124040293229889	-0.40831998772865635	0.7198093625060722	0.11823000482466353	-0.21969015819103413	0.06141190305957231	-0.30772616946321946	0.05417832574246871	0.24933469866705618	0.6553914247243902	0.24082551809724087	1.5968682697179442	0.5926676476487582	-0.4288495657166041	-0.04423660612230489	0.38898634856128494	-1.1890020330182578	0.6685207615107028	0.2113134078786315	1.4171927990658915	0.3635370516069705	-0.9385807395339035	-0.10389335086484926	-2.0038606642778687	0.4548094782152996	0.09334408270553438	-0.28077076775851406	0.4976351307681907	-0.03601197183704325	1.0039907884529413	0.007491688052505491	0.6678044023990954	0.6842549046106341	0.6046327639831401	0.5379676246683155	-0.20025327388218653
DTXSID4020119	5.31103299385951	6.044373470769477	-10.447455442667328	1.1074503156952686	-8.653305960818527	5.703926699448755	0.03767788671922062	12.484032085341857	-4.5224504206275284	3.784058198150923	-3.5150442441727945	-2.313016121933063	1.9071953232460612	1.9213480635368336	0.48457024515580766	-0.8120961104437187	1.44085838988188	-1.9092390168017306	-1.0738672241817129	0.9229068591980003	-0.7198779089979518	-0.5837628362704572	-0.8298231566892703	-0.3989691178743192	-0.40355607232278523	-0.8322396139491737	0.6056703150705662	-0.6789256566312477	-1.607762678334704	-0.1491238311731601	0.607639799681813	0.8316967900828629	-1.5560566364998782	0.5210899937372229	-1.7358820934777126	0.05753797857221573	-1.520554833326217	-0.33492881015205045	2.261953538298235	0.13842746801764733	-0.6218423235623203	-0.34336499601532644	0.174384993746261	-1.564680965283356	-0.2840568036587705	0.4546366952433977	-0.5776899414648016	1.1014406962706416	0.3405552722461029	-0.5544189688761376	-1.6516731144138719	-1.5358307939392848	0.5808751078351937	-0.34945014193238433	0.419682871667086	0.7127048856580958	0.313776635201541	0.23714671663529227	-0.3845575951598776	-2.171802180043963	-0.06896149254701565	-0.9423201630599013	0.10873506425081514	-0.1274528523624096	-0.13854358183014634	0.10935811772826687	0.3835396174391333	-0.45504282700358706	-0.35070029684924187	1.770577400854375	-0.3193016737896595	-0.19572492748471307	1.2444733514696145	0.4294469046854126	0.649234887614999	-0.045468080351717864	1.2707328757071852	0.6506724855975468	0.16605605049811456	-0.06511642579757439	-0.4372829418860622	1.4135992707166023	0.2746352045092872	0.860268540570825	0.6609674958118872	1.3050127504972817	0.9438972655716067	-1.6810421598004277	-0.8256771608642817	0.7064459381972876	0.5429960593277973	0.2262378969280409	-1.0423383447144596	-0.3582774951515874	-0.4514376904485362	0.5518413303324946	0.13694229862646032	0.025730770244246783	0.10510050742123328	0.705403446201766
DTXSID4020371	3.301069981867718	-4.537212503267066	-14.230279064605472	0.9456030696136901	-0.6094014212102705	-0.3043123908848925	-1.3234688441538593	8.665893352695107	0.5015021389737222	1.7202565655549678	1.8849710189760818	-2.4854348215198385	0.5775007125893766	-0.7923476425726063	-1.1757837678620742	-5.9545078176409785	-4.704782663882995	1.2821531308362415	-1.1338834005186307	-1.6822515048505968	4.071575884982953	5.856635678919904	-2.428632756536077	-1.926886507822482	-2.675593389182292	-0.6311097436795126	1.10166622162484	-1.8665099163531362	0.8343435552247479	1.793332259190593	0.44788749735278477	0.08755578722482309	-0.8355976693812041	0.3847603525895408	-0.5508324801007253	0.2829906655991281	-0.8852966983452569	1.6850506648784571	0.9752235550743331	1.7561378838678021	0.16716807676286924	-0.03243447384332776	-0.7347216828170127	-0.944119893292777	1.5052249493472925	3.2210092548494074	1.6350500484205786	0.4056346373612793	0.10259596494217492	0.5698820981391608	-0.015008935384258303	0.9561434950230684	0.1487796494689272	0.46491878063787506	0.5346074985856253	0.8105473261757898	0.25723691343927557	-0.9283013361361248	0.3830381904275658	0.06166417544303636	-1.6578352204149511	-0.3197280922017112	-0.35859319539771123	0.825256665741836	-0.9687502835190436	0.6276726010463878	0.2489167120470297	0.009245122009259678	-2.181142429992998	0.4451277271412094	0.24001110385112645	0.4498284981113279	0.6737159467148867	-0.11063519223751384	0.5389229830661179	-0.28481140707194935	-0.22940756194720385	-0.6881176553116183	-1.1020273839067434	0.4525424302945094	-0.4751169807533665	1.8208624541392595	-0.9907131507160541	0.6921861717131523	0.7605022580540965	-0.6035173459384895	-0.11643212008773986	0.39711487841810905	0.17768601735418557	0.7537782607032703	0.861206468812299	0.5293050478847041	-0.9231479614627001	-0.8080412381295974	0.32637867121553005	0.32074865732078817	1.0591261581593838	0.2338012603085567	-0.6465767154803933	0.8341427607681051
DTXSID4020618	3.098310708444013	-12.497397885662357	-11.952954416662337	-5.936402618355244	0.056427949298966905	-0.019485939728862773	5.232871836098892	4.956970473019666	0.32479744719455755	2.536971611182601	-0.4654824815761384	1.6454635117426446	2.1687293089790645	-2.910733335570821	-0.67571101252988	-1.3894790117812714	0.9016438576840098	-4.1680479214620645	-0.41797697164686093	-2.1573920777280344	-0.7628723936862191	1.4988544756867392	-0.5813438641228843	-2.197925599468305	-0.27896630590170846	0.5903795893579618	0.19148204067375368	-3.0249600233827625	-1.1151045317924242	1.1178880288510284	-0.10203545951890239	-0.9324991076410865	0.263993079726962	-0.28942766558432476	0.6344865650711543	-2.3058983930400982	-1.0812775685564822	-0.5609162484279332	0.19513763055551575	-1.444560558936013	-0.5410379858756992	0.18099878084819454	1.8184233943663957	-0.4367785899633373	0.9900566912475515	0.19178959098376097	1.03888547547719	1.6091146218230041	-0.7376955452231588	-1.5902452929415694	-0.4825254487621397	-0.1067346002426927	-0.27017359023482374	-0.12124942764264744	-0.6545845134563003	-0.6433542845463306	1.755232168658559	0.3261662603331923	1.0684422249962837	-1.5706691467459655	-0.41632749707401684	-1.3185638386585492	-0.16078541627046425	0.599199452090774	1.104649067770454	0.9692688404581822	1.9304817694487408	0.5779431780515374	-0.21346040853675577	1.5608268550331565	-1.5401467182176178	-0.1834570301150931	-0.8227940330594141	-0.2787914325479694	0.8618443871568561	0.47931392108617327	0.4249581306360529	0.07001572722086097	-0.6057707483847726	0.36193636868331397	-0.2268640096533987	-0.6219258874698841	-0.7417726740523761	-0.3271234763329192	1.3157301377431792	-0.7400000494157881	0.543927082127924	-0.6738964850235007	0.3385965054853243	0.10906522620475065	-1.1807162234155235	0.6451871566221332	-0.6502553548358054	0.43412232986358407	1.1990936005433905	-0.6949028510375126	1.0763367714898864	0.2692018845880852	-0.837967123479947	0.9961053915409085
DTXSID4020870	5.917187877051862	-9.258719093374776	6.365062529655161	3.8107911831335066	-3.944145114068443	-3.079362447333671	0.43420860980233894	-3.0458672431310077	-6.67776858463626	9.391805977569595	1.9839945191065764	-2.497574076839081	7.114507436455155	-2.772189442054744	6.412077048625047	0.6202195206431574	-3.3634157677671563	2.9453519000641832	1.6792066267243837	0.8140604138487806	-2.2554969288136624	-0.04014604294477381	-2.7391310006660134	1.6560592149101936	0.24701343628416386	1.2403334848539342	-1.2281631025156452	3.7404183548568524	0.1842796652943813	-0.03332339823711507	-0.09279649696901733	-0.3090771950094601	0.2883333215013112	-1.0319800437526894	-0.5412845714330313	0.10944095085207581	1.4332240505215907	0.05744347200723652	-0.09583330630417396	3.694696387947262	-0.2965321159616677	-1.9902282070947304	-1.9177615052136965	-0.6159939454897254	0.07265810233558845	1.875213710460236	-0.7687311038996507	-0.6932668600883545	-0.7064641377018798	0.2884426163629881	-1.7147103587704335	0.6671738470811277	-1.0461881374433137	-0.864352703054013	1.5189461048978545	-1.0019972503195418	-0.26071989451827715	1.1244344926361411	-0.8621128022556939	-0.7060823951764853	-2.300758597481212	0.24390413661912663	-1.2699330058962495	1.1809448479342697	-0.31626960230235657	1.0348921579419268	-0.03277706270833269	-0.8166766831550011	0.03178913970145373	0.8454230811326976	-0.15201910199032292	0.07112063952087634	0.12630879628830494	1.1823726248339506	-0.26789638120785814	-0.3805989552934787	1.1825465430691708	-0.6975416630738495	1.016280797787566	-0.0784428978398607	-1.2951207643444897	0.3912605406160531	-0.7066948317951645	-0.6472365166078184	1.7480165184145555	-0.05509744987151235	-0.2864513459143151	-0.3944766670903824	-0.15742111455907537	-0.8636662605300666	0.8011648153189187	-1.0703559322216287	-1.5296075394570887	0.7397112238898351	0.8268775420383476	-0.2037390500574634	-0.6731729684622502	-0.06151938702522385	-0.21440618603126982	0.10497405980558265
DTXSID4020820	-16.786767050794484	-1.9724101438003334	-2.724512641318751	-5.995183634186416	5.408955246180106	6.841281678740453	-0.7911070141542175	7.147843991989233	-1.5541252605902014	-1.8549556973942571	0.29816476244118995	0.811496754688689	-0.48142700808473665	3.0217817028058453	3.192060619739403	-0.8211915677075985	0.21686108079243743	-2.346301807644852	-1.7859366930108123	-0.8059878689952358	0.5765461227728502	-3.0300232260011524	-2.4253216669111755	-1.8980222070010302	-1.4394070944564314	-1.5039354732525243	-1.0516107599357287	1.0718913242905665	-1.290243318081669	-1.8185998669702474	-0.04623065667698633	1.2740201717776278	-0.6377953907742605	-1.7466475477378538	0.1905831691723038	-0.8839606066670239	-1.6528183097832387	-1.4931156771930267	-0.3594700924684945	-0.2079741903663747	-0.4042894317993844	-0.9145331882500835	0.3548880513758544	1.25787187813272	-0.13923456735539738	1.080271074673417	0.024569603668259513	0.682582564317209	-1.2889911420829483	-0.47290054525805336	-0.061133426772438486	-0.912342500133785	0.8534447712852389	0.2760340224626978	-0.9949094391638166	-0.3834309091688639	0.672131886789063	0.7090624632835563	0.36245110345337483	-0.7409220389248702	0.9113496235782816	-1.1529983258117154	-0.6559396048258703	-0.3832313027444811	-2.516324105894877	-0.05821219406130765	0.6597479988985807	-0.3408422964104803	-0.5163685964144636	-0.5155794992211594	0.16202196742440128	-0.4342209835180108	0.22737568884916573	0.2519232670018096	0.04054016866451633	-0.22424903961905585	0.6028961564527427	0.38756782329607753	0.855144660348654	0.016079019513878506	-1.145678283854688	0.18631251981201666	1.4911903343514765	0.3160640894582469	-0.008430672520251587	0.6262900831534172	0.09495231388550661	-1.0739314532809754	-0.15452022600229967	1.7239109188473336	0.16476021629911228	-0.9955235885943895	-0.6142649087445622	-0.676892278620043	0.57721778271945	-0.8842951259705925	0.19695042269410262	-0.11405592750059973	-0.49237867541359365	-0.3964938590455355
DTXSID4020822	16.189886883743608	3.9032128297168485	-2.9136254976186406	4.916434506241982	-0.41665232711693534	0.38185048989267206	10.278635828124795	10.522034084683462	5.0564906100545555	0.9124386453593807	-2.0096778339006587	-1.6019761936407468	2.500388547254804	-2.8597270960139127	2.2501720179057405	-0.19478536401125654	-0.77873624750085	-0.14745238870228428	-0.9403510774025272	0.5020584494960858	-0.8095387817804213	0.13817368456527895	0.22875621562562132	-0.8180097153103764	0.3614020511615139	-2.775817161442437	0.890406215456559	0.41325744619566657	-0.07774247094334355	2.6153352456593666	-0.48349824294975674	0.8194435324348884	0.8675865745404263	1.7228718834243906	0.782067758271584	-2.5912726394285244	0.5153832933601227	-0.01483390774835518	-0.18825147346820315	-0.5862335262270488	-1.7472268993133662	1.649729428567262	1.4578882016622925	-1.8454824565388064	-0.1179720348276844	0.13968110755446517	1.667843970524165	0.42202946562163485	0.3771896478644847	-1.3820669347834023	-0.35484779233491565	0.6344981433223942	1.5315753624868016	-0.731534582709639	0.36112112356519893	2.1786599900544834	0.5710777583152	0.7621418295627267	1.050813498005975	-0.9834758579616333	0.712452491343405	-0.961445470667799	-0.5055741684372402	1.2259560454254277	-0.28595165631858244	-0.6250709795182722	-0.3073689441058963	-0.4947282163161009	0.42920680529240623	-0.3943921234391712	0.632863462596353	0.962305992957663	0.5440692010367143	-0.21174895571574145	0.3160952659733395	0.2514671688009867	0.6219195066798702	1.4659490350739293	1.0293554424459974	0.8937348432261408	-0.23639528737357113	-1.309263706130943	-0.16541953720267533	0.8024915954438067	-0.2149672213629671	-0.7169465211448629	0.28121445970452613	0.8973566820460258	0.17093121716882456	-0.6764640137569223	-0.49463225935976035	0.05827655269932277	0.8686467338059001	-0.69146462742872	-0.7285686586881335	1.2319793269816806	-1.258158009621899	0.2270378526314395	-0.04593944103461781	0.18822536159915568
DTXSID4021842	-12.72712018831005	-10.989110506577648	-8.68900156579787	4.541062250735153	0.9413315061133773	2.453483703239983	-5.082119452744944	-2.483608571162823	0.23736471676811505	-3.899369753385008	-1.756403535199759	0.9116514627546309	-2.712151510799627	1.8263721689543315	-0.011055747261888786	0.4535102407973191	-0.024964345791793397	-1.343781120419946	2.7998610615914603	2.4893788424089225	3.068365739888663	-2.8658470459137946	-2.015885161664125	0.059553903508585866	-0.6744639952683187	-0.7099172492640681	-1.6687307270287992	-2.3095236459149504	1.3681738495413924	-0.1384071050440329	-0.36065587688275325	0.12358946950423659	-0.413399209724739	1.9201605641203736	-0.8116516471399904	-0.3195803940147797	0.19995413407100382	1.4103682740201449	0.6532566216873151	0.7154310798446955	1.2145530860353926	0.5220948708231865	1.5133673679023263	1.4243903214864329	-0.7853341939265346	0.4651960095075231	-0.06816946979129078	0.102323142483846	0.5136189681388676	-1.247653446243788	0.5121519251204298	0.0810271478008129	0.9224888087862378	0.38920167306845743	0.14755428672409807	0.3364057212880516	-1.0537967360275382	-0.10209657101765462	0.7414522323383951	-0.16099167675499929	-0.4286040009546578	-0.34615291851755836	0.6216246127687792	-0.5653245855942045	1.7213405036405756	-1.0551436095217763	0.7281632015053415	-0.4768459978548218	0.050591530269506337	-0.28657489304118683	-0.33160738154016206	0.9959957611686194	-0.28054891773266344	-0.39786328736120785	0.18371815274832184	0.5756398412719862	-0.3542404816816187	0.03327647428116512	-0.4613806436645041	0.9024964749779344	-0.6205505947890704	-0.47676504596035363	-0.3770646396617043	-0.420443245763321	1.4907639786108828	-0.758689298141144	1.1790724500680076	-1.1795784497041386	0.42878831838000975	-1.3687888987513441	-0.6395514926757072	0.18147637321989615	-0.4881273991119571	-1.0254953407919178	-0.3760048492677471	0.03436719366363749	0.25836974443222305	0.7770197946708356	-0.9305104958886211	-0.5687018879764054
DTXSID4021977	-12.357277398597873	-11.7744410520255	-5.844696839406964	5.966474655292414	-7.157573563039431	-0.060187405909652845	4.610865100467678	-6.834353649443046	-2.7720885459553477	2.8135046633292493	-2.258030031388901	-2.701597554015466	-0.07188916645595338	2.1662384970250246	2.6252684645804463	-2.7424686940700242	-1.8348339045007132	3.2296251227721946	0.891070673850515	1.1226147850228145	1.4612672797032977	-0.2338159373551098	-0.6558655107637115	1.3910091715447603	-0.8704800876604541	-1.416520203459398	-0.2507064623005985	0.8805295726939673	-0.5346320610503087	-0.39048044724676795	0.9164383369432911	0.38434849433482826	0.016306918548017805	-1.1070248826233438	1.4177966341178785	-0.11253177639471237	-0.164272039787867	-0.21844477815840058	-0.6321090532058364	-1.0470852132766466	-0.7492730806666338	1.2576251167468424	1.1871720157614436	0.06741026409801608	0.24397016044417535	-1.0305247950220893	0.13143181175931526	0.08304052779251705	0.707733876617189	0.6678919744235402	-1.6744535459155887	0.39026087084455674	-0.38183520250504616	-0.14945788356911824	0.38785063866238545	0.019239906474773555	0.35177115637653233	0.5434305804254763	0.11856146521319239	0.04548676314088139	0.7708567095544242	1.3086696999003498	1.1584428832940121	0.5974864072691433	-1.4089052290454154	-0.816597079359674	-1.0556942449575528	-0.35660292101712665	0.32499820181729927	-0.8167450135163375	0.21234971790077617	0.3790356873522803	-0.9734034637761011	-1.4109264650527225	0.6599105781706665	0.16143397591803013	-0.7314519357502532	0.3178990741551523	-0.18182899760098742	0.5539911680101177	0.3071327314016479	0.07980806543763774	-0.12113107958771632	0.26145300789283565	0.3274528687212794	0.1173120909713259	-0.17453795569865396	-0.46209440220236875	0.7936599534304305	0.2849175259392849	-0.961977183121858	-0.3188238937900372	-0.7357070994670274	0.546200824269827	0.14762690464676087	-0.3117873344134481	0.2914545507078777	0.06284216228781664	-0.3696518701695632	0.05941190631948654
DTXSID4022442	1.7085027504718822	-13.184858750091017	0.3388103861085228	7.192855426336672	-7.603492027932697	-3.7147651849875207	4.131092608546495	-8.92200657080011	-5.781920003896323	5.749594725980229	-3.895031914857568	-1.2755417044343897	3.7122385630615087	1.1592047298949824	4.954186364076547	0.35318921123479613	1.0554470833568903	1.3110936892611063	3.059796672151047	-2.092747686257476	-0.39447712302284915	0.1514791035305027	-0.9763144265349221	2.6994030557226854	-1.0072580977295893	0.24908279939765213	-2.7038089632358457	0.7726142612324137	0.18137303424082496	-1.030267596520949	1.0067192150678537	0.5706628421986785	0.18972192577792793	-1.5865166158276782	2.6333022219258417	0.5042555782081362	0.6968803855436484	0.5158431400551848	0.01351863835405574	-0.9871430311379541	-0.8266348758329334	-1.582218073914381	-0.06626675161469865	-0.4696950615171769	0.8424009521544048	0.3598825223523218	0.4289810373184176	-1.6589193575893737	0.5876201481660616	-0.4568579707102189	-0.7260332894739804	1.9313892373318908	0.07799572582698362	1.6715332057122034	-1.0629990463696033	1.5849196228717444	1.1068873098029588	-0.9176329567571226	-0.08735654111900118	-0.5967236160299764	0.43060634300599104	0.265021337557698	-0.21972007145549902	1.2246834386652046	-0.6815803025828706	-0.3212754429817888	-0.7670493247689779	-0.8285329628259287	-0.23085226435757075	-0.14101112121016737	0.7562748815091456	0.0697150218372612	-0.5163981335048404	0.7448661359339723	-0.05573097198966468	0.9107046652711097	-0.6192938280587733	0.04172106109368931	-0.5225338839851796	-0.27862814805153546	0.0581288730497881	-0.4045333073165904	0.17834087646453337	0.00546567203305345	-0.413664873334559	-0.24312940364666177	-0.1818543786261073	-0.3328446447217194	1.4432585953572836	-0.7032694242640186	0.30899104404498584	0.27556788614135413	0.015147397974359482	-0.5618461986519481	0.734478613048407	-0.8217054937789582	-0.2220966254824488	0.9221559986192391	0.10152600856637486	-0.27021099525201314
DTXSID4023202	5.657253945271634	-15.911000383160651	-9.8101669636638	-1.6734057628931287	0.7263338086915536	0.2593532937344405	0.2442620728701412	7.92639955578367	3.891734141130544	2.0691921211109108	1.3127149141344403	0.726293851068572	-0.1930021555428587	-6.902401397426797	-0.044730416068766286	-0.0353022549217547	0.6797721027177273	-1.112793128992353	0.024377755605866216	-3.0321062184979817	1.1332206794768616	3.3265403088397707	-2.18757737396106	-0.2282769697617984	0.05771210043063137	-0.22513986057854765	1.4417224168464193	-1.7722444982127106	-1.518373463094949	1.4828748473624593	-0.7682272777160136	-0.15045607475621736	-0.9969109944496596	0.9499753319508615	-0.3037826712368177	-1.1598448679165372	0.4618487355426967	-0.07703447512982729	0.6515932087121886	-1.4240231260378589	-2.118553622848103	2.1601614470295516	2.022396037036203	-0.3083108682978045	-1.543889063975571	0.3878550016597702	-0.53571056828723	-0.30540584980062185	1.2285817247903816	-0.5885068937722232	-0.02645672174587092	0.6026730955285733	-0.47082898707227205	0.12778356911918007	0.26312686296633003	0.2749282239921049	0.8368409403651794	-2.1081927322901404	0.44621162663368646	-0.10426362346154074	-0.8779486243481845	-0.7958586266275041	-0.6544607148340303	0.3426609982032488	-0.01668133598360224	0.8453571468225669	0.31240983078254675	0.28124412890576966	-0.6562171867312256	-0.048815672927437076	-0.0013074186259674596	-0.48803556538198917	-0.08229703874453131	1.1629304126992552	0.8469811390104154	0.08221464200492543	0.9513941269013736	0.29062171439036627	-1.2347141598118259	0.5700674017538004	0.10414442499316025	0.0908946956892431	0.9814626835665486	-0.95831702221735	0.6373498596529347	-0.6988159815851381	-0.1095889897037151	-0.8004847039792267	0.9067816929067181	0.670483075520582	-0.2645714503450975	0.1669635925456124	-0.8311234066483681	0.002450234304799432	-0.1718530706127071	-0.3476333704259975	-0.1108069670631429	1.2518598422219345	-0.017983029788192488	0.6800480335322935
DTXSID4023541	-9.248532995601337	3.390492573177016	-4.608563124234365	2.8222616135440726	-5.4428626305602155	0.9796817134254044	13.361784052914427	-1.8979325563576497	-5.855196824186121	6.171569070553652	-3.906931813251944	-1.360822707232728	2.202701890283401	0.007974526873996995	-1.156726573238053	1.5574805763213908	-3.446565092533284	-2.0642512373429005	-2.1888181163480978	2.3732644754551306	0.5542159473854567	-0.2995485635760048	1.620576865032697	0.5930764482682398	-0.7363395556123065	0.4285315433838272	-1.868428571415436	1.059595968225974	0.14646273163921578	-1.0689703992700976	1.5649098934862287	-0.57362551725408	1.4961780699369942	0.2852271919028436	-2.172817999617252	0.056324023815453726	-0.9148093762421793	1.7564317430525385	-0.8105730316211907	0.98658612465508	-0.13545497563060283	-0.7027506186221604	0.877782100522429	0.03264099599365132	-0.5663969891708143	0.12064693302589098	-1.7494813755778718	0.3744795724754113	1.4134312955890507	-1.9351338515739682	-1.2007152878976168	1.2056989424344975	-0.8849647862774791	-0.3121783877364377	0.4015279795338188	-0.09049884366969982	-1.215067311279122	1.1262303913827185	0.510027181777933	-0.1682639204946051	0.2940360263637417	0.9088652379180342	-0.49896360676124535	0.6142492918932407	0.05900473500747135	-0.09403091091504723	-1.2892645111371361	1.2642764332730536	-1.066931919518805	-0.3402850238715831	0.21103401126811272	-1.3390804296195964	0.4295464019685302	-1.2512967323934427	-1.1466706132192506	0.983746752176186	0.10318990189762965	-1.5185528862020865	-0.46029806857180183	-0.05543682971007843	-0.2346281435585587	0.7497107043012384	0.2111198338759622	0.44881070883916735	1.5555123449876977	0.5294604857959653	0.19950318345299342	-0.2846523718949351	-0.9990114445158158	-0.9629051514509547	-0.036405640598927556	-0.5886441955629176	-0.09946706503408953	-0.7192624116923926	-0.9824831678904206	-0.5868388742655544	0.6530983671717066	0.3627506205585922	-0.4360525266755442	1.2156757118301011
DTXSID4024270	12.749542002700817	3.1353390453256003	-6.605953548643528	-7.7418440803353	10.158694903565484	-5.312088247868822	-1.3164126563856748	-1.653068820548026	1.2128945820955646	5.290528209570777	-1.6337954213393209	5.849101579167035	1.1463085132962647	0.984080798510961	-1.6243058079365014	0.7457912097600755	-1.54286309761238	0.8443883530152817	-2.4536643264478704	0.18100178682980234	-1.654080181172559	-1.2420498068116606	0.6513283745005292	-0.39720886431137625	1.2843531465061488	0.01218168994734601	1.261703138578922	-1.12116837402147	-0.406535414019821	-0.8360406747704983	3.6474523278705124	-0.7388543843831722	0.7036645519922735	1.4698439895752338	0.36418133781716433	-1.0459203211952308	-0.1960850535155108	-0.8033943222616471	-0.6191012690391595	1.6421372495547082	0.2642560974446418	0.26482108484851286	-1.279549154406549	-0.2420635368537968	-1.3410874932062915	-0.22620474675044117	0.021209378051920205	-0.29806061531125977	-0.27217566064100374	0.026626414129947044	0.5520127155745279	0.8843644222120176	-0.16414225054847498	-1.084507129305706	-1.2633171302360182	1.3145282208776927	0.5035045243431421	0.18832366892923796	-0.9868173010876045	-0.20313240185031992	0.9248041439207321	-0.2157868461834232	-0.5717291995128782	-1.3031505718617928	0.22800502517662946	1.1074069630557124	-0.39693275670919526	0.6611765781532215	0.0664020585782686	0.5687654318360618	-1.0605674319792802	-0.7747238219145229	0.026874371586135086	-1.2006085560935165	-0.01703801556901841	-0.05555768749999986	-0.9650684730253442	0.23412424837129242	-0.2870132753363218	0.48533300732381274	0.859866409761507	-0.05637235157812103	0.09510687087885458	0.017597246183042172	-0.9146390971213423	-0.4491940717026286	-0.15761255027775486	0.39646567470390803	-0.610589747445245	0.592073652648294	1.1960691446297418	0.5857527997202612	-0.8745675727651038	0.049036118739998386	0.5873110804117211	-0.2923047854696841	0.8190189631558884	1.374785312925578	0.2749418376358679	-0.9085272519244799
DTXSID4026769	-0.6513963550379697	6.482620355366798	11.145667702072569	-15.19090524076664	6.218732333227811	-3.9287094045003546	-1.483719450852567	-1.9185855220675188	-7.102579605337398	2.307052535737933	5.9263982531376325	-6.290796950417425	3.052173000264135	-1.0059289896172963	-0.7588300880071166	2.7727739536322344	0.3629103372847381	0.350741072025966	2.1009574519943452	0.7084768288322322	5.464764199701981	-2.446418688669409	-0.34505861738520793	-0.24478185260589563	-3.100921832587167	1.1079620418256397	1.5312377965995978	-0.37839391707469305	3.3421894745235186	-0.7600034915260292	0.2653419169223517	2.705172454673138	-2.0333462428581117	-0.35911609650461085	-0.3043877225120332	-2.1493018030485396	0.026810624210279636	-0.3632474291958714	-1.007754718926609	-0.4392758297210218	-1.4019095184373274	0.003847562146950646	0.22545272390197044	-0.8953832820919139	-0.3567241294126655	-1.6533131130479357	1.7568284615977166	0.9848924920176398	1.4487419347302208	-0.8880920400509389	0.3816184458914111	0.5783213584248298	-1.357166195042522	-0.29877326031759477	0.17599655104429093	-0.09986642005646432	-0.8770330667134179	0.7776508825489082	-1.9053354288745106	-0.5655480110613913	-1.2572622642419273	0.07390845782869908	-0.15962778437105826	0.7723595524233613	0.9248832330655061	-0.7854134098425268	-0.7539148458805037	-0.8832330048883192	-1.3175068191608184	-1.523591426098232	1.0040496464442374	-0.2153171353840488	0.9267368780299688	-0.5084838956707449	-0.00578775753180558	-0.11138432326854183	-1.4990132671001313	-0.2933469266017545	-0.18637142256933986	0.3347968879310345	-0.9161972836528307	0.06002647737496056	0.13083079104253767	0.3617693531162446	1.7502427914216296	-0.5023121003102443	-0.9265206405125814	-0.5958758096028666	-0.22281209394972692	-0.01348947352743415	0.23679362439444698	-0.009310156362477832	-0.3294555500987869	-0.11670011588232038	1.1875187334059718	0.31014320160147485	1.0006499397558521	0.050629756792455245	0.6661326172641374	0.24364927663684346
DTXSID4032372	16.61755059970646	-7.861718914590904	-6.246688682218546	-10.875927631196362	-0.05540346727935395	-1.5776348770767696	6.413825503958435	-3.6011931612737156	1.6156335702704303	0.9360456390477476	2.0443309140848758	2.564811669208006	0.8138541811413217	-2.2712690660895225	0.700962475028934	1.2866919166036437	1.9909613446526855	-3.884421261104932	0.8914470581423191	-1.4224091970335204	2.2069060007595986	1.2851410906773113	2.207530882107288	-1.875022504969182	0.5824429548583865	2.9016079642435733	-0.7494946946464378	0.4578996816465664	-2.807975139614104	-1.4417279915287189	2.2492080031081456	-0.9585204418673824	1.6511179357217622	-1.4936086071604209	0.6021032984815584	0.8942955626296717	-1.4956861550445744	1.040017521875645	-1.601203991016444	0.4863921164100914	-0.48013141001994103	-0.1177205017317633	-0.2050921363466187	-0.0802116674936695	1.6568019185448386	0.05350619251675393	-0.9206740865402714	-0.8539494186685221	-0.9209562194403568	-0.8831301776874596	0.42311337968335944	-0.6869987765630631	0.09721051617079447	1.7143018935552952	0.849264985831045	0.9110193243572631	-1.4139811674287641	0.6477141925038448	-0.707984420181442	0.4137116971805971	-1.4159682768289377	1.2897715482655756	-0.7465756805447374	0.27932703063578956	-0.34193628518874986	1.1212433941332136	-0.3878394743746546	1.0790582584679835	-0.781953273820764	-0.5666408608998268	-0.2295061035835226	-1.2067143954758646	-0.27643433679586	0.26193134000882284	-0.7414829206517021	0.8748812509974353	-0.920487145035962	-0.825768362907671	0.5197515205388952	0.7856787863318981	0.5326827216637096	-0.8030497680824179	0.3957324244693296	1.2440076921441245	-0.12046957879592801	-0.40830903470533253	1.4342465519979928	-0.17898480355706103	0.5340472317696425	0.273842841087123	-0.28568222254868064	-0.22472804901955898	-0.41187376710487217	1.8292374199607324	-1.4916669013444521	0.5076182953415312	-0.4640090785906994	0.170203743595697	-0.2814566077061869	0.0017629246159537122
DTXSID4032532	16.427432222327205	4.746062180012785	-8.012364307714934	1.9935238009650125	5.725796951432356	-0.9067339890338927	1.9190412933910301	1.8793222327103147	4.81023334626331	3.786295649254299	0.8234060923493545	3.651601037928364	0.1587202199616471	1.9764890398896084	0.2293702638204638	1.3646666777083363	-4.246795890620023	0.28673620589454674	0.14832367405252564	-2.5892085703697156	-1.469192216250787	0.34894281178841335	1.5515539484137064	-1.8661462800457909	0.11115992994196004	2.481960765453916	1.8283355054396062	-3.538361132540452	-0.7872215863587418	-0.8657147533800784	2.265552997962533	1.0112229485977124	0.8538679477991182	-1.9377092732472616	0.7973549479154489	-1.4089943589068552	-0.04804219756494693	-0.3434385482296483	1.3329810311354073	0.9486747685199096	1.9575055987516912	0.44394465927517124	1.1866648568010816	0.3745575196994758	-0.26176970046188786	1.3121587540310673	0.15332454454194935	0.8908973798946875	0.4000986542214067	0.2981072329345052	0.28619714837847765	0.14667320408698253	-0.38754880287640514	-1.037403627399541	-0.47790185637519594	0.5962605867481334	0.7433580791487637	-0.3419210621930175	-0.3906358304539381	1.2764063803479906	-0.6200634107430925	0.6946689038236459	-0.46323119273596586	1.3397512465583985	-0.01352909370721126	-0.045942242806211786	-0.6071069035703738	-0.8605165893965393	-1.3846615194204461	0.3786561424979497	-0.1612912622121208	0.4019050743943703	0.9701295801683053	0.8385974222952812	1.2337269360490932	-0.6036561411782123	0.9872352712383073	-0.6860077223541348	-0.1638772808960288	0.7379312535809184	-1.2905162807961	0.29190073150886564	0.3332089129568289	0.12260572393265556	0.8631609372612872	0.33707813273690856	0.22578776680259124	0.3200243498716492	0.04179917483701896	-0.12337707059565944	1.2065179378496678	0.2572428566265734	-0.32598712479999903	-0.03222292322335282	-0.04261870229951379	1.6943720058028697	-0.6680666863321918	-0.05967889328292354	-0.9536219064974617	0.8980026426007764
DTXSID4032615	9.72688718641243	6.480049740172994	-12.557084534471663	1.168226195303691	5.497860334841409	-0.8478316364922749	3.341125376317141	6.226020377098017	4.529761982156988	-1.862868370797883	-0.9407671874626455	-6.382883767012757	3.54127855694784	3.7691361186311445	2.0158752433595035	-1.0292954636148506	-3.095334095064143	4.876069653159436	-0.3401613936965913	-3.0557509575532995	0.1895362823820682	1.136651970660765	1.0749777022004166	-1.9522552234951371	-3.255400512971854	1.039816661304026	0.20778748806219818	-3.5445084100183344	-0.3163854125926117	0.7626004130275413	-0.7934161734119791	0.5737850360049223	0.46112427473364204	-0.8781899316445123	1.1901097036755872	-0.8848205046441986	-2.3385107117792976	-0.34503708597307764	-0.9861803273757637	2.2043747269039224	-1.4835326277684244	-0.4043628534766964	-0.21379965466062492	-0.18013955178121163	2.420526571273126	1.8256108512536342	0.3644201925047733	1.3972358700250682	-1.922253459607488	-1.8983024623318943	-0.49705953785916424	-1.5649320653759364	-0.19386693040957267	0.43848659072830254	1.3176744495051185	0.17121746809050575	0.47928859027453374	-0.46033401311346855	0.10427983390070436	-0.5310006552478245	-1.5889673180830426	-0.01539019341717589	-1.484133477904686	1.1702685937251511	0.652919579275627	0.7588990779896837	1.0103018047626746	0.06679858195597169	-0.32826669570798095	-0.47009668574998154	0.0926993386350367	-1.0390518888856866	0.6093099225888656	-0.3944357205162038	1.1525021256803476	-0.6320077171820484	0.5647318434341216	-0.31638998705229476	0.14923445203023694	-0.5825544570229535	0.2386563803856322	0.1332679522289987	0.2828579282096484	0.08652845481091656	-0.03115796339988685	0.6830606271916142	0.5080061586564399	-1.3907651883283023	1.97122148521729	0.1554813788942899	0.3540570806593029	0.3809702394326702	-1.4642419731229717	1.4592194895605337	-0.0379895876799673	-0.38058678356826664	0.40590923112469607	-0.4457011529182927	-0.5280502333166824	0.6071771322517825
DTXSID4034150	15.616736057789945	-10.269214236483474	-7.990406333422941	-1.197818768375633	-3.118166983064052	-2.545260960256572	0.20515669350444365	-4.98275840996537	1.761499546588523	-0.05325018827679273	0.34818093061825933	3.6972801457163147	4.249686804507326	-2.285061735586479	0.05057450588611826	2.285543270792428	-0.22858398897605198	0.5341102818798217	2.4254811832815815	-1.309505123011382	2.55099226150329	2.0825685901195548	-0.5863297003424643	-0.7571620272337167	0.32703323318167865	0.6134162413622244	-1.9559128856377028	0.8401787578132366	-2.494891084372858	0.3359756746583231	-0.19198057062859958	1.323325999317894	0.11538929265910436	-0.6795196646797932	0.8536493954592855	-0.5321293160979726	0.14217977508594726	-0.7210607165297891	0.49682602861326475	-0.04697600608265234	-0.3075267108747134	-0.38796822913321044	-0.6979873577727803	-0.6905371719793042	2.4517142062209647	-0.13066564893349297	-2.737797455133019	-1.8063617333095363	1.0931767105609256	-0.5891389797736648	0.23076126385780849	0.8767969012387774	1.1446539678406182	0.40481101454200863	1.8700677869761835	1.3425802026000793	-0.5256607811039711	0.22321357511850684	-0.5001242990707846	0.21843162495248067	-0.579372577572547	1.1447174540284049	-0.518997422826627	0.6094314002642304	0.16043334234345058	0.658730891000532	0.039139750470609254	-0.257250425289622	-0.665999641414021	0.19761375886682483	-0.2838047436497577	-0.26789938304174726	-0.5581945822877457	0.10839994053512905	0.36496563446253183	0.48266462767590024	0.058231695379185974	0.9273014548386461	-0.702868303184315	0.9390782973299038	-1.5544184159498466	-1.0559405856211557	0.05766718921106656	1.473264797598243	0.36247310628192386	-0.6409150731122479	0.502864383192473	-0.7088478028844073	-0.12618426557513207	1.4098413298602595	-0.46127359809520946	0.3601597102123544	0.6980934090225077	-0.4850532952474333	-1.1365599433118239	-0.1415044607193793	0.23318392773981056	-0.2422422659902298	-0.39752290859626876	0.5523845985012109
DTXSID4034497	9.528364832440639	-11.735058579033101	0.7960645021852549	-0.3055754964117353	5.2627577528050455	5.1654073390156	0.7437743155928792	-1.2440612378343907	-3.4203717434960272	4.492288294190499	-0.4583850845212813	3.00531559234415	4.768254619414094	0.2878251191215361	-2.40312201972299	-0.6807594040958621	-0.3461802874125425	-0.547566349998855	0.6128242057902261	-2.0084087502272516	1.1046715161211327	-0.5754839696683177	-4.1186063790620935	2.7985449722319014	0.21808578133739215	-1.2550077117142109	1.1981463031187418	2.0984771925917367	-3.358143334529077	-2.1748633935911634	0.422343537203495	-1.3265405071111944	-0.2521264029305409	0.2732475822496108	0.4435460820684899	0.4142592409266665	-2.245849566866344	-0.5578945069822729	-1.5075500605802024	0.412080355732826	-0.11624641439840643	1.8280627007000658	1.8922542141791174	0.7778066527492042	0.9644409444929294	-0.1691188017147931	-1.7926019043247563	-0.408295837522185	0.3741376998075638	1.5222618101956544	-0.8763111530319413	-0.40404365634334566	1.1650572604557028	-1.4873895259916519	0.7809148407220755	1.5605249492713797	-1.218117470485176	0.097032795583843	-0.31373123726608176	-0.20657952068238697	-2.0613617777015167	-0.03724685674731386	-0.02803809891226299	-0.5389547189453615	3.8214884672139187	-1.042472683549333	-0.944612778799994	-1.6409815391438454	0.8977965602551793	-0.0029060549321559843	0.5671774584968173	-0.8975449147018869	0.5746620061744412	1.4484197643720196	-0.9514193518744928	2.0456117153263533	-2.3422380763406436	0.1731819492158462	0.3607960289204248	0.5246149347201913	-1.1036872349526798	-2.01204131725249	-0.34090206381457844	-1.0495655400936332	-0.20858621497088292	-0.8629557400850603	0.3092533562430653	1.1437596708808473	0.027461021620149975	1.1903155424726122	0.34499362615017687	0.7172631131635662	-0.4544733712056456	-0.3409711454256385	0.8696687656227798	0.05435933144556838	-0.6633999594883624	0.5254177402575424	1.4272578375117035	-0.3652130486136082
DTXSID4034528	14.312433386342487	7.319488142262049	-11.897033444297211	-3.9998031697197582	3.1241251341120666	-3.086443485155706	4.744680548577897	2.3804676697892653	4.55278581770779	0.001009829626783934	-1.313245587249554	-2.7426797132174903	3.1829083084277388	5.073981721752602	3.0184559361776997	-2.0302459264187696	-0.918417939108351	1.6962184095975894	-2.5031163443112865	-1.078740614005698	-1.6004655614868013	3.0885061513631884	2.1364825366044276	-2.7388729485645804	-1.8820007353772779	3.721716506121803	0.045533719287415945	-3.742049933560499	0.051633433647346814	1.7584552066916133	0.11109004581693453	-0.06070913229073045	0.7318232360589512	-0.5889679273539099	1.3697111507097408	-1.0148446577643317	-1.058691792867596	-0.34372695042963997	-0.31683913712629747	1.7550165109141247	0.18169668137846054	-0.3859382974583994	0.12297559009066432	0.21507956395207686	0.048127716810296595	0.9326686173636993	-0.6941396494130955	1.1039699962799836	-0.615501338173457	-2.04282855733029	0.04116448368063149	-0.48954761932981705	0.14453265275404265	-0.015929199901916307	1.6799051372043072	0.24384882712863917	0.6091818850556587	0.0026055067259984055	-1.1249492211641448	1.2713155919070669	-0.3928002702073768	0.0973801081120866	-0.6093360445071792	0.1743709111213777	0.44327928376416326	0.09469201475911154	1.353942448574103	-0.5354217188688437	0.23028241587294068	0.6297217047609809	0.5847447151555591	-1.086273809399935	-0.008597319273681361	0.38283127301892117	0.8648641660709581	0.9830518567387911	-0.12803619974596994	-1.3797277509880574	0.4843320476452469	-0.1227911711075771	-0.12062253100544305	-0.16850214751304463	0.12208193877978643	0.5972677760638176	0.3893902383194126	-0.8134352632769504	-0.24971454740460888	0.15074388767579305	0.42911842546903434	-0.7749511857814547	0.13105798925607928	0.28875318957602825	0.3353655185848865	1.1965398725818286	-0.23743050996332238	0.17117664969267932	0.9145309095623753	-0.27709903472211755	-0.18212672360165244	0.5785614591596642
DTXSID4034601	9.003309494026787	-11.509751286202	7.012051641970157	4.477104522647168	-1.8730964282074414	-0.30378650714207206	-4.870127536036296	3.6921240252184395	-4.748263403665651	6.56261818186973	6.258863394083761	-0.5178013750706334	7.706744057637275	-3.2349904065970216	-1.5990100026038538	-0.09037066962458122	-1.0854439520761576	-0.7588597491694119	0.3704261496737787	1.4200422820609921	-0.16727562616678862	-1.6927656659119994	-0.24144806026071944	0.16735528286780704	-2.355752440355313	-0.24722222249716233	-1.0544876280855895	3.11409662645643	-1.03116207120383	-1.3692823737180173	-0.39180404091666315	0.6989516076875392	-1.9072142373968473	-0.43547203080656877	-0.7433586924876251	0.36932799853232706	0.8859326972988818	-0.5280300226632051	-0.3722877987984021	0.8798666316766307	0.012033945936039087	-1.7492533686706864	0.17166321584667163	0.9939477206639735	1.0305216795638752	-0.3744047515310092	-0.3907629030002881	-0.6328760369493207	-1.162329980842056	0.1875240263352533	-0.2662223176042415	-1.3573625886599772	-1.1853767056330013	-1.2070109707963375	0.2501643477329325	-0.49352661129575004	-0.9622492793816028	0.6696894643160884	0.13341541922632688	-1.625853476008389	-1.4338166856021703	-0.3796605155654258	0.7967493283906373	-0.21510105067276739	-0.8995013537109814	-1.39157551000064	-0.36529896636587633	-2.3970353017773105	0.49858714850745667	0.17706708293040904	0.8482679322382578	-0.71316241541367	-0.4674805112269283	0.5689379896796689	-1.3729174768708339	-0.5863431528565017	0.07408224528015105	0.3372291547377962	-0.2758225543412471	-0.6216663744369656	-0.2453943893089535	-0.36262288885325733	-0.5650981765453599	-0.784586752425095	0.02514603439550419	-0.5556101943576152	0.3179281548979994	1.7220316968826201	0.881805329052455	-0.1981341483311513	0.8841037152818206	-0.19171064194195456	-0.5633413756108465	0.670953429865913	1.228774693321447	-0.6463153661829896	-0.5660048459611561	-0.5061931236666083	0.6823452043049317	1.235120192662849
DTXSID4034653	11.69055515641484	-4.049534524433994	-2.8623645818718293	-9.53931168976873	-0.013096464075219017	-4.838361122094037	5.840963473616128	-2.9103182581714266	-0.03945910601111867	8.69259276164745	-1.2201225251645846	2.921698501525175	4.627164717272741	0.023927021817305147	-0.18059861986735745	1.0851691608699245	0.44005754403197817	-1.5954101091476165	1.4675011896354744	-0.9307730743198832	1.4287279694492092	0.37465428248224003	-1.5244568623185042	-2.3269163379278384	1.9803483746329358	0.5717137509915778	-2.771400370241308	-0.725023710562471	-0.6142569024356122	-0.38047742357419734	0.9156867686975076	0.49025341146439966	-0.08553417590342383	2.275384343948197	0.6848733753274049	-1.3203448357286731	-1.6722921336491443	-0.3184699969055098	0.5495126337721052	0.5338505217339202	-0.16562803165080844	-0.5696947086880392	-0.8536753518414697	-0.02615489794374583	1.6123757702145542	-0.7874795484979563	-1.8044193296530056	0.48687142192540245	1.3629575102298537	0.29526563604472233	0.01075858702674606	0.07472965553488083	-0.6907940456125801	1.1225544035327992	-0.5542398636027261	0.9464518126515629	-0.5787393760001927	-0.9093338885137847	0.011453336210847962	-0.6984293969118408	0.5755783829830831	0.8436929966443898	-0.894998670832253	-0.352466692189799	0.047098988483864214	-1.3990944600902975	-0.8674996591330878	-0.7841262305422865	-0.5515024193349501	-0.7941096647825953	0.1626974508057789	-0.3208742179912791	1.1993630359942962	0.7257590326198042	-1.2706892595694286	2.3647411631547075	-0.6762093916720631	-1.4025829920026909	1.1081461654026326	0.3703975044154201	-0.1640625751890991	-1.785467426490957	1.3746011339347335	1.6583243209405092	-0.41006168357422906	-0.6999938085980988	1.535983146437773	-0.5545820132029553	0.23652858162546456	0.7109162432047005	-0.22546943188930568	1.3187466022641778	0.35185507361785817	0.7302971162552786	-1.7290222874389292	-0.7599578646926204	-0.8031054092687002	0.09994440233579965	2.3693458282631394	0.2599395168293404
DTXSID4034609	14.145978541122249	7.42866162154467	-7.230215285745654	-6.8953927273361755	0.45277663441682187	5.036123491190184	2.1602794624819515	-4.388987301309049	12.596818708112483	8.05364750113197	3.1632551673500613	-1.0715517422161083	1.1200438934910164	3.8482452848026583	1.2028103577355682	-0.6877431410962325	0.4478381816723046	-0.21744839556400514	0.7576382803907395	-3.2100355043009823	-1.6166229679923387	2.191538285779994	-0.25206238401345615	1.6364324040675506	1.3315096254599204	1.2860874198570966	0.10246525512482235	-3.666840832157127	-1.6988615998477006	-0.04265807102679582	-0.5875718254590929	1.167498822733529	-1.0773477803839728	-1.8945445330828998	-0.4259378272466687	-1.4041834811772147	-1.243203676053006	0.667844168286023	0.7843608939867532	0.45311219151913923	0.2190415097572613	1.079109803453485	-0.5328023553129776	-1.2500803254863098	-0.48328911604650276	1.5057467222569199	1.6150235576574272	1.2066196204143014	0.9153558458134973	0.6804501575704129	0.7530002368619518	0.16806059473265908	0.821198970786787	-0.6271833524556483	0.3247976857653864	1.6057529105526112	-0.31778016197394887	0.08460916590106099	-0.9293811935615871	-0.25888686008232076	-0.4157881073064853	-0.9637174775568244	-0.2872089380685376	-0.405280953385374	-0.703098157495183	-1.1531672903341321	0.524575141344677	1.1969567049275267	-0.5645795538097623	-0.1921961668119768	-0.4342207199791011	-0.023336378148186992	0.07124737571614181	-0.6266206326094728	0.9572076446410072	0.2977156132482051	0.8392343880830503	0.20479476024605847	0.7608567516644934	1.1439523747430587	-0.7332364173281942	-0.5583924766843567	-0.48992664071995345	0.34722496563509603	-1.0662213206185642	0.7465120085114146	0.49816346661788863	0.005932601758783984	0.39545283250963437	-0.10600938738791402	-0.2295445656152094	-0.744576891903288	-0.5343354500058698	-0.3958173694641068	0.265535517178852	0.29377837052545885	0.5343250765857684	-0.5858782417178418	-0.43687027147177876	-0.2709407325195485
DTXSID4036435	-6.636073174110049	-6.800604077868664	11.338840762664585	8.416068805403189	0.23417650180604688	-5.4936027459339485	-6.756789038655951	-0.05854108209587337	1.0197901976311305	-0.7636379838898459	-3.9996264895140063	0.07610071236744634	2.911558587505479	4.235915919890179	-0.42734980016476093	-0.5762375019121947	-0.7175122091003406	-5.041235711614679	-1.1703389765451744	-0.5654953417528404	2.8576833795665415	-0.05674999448823445	-2.288235477656488	-1.1919204221551896	2.0474701464255016	-2.6808891450086616	-1.3838994565133484	-1.024419239677666	0.3710952077770317	0.05532676445929409	1.3111234315778337	-1.3662921409827748	-0.6394160726688954	0.8837298480000777	0.4973730877777049	-1.9005841357276088	-0.6694932275912681	-0.549316877502902	0.21308116393530963	0.2898802736731641	-1.0364036933872305	1.6045264390358045	-0.3208506806898653	-0.5047756949445392	0.21148915050766906	-0.2559646180820588	-0.8895843394884057	0.12480060424724805	0.753002144876715	-0.35142142345335453	0.21175282365638995	0.8020363532567306	0.8574971772049222	-0.14981732243646614	-1.9285414722772272	1.1302646401500174	-0.25538412604945604	1.6348566199377326	0.4069877543797826	-0.4798938742927036	-1.8088330975867741	-0.2702546972755281	0.4460869231444853	-0.3035716842016145	-0.31693210440122627	-0.3515959068872785	0.5901609053423459	-0.20964359281416564	0.7243512807743975	0.455257687441498	0.9653194780633096	-0.7524782761447569	-0.46040564156797226	-1.1769224848105868	-0.13499926636020218	1.1204391492780787	2.05042691147823	2.1920908486271866	0.049452782887111656	-0.5769976932421251	-0.7780149927294051	-0.7381192634670453	-0.8680322034433893	-0.785087730855512	0.19054385377781263	-1.1540224281268605	1.7746194284756074	0.25632685022865154	0.48677951544888026	0.013220041562496874	-0.5766255475705132	-0.7731114014596164	0.9984286708367656	-0.945487964360851	1.1934897501864066	0.4948445821651022	-0.9709871360154804	0.45722093824880666	0.902262818827499	-0.1280378349774429
DTXSID4041521	-18.025735983537235	0.11941418783771005	1.897235299712222	-5.106989518595993	-1.0799627534848741	1.1945791367571468	8.576479602593235	7.292778087313785	-2.388549226213402	0.23617084929130083	2.1362125335746778	1.8046593436519578	-1.6093564826089846	3.3030813968773014	-2.2372692329950006	1.7362144156852803	1.3892509372636028	0.47833302398748173	0.5130185075057279	-0.24180630994885507	-1.5995580083450451	0.2285028540198691	0.971915625048668	-0.8594809977480528	-0.5570412180625257	-2.117289936984981	0.14835523846922943	1.661644781186809	-0.014686570852896992	-1.0625240946411934	1.4787876154241288	-0.11782292023828178	0.7642114501225894	0.8941711688272871	0.541618963665086	-1.1375199349870013	-1.8294107975598326	-0.14719262034470051	0.36957361060544325	1.0561874826710733	-1.7440901227299923	-1.2361152590699973	-0.0800633958257307	-1.274972625422127	0.0011640600206962452	-1.242137034111372	-1.626751593766624	-0.6829120113271622	-0.2572215050104886	0.36702983341359247	0.2963728365217823	0.3979793891326966	1.7743386327070318	-0.32690292921777786	-1.0688638888384365	0.0004119701247176362	0.49951208110243267	2.0054981313084843	0.9950749458539244	0.3011565793598701	-0.38144953571564216	-0.21731373189511277	0.013856315168192995	-0.3427452137213356	-1.0934746200697625	-1.6328051191908965	-0.24834489691945372	0.6991444568982286	-0.16088517679045872	-0.34729341200034486	1.5809164828501276	-0.28987736599113423	0.6828548089239533	-0.034762695958382425	-0.03222857651864223	-1.5015628668927752	-1.0163551826258657	-0.1871957081901631	-1.0720404084155695	-0.25322610264086287	-0.13341803014729264	-1.814630936458271	-0.5523912892840841	-1.201333653850894	0.5082770493321597	0.2563955070010356	-0.200886118142276	-0.27069958353803025	-0.3431957736183414	0.4168493183758714	-0.7928396375618005	0.5363758631209657	0.49039185490578746	-0.5573651119709837	0.08255090809079624	0.14162494365033557	0.7333447934553396	0.8940189181751226	-0.1079321318416559	-0.182460959863972
DTXSID4041818	-4.676897093901545	-11.232694916659046	2.882263570014311	7.138781264331961	3.077509757262577	1.9786191754748033	-13.26096919769246	-1.9613860732729353	-1.6796182026268691	-2.119126113116116	0.8332900762612017	-0.5909786799073956	-0.947693818557765	0.9119561311944654	0.9405958446969143	5.024790968868917	-4.028318385481067	-1.3556680250430757	0.753083429366519	2.0509377987673796	1.5173534660980377	-1.2336552301828814	0.31508987540165806	-2.660013695549427	3.0904690353283315	-2.352219575494228	-1.285129376574136	-1.3640820905320665	2.161974105549021	1.2726149892126029	-2.0530188294857377	-0.8762473254909434	1.338639808402187	1.4950335713712959	-0.2976251666256022	0.6731341921188106	1.1480127669274034	-1.0780085580052523	0.3312497380085509	1.9760293204674566	-0.2971971898613248	0.6995390681456779	-2.2372776484081793	0.6971128278868053	-0.6429946223715275	-0.7075434684797219	-1.5781946190008007	-0.13029154820961017	0.3416334082851304	-2.0979746937996975	2.576847114588409	1.7383351361981538	-1.9327275212522692	-0.34078791576964573	-0.10763033437265838	1.4335676088209817	-1.2904780467166237	-0.25867404294932855	2.502146697759489	-0.35695219791361515	-0.06210062132934034	0.8015442342472319	-0.8558806821363835	1.0574857431423914	-0.1165536172224191	0.08676009814674274	0.7047039407564165	-0.3882055383002929	-2.2326966679105253	0.4046979957827122	-1.1524935733531503	-0.24041538244287441	0.44448753959288173	0.0598957308303029	-1.4064159110815937	-1.413109431558617	-0.18264884779831125	0.32698199791321925	0.008756973086584458	0.42965975658732725	-0.13037067227776222	0.06949761450165146	1.1843648564318674	0.26396095896894306	-0.41310593580407806	-0.03455966442976404	0.08767478297048212	-0.7514760835295776	-0.14493792630720972	0.07580313591381335	0.9764732056131115	-1.0248421711570312	-0.529487811402307	0.2351179578664612	-0.6777031262093951	0.9879202759468528	0.047205421404311804	1.2546630194396962	0.83764185328276	0.23454333342670156
DTXSID4042171	-6.0468457761392855	-6.314567936371631	16.555905934164215	-4.506778748525678	-5.148490533689705	-10.72811887975113	-1.923874363105512	6.058456461699311	2.4380787225194753	-0.4281285507731052	-2.3836418848090792	-0.3827832727654023	0.273306910106247	3.4812711798676066	-4.390922883535128	-1.872408220436313	-0.6747421326071041	0.8999927998552201	-0.5954977398370147	-3.60849288752741	0.8705749226776153	0.016620594230173025	0.6971096433562528	1.1403743795844736	-1.2195203406959638	-0.01801272978422163	-1.5594193736675381	-0.2339761927156472	0.16646381995372192	-0.2947754456259548	-1.1033677999340101	-1.9285369307597648	-0.8769568474032465	1.0640635114590964	0.33304667689669465	-0.5713528384695643	-0.5782096616473779	0.5867809496593347	-0.2923239068983451	0.011230637478419632	-0.1463807166765227	-0.4476182116463735	-0.3745677041361267	-0.47217740304026534	-0.8960347795657784	1.3776135180593312	-0.25600026089584965	-0.19803799657532398	0.18469508752048994	-0.0962270219341856	0.5682377239220882	-0.36790954856047814	1.8043379411822293	-1.1792810788807317	-2.0490087773378622	0.9343006311570128	-0.36487840756545514	0.03328498040364378	1.4797449025516543	0.19173488067342967	0.879117766895716	0.22280863862106137	0.08930419808540105	0.22246452449240006	-0.8282808244715405	-0.1811348974321157	-0.7745260676439731	-0.30144637421711845	-0.4524060932037119	0.9630527065675712	0.19151150921597584	-0.26146762921914724	0.12746009292293992	-2.0021280310293914	0.38623779839850764	-0.26791151277758724	0.6883449534426743	-0.20455819008902096	0.021235200980934284	0.2785780209888084	-0.7235795072563944	-1.0491155319267444	-1.326240153491372	1.0365553935934984	0.6661582367493152	-0.4295975879929506	0.9502419873672778	-0.6156162824942701	0.3342359383684571	-0.5482269566215331	-0.19859975019036097	0.34480410114666965	-0.32058079258944083	0.5916220669055949	-0.484192989016276	0.3661935346547492	0.08328523429223678	-0.7147629761865874	0.9912739534373559	-0.6092186958969419
DTXSID4042206	-2.774527531561741	-5.666910458218867	16.133439645563953	4.715972064276936	-1.9389842631989973	-9.866256117733851	-6.065868195015167	2.6646585436354204	2.4883846413024897	-0.2129184938762726	-5.243880946434635	1.2529954027256127	1.8152005913775815	3.1260769327051694	-1.0987621733456918	-2.237865434555704	-0.6766761885552551	-3.636044363083146	-2.0759884694529553	-2.052454697823871	2.1298692354206112	1.186877723014093	-2.0357660046801342	-0.5125625088824151	0.9968430648141452	-1.6439121515082982	-1.0927641298758235	-0.7434515552380878	0.8070634069696436	0.11232733264990379	1.5252120383388115	-0.7363671765760099	-0.27056669838909786	0.5434183792414408	-0.5199259727058648	-0.8835685447382462	0.3943559511390738	1.0033086673336833	-0.9640017255055908	0.7994461555431776	-0.5312082358789394	1.3403194981054114	-0.12910634868920048	-1.633025828858117	1.4078198903240704	-0.2121090654838726	-0.7183619593787065	-0.6294710321916543	0.7119633176756512	-0.12732210229347168	0.1208353974684435	0.8697962637239324	-0.18833110593263858	-0.27853333274122954	-0.9369986467854439	0.4987143382004141	-0.9092622027136488	1.1626028593130142	1.083030594904577	-0.5986406143191398	-1.6028921878148985	-1.2311582515116624	0.32717066144135665	-0.3509015039093321	-1.7736678170642415	-0.40492634137158456	0.5723194947267097	-0.764366111717381	0.7700051155488479	0.03095587530301699	0.6440404106644488	-0.6299158055777354	-0.01771908706779078	-1.4340962132508652	-0.18773171614248774	0.6724338473857242	0.628020793191327	1.7834977824745981	0.28110655230990017	-0.7926406221389211	-0.2433051998274075	-0.2508111350544789	-0.4849800447821954	0.5676515810865046	0.6200872045124066	-0.48765563461971045	1.0115714567242726	0.37000099492141764	0.5119963934296916	-0.4295857190424278	-0.06528107315871141	-0.0999413181348043	0.9949044199729187	-0.007690280001993981	-0.06335080689309663	-0.4212306638404335	-0.284900672014383	0.6458794331809756	0.13313126237234457	-0.2796334452381227
DTXSID4044581	-6.471901904427455	-13.094244184727946	5.666967433924616	4.794910276640738	-0.8117957048769232	1.7831689120529362	-4.04398172647775	-5.513571831913577	-5.997565821519481	8.383429065194038	3.7121533158243354	-4.585817776438022	5.521504274837076	-0.5542029016615534	4.024688150696646	1.64118569956478	-0.9558170279142372	2.175356869472965	1.5284641281190599	1.1099406524789863	-0.8792083068195901	-0.2591792670020527	-0.4136521707997095	1.2920455272120215	-1.794114879273721	1.1556740533204308	-0.8427694372863795	2.31776388045655	-0.7526035201332629	1.8360390566344729	-0.00941029900881473	0.44421738237508185	-0.19598195382092584	-0.1428959736037488	1.5773067745266556	0.9615685124531159	0.6112570034374792	0.6741126064349656	0.37263427596473153	0.7902587344252817	-0.1604708869694966	-1.0156038443069624	-1.2138580535240024	-1.2941599508366533	0.27427248369557633	0.19868464019727688	-0.4757064072403721	-1.193107737443398	0.28883429977548314	-0.8022310452345075	0.029836858399235795	-0.7046320668317848	-1.4198310158601213	-0.8943114119005376	0.6727444538107931	-1.0207133132244544	0.32590775557473484	-0.797372362650082	0.7463950235038069	-1.320155580592533	-0.5990844574197196	-0.39233187819948084	0.4433830029026525	0.11055087210596251	-1.3344580774614918	0.030888738949067435	0.816283752693408	0.7588395553571493	-0.3185117507768204	-0.1281029290136038	0.840387269820543	0.13817631654382614	0.36462618324044094	0.7918774561586048	-0.8014799076318495	1.42109446713823	-0.9466310189002195	0.5352133232749513	-1.5039593324906195	-1.318035014392039	-0.6252813743053295	-0.11818816430880086	-0.5729312994522603	-0.38929035938212664	1.63484900105979	-0.3333560289814769	0.07799731866635197	0.9248816640302394	0.713365566802302	0.2206775358864945	-0.6264431539725965	0.9862390238003179	-0.7338430168314634	-0.8311134963064606	0.2798126937879196	-0.9646453077907561	-0.11963090805192678	-0.4348887502777386	0.1756520048010956	0.15030404585199744
DTXSID4047127	-5.186000561636673	-8.020258556777616	5.43566361494667	11.678558083367424	7.95080266745496	1.6745177643672575	-10.649355127389693	-4.42218750985941	-3.066130629610613	2.181283215090652	2.8559126056614246	-2.4117422034531097	1.8845608929662907	1.123715967590921	0.6030636770183404	2.5874690200150123	-0.48164414708426284	0.08284446867534567	0.5595958347410074	1.5830319437685372	1.2631486589671754	0.10065575740137794	-2.488710138739619	-3.5152625912883284	-0.796641199745124	-1.2098985484021574	-2.061521030981992	0.03259124262345612	0.8682680377570963	0.5113391206377829	-0.075055188712345	-0.6187187917537799	1.4076395626318217	-0.06454115941832862	-0.047150135100259706	-1.9453770184757349	-0.1476926210214869	-0.8512237276571577	-0.7135992443991327	-1.0570321288061946	-0.7737607015769816	0.06461046889452621	-1.276969724650946	-0.30880087937968725	0.14492409809325035	-0.5646603050188564	-0.4875811334970002	-1.0149891847117511	0.16813097703856333	-0.4783004729978712	0.3026382228197907	1.0326311789566889	0.15341508018529973	-0.5091042616298467	0.00010409544689712056	0.18498001700281771	-0.24391745783640456	0.16061240452745354	1.534344602894433	-1.6437102435987794	-0.12562471105673018	-0.5865928184662084	0.9209255234639646	0.4271137568465872	0.8818082941985288	0.1937672903435945	0.09316874888638406	-0.20296750338775585	0.375024955854296	0.8767316701990887	0.30337409080140193	1.7780252372078136	0.1019478196282528	-0.29568376858461193	-0.4376290052684857	0.44911835613797885	-0.7071980337190135	0.5821122964051881	-0.1583677069756731	1.2732723266588482	-0.33090930780923444	0.3782921753419539	0.9705955312980398	1.4687330114060204	0.46117364256995325	1.1587287376466306	0.5717157895978392	-0.7060777219442995	-0.5155278863153844	-0.7754757918158913	0.7713819373183363	0.09023495330484613	-0.18834272681425113	0.10602857704056459	0.20765332593745467	0.23960007149537657	0.19416765070689848	-0.7166334593998388	-0.23682290855322483	0.1198706452764957
DTXSID4047254	11.577068983683787	-3.182033002256733	-10.250705887117117	10.153314404285577	4.658844570227929	-1.634160015684462	1.547461362882738	5.128617313850574	0.9950390066433891	-4.18102872077953	-2.591987536214586	-0.33170276229737816	0.008423705015269409	1.7279927334445735	-2.8996031247683014	2.2933390930567876	-3.670803673202256	0.7998501357305211	-0.9432451441108477	-0.31893432881370376	1.087182524565467	-0.9644710656714645	1.8874064113018074	-1.0387695023408154	0.5356510313096609	-1.3699638291686314	2.636225893470661	-0.3410995581920355	0.4981831226436744	2.076867713423969	-3.523665685963263	-1.3935849182626086	1.5305349009200855	0.03243874624041287	0.009796495166850236	-0.6935092119747504	0.2315081142671757	-0.7081960791410271	-1.8026407670748728	-1.1488185398943445	-0.4354712154300961	-2.046922058139694	1.23864649330006	-0.11775322441998402	1.0852546866278743	0.10303414226288186	1.5813793725278362	2.1243253345101714	0.7484044271016757	0.1634214512395806	-0.9414678772665702	-2.1091605633542665	0.05186699180337718	0.45208654888884847	0.9291020122395189	0.25174019648160867	0.3657753924552514	1.7438458669738357	0.006838611609811395	-1.8967341577866241	0.7252129769324892	0.2033651968029016	-0.928788687289653	-0.4320978788026826	-0.3847096810329288	0.6339878258543102	1.0098300378988516	-0.48223337589642357	0.6673654787877373	0.5301406543827106	0.020543329536202904	-0.1627293774112001	-0.737623404134492	0.9626473984243639	0.44989255747418516	0.33522365010309274	0.49784629190984003	0.14457726816401936	-0.24488791042812405	-0.1651558086868301	0.4303085529815301	1.0140814615860436	0.7937600328591355	-0.5101915132174146	-0.6061261219607726	0.39128510345704126	-0.517665478005239	0.4668941119772032	0.13737211135038993	0.30782617439075066	0.4624547786675151	0.2662747556743074	0.40016940250245825	0.01305162488211556	0.07646792374604255	-0.31239933832574596	0.1547288134665345	-1.3610318200054414	-0.8588439815865292	0.00010256883681628875
DTXSID4047252	20.19950745988573	0.6524859501768742	-0.01424503904175545	2.9523072750131556	-5.66681307438634	7.545795683362975	9.773181071981043	-0.04454901817309741	2.0136132851796162	0.27935985087107906	-0.5835868663768676	3.3270285957213566	1.5409385725255071	-1.325485842107806	0.86991743175985	-0.5972231790285458	-2.149499523326191	-2.8641336839545795	0.07130445506156022	1.619886553594455	1.1909528999055046	-1.9704701730096277	-0.7673054896008711	-1.541979922425876	1.1313737528790317	0.5949420253643408	-0.24124832131983684	3.1469028773611987	-1.2134234948711087	1.2508235541406427	-1.4634542802110568	-0.055804056181645044	-1.668109900530041	0.17822814173686005	-0.41029318385771935	-1.4894022377925589	-0.973792931447104	1.695263928217448	0.24088442551916983	0.06444318684842953	-0.11341835462599918	0.731627060751776	-1.030977022857547	0.38125354935394223	0.739135724837561	-0.5079021180448935	-0.37427175475025803	0.22033383111969976	0.6048961743720745	-0.11615938639654484	0.4903573512607544	-1.1531111388123354	-0.035621916967563096	0.09489282568826986	0.6042357385919493	-0.3571595868891013	1.0132262301498838	-0.6552656648813339	0.5062714154245169	-0.7174162346615071	-0.2935838772666205	-0.24358501033758115	0.09113044668613826	0.6774075767737943	0.06687338198995617	-1.1712009875819267	0.2626135668587501	-0.7593545377634228	0.4512772842084579	0.9221970992305911	0.09987381974971217	0.712832382918587	-0.1519534516902592	0.26204023098883217	-0.1899464013406967	1.079175730004549	-0.10095667532819032	-1.0037689191878256	-0.5056304708060029	1.1684664298553273	-0.33843820900257165	0.5631559731733548	-0.6773930113618843	-0.5573757988835397	-1.6083918304283442	0.5718049834642174	1.0507842206595017	0.5363285913793681	-0.24727127531282736	-0.1781076931642049	-0.5781121696186867	-0.3387240503206274	-0.1746096282048149	0.6892061288687863	0.30491780200770935	0.9387179656123307	-0.03446272898619701	-0.5850345035310442	0.3423095427804413	0.10816644808121063
DTXSID4047333	18.47311401094626	-5.073706839972301	0.19901065827969955	5.261906604721434	-2.9717921568165013	-1.4025069615194108	9.714859361404885	5.736104109841121	2.8633022045021193	-1.6256204254766118	-1.068673022389122	1.641599859459283	2.9844907057488714	-2.869751470136206	1.3728705414204456	-1.4242169034744612	-0.09178455804898021	0.373215752531321	-0.09578763812163552	0.091277323551943	-0.7650012297719296	-1.1175940322765268	-1.4709359727205098	-1.4471339819832443	1.0268085293786444	-0.9379507536270084	0.606411170599221	2.291440857823299	-0.904792378163989	-0.05865454390100043	-1.5079361549480825	-2.1254722020938743	-0.34997227777073253	1.716900231370139	0.9515321861449797	-2.2201628370622903	-1.502618409656367	0.9994924477385475	0.6788572449792442	-0.7090975982030766	-0.5447646962113184	0.06862451222112528	-0.0332486867752473	-0.8955796497398427	0.05326070626622975	-0.3076478095898804	0.9697238722375704	0.5812588604841397	-0.338008602451016	0.4313610771646991	-1.2700253777665103	-0.8112282739592837	1.4196008625996879	-0.17330632924810932	-0.021567934145983216	1.2158121501098824	-1.0847444773394672	0.8978407159452723	0.6594772012709779	-1.6799365671308955	0.34482332203312627	0.4328801710590782	-0.6208717307011622	0.8062648499264387	0.2759949004518659	0.013252578611037513	-0.23824225747766026	-0.6169195468853792	0.8645800631124579	0.3249311455639996	0.9466383556570137	-0.40216217667931975	-0.35743125509370377	0.606816126958589	0.7376948630335987	0.21419491920588452	0.4339368599667978	-0.47794603313895384	0.18905649813916642	0.5481067099167747	-0.8569022144270853	-0.26225157436700114	-0.9048016105190319	-0.020820463944019072	-0.9525834942768865	0.16270657885199027	0.9151433167864783	0.5683739474484738	0.8659951213689405	-0.29611387697182445	-1.1807624924939022	0.7697762957520946	0.7096822889188785	0.4135784642380865	-0.48580180633512265	0.6829523250576635	-0.32627464386278	0.38311100868287185	-0.19554208221993669	0.09770412412798857
DTXSID4047337	23.671764004067043	-5.38114533075335	-1.0511599986137234	0.8971034845067675	-5.513785631650006	1.7718662677344725	0.2923373623968887	5.729505417519262	3.6657998759103076	-3.856653744118442	1.3666510567416252	4.943723040237103	0.4274352502388122	-2.7506659100024695	2.339827361376691	0.6508054682839335	0.10245744918370121	0.8712897137433089	3.2207712389524503	1.3424213137253949	0.6280199678790059	0.2854601422187252	1.6533250582731425	-0.9522075262144899	0.00991996882646883	-0.5511026495549941	-0.0626958488653317	2.428099585323726	1.0153786905563293	-0.6845047077955433	0.7890387543143359	-1.8417021617328824	-0.41074979919608157	0.7871339025694781	0.15326529544714587	1.2610163461817034	0.5129176455299741	0.40137109052980025	-0.6691268013705692	-2.713815916790912	-0.3747675556563949	-1.0953702275236277	0.0827305562200099	0.06184657677720441	0.0002758771439281067	-0.22148378822206624	0.2703192479139855	1.0844986402600507	-1.0974419718804926	0.685988220223589	0.29740473502127857	0.667715605961608	-0.020060724582403093	-0.40911121839653586	-0.44899637930667674	0.31503172391902134	0.20356349119120493	-0.23833132223488276	1.8167322112990272	0.8569369827593712	-0.320783916518001	0.7979067961692595	-0.3504156107376077	-0.11720386730589223	-0.873686187264374	-0.5464872096931456	0.8115245074695511	0.06359400477502244	0.3762130320923049	0.03054250688244364	0.22620954668271226	-0.39391742892659287	0.47501659226101406	-1.1287303950797036	0.5776690119456915	-0.4871142791372961	-0.12350603537531414	0.1360631487612819	-0.18862940667722433	0.16740480162240165	-1.0480751372754689	0.23682509018841394	-0.21611198890921432	0.6936308314681809	0.5559045172669308	-0.7805902091251469	0.10573935979773548	-0.06406562113669867	0.07536223324356296	-0.0426627888316908	0.08064853337833026	-0.23705939080735403	-0.3410563319897829	-0.2583079950807144	-0.47959969592105584	0.6010557838579574	0.753921133454465	0.35754153119298515	-0.369680076223976	0.05471092900753106
DTXSID4047387	24.84968414054509	-0.5773221484779248	2.2567366639812976	1.0132285524266866	-2.8002383103244948	4.439910807824697	6.505881000071632	1.458821016331623	7.420962570766699	-3.338342287495305	1.8671497743664247	3.8519274138662283	-0.7076845758660328	-1.0995354373819886	2.3695200397490774	0.39706472848657	-0.4194581000897003	1.3445008457348742	2.1973645148223686	0.7722587616436221	-0.21698362458768097	-1.2003485479026046	1.300019916949447	-1.2771888405898417	-0.1549420035731334	1.0335580485585645	0.9974098536708388	1.4416260871053463	-0.5914088416227414	-1.1471101592648922	-0.5304062084376843	-0.3394234122267363	-0.7754164985034132	1.1020197097427349	0.2209013367229222	-2.060708698148386	-0.7308320945752235	0.8104308651622207	0.11517445218952484	-0.2372245250554137	-0.7653805226356634	1.3059926956050472	0.007459430009236942	-0.4720529606223644	-0.9134359704855319	-1.338903660162142	-0.3281639058889106	-0.17157956146678308	-0.16413696883247844	0.7497765403012178	-0.29551018252611455	0.17311457200728597	0.6227780275589117	0.04896277336720559	0.40016321107592345	0.9951640880713126	-0.2501219666157328	0.690996102863157	0.034147831570225315	0.3773362525669916	0.3367636297029575	0.10520164843848735	0.8330615765332592	0.29251102009587815	-0.08460970645182254	0.4380936131707144	-0.09893764948726523	0.3290652103629425	2.251552530388766	-0.685580474866043	0.3554621908936734	0.4247289610996315	-0.04076349049700338	-0.335056083705039	0.17677815449088222	0.8935377737280157	0.39688220684951764	0.2552748174998911	0.2275986533887519	0.05915434874245388	-0.5107001462655153	-0.9666082379169835	0.2948767260990958	-0.22705518727113513	0.2733866757597643	-0.15616179683730655	-0.18657629180016935	0.017552858961742857	0.5143260648941772	0.017430879124929997	0.4594819283784934	-0.19928483883829137	-0.05449517910985991	0.3674366707042457	-0.1592295631363016	-0.5006221531904257	0.8886489705293097	0.2548304027575019	-0.23893204300669696	0.1931926341764267
DTXSID4047339	24.335113305557684	-2.3265537830703207	1.908282901681259	0.4895494097365897	-0.5056151828001064	3.0033754495340017	5.551082843171617	1.0943296545436318	5.9431422080137075	-1.657553015186218	3.615655753035802	4.834468409681514	-0.31789385537775405	-0.10541527721026371	1.247079992400037	1.55365670131063	0.11013537376013895	1.5795966538142587	1.5999022048908709	1.0009030479330852	1.5470957796339788	-1.2731706289401485	2.527549627027957	-0.552448709510912	1.671713828850545	-1.2827275849819078	0.35186459744922244	1.1550679290392472	-0.07262281929364062	-0.5379747314785386	2.107568077257583	-1.913045190693165	-1.0694236792918503	0.5098601011096875	0.6949184614073909	-1.45765804091298	0.1246985489074871	0.735311248029396	-0.9257068880149031	-0.48345640123582406	-1.2438451630336793	1.3720347115021498	-0.470363792271991	0.8623379089961571	-0.14298690082257562	-0.1197313214607685	0.30460653963025985	-0.06887130869295582	-0.24308368722139465	0.10176616896032618	0.31922718905647535	0.20310628009368542	-0.30564458117339355	0.9776866814298999	0.9865018220487531	0.5785596016195075	-0.03737746883555919	0.6012118557832329	-0.03673053976056804	0.3588917602794297	-0.16446362422073446	-1.6481486464981725	1.186668555406523	0.38474048871390576	-0.0974093917864516	0.8334624627599521	-0.01615597594458578	-0.1292724578213644	0.9290120439786018	-0.3808573857699915	-0.5089924603645621	0.5020899152097531	0.6317134085992203	-0.34843365901477547	-0.6158714711041169	-0.3391745682341914	-0.073432539089003	1.5440168662524814	0.6493815940982799	0.5036482774128631	-0.2234305105003443	-0.5302780540564558	0.7051925537719739	0.8341408848280122	-0.3151107259192803	0.5089598873793215	0.4032236765514607	0.8852104966197555	0.3426643193230837	0.039148838728289455	0.45217431909750705	0.26237175832928333	-1.155256465107445	1.4529541857634731	0.6973242060447156	0.1450612985921414	-0.16244880267043127	0.3658318926543867	-1.1940422438310985	-0.17600093467632863
DTXSID4047385	23.262469038427806	2.546941543838333	-1.010563329531246	3.723876362553453	-1.8469801763525586	-0.800804132100803	6.740830559804165	3.618905592775742	5.995560912157915	-4.371777126559025	0.6528866963755169	2.9057260890122665	0.698846134270894	-0.9987577386281734	4.208049067077047	3.0414849436469265	0.92857384955983	1.3380683366922497	-0.17884990783422008	0.7467993491668945	-1.2834464118759492	-0.9647200050576147	1.9703567029520914	-1.7477749413026125	-0.25851235145784174	0.6999123892056023	1.3070836992468178	2.2974782609966895	1.888079137758797	0.31509759880916827	0.7752305931916916	-1.2163800184910276	0.11139205372857429	2.2697211828594424	1.052416355844165	-1.4969515972564502	1.0274131520762215	0.7956600937846482	-0.8021678267277522	-1.190267952915442	-1.442973166528064	-1.3319537501374217	1.94355758708444	-0.7941154659996521	-0.9557333588870178	-0.6829627480543877	-0.3738739367468967	-0.5323406843932094	-0.9625798442777642	-0.2844110185634177	0.3174267102695335	-0.6433968095279531	-0.07019671214804189	0.24074591239554508	-0.07276624365474053	1.0587129760167227	-0.7430836179186849	0.43889417831504596	1.0786815002122625	-0.553979648009889	-0.24511858327489106	-0.24997483692681705	-0.1788633882197296	0.19200191710688147	0.23906242079217008	0.11594157996581406	1.1667853071624446	-0.1519895567248941	0.8759891223351647	-0.6418480362396061	0.8547612005014857	0.10976314119258447	-1.1263748588094118	-0.24436867994019315	-0.2915260425579528	-0.2925063106228645	-0.42772192663388503	-0.23638120829140133	-0.6704381820131033	0.3120426894435145	0.4698425391351895	-0.6456410705332343	0.17646830408260575	0.7884461433609131	0.5374035420164467	-0.7627790925606192	-0.34777717496603294	-0.5191939799764107	0.026820346827522115	-0.6105998512895675	0.15275001781986555	-0.16431643479165658	0.26362354483229244	0.19700261012132012	0.5549188679640846	-0.18461877255262116	-0.18983064032529834	-0.4136311732943131	0.18892226698015496	-0.1434475233608001
DTXSID4047335	22.047013998838516	2.962803093465838	10.349872300891818	3.012526107505365	-3.450347394795121	7.426679002360565	6.5137884862231425	0.9344726744268554	4.07247069163027	-0.019998226343413528	2.9207104379087996	3.4268558875201967	-0.10062970188665425	-1.1559117558207352	1.9725446794226404	-2.143077665348933	-0.0732087329414569	-0.3673384709801188	0.36325031766828814	0.5272033461945855	0.6386713304631618	-3.8322386483081963	-0.4656370645355366	-0.04674428407163799	1.1737773163032963	1.0502273358994707	1.960822540917022	0.7893327460412306	0.1655390823280494	-1.8606521399552118	-0.8672344380557726	-0.186770308108119	-1.5716374831157993	-1.733156642817129	0.27667537101813966	-1.3259824664093753	1.1866194529843448	0.9715877253819181	0.18666893087632064	0.3149956306064864	0.9497060441352917	0.9363560577039916	-0.6049485388493822	-0.18457162169234656	0.18771255575819198	-0.3490786538196901	0.10515993143755027	-0.5789834163272145	0.585352988631245	0.38666176121446244	-0.23070595030041718	-0.2912192556201392	-0.3645755444509617	-0.4313827632832652	-0.24600007059764253	0.8511550212260426	0.1872631714975258	-0.8035772636145041	0.47079422113294733	-0.1600612683001755	0.9569542465234827	-0.11450314025560825	-0.41498192265043693	-0.14265047888682741	-0.9023944237168654	1.0444950844238017	0.6541273556123347	0.13045996337705804	1.396713390829841	0.3900778333487024	0.4375326929882315	0.7307726322745721	0.11886070358589614	0.8743943081224043	-0.27696400684508204	0.017681760609592513	0.051173212469717774	0.5918142756099891	-0.9204404519170565	-0.10355705461342442	-0.41726353594487353	-0.967732394403269	-0.5092553244134782	0.5058553380390096	0.6491773304447431	0.7758838571633304	-0.5371615469763716	1.0116478461391474	0.30653426229505465	-0.25721353139689807	-1.2582605640394806	-0.920089082235533	-0.39695928257873836	0.09662534062891723	-0.5897259897102647	0.5575544545246178	-0.4854763134292934	0.22867232011755395	0.1430461482387509	-1.0462843546529506
DTXSID4047383	23.701372592423766	-0.22908815035292315	-4.16654296988495	1.991628777437233	-2.358672560934856	3.4811059023093174	3.1640760128010723	5.0109758849681	3.823104299370983	-5.247874818679243	0.06263496709867993	3.761487333747481	1.1249947645190437	0.2140438325968131	1.869194083667336	2.208848436610904	-0.42041423698665153	1.7405466359329085	0.9285499323238193	0.42945462364885845	1.4844663891652439	-0.6534895954501183	1.7665919637387286	-2.44280746093248	-1.2196364173495653	-1.2413806216797014	2.660329501886322	0.48626656419997627	0.2444111156842992	-0.025706993563721012	-1.1668589343490734	-1.0747001935939342	-1.2935586612989347	0.5365606005849456	0.028980257705134703	0.41322087503187194	0.6603932571136355	0.7891212104371405	-1.8208101094023554	-2.5537613466809694	-0.25441044830834764	-0.21190531167091609	0.9264335105349564	-0.18842308070591596	-0.2323449282040479	-0.8743002507831849	-0.13440301510259334	-0.4391021293171168	-0.35696245269553	-0.4362883231687229	-0.11936870074852267	-0.38585232218389864	-0.5474523890602021	-0.42437365662218685	0.21856957271066466	-0.9733315184601199	-0.4357240171485025	0.6987332386436735	0.9715693748660318	-0.11616987828383986	-0.5186009187990979	0.261385042020099	-0.15783758917878618	-0.6375192857523493	0.24759843378047816	-0.34985976197830465	-1.5876172707621161	-0.10379779648741708	-0.5213084977135574	-0.4390272386470597	0.7791104214014504	0.5948384007706231	0.5602482056243878	-0.12019573889947663	-0.3023768334088691	0.8290397637482563	-0.22167719364644767	0.25729518044066885	-0.29588578780826497	0.06762466988136316	-0.5614641499290155	-0.33078413903110265	-0.5133263510515266	0.6081930275304619	-0.3607618281938592	0.052120891608534996	0.06169295810832814	-0.5494108319127486	-0.4742324588481931	0.4533102733994308	0.5688765846569682	0.38112010582696987	-0.3244753173867348	0.36679962958582885	-0.24353218132188922	-0.7074922958414427	-0.7042720967942537	0.05058510859074717	0.07119326738513904	-0.4672056951757098
DTXSID4048513	21.304234777368322	2.8076943374343286	-0.14336617183711092	0.6393128062469564	-6.512213728952991	5.490411593763838	6.854241446213108	-2.136855031365647	8.795696389250924	3.419707662010805	5.905262313960227	0.32708798247459053	0.22691113212205177	1.515262036891867	1.5434996648939971	-1.4141681087972398	-1.0250788931429602	-2.387400899817893	0.8785361206876966	0.6532869185419562	-0.9421692208117831	-1.1641678309161339	0.06763915981707087	-0.8812278978247722	0.5526416771242545	0.8226815021082484	-0.6524831949131196	3.0421819752175097	-0.8968277154696067	-0.9422306773028009	-0.3096320579247555	-0.9193611596954211	-0.9012570976511799	0.6852160076048367	0.2015467123616391	-0.39521126204997997	-1.7248531697014355	0.8409839346944601	0.678803246638821	-0.2567619694495234	-0.39773481312557496	2.2624335111768437	-0.5813139739372314	0.4385765162529264	-0.9825950704059282	-1.2147086686307733	1.6111383022547254	-0.3801621403621889	0.6688672515344292	-0.6871107380852508	-0.28363935041795363	-0.32578898204226997	0.3656946002765192	-0.5141650298489843	0.4177820354324889	-1.1201403643900696	-0.0408458910209054	-0.7743985022353967	1.1819338618916053	-0.37606655612991613	-0.40384737763456047	0.30388032635786527	0.29659299260046573	1.2462123713316984	-0.5100977128278081	1.515148767050785	0.4302849365511735	0.10120593484539933	1.5147173859679064	0.601306584391105	-1.035666998519845	-0.7495609126109792	0.9531719929395337	-0.3515964917139351	0.3376594355192941	0.22780133174827044	0.5958036058940189	0.44998673691423685	-0.46110700457262555	-0.5073400851960247	-0.7160674358837527	-0.08640535106090523	-0.30151296943158995	-0.3562093328193019	0.6013574211257185	-0.43158382138163043	0.9216039012929467	0.555942868966257	0.18719900789527102	0.00010113026666500403	0.619800422355665	-0.1414310856368269	-0.8858997358976259	0.18175201490537832	-0.0451286393776394	0.9945355862897656	-0.526038019975534	0.19079682363626738	-0.698411222648332	-0.3316778124756462
DTXSID4048191	5.085362950059011	-17.019117634542333	0.14160717272998616	-1.8329284434275586	-1.2883695959898946	-0.9155354676938355	1.2344665273097675	11.120929820939129	-0.7669891572832326	4.887316167926798	2.639282454878173	-0.3740259816977357	-2.356778625719242	-4.992256851290699	0.19008641673381296	-1.7953918574806795	-4.4090364791276295	-2.0753969531461536	0.7625021906490961	-1.3809885572614833	-0.37895131228008516	2.137095378620324	1.0854577799433205	0.1812908260006728	3.7197957576062475	-2.2412688953092563	0.42302199070067675	1.8207894613519193	-2.0960917141174744	0.10571537304683497	0.8087867128172227	-1.5400814052572425	-0.16888735545422895	-0.8324796015165323	0.16038438085518372	-1.865852721856224	0.45005259819920046	1.3244883348087086	0.098181446631922	0.538225909996689	-2.1622839800719214	-2.4790344150996444	-0.8296970887215493	-0.30622162623691135	-1.1368990128962624	0.49134871661319696	0.30379179018768715	-0.011847660149174195	-0.08607200424867349	0.47046605529346375	0.775863633983781	0.5847509193979658	0.48457819668250973	-1.6163880308263847	0.0917657520346913	0.3079571014524879	-0.7118971373619281	-0.7778971747547345	-0.07989905997213347	-0.8228695351135428	0.033306155968714626	-1.0484342747877262	-0.21793568972696742	0.25122355306429156	-0.9336328139794151	0.04305368467627552	0.701242724424012	-1.2432578077164127	-1.9033471986414758	0.6099932738735122	-0.5315378665090257	-0.018170509382412613	0.5160961975953023	-0.49027400940186133	0.9590046730550796	-0.03361882673804153	-0.28231735990597073	0.8069237232195697	-0.2471556438465507	-0.46155690298536267	0.17102989433324134	0.3493680315585463	-0.01959488253803676	0.3398925045298448	-1.1554710709424392	0.09932671061071789	0.20001767865396622	0.589983348339714	-0.5627164467419359	-0.5064668006473065	-0.15848092253006166	-0.09774740272538963	-0.8257149088921443	0.6354465126030616	0.621928550591799	-0.6953940439630486	-1.201299288249213	-1.8320132379318277	1.021227238934134	0.11509262625931586
DTXSID4048193	1.4236652653298074	-20.24267827524172	2.2032463427763274	-3.4505097136131075	-1.4662893855271593	-0.004012422016572062	-8.202685707106703	-0.7048010632542379	1.0739719747902017	3.7552790648697076	6.704777232000497	-3.1364682103663126	4.442492659773323	-4.728174458051028	0.8934356106912272	3.028702708280141	-1.88227271882173	0.7357648003882815	1.702929573759137	0.5863470381205144	-2.475641371994246	0.29484444672118576	0.4120004541233523	-0.3418676597604206	-0.9584437750482039	1.7750513957664746	-0.44158963504234683	0.8922038080884206	0.4500723501072385	-1.6008774520507596	-0.532734958190302	0.8831957265155471	-0.2205488352704858	0.12307266346498764	0.7123384240531018	1.687665759178473	1.3058702729023957	-0.9242419464733023	-0.5233268993733988	0.31032945550851787	0.44304156430460634	-1.078186901596988	-0.626621811140642	-0.8651605397777968	0.30525616196450917	-1.0148294109354024	-0.23849527692916692	-1.7602122633262933	0.12486109476029429	-0.5612858651133049	-0.21225736838053813	-1.217380802496743	-1.8906555513567946	1.16769316510704	-0.5662869493060567	0.3388505972960825	0.8047336264523934	-0.08093882358495894	0.32246855624654286	-0.7383379276081267	-1.5680572621082465	-0.3696493182386152	0.6023102305216979	-1.1761048944761918	0.7263927026019598	-0.9628564860882446	0.6910930797034783	-1.0431867223135947	-0.03733124134393003	-0.5139347626047227	-0.8879521163301831	0.5304014180090979	-1.0156544721375305	1.0922100043101377	-0.7298982473543354	-0.3216140197209842	0.25281648201480705	-0.6553951696111043	-0.14912322221901747	-0.4415614013917935	0.10725006208370359	-0.730155375192101	0.04311442086155079	-0.8205016441768673	1.4986827534855316	0.18427422669041396	-0.9316557686074158	-0.6519051109592228	1.0965757392808129	-0.1609736317912677	0.18625529918297812	0.8759793893806967	-0.8839193493264427	0.2222743283297677	-0.734274798579184	-0.7397131070520838	0.6656664052019265	-1.1494466379265962	0.09220243456153038	-0.95977813966658
DTXSID4048511	22.727675361674812	0.7791360504595964	-4.290449194312114	5.203066450268983	-1.0892580022743066	1.3803785939014888	6.896995786575483	4.73891856359829	6.661460431549575	-1.3900590088167148	2.020972276376998	1.5310147703525483	1.266804287648427	1.2410706047741717	1.5146919365021314	2.2471135079544906	-1.057653314293078	2.3785731842888946	-0.1776484482571641	-1.025349378516425	0.6437531803957561	-0.2773205525234194	1.4973757086615416	-2.673797408706485	0.3505707372479891	0.10046889848693533	2.034443717901417	1.2773164854988603	0.6369784232565086	0.9264839431712427	-0.21112716219287253	-0.0779220392289384	-1.0333329989656788	0.5102193983244263	0.6780938414605168	-0.0048992280207642075	-0.13706879649868436	-0.49439965982137885	0.3278982867066816	-1.111792395959899	-0.13700901320292405	0.10185673914671575	1.052302267358957	-0.2131989331841013	-0.1101467210804208	0.1360931176818655	1.7525887312461097	-1.313611614693769	0.7859637711802587	0.7942630554622426	-0.04546684383609249	-0.8408575592392786	0.482889717924821	-0.9011009971937363	0.025913968250007212	0.3934481679031062	-0.07661200755471152	-0.8713992335654746	0.537453544949506	0.25356548410803875	0.4006488631446195	-0.3806948556312795	-0.24620065042593944	0.6623676514497534	0.3125613429072147	1.0461684133450444	-1.1752466863045374	0.40534496428406325	0.01792305236546763	-0.2509432949102059	-0.39976033112129444	0.4053451078679763	0.5031162106236625	-0.24431738391158284	-0.009704424163735379	-0.14613427335884868	-0.21471042274024146	-0.28441027316317813	-1.2284540837429119	0.2978168982207063	-0.1332119025488414	-1.016930262145012	-0.4599388444716564	-0.8749052288346693	0.5904242945920503	0.23890470204117978	0.03030276796460537	-0.17172366410348394	0.27018058854200067	0.6294263814595209	-0.148007706555749	0.28330021694363633	-0.4100163431268369	-0.18610842583250295	0.46067438466238964	-0.6033800504014136	-0.7297656435306956	0.5879515673113563	-0.7013776302290077	-0.5296089164379764
DTXSID4048519	20.791929560985594	0.1885785816731775	-5.095379989566737	-3.3994245934288196	2.5264009085762806	-2.385503509956077	7.515763712909488	0.7947715914540299	1.9691348149705403	-3.2960656292480017	-1.378796331273078	-0.5278945024066322	1.3456863110120563	-1.024225123165491	4.073473834429996	3.1963497760098383	0.4003035687730191	-0.25177494208156986	-0.8439342893695563	-2.2636334981827155	0.755582674025076	-1.8947133693379667	2.961727796612596	-0.6912485670910228	0.5909989651148256	0.5825654677991361	1.9425492190888662	1.225023101530417	-0.8640995036278616	-1.87259932338686	-0.4566635974519703	-1.4289301771237313	0.9504471730396542	1.0064195879293882	0.6633579265444355	0.19037619370835554	-1.1930864140126964	2.070061228286356	-1.2026176415972005	0.38448334465932305	-0.1407400238593365	-0.7108684253597891	0.6470275453357132	0.1947523376194716	-0.3999064981159152	0.3035049752290944	-0.04860387610956789	1.7982818550996535	-0.9368325441653501	-1.4906715590946122	-0.147571360512902	-0.11989764939038852	0.43227073769580426	0.7170868297212158	0.8880581091642321	-0.5061341930598072	-0.27276944963390476	-0.12498011742989734	1.3795842705745893	0.4491418016069485	-0.4086110263785767	-0.6775261323226758	1.1421618233810547	0.11458951712253984	0.11099751911515275	0.2998499967721623	0.4165470788515961	0.5113739912178172	0.34622235289039344	0.4079649716722481	0.21553861665675	0.5693478815041456	0.3132729088048261	-1.292428539124409	-0.8430036280643987	0.17805204213652184	0.6173717571051472	-0.39236818417242747	-0.6825539591885115	0.9598343638565753	0.8129749796545442	-0.35711059621749414	-0.8166817446477018	0.5570650174080282	0.018929934282467635	-0.18088848224843143	0.3455273867608101	1.155800222136295	0.9841312674708655	-0.7079866055921057	0.17846087745285946	-1.8869195656360491	-0.9325759248983045	0.9428770277564555	-0.5725689825002567	1.0847964374065717	-0.0154501639369049	1.1533584223746627	-0.10550960679255578	-1.153670424070898
DTXSID5020029	-18.975541292621536	-1.1200587099786847	-4.883545433800016	-0.9763392253011377	2.7598483797974014	4.1846193889966345	-2.5882430278123696	6.362665303464407	6.321430188474078	-0.7358301973850985	3.001352997536416	4.039401642112394	-4.794874341843421	-0.007681278900535063	3.8539753533843824	0.4149148011865574	2.58290605299561	-0.45290160396289736	-1.6338548583573789	-2.965142128597817	-0.2312805246601056	-2.2590375920100216	-2.4508837943407453	2.9913920430314365	-0.7943892145917492	1.5960751221842786	-0.9829482476579949	-1.407762992662309	-0.8656442931800845	0.0521440432831488	-0.9029963683467014	0.6224961928823067	1.319040006564268	0.9130201590285578	-0.5487559886577142	0.7669771029062906	-0.2940731005720969	-0.09913587932190834	1.0667188037785507	-0.046579725992637426	1.5778464523521478	-0.42132174967776004	1.2717789303088471	0.5116795138384567	-0.6970118001080953	0.02451584028831145	0.13212401610064875	1.165602050298558	-0.2593166441813179	0.3144752904560108	0.7764259745647764	-1.4497317381734356	0.7707512783058648	0.6771744782327802	-0.21190660791836038	-0.47093203143050577	0.34374152417890586	-0.36156126689647194	-1.2535287707393987	0.06918665421966423	-0.2525493059687042	0.06272117079441912	0.2966336138660615	-0.6807313076965844	0.33131771356501494	0.14123449298978183	0.21027793661061672	-0.18593637788584097	0.1826167508894044	0.5078762996023427	-0.25238171177508467	0.12363734713401599	1.08196727580855	-0.23452619954730183	-0.30518656706693087	-0.5973084891491985	-0.15799347660966234	-1.0252942121261641	0.33134801802539116	-0.9781704379875191	0.33688337869106877	-0.06809679391734966	-0.9401195617795473	0.31044733397552954	-0.31219148632042576	0.12198978220760316	-0.47770871119370967	0.40688950695850273	0.7445505684634844	-0.14460422534501818	0.48767221348877926	-0.10036145319488872	-0.18965117148396404	0.35157707889365064	0.07172991923577565	0.12901070850992713	-0.07252687212840422	-0.2468425505699412	0.49137119283555847	-0.06997756549552027
DTXSID5020601	-16.579435845043726	-1.032672808636687	-6.0441052395544785	-6.887505117447335	5.672239301697397	6.479193420140344	3.70926232048351	6.786749653982793	2.0901786618262497	-5.599579537195959	-0.7053497279948759	0.8526559525884074	0.756750116025919	3.942059294695052	3.60456259291721	-0.47036123814810066	2.4431528572768935	-0.5623831609168594	-1.770522375320458	0.9534709112513473	-0.3227737869402143	-2.51924491335121	-3.173308906570747	-1.7387241508505586	-1.6243443312946853	-1.5469424085355765	-0.31520181161611555	0.7510569819655107	-0.4981454038627206	-1.9583361696824109	-0.8064679229136223	0.9494659552000163	-0.1452216212288565	-0.8957507410516024	-0.5581788219476426	-0.29792849501452773	0.18951349922262561	0.7336379682063672	-0.4786914735169456	-1.8936269762125422	0.6028076983341906	-1.4035374933025913	-0.08216097057362516	1.6388273991658144	0.11760605188831466	0.10201719376668832	0.35045722126237866	0.11865530000771705	-0.41443740022221837	-0.5318769438895967	-0.21616667689127825	0.1901770955188154	-0.21811510477781018	-0.6024513749641808	0.9332009798546237	-0.6585024076611049	-0.01293253078833102	0.6407238875163004	1.243604667290359	1.0295256103788586	-0.5849104095232043	-1.2207645372528568	-0.5516734194875406	-0.4833265268374017	-1.7998669070364377	1.0294879665525003	0.03789819264135192	-0.16569847234591736	-0.6144140917756035	1.0076773766321165	0.3533319166425227	-0.06739781224821438	-0.24621551645742362	0.011455018092726898	0.10149613440603508	-0.12777214067126738	-0.564631461031955	-0.3967809235991941	-0.6140708385658258	-1.016968883927559	-0.6173314116121956	-0.4158789792695357	0.885050832148978	0.4632400520403927	0.32852106175903467	-0.2505418318297638	0.4581051383277836	-0.5178590916863154	-0.22119569696263403	1.0697613170547495	0.2264668109291461	-1.2122880611361606	0.7207904984158027	-1.3013421628062742	-0.29006708226081523	-0.5590511952706938	-0.6243796426201642	-0.012183628578477317	-1.7147489528450879	-0.02222227771415127
DTXSID5020863	17.32912791615905	4.779102650860382	2.737562900760401	5.251777493864569	-8.212258282858928	1.7393335259735028	13.243872049046075	-1.1500833013477387	1.0080408587856244	1.30782290307392	-0.5792752569723137	1.5048217107489243	1.3797170219378472	-3.0400477698806587	4.14866793482451	-0.910493920770079	-1.0441739735729296	-1.8201265138343907	-0.2887912516650804	0.2876320415582493	0.19430696337203754	-2.3230996658451657	-0.6569203159070591	-1.92633080954764	0.03970731831553253	1.691682993200961	-1.6766138358484515	2.1521975342942166	-0.349881499554679	0.5874063463850555	-1.4495310628677696	1.775872828627285	0.9394773514722593	0.9373553949757949	-1.2248490044995735	-1.5366957265676866	-0.8350402332691648	0.7084575041081423	0.0024058207403665193	-0.10430131292541617	-0.6911275482723166	1.3254616054943382	1.0420173771607415	0.326475389129266	0.208802166285202	0.9146819070141302	-1.2965530512140355	-1.1703631959089251	-0.3782821231502348	0.25898147698816293	-0.47267320838241306	-1.3528719733814112	1.7253361613855431	0.8246131864658468	-0.5517925326522695	-0.594277068567848	0.495483035445094	-0.5420248937248335	-0.1781197071854191	-0.736451491099133	0.8525473933725614	-1.4772158173419252	-0.5966864150524654	1.8790115195447508	-1.8162048050203512	-0.39983451635667927	-0.33996974998535706	-1.3211231446978917	0.21403271286467443	-0.21612128963118746	1.292812720385354	1.0653379184823732	-0.6466332053416575	0.10343529967739054	-0.4164186347263319	1.4465899245060243	-0.1861902949307876	0.8682774918131859	0.7698243380750576	1.0028777699512612	0.3506434310877184	0.7138794933952048	-0.9209595120780648	-0.8866616358730457	-0.6175918886598283	-0.32495304687181975	0.21901593048325443	0.5232912079351626	-0.5555795111149132	0.23029317245615388	0.0766731049674894	-0.3221453467474069	-1.025473593465018	-0.5849362605005991	0.7081355540440734	0.3650213684355306	0.29331254904754317	0.6747148360109964	0.13744329895663154	-0.788109508443616
DTXSID5021209	-3.3574447359192847	3.6449975572171116	-9.031970071888658	6.009649194298023	9.233829594090135	4.166578827309008	-6.2542061193773675	7.541108472914224	-2.0181575265952256	-1.1901347329713565	-4.840329072884938	-1.419115937177104	-3.171758289558217	1.3951747410980044	-1.077349246875023	-1.2701119425522456	-4.143366176986828	-2.8540597262139955	1.4249327372730944	0.4943840116654561	2.0818055320500894	-1.4373864545433648	-0.7326296325372248	-0.5657448266784636	-0.19371850969379453	-2.6987623257920372	-2.171522225963625	0.701738359036489	-3.405728211571539	-2.2232547368104836	-1.3503867648818282	0.8436883755353198	0.15752095810441605	-0.9738863982027309	1.9998492785968347	-0.5472316247009306	0.47620970841764737	0.9764554824130645	-2.1155804020960294	-1.2435443862201558	0.7934670618920404	-0.9118210582602027	0.8565538990530248	0.8422078555824823	1.154061395185017	0.7068388327304681	0.2513377223424342	1.9589084205141245	-0.48609609873372617	-0.6811238955673431	0.11359628339361703	-0.31356099725922937	1.0315304810625447	0.02150915480491829	0.9940678485059438	0.2770109557112881	-0.04724787199979956	-1.0335140178343785	0.30409461446430486	-1.5747141699312683	-0.9572574399716653	0.8462466364828184	-0.3157186705696381	-0.8333060275465645	-0.34942353742425775	0.5493485069176068	0.9187716020340732	0.0836140718665826	-2.2611531331416717	-0.6987915760140271	-0.3713446231166753	-1.6355818956237906	-1.2660062400684065	-0.48622990125393745	0.2149432037538991	0.7269098302474117	0.1731024919426169	0.21650669399199599	0.2917167752766487	-0.3107620015669449	-0.7618218119688379	1.170301195677957	0.5407950886464964	0.07187825388133828	0.16187865140651064	0.7684095343986805	0.795901409710552	0.1328726633820897	0.04157837561863727	0.8466348496594605	1.02802357838952	-0.21499081923457333	-0.6697665988400228	-0.18007690674465857	0.0006490335442944029	-0.37712081553656684	-0.05674798090101535	0.5795982659248482	-0.5167583193660613	-0.6714273188916668
DTXSID5021336	-0.8441519951746362	7.118723556825284	-5.92073114104333	11.433872433774797	10.296892190569576	6.875971701215139	1.5370239922924738	6.215923599617172	-0.22156591961473632	-2.1039983840771708	-3.8542491532234946	-1.926011840010414	-0.03575209873502921	3.155126585945136	-2.179903135264987	0.6715542171516763	-2.022661224807825	-1.3581008044253455	2.2670779227882623	-0.5291274513729369	1.4642475587712593	-3.665102249314656	0.37531104069205656	0.7141800937677318	0.26456141783602743	-0.584169299246598	-0.16866307510456346	0.3224038062728277	-0.8428178321549761	-0.41142883222142157	0.1333576301922377	-1.6823766380866187	0.5592822602602866	0.19077804142819277	-0.32817380060855134	1.1360846357345182	1.0776896664956186	-1.0735741794477094	-2.274998135659321	0.7799852604166312	2.035064801925351	-0.8246099140818216	-0.1114909477757326	-1.9102479657107025	3.3132024280341077	0.19594882320196605	0.7111589561962706	2.07334079759667	0.6555817619878098	-0.3371334106411276	-0.323761018363813	-0.019151934907139116	0.5096506083288735	0.13478118690268884	-0.5068137299322297	0.4884563646765622	0.7758237725268121	1.2085708422692443	0.5711243504830726	-2.1202449264841903	0.13184899889599705	-1.0136096606981753	-1.3003608516786584	-0.09601390365865353	-0.6518376999891197	-0.28534758273917765	0.6220466816295163	0.1686329931945266	0.0476653954802306	-0.9702183999974666	-1.0668059579394127	-0.23749826059896872	-0.17670011042563855	-1.3612129036696208	0.2820023834068007	-0.4943371147587406	-0.19647195749286533	-0.2825591829358832	-0.23436889176360787	0.979596203916531	0.357842730926933	-0.26967202527231793	0.8240289267396615	-0.5503411134470583	-0.3888939646247878	0.5623814188929313	0.36904898274807413	0.1806704853159443	0.36024845294349794	1.814343940311593	-0.36674515826818027	-0.5046133930003834	-1.350406615921734	-1.2788451141315964	-1.3820673422494771	1.0202778657618818	-0.5448337964111218	-0.3213744510553132	-0.5916203530582911	-0.006817709424456661
DTXSID5021754	-2.55916520673275	9.595083605355217	-5.360375222726133	9.490442293849515	14.19412449366558	7.177221367960814	-0.6312832100392082	3.8542124474083295	0.7592625080067004	-1.4968559390099014	-3.4353960712436256	-4.568252028460877	0.3253791298074744	2.3780900748932363	-2.5997670452965824	0.9692713962850831	1.014547575521318	-0.5558538301477731	3.71202228094411	-0.1142720417162055	3.6996132584888493	0.12364825293350745	-0.3954267417924778	-0.6646729346385766	-0.6505791086678961	2.0336671269365993	-2.3288632920822905	1.8004732100598337	-2.014550959197203	0.34971650540122057	0.10122858424589253	-1.545256126291259	1.0051585959445424	0.4512688143366518	-1.367170949269346	-0.7694708514407983	0.8787301593063302	-1.187741520397159	-2.3627159885516305	-0.47420658017703615	0.9678553563492625	0.04699871200806405	-0.6867554506523434	1.3629357977338958	1.2495097044336398	1.1096040586291611	-0.7376011981197279	0.25152882994723175	1.6707853880826833	-0.46810862328515196	-0.8494707785334683	-0.11786797763608485	0.4543063828135244	-0.8886601964269673	-0.386111228879622	-1.5623052643471467	-0.42291136374012056	0.12410669151413975	0.3725660141550854	-0.481853014808296	0.24966214359078015	-0.7336425131070369	0.23559188716751903	0.07740458953901397	-0.6085680960107263	-0.02063918858703978	0.005831561883470013	0.3722491203787568	0.7911953014853893	-0.8992343741498001	-0.7473425661764733	0.3315700967366681	-0.7359633412842652	-0.4705356109531531	-1.0980105355354333	-0.18075248189681634	-0.2753396808027944	0.6907270663925511	0.011445633257975369	-0.7703398153616083	-0.25476495371704433	0.06925081580220768	0.3304005228376116	-0.9344810795926426	-0.0850461860833231	0.14820226286258711	0.1322839760304903	-0.1823679817181587	0.6727851350584166	1.121727185389656	0.8613093700469076	-1.4157152031320874	-0.92564357902563	-0.11953948803870948	0.25440204043361964	0.1852263414733874	0.1947939687319308	0.6871744808474274	0.011382346486561008	0.020237707415753294
DTXSID5021885	-15.795925008399534	2.4904810737597476	7.099370811459986	6.737703202796386	0.8114605558291965	-0.7477684874698158	0.5172694399997176	-5.236387944709117	-2.025767020503215	4.629463833445488	3.3664913999363932	-1.1934740524470868	6.2581093232472895	1.0602024080022232	2.969868563276971	1.8648247391235284	-0.09171880069534598	2.709635027623185	1.449473996412004	1.1696233937587672	2.960259390618848	0.4487991110448086	-0.45575504239593645	-0.7511897948381091	0.321213536059272	2.1693740550567786	3.6967658743682037	-0.9089450701498207	-1.0848686779271572	0.0038964540635425178	1.1150705168191883	2.378288153107558	0.45857768666986637	1.43497191397723	0.6445962566879616	0.0771117460302083	1.8816190691018007	-0.873173474016849	-1.2105267256746073	-1.4273634738117913	-1.2899195083493291	-0.4529124136859372	-0.7036740001769162	-1.0257964977751106	0.10243908740456845	0.14924320880333614	0.6716374628591737	0.5859687009576654	0.2585114181312686	0.3854719210764202	-0.700954815273411	-0.3941685808701466	0.2835086671877688	-0.0635655297800548	-0.0682263420583681	-1.8033296961955987	0.5388706880482473	0.7098810530410145	-0.1861234052395103	1.2035397624520883	-0.25781972313689466	0.15431291024234223	0.8375851821522327	-0.43709000003576026	1.5200530700101962	1.0799213854370555	0.18192560248015643	-1.101362223423918	0.28590765542559204	-0.9169636856920614	0.3984084323916102	0.9450766507821386	-0.8504434513990012	-0.10241124021218126	-0.611506507677447	-0.0856719869912945	-0.658038860538171	1.0044259892011675	-0.43364587034895846	1.0742653009159173	0.15085656683359625	-0.6172279097274151	-0.07944140671231802	-0.21911326324754818	1.058844862077894	-0.515609486547034	-0.6758483860710054	-1.2905946330026081	0.4771232980125869	0.19461882202288677	0.598713240030427	0.7237909314127665	-1.115679936159478	-0.37213572174680876	0.36466030509965897	-0.529265256168354	-0.09178486669920616	0.8661959286822625	-0.5431166134375393	-0.439669895033368
DTXSID5024681	-18.86126711440587	-3.046564240639592	2.672284329411619	-4.396660633982233	5.01034390832914	6.438539306930217	-2.5960533190781425	3.8042749865168846	1.9036252947011285	2.069473068852081	5.041455347513992	0.516714123462097	3.126253468346735	0.9738473193973127	2.665855864607563	-0.11471863859864345	0.9291655961848667	0.0475075560496707	1.0774795014379563	-1.0559593692274152	0.6758461204173711	-0.7176282865724527	0.3199060309676603	0.1295332601776738	-1.2541605441739891	1.3639176029848123	1.5832220239150074	1.7579287564464163	-0.36075188648707074	1.2708674050157647	0.4148718348325144	2.701786837402808	2.6962412792594668	1.0943088125594738	0.14032146461862835	0.6289414606143199	-0.04958921355190121	0.5727134170697042	-0.17646903675732512	-1.0365758269607772	0.0420125912802934	-1.5017634016734251	-0.5553294112372427	0.20185449940354536	0.47869168753409874	-0.2988904188713086	-1.1105578394094098	1.16900141199208	0.5519639766050899	-2.494900022155353	1.2779887819649787	-0.4025866899770851	-0.2847276498920878	-0.3275299368962169	0.4679760074705484	-0.9539829384104598	1.313361852587036	0.5946752107440445	1.2618164035783295	0.6188152487469889	-0.13667405889014517	0.16778352749770417	0.9516932952009876	0.5053541544558938	0.37079688726543336	-0.020937085324590876	-0.3144432511378885	0.10490034729162523	-0.8532692605441502	-0.1988155829761659	-0.44356795160452256	0.20384706580493533	0.4591681527443535	-0.48671985183650246	-0.160854254001191	-0.02298886211128414	-0.5773708903621714	1.261091724756358	-0.8643706862398592	0.10205078571638575	0.38947246564232313	-0.2667177965320791	0.2114054219221778	-1.0551118536496058	-0.09104191234433183	-0.27991041046855786	-0.7514960334490707	-0.09573965244441163	0.5427490144630459	-0.048429885209548516	0.08743234248595914	-0.3965314182577627	0.09043139996990562	-0.48059245506118126	-0.8485908069019059	-0.541762481245549	1.1778822172893513	-0.45265539188541937	0.05790643803487711	-0.2992049186076999
DTXSID5026623	-8.598411375032605	-10.410519181196765	4.316031060139878	7.046672709641669	-2.511845724696788	-1.0195377573949185	-0.7854218211323786	-7.718274282213837	-5.683111269529038	6.971025983657562	-0.2487762281730766	-3.8599869810456537	6.556014535424119	1.5907124341689967	4.691645099243088	1.7339639744677415	0.3010898025669841	4.243851042532625	2.737616816731413	0.9818350373521986	-0.24107180907004785	-0.24129186532615704	-0.6144875620051471	1.5574092348006752	0.1706271920853453	0.8925816031078418	0.4747592970345111	-0.2846524785916325	-0.5818239571520003	0.9551710293742631	0.49065446484464875	1.881143207488869	-0.16402710340616192	0.9891773951933851	0.18486905534103368	0.7508471887323159	0.2523453766338078	-0.6667428729065548	-0.1598525385435538	-1.4251337097536498	-1.4802090038594882	-1.555568055480775	-2.0937606103389292	-0.582493746983923	0.2893462695440117	0.9135396476964343	-0.9829046136039418	-2.3045541736662063	0.48455973245883593	-0.15391055286197972	-0.3147133236494994	0.029707024187080933	0.4453922421879467	0.21904422825755168	0.5946872170947046	-0.7243104786491779	2.3565160189965813	0.10473456848581728	-0.1792661833174675	-0.47389985729551437	-1.2804726669847906	-0.6208707653586275	1.321471067048251	0.25549213283211314	0.10143935413006382	-0.021797253304760955	0.06918240038105995	-0.9844500193179533	0.992273915004569	-0.005110555474306307	-0.21990186916137086	-0.5259508369782655	-0.6296967657930281	-0.2901268208577718	-0.937829793515093	-0.3902625682446406	0.5586910204493716	0.43451762180221315	-0.5976321925824772	-0.7849105942221336	-0.48935275066217687	-0.6837201786832122	-0.3519366668585224	0.11789798962009759	0.6901679583000062	-0.06902452490055082	-1.0962294404010933	-1.199614450093593	0.3451327804046559	-0.30750719548537364	0.633638447820111	0.7901278147251863	-0.18563077153371643	-0.1788407734448446	-0.0055603371032366174	0.1963204156310766	-0.31614662863238785	-0.8019366242342572	-0.6545858811491524	-0.4597504190729005
DTXSID5027304	-13.422724225536104	5.717890427834101	2.6446833771453964	-15.824347640093649	7.930747655570466	4.908860278471273	-1.8210884628684738	-3.3268275960077807	0.02530651450504519	2.0331658412545415	1.3076697963563446	2.7136890514002143	4.485064532360395	1.403557148030163	0.42521769121504926	-1.3416071808963963	0.8291529061759843	0.835543403316137	2.1034832783442603	0.18778986021225313	0.07462741892012852	0.20395506569129596	-1.2303983300679295	-2.3192492430151064	-1.5303280960533003	-0.6234542774769283	0.3466296538663676	1.979570339213427	2.3167101286990683	1.4064805581037867	0.25905675087561914	1.8158847633393147	0.03871445250440559	-1.2963258514252043	-0.48894878617737914	-0.4096956835668255	1.3712608646282787	0.23290838065131275	-0.01113724389489622	-2.823172955112957	1.0956657748781535	-1.1562746010085982	0.7601073673043502	-1.0599129465697563	-0.20915389197460388	-0.20790161631806056	1.2355239536663694	-0.1312646077619505	0.19646624500165014	-1.7679868752644132	0.24561716635061862	-0.10520962424162732	-0.15474357372341485	0.6706434837763015	0.8620152145380894	-1.5448899845813575	0.11845058245817504	0.45733898132898265	-0.23769024225595128	0.18978802489049676	-0.3527486215869209	0.40368775319627426	-0.555904378395522	-0.12587208430772323	0.11136384914702246	-0.7171865274053066	0.2674906937760627	-0.9145825533576374	-0.9564850567626423	-0.7820535968870544	-0.5019358727484263	0.13087766001635473	0.6684316738743336	0.3738191684560553	0.39730954821019276	0.42902763478474737	0.29123046223803906	0.7896815434303781	0.28688895184330593	-0.5590974438075675	-0.6187753693796443	1.0849549160372112	0.3490229930437914	0.02477349316537424	-0.14140268278509388	-0.5473592727513718	-0.039932297899114975	0.5872150498725249	0.4291965783093549	0.2759613249144076	0.16621234004822585	-0.4040046895028397	-0.06464908174675113	0.4759369940470473	0.6999502225248507	-0.19047130363086018	-0.8506354484923049	-1.1506674554010066	-0.00397315685883367	-0.04652001379274436
DTXSID5032442	6.8689707060069765	9.488846466587642	-10.00316916359169	0.7052367529440958	-2.2376540136780063	7.7609556671646995	-7.06381522639549	6.497117530461657	-5.509112794197724	2.816727665423039	-3.6344771508794613	1.1319452000693657	-0.7942517553996195	3.865498032194352	-0.8154144799659654	-0.7162161972612142	0.2661654036980408	-1.8403298258509184	1.2763044527442977	-2.3521223026807014	1.4019001935546458	-1.386195179006161	-0.7004396848717148	-0.9441855591740145	-0.92125530119174	-0.894417562309923	0.4477693004024526	-0.73555858100204	-0.7989523586973327	0.39651746842881885	0.42469734008837784	-0.5887166955090382	-2.670073089471968	0.35581607282271127	0.7861464183031285	-0.23494441717587147	0.4649060830980561	-0.14749716936817034	0.5559716279839726	-0.739268110761876	0.27854687699455866	0.6144069629127317	-0.4727737625428979	0.34622244501535643	0.4003430107294761	1.754230845411881	-0.4953230761986392	-0.5608137647615277	0.6252895332504146	-0.35034716935607685	-0.37720942079595404	-0.021680685526114622	-0.6337038219481936	-1.614785236483725	-0.6289389411951248	1.5099010066545706	0.7472203419771811	0.8115965397545535	-0.9714029255090114	-0.5946672976198196	-0.28614872552250353	0.9094138833325305	0.9815157125927568	-0.0936640892826931	1.5517492979421317	-0.46997247012750015	-1.162275614186735	0.20638185505238874	-0.06512136671279307	-0.46035680632369097	-1.9624146262834288	0.28693361330033434	-0.3083452392968483	0.8944765924987812	-0.06509782320722383	-0.5755312271605716	-0.8142382484407887	-0.06229652853927192	-0.0960420318186001	-1.2378295767501362	1.3856324231931334	0.8529549840185082	-1.5901004957213893	0.364045736219938	0.056749764785899263	-0.5246293472320127	-0.3941396022869548	-0.17569224030342317	-1.6696955529408648	1.079121040113623	-1.1172433750662567	-0.5902915582389878	0.142911284070385	-0.09364572460872386	-0.9026190939841888	-0.17081750676505658	-1.184944534626712	0.1788263839822991	0.09909791513259954	-2.095674102445537
DTXSID5032573	12.769907172415415	-7.8889568320249746	-4.719471838257608	-0.07304708951114207	7.51070023898237	-0.18669840502396592	-8.350450621769017	2.213755005452819	-1.297811902866611	1.3125841783429124	4.2143835891879196	5.134653619316638	5.193801342963518	-0.821601941003947	-1.8272315390202984	3.868561473487416	-2.2479207267209826	-0.5387776738164537	0.5906097373623207	2.1072448870582408	-0.43260571359265587	1.5032412091381018	-0.044680665708557936	3.068495703184395	-0.8883839222623118	0.47520395145209177	-0.6660358176415465	0.8162851344869207	-0.23463603191306845	-1.8253211445066801	0.2968839887809725	-1.1571874220285716	1.0803159337481771	0.9946403741248695	-2.1265952422921934	0.30308850045591024	0.4142520454602866	-0.8636210766493472	-0.6781812964109709	-0.24602790274632047	-0.8459348958072581	1.1389481501743257	-0.2672065507275121	0.5286034001247634	-0.5914727713823764	0.37176672960345675	-0.5109772283859267	-0.29760671247572557	-0.16418859729959343	0.4332062933084205	1.4084047245391123	-0.17332961994882823	-1.373895268778855	0.087876634471393	1.037873733265505	-0.22183293299861237	0.011127688229453273	1.314282832384436	0.08523130996261793	-1.8828422752874467	-3.045804382645123	-0.08906457065946498	0.2619411018032582	-0.8477772784773854	-0.5635362552301482	-0.35836806605784827	-0.8066828790334776	-1.2000013712424025	0.13584263838343083	0.8609048134931842	-0.10828442662364578	-0.21592011962580845	-0.4969723174827619	-1.058921275532682	-0.6951875285805585	-1.7270901431935783	0.7975739216848629	0.49345776529559726	0.29230332908007256	-0.4603646220872333	0.5765436096592553	-0.5707324239429191	-0.16740363901150482	-0.21057955274526025	0.1777305378335609	-0.3984054740395652	-0.6757682248611514	-1.0756314846651658	-0.7760953447364344	-0.3382267009737256	0.5803220076244107	-0.26418310506277076	-1.1267838535253674	0.6357480297490916	-0.19924211844387385	-0.3101017963026008	0.29304882243072733	0.27291021815531913	-0.3288002652081755	0.2908770825793297
DTXSID5032654	8.040277002989166	9.776503324729076	0.6575349759078142	-16.32652864345526	9.342747304082263	4.96513814723252	3.547116660756909	-6.537859533367362	7.55974162277675	6.057086340788889	-1.9683461695901106	0.1805251407128509	0.5920012526312463	1.0713642867417177	2.0107106708658926	-0.8843384703742253	-0.7748927648061487	-0.4430590348801796	0.8777491111865637	0.6409260082274674	1.1213902766890391	0.7071822528065438	0.7782052991544931	0.6099967753527392	1.683991757768649	0.1477423757886188	-0.6201199417998082	-1.3787021177894454	1.4409871253714521	1.6788784785946578	0.2876568386303763	-2.5919471065840347	0.2340638365373519	0.11355364894483454	0.6921631921554332	-0.7177561311216156	1.4868744267736829	-0.43121239428508545	0.2720699914027046	1.102552932291263	-0.38792589910228986	-1.497932500356064	0.02314005824944717	-1.8148792604251418	1.0839866339831552	-0.5994016235398832	-0.7830706497963794	0.3399697152575623	-0.5081884734691031	0.6160124395249353	0.0017405427150856865	-0.25276822314651287	0.09090927772338349	-1.0301948944592583	-0.3332513612760826	0.9632985602395177	-0.15780424212234515	0.7586584574135	-0.5580474886489929	0.9257557861800446	0.2351412529132525	0.35912539831058277	0.7970388645735624	-0.45983962007128043	-0.36916895960775326	-0.49749545189190825	0.03755348519858082	-1.0174864199797822	0.4201569982640277	0.9674927069734391	0.43514165627014745	-0.9342698999898709	1.0859854265279012	0.539859942715917	-1.0849716133974314	2.797824139909918	0.9056889672485499	0.2348081873327112	-0.8056266087153878	0.569877602435467	-0.06517019861328675	0.20988809221478275	-0.150515098912383	1.5490796054962819	-0.1744884981611476	0.22034476716076168	1.1369961696207775	-0.2504689581029754	1.1547007320910165	-1.61496413319359	-0.46080219179022514	-0.45214162873077274	-0.7951987080206705	-0.3823635387024115	0.09087208440715816	0.5183930922699433	1.2974590669396966	-0.9882134023278077	-0.915974478502053	0.43757897935078444
DTXSID5033836	-2.8440702238573596	-13.771847277069885	7.560746870398438	2.232499587698605	-10.111980250578778	-8.308701460227251	-0.5800264447460733	-5.587690932633346	-2.3238380302619817	1.6406707157845843	-5.13255325791047	-0.8294790425317563	3.276774954111194	2.417810260369808	1.5331580751062592	-1.1933600810286853	-1.7388968435434953	1.165006311612961	2.6871151122127968	-2.0496864125598573	-0.4145034551821683	-0.5574281124006121	0.2765327577233426	1.3258432598669634	0.3007897200011228	-1.2097454113518096	-3.274025379966708	1.3540569913269955	-1.2201330955212395	1.1217219920609323	0.8288966563435884	0.08902358125221842	0.5292123469358662	-0.8999366696040224	0.22343967733478484	-0.41353142415715927	0.36200151238700184	1.2840049259215767	0.9314244598322645	0.8189955061413658	-0.33647868928494395	-0.3097268105632214	-0.9331644225177655	1.25882390737165	0.2013713163443131	2.980530314800269	0.3277794159371391	-1.0699749628219997	1.4374161220282096	-0.10398856336548039	-0.5011875584851483	1.7378757660788722	0.7123678355975887	0.09202667213437034	-1.17397358244432	0.323552797512924	0.49724883981575824	-0.5386353064015778	-0.27998849261181463	-1.2867849195807146	0.00698415788672059	-0.051934785990794693	-0.39335460177278286	1.395913264658905	-0.7617599741324077	-0.06327468275944087	-0.7316947504838827	-0.7973943701773396	0.2463151473005563	0.18300879161005698	-0.07944076044284216	-0.5510805521285084	0.6487723990174771	1.0081799712889477	-0.026525024848289867	0.2611823665151314	1.3157528097979911	-0.1930451909654742	0.23937113619663108	-0.007356513308177566	0.7822047448227122	0.22908233264982775	-0.03926033712310247	1.1386443478784367	0.2593586428639442	-0.3675086959818799	-0.7117771035288937	0.9754805763536363	0.24280761733721587	-0.31520359660411934	0.37987891324848233	0.3885231987418364	-0.9971663716660297	0.5431195740371456	1.0415384533072594	0.06992533415864476	0.8303793510823335	-0.4226835127375237	0.44937532571424643	0.40081509875851484
DTXSID5034723	15.376959220178204	8.106751299315304	-8.418652613232382	3.9788221586046024	-1.341843313037731	1.4678828275032787	-2.733821406114904	-3.209761955070381	6.623100986775973	-0.3864082950581691	5.380386469558081	0.3275228879448557	2.2448560358971115	6.306500035369762	-0.7061301068008184	-1.5184598998352545	-4.150605766536262	1.1222932338579286	-0.18355651533735248	-1.6711427437214375	-2.0510334891858704	1.4965890450423762	-0.2740781418674728	0.013325602270795076	-1.4479443263661178	-0.5834317019234235	1.1885488057403186	-1.8743140806271987	-0.6873018838839176	1.316244508974927	-1.904781461362805	0.573916701704125	0.1482716360784847	-1.7354671977000125	-1.000322536017313	-0.7135361342661962	-1.4250992830640916	-1.471708070509865	-0.8400580473518405	-0.23385443609481227	1.5368177762660578	0.8693894315765579	-1.568190534499967	-1.041756152329247	-0.1825037511274739	2.038829201567359	0.8024533432399097	-0.8950509023315898	0.4697813364798375	1.353046610427431	-0.12132229281710556	0.10265509429377036	-1.1128331059959118	0.9563508932214699	0.4163702365829914	-0.07955141369602484	-0.6476580875926425	-1.1327796351640467	-0.18916762755467412	-0.7563560243851037	0.8833079607775723	1.081562651917864	-1.4747748771035092	-0.15893816790277526	-0.42698003969812026	1.4427343822284355	-0.05547329791063204	-0.25601088259350185	0.16909209884771195	0.16672022863606814	-0.44536278524166434	0.5984631464642558	-0.20712012746954966	-0.005115801943152498	-0.27650728858544293	-0.2819676327264838	0.33130908727105324	-0.27270207014725395	0.35852063863261624	-2.016265118018514	-0.0851325125386622	0.29366114650133096	1.2444346258561545	-0.25724703592772913	0.8706001853300646	-0.7673695965862428	-1.1180258278550417	0.8837543443699379	1.3006243659240257	-0.35012165775968274	-0.3370115618012505	0.504038445915313	-1.2425378362754402	-0.5117163807143968	-0.06050200156099889	-0.9641682246730056	0.26588523014534365	0.18119282532180603	1.1805085532894712	0.9303096743525985
DTXSID5034270	10.202536035977708	6.316061980421868	-4.568998158163204	10.332405337593556	12.274239719428184	1.7622599839239554	-1.056415297617486	3.4347048327843024	0.8713119992599063	0.7862478251825424	-1.6069614710245408	-3.215901936719238	3.657925672354835	0.21137820622749026	-0.7880991724669069	2.8427671639684817	-3.963695114758843	2.6304544198440762	-0.079783332007207	0.22308773328715797	0.5937525193600809	0.7242681302389988	0.33924648402886515	0.6106911398953202	-1.1150145656058763	-1.9905710155381322	-0.6127824926234712	3.0683056278691234	-0.6441912659836938	-1.1226513350214877	-2.2268136464825345	-1.490077399787483	-0.24817312747065845	-0.6904105026246699	-2.2937228776061547	-2.103360394349124	0.31175617901600344	0.17594446512775544	-0.5018023973150711	0.38567937386488643	-0.2724197352285729	-2.083657228578119	1.5671713653513797	0.23876758038420764	1.602595373667501	0.46933771821740516	-0.38888058604954717	0.7449029175822899	0.41702728806151224	-0.21700032869814562	0.3020045531963839	-1.3187983343853908	-0.36925327842045746	1.009916165134295	0.22370287293637645	0.5014358430345712	-0.16333486426110994	1.4169755364417402	0.0024640427757327316	-0.8697408520101494	1.2965577933121573	-0.6045187238568281	-1.280837675242485	-0.927983964155233	-0.19254709838898335	0.26304670093063043	-1.6253352836660877	-0.23281071244400994	1.7209460896339865	-0.09428276727706378	1.1571580654161318	1.4541757168383713	-2.6287234739792926	0.4400873695023432	-0.35569078961362344	0.9042383883795985	0.4283439668892621	-0.27536373981233114	0.6105785085222148	-0.0700710741859414	-0.20416745350267662	-0.3175676117400556	1.1578484445691304	0.27504672807917707	-1.150509921707225	-0.060132220653981515	-0.12974997570465388	0.09076815407847899	-0.23628096581271857	-0.12759709575811148	-0.5218721765600051	-0.3494522717534882	-0.04110284521361363	0.9718363066923281	0.044674590457731915	0.5490714514605735	-0.7220966091540151	-0.6574772543024192	0.6098945445614358	0.47876631898514876
DTXSID5041273	4.289138439248703	11.62936436017846	-9.29738805491421	9.92734360177925	3.2987991490167716	1.1852092688529974	1.7296574042910675	-4.474345596648421	0.1673025258072524	-2.5394705997595133	-6.6077966691239665	-3.819158260756403	2.3897477532540816	-0.15664770328151364	-0.2942934633214312	0.8318087016800882	-3.2475900470857684	2.576079187669496	1.3184331900078168	-3.017823012905379	0.9880711770076694	-0.870093548216704	-0.8495880158006885	-1.268765854966063	-1.8054491321905686	-2.076655063133079	0.30385825476622824	-0.387056871025544	0.6789979124057655	-0.6257265964778067	-0.48645855810226507	-1.1755334942296338	0.10320261730669433	-0.16948669859275756	0.44350438146399823	-1.024818397750899	-0.9739668405106822	0.2111583344207836	-1.232484721970418	2.3820807456919812	1.8921685526033185	-0.20469883553205853	-0.13941596366651307	-1.5901160718818426	1.3580773114950255	0.5461986359330488	-1.3374457865686602	-1.9128090824447561	-1.2102992004668889	-0.8286907495293205	-0.023625264814749285	-2.4223888480468827	0.6872511877772931	-0.12023245606544151	-0.6191244901305295	-0.6920276353554886	1.0207315392578078	-0.04247071339226913	-1.003438460800525	-0.4445440041471147	-0.3003526332866082	0.7314898201335226	-0.7587195831289711	-0.615835881901927	1.461688314584621	1.094920724671586	0.26320850736919865	0.9757293057364934	-0.015524066207743069	-1.0910776335252796	-1.2868831623200219	1.3124928549990074	0.46018130166608995	0.22909865162629633	-1.1466435048954537	-0.2742777164697393	0.49378445079548106	0.19822619837726677	0.507404559237896	0.09587713037562441	0.8331436358225625	-0.5529766432577379	-0.3440103504790945	-0.2763009511839287	-0.3357216916402552	0.27972814835610343	0.9254379898061054	0.2035602034742825	0.3958541442412462	1.5334501299403474	-0.5601938623170459	-0.6969655734285345	-0.33659951994216236	0.3855437906428433	0.6954434158174326	-0.2727185000336584	0.2030343486774122	-0.7268846798178509	-0.29139459303460763	-0.36831804295846676
DTXSID5040708	-6.406616906820068	-17.104200606648472	-1.4628195614768016	-1.7016031260612128	-3.0835028037004566	-1.553853900963969	-1.6122045134822174	5.949131756188444	3.023419201617762	6.99312917059069	0.5234226184160131	-1.8929372094792518	-5.80013629629968	-3.65101976900674	-0.6431063386331668	-3.3469419354863152	-3.59171177302243	-1.5458758115194389	-0.5371644481073337	-4.082003305012616	2.7602465477189164	1.2343812453505596	0.9173850477960237	-1.7468529934582837	-1.3780526943567113	-1.5742134527039255	-0.276516269586917	0.7054802963598336	-0.9541589370876963	0.6435666147626752	0.43152148594319245	0.33379597047462156	2.0796582594511746	-0.2920595868082193	-0.36360276070870634	-2.271206980380697	2.238652961178852	0.01757363315700893	0.12757738304474303	0.8118495191989193	-0.6982479542549884	-0.47959418554977584	-0.918138827803081	0.9375182965502208	0.8926138086090962	-0.9924690035936784	-1.5079147038866731	-1.6765943063936743	0.43443951661421226	0.8351797189460078	0.7571384422854839	0.46567230240718493	-0.03464042851918853	0.14486225299968075	0.4911235774601166	0.7332192283254997	-1.7043969824492222	-1.7701447142316298	0.32677308541786015	-0.3015645410661075	0.4767608900273151	-0.6158018801389811	0.677278082962735	0.48935345189990787	-1.2637296405182614	-0.45288411566995807	-0.345497119435457	-0.2957963463667399	0.19842233476234025	-0.15620519347625825	0.07951053361241477	-0.5447715309402678	1.2450937282098158	0.33982283461550367	-0.22990348037878403	-0.29724395121498	-1.2724046267998603	-0.0019083899704735745	-0.21258022658876113	1.1063530202218723	0.5672415395360544	-0.25581661112110204	0.2020307734550605	1.1928052873809134	-0.4373116303021611	-0.9289064594101551	-0.016432860308308518	1.4567187319625252	0.8691246976237397	0.08069703377406137	-0.1895929338866916	0.10749827843015601	0.07178752480898021	0.3081406494775423	0.135351588542584	0.30957781659829153	-0.2254875154277206	0.44751053092907134	0.8276473832905604	-0.23112043205356655
DTXSID5047295	15.592141639589656	-0.2759378892060232	-7.451924625787127	-6.360776926768484	-0.3608420120150415	4.534771063198106	-1.6541083958949732	4.901559471440267	0.15310121680378339	3.728931489108117	-0.2608235559995904	4.866317746384828	3.1242950997263055	-1.0734335288617842	0.34109091832924937	-3.0802423486681296	-3.0806846938849017	-1.828788167258999	1.7393156328591415	1.6510671700398682	-0.42394962273449455	2.8639781291479935	-0.9867900480133704	1.1538868884825224	-1.60633522556384	1.0165820302588038	0.5810174900165606	-1.5711670811106955	-3.315104032708234	1.1248231074563597	-1.0823152888609298	0.024415272751452877	-0.40855816549481333	0.12674076096096032	-0.8865172144979218	-2.908025221566081	-2.741021007625319	0.5640281571896488	0.6334628511278925	-1.007561567575408	-0.07606378775167992	1.1945570576967426	-0.691032352660029	-3.0674353437872144	0.5331864360675268	1.6001205696900742	0.38720403851601376	0.6762291938469718	0.23366818062029882	0.26408019240422853	1.420782543668633	-0.5547590316379806	-0.14867309144717583	0.058540654294069315	2.067046275430794	0.6821210533944427	0.5227744664577437	-0.7038953878530672	0.10026450907844538	0.15445258288962463	-1.6289339682827537	-0.4650772324849141	0.35811350846141843	-0.26245626903447533	0.08556076911343079	0.42036566606763187	0.2576470843837481	-0.611379137753622	-0.32974853648319635	-0.08659271086846076	1.5098051923919238	-0.8367401109488048	0.330422409545189	0.40955048407306127	1.8829284405630369	-0.18183744201450217	0.8679164712888985	-1.0564464636894813	-0.465106936027342	1.031276625051457	-0.3748703273355698	-1.6222176386343787	-0.631685909362956	0.55657216113559	-1.2580807704519934	0.11849380652570912	1.542947669630242	0.3595964605177747	-0.947065027603423	0.3092787042973433	0.06352295261270827	-0.6865520480635994	-0.0664945285118046	-0.08827383880236914	-0.47329451212726176	-0.5394087122396456	0.7894179812212226	1.1534030618716766	-0.3970392077784974	0.28563625311980917
DTXSID5047291	15.315061222451227	-1.7154924241794172	-7.418421496240617	6.926461436647564	6.555136148003411	5.780911448532963	4.124484681937708	6.283723186203227	3.293180399137558	-2.7919495189844197	-2.9529767635429085	-0.06922912111953897	0.175603002717469	0.5558723080843668	-2.5133201768734077	1.8021414853596	-4.362439897204535	1.6069780085993863	-0.5128949486457534	-1.6588138385521938	1.3503397200699299	-0.9402452329191657	2.55981408262301	-1.4446651663685628	0.14861541305876552	-2.623827158184966	2.217113441168087	-1.016270955694344	0.014470005684484123	1.6814583675372257	-1.6990369422802485	-1.279315960306126	0.9454595772673612	0.0160212268914458	0.2752097884314052	2.1567399956206468	1.4273282977517332	1.3222461367546647	-1.4432665712231028	-2.8432659123548008	0.6919663238570415	0.3790910530090098	1.4168403354250627	-1.8707204377750926	2.1138869481213174	1.4555909645820824	0.942445190476314	0.6805818572056278	-0.7093398186349285	1.0319571018096845	0.43714263080756827	-1.0846440419998349	-0.8674554211245827	0.08719682858115908	-0.68780578274158	0.5471002370331761	1.2352031190546557	0.01732694848640463	0.7601123495251338	-0.9030450689812862	0.1266746969884531	0.11613254828520965	0.468023765986362	1.2792986280837313	1.27257505142516	0.7338647267774795	-0.17657374590069216	-0.5753538711427015	-0.8984096415870748	-0.2625286753634756	0.43462172980557523	0.14136807826382866	-0.5503843713503225	-0.44191278655654387	1.7451223191253695	1.3245870614056434	0.5025526757505882	-0.2916289074607828	-1.0220222347617538	-0.28334021784911034	0.4202150996343264	-0.897166212373572	0.1635459081390074	-0.24611064524292717	0.12494300039346229	0.2465374131481517	0.5343925588967386	0.7400634309547746	-0.37837116324820624	0.8274149502647526	-0.18521848111868788	-1.942494026222271	-0.6469208811526607	1.448463268505075	0.4990312364373248	0.21474372232537645	-2.1778014972579562	0.150056526071895	0.01414427419189613	0.7143734501832426
DTXSID5047320	21.06411631916837	-9.601680788174233	-1.4726481572441297	-0.46321643289905606	-3.042143623956693	-0.2894612442939998	3.89834812251987	3.363377122559367	4.8284520997492315	-4.199258641347415	1.5180677287256863	4.649008422897385	1.3613387811241997	-3.9173500497049356	1.582756424052856	-0.7911801021155574	0.6785895796357618	0.8865840421641856	1.1893338766223602	-0.6814088491582442	-1.3657924208668668	1.3844468978077946	0.05273209196614826	-1.7408980134787149	-1.251910896074469	0.026603776000196123	-0.7951825335786538	1.18333982300861	-0.03629749795601559	-0.2496290777163935	1.0719903751248288	-2.9423388902730885	-1.1533974386403154	2.1145456435106977	0.7232222763854846	0.432383753202658	-0.11021667794379952	-0.1865221714751731	-0.004674571785930922	-2.2424404471852286	-1.6825697561963433	-0.3941104971857706	1.6721809512245152	0.315537788197694	-0.48484704844882953	-0.016299602992774376	0.29095652162954233	0.8093547258356092	0.36858727525545326	0.13852482452017176	0.3077842062401904	0.8498660406115814	0.27350346843519935	-0.26886991821166173	-0.21895344794873517	0.12584417855451327	-0.6233286640832902	0.991376844649964	0.3244088155151088	0.2198582638877327	-0.9801169416294357	-0.293262783432428	-0.35134601599443394	-0.12592722718057237	0.16638761372642194	0.2700239770618714	0.4617540734107186	0.08247267252412419	-1.0392252256933867	-2.0206660172332875	0.05066780395148814	0.5434183066121524	-0.41572949862922026	-0.6818107549815502	0.6452029739371528	0.2497264438558211	-0.20185048092465815	-0.1712398731800551	-0.6358841114960138	0.5887413262787636	-0.9618553826934677	-0.9231098846267171	0.31515149313389107	-0.08864544856558224	0.46769099043191603	-0.21043672312890394	-0.5537062115485747	0.4779229446409436	0.19395154224920255	0.806224483298829	-0.45784943390050287	-0.19043494501395827	-0.6445889573769522	0.42888851254856375	0.4785345945089771	-0.31331449523970234	1.0387913978211225	0.44230642045666524	0.2847213549181576	0.46864940404301597
DTXSID5047322	21.768879041845864	-1.736652312418109	-6.452716951039214	-2.824954601324732	-1.8421006025585522	1.857395306277576	3.4459950780529303	-2.770145590575665	9.777142182496195	0.8628818291994267	3.356969513184776	2.3455991561946434	1.2298643296260805	1.050036967421508	1.2082314614983503	0.25673986994282727	0.616426912190031	0.09029018446502218	1.6369128133300896	0.7111766376393804	0.042899266770143094	2.2087830608540213	-0.029513128000107074	-1.9950080934755454	0.21520673043073407	0.3642892960565896	-0.40269431486497226	1.2936719535760917	-2.5570236036331284	0.13503089372259952	1.6450697780140158	-0.15300064848521483	1.2549665131267982	1.7571715443709628	1.4465132124431723	-0.9439347436480745	-0.5565451396081117	0.6175441727194493	-0.3121507757958599	-1.4240373179620252	-0.5418525463260746	0.7953996721528953	-0.38501880761260715	-1.3103954032107685	-1.298750028821726	0.6732354692312018	1.2516879667420502	0.6275777749519778	1.2008991884665563	0.6302741083229647	-0.16471001572571634	-0.06976750469427812	0.4187394197103455	-0.7634531231904587	0.22730530489951278	0.006863248837838047	0.4119874159437965	1.5525410108676292	0.44596012272977237	1.2732895718941253	-1.100131736034671	0.7917279243469907	-0.1788650082511505	-0.7006000859430501	-0.5269568233270774	-0.28541933030839517	0.8029602636695987	1.0687397400640992	-0.11120490445418614	1.1997010387776226	-0.7938040750362287	-0.8494965377918162	-0.5482074186021999	0.6371999219035872	-1.117326342199957	0.17622109452806753	0.24850017428996773	1.0364575387610526	-0.2543458984307179	-0.16166131746679122	0.008474279636850152	-0.4089139641631653	0.7064662874380943	0.6981455013636688	0.42472228399895023	0.9919549699377418	-0.06496630968899324	0.27448297706121233	0.43452520440022924	0.8876871176826583	0.01670627554433605	0.7921296762546047	0.2591037634458217	0.37457825877143375	0.32372779215892983	0.6169345646139194	0.04152996935339747	-0.11313354842544299	0.1688339064688124	-0.39512055824758313
DTXSID5047328	18.96224834658605	4.315375568629937	-5.176845947453224	-0.5436023294512978	-4.85188194582657	3.261486325164375	6.81133859576703	-1.0984428527971024	10.606234861780319	2.0109488416527928	3.5662612654688894	-2.6749685576110442	0.8215429957493103	5.227688947899766	2.074856823668836	-0.6844392573275689	0.10960093486916907	-1.418854176641915	0.4274380121435841	-3.4392086175396255	-0.822079945215706	-0.04836885010838338	0.6967601899959115	-3.271355769277446	-0.112348516697512	2.8806127759540257	0.8191730815042804	-0.6154694929271305	-1.5689417823009013	-1.057896842803181	0.45566005929598935	-0.4359128184305464	-0.4362681622571915	-0.10842639781291936	0.3959873803266542	-0.22324449534000926	-0.7454026172308312	0.0775599961952541	0.7783303251272097	-1.845457992115699	-0.3915921568014693	0.11069114036573413	-1.5306447633686866	-0.24003010526516236	-0.2551017008906232	-1.4004410459347059	1.5149291994196268	1.3415764737639932	1.1619427589460296	0.5820695812871757	1.672418159648314	-0.508445606865437	-0.8106746460763219	1.0469555180055918	-1.5669436599220476	2.2570402271487007	-0.32501135133530407	-0.6843613861560814	1.2089948451283092	-0.5625339458431929	-0.38776884922551996	2.3676684509675194	-0.15326512445595805	-0.7697306075173802	0.10945296216852006	-0.5071030167650098	0.8137562642005501	0.5798963879364889	-0.47015302582738255	1.3331422050190966	-0.8914149676390469	0.48103214341613054	1.0381651345559393	-0.06048742721277952	-0.2055824338531393	-0.5251081501667264	1.4173988710054852	-0.29240907419178	-0.3375419033351008	0.31834850502126266	0.06792552359777161	-1.0378109437952077	-0.39891460184270955	0.8119581294812452	0.6717439162196677	-0.29167733125021356	0.6665082218910805	-0.6906718456823554	-0.9186754528550084	-0.12818041820962156	0.526108798753843	-0.19618541685462257	-0.8860985301878008	-1.021146746515516	-0.6242499885081425	-0.2969948417021482	-0.18450957917504868	0.24902270883206246	-0.4591690900160248	0.5224968534975789
DTXSID5047372	18.819981178509586	3.656548549153278	-4.168327712049617	4.663193541194097	-4.232967968067011	-0.8941976458230375	-4.242857841920019	6.671246930692475	1.2843974803491371	-3.064929316876545	3.0987213696951788	3.5589342757946776	3.6638326737935576	1.6714296877028945	0.5982662709301303	-2.759655704814656	-4.839143550141067	2.3436745014326177	0.3398965078952843	1.492723321119722	-1.0520963957807536	-0.06480352227746711	-0.400265317057329	-1.9787471139597914	-0.9581983700151291	-2.4561821114768847	1.0049207642035687	-3.4836226852846517	0.36751764399096937	1.8552732942638324	-1.750665095422068	-0.7853645151792726	-0.02191670802880893	1.3691580573373852	0.801778914531946	-0.797513585411386	0.630505734916658	-0.7902310613074697	0.42209488958818775	-0.3106939838905087	0.7394174607626282	0.28476042284440317	-0.5524958983403281	-0.5090305729815474	-0.7649064397591535	-0.12240498660377862	0.7584786904047396	0.03307289485415722	-0.06942566456383807	-0.8478247879432231	0.4677835968850962	0.2949374848950085	-0.5125062296490948	1.0707297395375566	0.7349388208091787	-0.7187325690403774	-0.48423050814321333	0.13349718514103084	-0.15521534416446905	-0.6894266488957105	0.6734819368831788	-1.12864986307138	-1.1997932893850334	-0.8528328345794014	-1.0403390416239104	0.9268873926956593	0.1971854762653215	1.1863584874251556	-0.5951679113476938	1.1723056952703648	-1.2771901863639448	-0.10550318260983034	-0.8734909798477661	0.44175778811755095	-0.7046315181574692	-0.5992879124409609	0.2689282572452909	-0.01714886127991569	-0.5246360701628887	0.6188206393644884	-0.16760875977717865	-0.5772063809025362	0.45277474956791236	0.19848556752924304	0.8693920861850878	-0.10907053546058958	-0.6645508243997212	0.7407054297766673	0.1082639833758771	0.6713165773249287	0.449309992113933	-0.1783111269462558	0.401005407519706	-0.3471859747437838	0.14867979122712438	-0.176645651406647	0.1508495369077147	-0.45057181493790266	0.32953711780762657	0.520753219990618
DTXSID5047451	16.012648431286504	6.984319002754659	-8.653931989726505	3.7304349288173655	-1.5459264618416275	4.78059456469469	-6.458719806499182	7.255876366368284	-1.662328089340318	-3.204784181572652	-3.678609257611355	0.8782894716383708	0.3406869852521904	3.0486381183713016	1.1871098637450328	0.7147856243569146	-1.8549763713996554	0.15577360307325844	1.7258573446024257	0.6773749712327969	1.1797453703677734	1.1639396656880656	-0.5422140083673476	-0.9209466739636043	-1.7563866172549232	-2.606460384169759	1.1403493655593147	0.5439262014255153	-0.43145031142082896	0.35454596477810485	-0.7183671057062588	-2.4235800110736396	-1.0509491444280172	-0.9473109048390085	-0.27529420205846616	1.2130598356008377	0.4246548336283145	-1.4116764424288761	1.6716837358180994	-0.4657046467029991	0.019667090691250128	0.4918992821331728	-0.3174845336354338	0.19038724281691646	0.11895116047461554	1.3037492573985465	0.11052516123235952	-1.052481905179363	0.09799132310499266	-0.25989228080100873	0.5986647396489144	1.3925455738774286	-0.6084785914604155	-0.4492088515434449	-0.0912156541039978	1.2552312088504438	-0.5417367238809604	0.2246762852029606	0.20943681890070776	0.527015880767733	-0.7231357716711146	0.508471217169661	-0.7088115375848352	0.06631539334929537	2.466309407232582	0.7081961782500227	-0.29813148578915805	0.5227525776318456	0.32741163849868504	-0.5459099567083004	0.16183037413563744	-0.5904288856113495	0.39173631636520023	-0.12954840381092897	0.028340207514685935	-1.2584123018702393	-0.6156992762938466	-1.2333137938112104	1.1163033479056845	-0.16934416976825653	-0.6830031112918049	-0.5688686768352677	-1.4522413330670687	1.2129987766755004	-0.6231072769211206	-0.8697374850589346	-0.13059149054365307	-0.1930101082727011	-0.2789874194362802	0.9507420225306797	-0.12290705360162159	0.6370284289481938	-0.02236696278238471	-0.24737306901280237	0.9365614356402967	-0.8993830599101351	0.6433445324990965	0.8237011159639961	-0.46889339163549193	-0.6324236935495299
DTXSID5048180	-10.01477910284185	-15.266573711514638	-5.918272631541031	-3.3536839045527733	-1.6644240772733905	0.6709025997848488	-1.5261011449907365	7.409442574648063	4.3798782428502525	4.1336766186783755	2.7266005052595825	-3.504102039662377	-7.659167255518803	-4.38264342192025	1.128959307880237	-2.9532226169192657	-3.6445907402189546	1.0699906759478188	-1.4525394801790679	-1.8197621646455062	2.8395728511260505	-1.1155717004807029	0.2396082698020282	-0.5424797590554379	-1.3512607152350633	-0.5084691445266569	1.261977306589949	0.6148236254269824	-0.44111962447909964	0.4580635900106318	-0.9693472163513215	-0.2362158630146451	2.146572683394075	0.49485213579432563	-1.5034444859345806	-1.9087934192813403	3.186600662871257	-0.6440363198383613	0.4761884663130885	0.04323273780460541	-0.3657621767052917	-1.2181351469743948	-1.4377760241501645	1.2248614981113657	0.16691332452685592	-1.2110180347079824	-0.18940965464364876	-1.5919055712901558	-0.15531336653927433	1.0540104614702448	-0.07324655328228198	0.16515728129382362	-1.198375609299914	0.04421672742839735	0.019060323609360434	0.984166644319307	-0.7750585763774452	-1.863660503375197	0.07226842455085988	0.8542290166459828	0.70892671113699	-0.4514895232939546	0.11797355920569866	-0.40718128102759255	-0.06619417748497027	0.5906780475628794	-1.2365947954839074	0.19792328472014462	-0.23115310922179877	0.21979173104752012	0.5016286225881865	-0.9623344863225322	0.31994919432891766	-0.31099270440383536	-0.2664196766724363	-0.13819230552450443	-1.0906699092580567	0.10110080229036769	0.48609773377115684	0.5006728052839289	1.0991940077376396	-0.6038423371312379	0.49301541913545505	-0.06952230746473956	-0.2782301572008443	-0.5983562879094	-0.09212991302604827	0.5588060749698293	0.26425161606794056	-0.13606224661572333	-0.7948604292043708	0.27871669989712505	-0.462400547310709	-0.2753673021331558	0.3329899965669848	-0.377415758410971	0.8281308696121663	0.47079629479985985	-0.5625190829115051	-0.2197775719750327
DTXSID5048506	20.41203152058217	-2.4442166932096145	-7.155822575569987	0.8202048567219941	-1.105354033100237	-0.671139591232515	0.4106897856680177	4.705798403156651	0.46305619520312896	-4.350557123460092	2.7486380471485776	4.485604561715567	4.28765176256709	0.45409444519795333	-0.3035422418942929	-0.11300321331108594	-2.301048264734337	1.738999978236731	-0.8174238181144955	2.077176144211263	1.6902119280614762	1.7950976238188436	-0.4769688138443122	-0.867696260729113	-0.2758057786582497	-2.3443960503210737	1.481801488420841	-0.6167833303500955	-0.2397947984713745	1.8815383413494022	-0.05607323965369417	-0.7695668437592446	0.9330425030014043	1.3945839483994729	0.3258044692438089	-0.31761834092873187	-0.186697495946734	0.20310243811704373	-0.8182055332472444	-2.0300812491967335	1.1618084836083022	0.3469577416851235	1.0572213852158763	-1.859216751678637	-0.21538973103727949	1.2603286790599189	0.8675926747344977	-1.2582132704706035	-0.7262146848974562	-1.5738957940795022	-0.3399479909456191	-0.9390289029207688	0.7042652073446307	0.3063663958587983	1.4389021330050458	-0.6057726515699168	0.7525073401096818	-0.17297394498960225	0.20892988549021044	-0.8016475556144931	-0.4401713020054233	0.027151089870048394	-0.5351554314238591	-0.3447147440274592	-1.453478717395832	0.6624855476402343	-0.7986347440306917	0.09584306116094801	-0.29009978139813325	2.096128188891032	0.3132545519257747	0.19390130857722018	0.10311730843834611	0.40140442533063364	-1.188291413111727	-0.3281041769374341	-0.05770006578990507	0.014669726241902463	-0.8780982271633655	0.7311089626716263	0.8365408381121084	-0.47821482907423485	0.15537237469892543	0.4801277517470662	0.08108062544163683	0.6659102982786631	-0.29218690589431856	-0.5410311734894788	0.1880183419037519	0.11443336000341672	0.007176292941835175	0.7771475161782211	-0.19693487737588788	0.04777907656667704	0.2300516372728662	-0.5169094359765518	0.2403073073926844	-0.41325605669182885	-0.7042861262215905	0.3350833453113762
DTXSID6020224	-13.218906315629498	-8.147669986996787	-10.764880723575569	0.04968790802587174	3.5680747325002615	4.567483569605608	-0.42585372000808935	-3.946236003678712	0.9913019315486148	-6.491965221665899	-2.5819520134478884	0.09577035005109277	0.8988390832419811	5.190673740951945	-1.0245073625565697	-0.14741873305467573	0.3120149237770048	0.4827132842009145	0.609482560836275	2.0735510958282184	1.1820765521715786	-2.588927939575507	-3.7982870946895213	-0.4972561263884089	-0.32726230314033466	-1.1405818862579036	0.18601485374327864	-2.355286493761067	0.2768592512285624	-0.8638143525000789	-0.4740244363716879	-0.555761868637923	-0.8593364390512096	1.180429371715828	-1.0012080318360514	-1.8013254986551521	-0.2544943484541134	1.6074781917661312	0.6227887780213804	-0.22695385507064136	0.8195435658177966	0.20909793334838656	-0.8077362354289367	1.3646382575976046	1.1310449680256474	0.13391617746836298	0.10921471533859635	-0.14269413387564628	-0.644080658346913	0.3525632291792488	0.3067314198593501	-1.6917669239425466	-0.677376359948762	-2.1650076945028465	1.440825638343862	0.22619527942549847	0.47636880780374874	-1.410587221532879	0.18223290240831513	0.24709287234696728	-0.7182834538324459	-0.31037796170658477	-0.8653354297695908	0.08984635026484267	-0.46050336991835544	0.04370597516689023	0.8680364796425472	1.824280127361181	-0.279171628600793	0.6221598001348652	-0.6726599429689427	-0.4650458858728819	-0.7537577998098295	0.6596918695189803	-0.48527558112604624	0.9408433013208086	-0.23698453557308605	-0.06628468804745671	1.0492890468414737	0.42537826165838744	0.5132896950771045	-1.300707219031466	-0.24879030897825258	0.26808625889847026	0.8750509219518458	-0.8142931579960447	0.2779455328754295	-0.23282990979696033	0.09120486332827654	-0.6396628555541989	-1.319128775118733	-1.7521738186699263	-1.5177892364922296	-0.2158752167882597	-0.3345108779282487	-0.7136588982561942	0.39195173595471494	0.5604825670343092	-1.169648350422623	-0.23013086399456753
DTXSID6020197	22.41319159463668	0.9836272585571169	10.854984915351707	2.0777179662526315	-0.26168448637457975	12.324449688272981	6.266046519001853	2.6714008813008125	2.1937823409691255	-3.6091917380052125	1.367834741291882	3.9077930297438357	-3.387793639821343	-1.0986762599828632	1.0966012429028678	-0.49930205311659326	-1.1676347455395424	1.4677661918645177	-0.2645925881088665	3.6772474923478753	1.2302938503852625	-1.6993966809365135	0.9680910181801177	2.056601912664209	1.378991987289905	-0.5706339854718097	1.3757152615392394	1.1008202741274704	1.2322135011237432	0.2134630061237911	-1.4569303975227474	0.3789737980923143	-1.9339128315536227	-0.4529305088984413	-0.16722911223140705	-1.0683161718806993	1.6780935854390684	1.3859386350571494	-0.9922808862738554	-0.46320317440658615	0.014755279477120149	1.0647249584285905	0.2910820816200144	0.8335261524418933	-0.23674922991490405	-0.5354372458372313	-0.6963580650920175	-1.1676397429505365	0.11050055477578648	-0.05336290428058983	-1.0279177430816702	0.05016604934096742	0.9474778732007618	-0.35640891632778293	0.7071735818704875	-0.06428763725766282	-0.15619978521025454	-0.050981921778032485	-0.5994736913085678	0.9118568404251607	-0.6605304634908398	-0.0890667664874719	0.6148890870207834	0.6878543618467163	0.5548097180596502	-0.23765355838773133	0.005700309033150339	0.43689091097724325	-0.22385923684958028	0.0738180239722181	0.23878660187841755	0.44161069399373587	-0.1515001901850134	-0.040157123868804066	-0.26777155353758464	0.057244926342545334	0.3086855948077503	0.5330714588259396	-0.6211975184090794	-0.6249441251247078	-0.04485506895763188	-0.6474775352603054	-0.5564361104573103	-0.4281330832372863	-1.0425330843863667	-0.15027548594647608	-0.046889480632162674	1.2240885840888815	-0.4277193468305665	0.3201038253973473	0.31082594560465937	0.011487393796372806	-0.6485852214880841	0.9325845436447636	-0.010571589194161823	0.8361937282404301	-0.27283954294007234	0.610740934172357	-0.009769128290102617	-0.20692449257882664
DTXSID6020147	-10.323050172718089	-11.886078697531246	-9.368946651807441	-3.879291471313267	1.9662186895248865	7.8004587650008	6.569960164488128	5.4472867874055	0.6135499273421561	-2.9952963777496056	-1.1279524287321774	-3.937996564345121	-0.008302819993996449	2.3873151616166	-1.2918667840937539	-3.6122705841263922	-1.4111301243270962	0.6794266260981051	-0.514829990540301	-0.8840032699320033	-1.3167114458457811	-3.120121177154447	-1.7053077241058294	-3.7807852641001953	-0.6201980009666507	-1.915200913160613	1.4899591869183826	-2.715218614678313	-0.35760447885299756	-2.203751606864781	1.0208230330836532	0.051638705857931885	0.22135968614506982	-0.7089399577190505	-0.5006474665577407	-0.9254636699741783	-0.8441877546000128	-0.07717583951652891	-1.3012136481811607	0.2957456535700635	-0.03159414261017916	-1.0015800685388803	-1.5553078477161904	0.024080916254554757	2.6231817947482106	0.4544071348667213	0.2598232220727949	2.117994708168069	-0.5026848514170349	-0.03811073070612345	-1.0552618474213686	0.79293022389149	-0.29822838037108323	0.7195780410158349	1.4428142049673278	-1.1637488219663294	-1.2670470559314424	-0.20528274272671457	0.4261099584072433	-0.527839983040833	-0.9049822289139187	-0.10857769264314708	-0.7470214256446615	0.36959398338622396	-1.910128346971391	0.6890218248353298	-1.0476494304564894	-0.07619920826777278	-0.5305065480700666	0.3088590969741894	-1.763263432077115	0.35918570042264286	0.8134910931916227	-0.7634047408267468	-0.8782511899827379	-0.6928251232045514	-0.4372205628228384	-2.2418331752400307	1.180525601450274	-0.10415753779366012	0.005646195464544862	0.026993541951172654	-1.0930316381756753	-0.11001675002056024	-0.11961299802104414	-0.157248641738922	0.8794385164509958	1.0321864663827474	0.37043745803962663	-0.2800903265130644	0.2237690257230341	-0.17555667918615467	-0.1454933524550991	-0.380863762101079	-0.41665908708513816	0.37327779925489335	-1.147388316456535	-0.5611518497025161	-0.4974999236583938	-0.37889012309056236
DTXSID6020220	-5.9726832166867005	-6.181783965330519	3.538088042195744	7.513086508820572	-4.381744206364025	-2.9628565580896282	3.7034187807583763	-7.658928452133737	-8.807932760815167	7.887365290885139	-3.9426751053633016	-4.380187162905035	6.087097910309828	1.0799954666861926	6.757737101970168	1.967649046274301	-0.20052882914921963	2.8539554305020336	3.966686659930435	0.10846232376992349	0.6478482524998291	0.9063342509528614	-1.5129526641886102	2.3563486868780767	-0.3395345116306134	1.108189695658928	2.310940956675821	0.14593469822729452	0.6368235021287898	-0.7742694772629566	1.1716337867636102	0.8307685885874644	0.15163482049997962	-0.8683660336169237	0.1097652145747723	0.8537664855731911	1.1101613965262276	0.26117423085100716	0.2289553314826237	-1.1782056775476117	-1.158912285921883	-2.15878048006343	-2.0821121420436444	-0.09230138813966661	-0.6667042064114415	0.928611400668669	1.405174099114026	-1.3341896145297787	-0.2062798802718516	0.10593645130266466	-0.7333448938450082	0.4886663329192707	0.25855058589856483	1.2232387718000666	-0.7882972870758527	-0.3922236042957284	1.657836443415818	-1.1642394728068466	-1.1414070512503498	0.07405347174991549	-0.2752434009253611	-0.40150652811329307	0.6443573323524001	-0.03986687659843102	0.28354996545962463	0.34631391145712603	0.2872727277363333	-0.054431603314792985	0.0027750984282272355	-1.1073149854851585	-0.04353015457588811	-0.6561948073087343	-0.11089977533707003	0.25716889561460893	-1.356554676321275	-0.15277773584736312	0.49425918925327383	1.203940170777218	-0.8123180891363532	0.844429451402194	-0.37496790549994913	-0.6375129884421605	0.32863651148094636	-0.3743317315905384	0.22435906413528967	0.3601857817226232	-0.5831124944504265	-1.116282064120104	-0.43279355099541594	-0.07277558601473186	0.5065899461834478	-0.13169995854869232	0.03774675232620361	-0.36951795992318476	-0.33380873246346604	-0.9255081140856828	0.0795384561528174	0.20141956041004894	-0.5710780300720127	0.5054135455455642
DTXSID6020359	-10.22004681057345	-12.85537962643972	-7.910941367224805	2.3165193168600897	-0.1694570469631026	1.506845800274917	-7.910084818541981	-6.410501951786876	-0.44370360622325916	-5.85074725795506	-0.7464067589206882	-0.5290077651263776	-1.6809057493294204	2.178193487418309	-1.2861781650561372	1.5723441906974265	-1.0730503816218115	0.25715357884812173	1.9199592181944527	3.6074867188743065	1.0100702570107962	-2.637608001273831	-1.0450368624408322	0.6157223262350587	0.6057397244979698	0.15924076733136058	-0.9028925951001239	-1.4394930539884792	0.9971010785818344	0.6489603667024285	-2.53944780427049	0.5517079081866788	0.43172253542613426	0.1758937813959429	0.12506099652125988	-1.1236827078968152	0.8178322559781848	1.4216251266718278	2.0088922201676684	0.28013815153802835	0.21608015300448755	-0.7383035968639505	-1.1351275426754015	0.3355889955097435	-0.9424465402371901	0.015346313976682856	-1.714041719748678	-0.26605788272351993	0.09805160697846634	-1.4281054129767226	0.8681117011105126	0.055445672215362375	0.1668773589481426	0.03783900784688673	0.34469939317203285	0.5356608733935178	-0.5562019219208714	0.5891065007582488	1.6104432227622563	0.022134330570384372	-0.3733014592334693	1.1557745645838324	0.9068325777015281	-0.5001693696692168	-0.08686672812014554	-0.5780190004467718	0.2830016799563744	-0.4035811315681238	-0.24701512636882433	-1.1806010937578433	-0.44247728184852403	0.6178355279565246	0.2946099585135682	-0.23646487125996316	1.1318531202568702	0.33685101734498574	-0.40453534571510985	-0.848330161466095	-0.45423305850879475	1.3066929608659468	0.5705541012372547	-0.6465721005595614	-0.4344768370523578	0.5480988013977768	0.7312686160646201	-1.1068503456840808	0.9655132398159371	-0.12047522736346197	-0.1842319642943295	-1.0921007698848162	0.1873615493595537	-1.3937679351183019	-0.4805980294430291	-0.589318942289611	-0.6605921591779403	-0.1931546057868008	0.15043701785691077	1.742272457111132	-0.48451648677802767	-0.8744407976123859
DTXSID6020856	-12.03688010735715	-0.13055408544231084	-4.777777570667032	11.033341522570211	6.470203727453196	4.367458442205132	-3.2784855245130586	1.230456642024179	0.8165681043473498	-3.295046533402443	-0.0015289258030016313	0.4106539221085969	-2.2666144746651695	3.8518202629650666	1.9882636123234745	-0.4792514225193464	1.0026361072710062	-2.1342925265637955	0.6348740475830523	0.36852666261749767	3.3123015324636182	-0.7460032805896766	-3.1449542085480844	-0.22199041641025916	2.0194293515098027	-0.8206532923375717	-1.7965641639461023	-1.5507752995016126	-0.24520862708150185	1.209543277247813	-1.1530582184222569	-2.6679526461566043	0.9520597018057718	2.065218567179633	-0.6694915665220605	-1.8749071064588387	-2.2915877118381647	-0.26159681156228154	-0.6605398967583342	-0.2270935863744301	0.4478798940552626	0.4834001588431776	-0.47655273918383634	-0.5468471002376122	2.108390925934472	-0.4598470596701796	-0.5493466672334043	-0.6228309156585333	-0.1225774211014639	1.0812029829904355	-0.46328130244994686	-1.5963961251585357	-1.265609075656208	-0.6624394986152148	-1.1043262903433977	1.1682499212063964	-0.2504689226910252	0.19379063258045107	1.119580728251235	-2.1217022021363925	-0.18217571243655084	-0.6866739774066727	-1.6165304238424623	-0.8834444857253787	-1.4287716001586328	1.3826656346273223	1.1049734686618653	-0.6357547947805475	0.8238129857306614	-1.430453766080237	-1.0501785230775504	-0.6743539549333967	-0.5055466942344123	-1.0585191192363395	0.9278706913164032	0.0862715802240124	0.4991017710207467	0.9268639454619457	0.8544423544325441	1.5931210495035995	-0.47161522849935017	0.04886035352059434	0.11325797436975829	0.7403604289108394	1.4194366824045614	-0.624963259805916	0.28954365812530125	-0.22186264541451145	0.20557067984288938	0.6282714486070798	0.4585824903767327	-0.40717302465298233	-0.38760079125440194	-0.1909033979359839	-0.8113381054117874	-0.35081466395965366	-0.04797043034597249	-0.3660212734223776	-0.5957942798102925	-0.18842516574102083
DTXSID6021244	22.567136031907268	0.7094606641282705	9.50609488586275	3.9908326160079	-3.336922349415822	8.26302817265944	8.938381312693423	4.190165559515941	4.070316992743058	-0.7116397439085396	2.786477514680045	3.3927518875902543	-2.815873113037371	-1.993438916405311	3.2581918493926123	-0.8506719694396515	-1.0271505686251994	1.5699771413320867	0.5988108350892298	2.6047006754727917	-0.09741474189372297	-1.1231100464748955	0.7015692401682179	0.13589194910405117	0.8236432876435407	0.9787291287079194	0.3419739623141502	1.016146401613708	0.5719776796663976	-0.9372270946201147	-1.5176496829190769	0.14387703462711343	-1.5393103230752525	0.3057135807347676	0.5687926185561787	-1.5046032885442735	1.278300458641094	1.963143874303729	-1.3414083026786103	-0.18218572482776121	0.2244984576268849	0.5891154866662381	-0.7872150033851563	1.3462556537581003	-0.4105993689722624	-0.1487573776122814	0.38027242794488	0.2706806650342429	1.0308616026332782	-0.03132047743127421	0.3949299453504222	-0.13769821359390444	0.8304255467676928	-0.40234185101682896	0.7662254003162967	-0.13749489349879354	0.9390671836468496	0.22567198318791673	-0.10713173276115096	0.24032830853545117	-0.011579131673216489	-0.23573272607523943	1.1704514019467105	1.2079905653990957	0.21277616369908878	0.6585062252924696	-0.05118465298965285	0.3809831471560639	0.18241340069955173	0.045342387637028844	-0.6858663591083138	0.7682153747334378	-0.051664436278616874	0.45166231368076676	-0.22618443611141556	0.3763437725395145	0.8643952272139152	0.8344698851890289	0.4184593812113399	0.2831002013125602	-0.09337928691428397	-1.1685839487275314	-0.26407934056913496	-0.04544558564787307	0.15165113230438843	-0.8190823244964578	-0.12698689130704646	0.4550735017984345	-0.5189479604996488	-0.04140904247120388	0.14716446083287507	0.2008108012674871	-0.6480085627483753	0.49138735401755496	0.28823343477998764	0.4281075665249163	0.574464273324938	0.7131632304241426	-0.11193699056811895	0.20323845726955245
DTXSID6022422	-4.60800032257395	-14.98944008146703	-7.619755127302669	-1.6975801457714264	-1.770124206002413	1.1811227078996924	4.225738803105481	9.396951592657217	3.2410466445318447	5.980117965159514	1.8449767102181833	-5.529592099426292	-6.113357102471204	-4.5940460349556	-0.8979268782958196	-3.549385525407545	-3.3345466694698906	1.5614571758340041	0.5067231842467278	-3.246455841958591	2.409834000778907	2.99650492535331	0.39850410503813694	-2.4419902468949632	-1.9693895757594302	-0.06378479418137215	2.6625730454504524	0.5894006724739372	-0.45776729054173854	1.407371610148015	1.3259847524924044	-1.4207837704525996	1.1535039207194473	-0.2763331741754107	-1.755416838543842	-1.7631593837602513	1.2768643658852863	0.324180929605811	-0.03208572283382964	0.04355901923854762	-1.228300266525889	-1.3520403228058568	-1.0668291289004068	-0.22241957824597716	-0.35617032528557396	0.5481206496825292	-1.3387384674761946	-1.3317902977711225	-0.28117921283029074	2.3794506053942897	-1.1466398172003547	1.8258739583174823	0.4042444917821383	-0.8223540082062063	-1.1691459371908006	1.1920721342393057	0.12603031849300228	-1.9182813457037047	0.6260328615313612	0.906604511892209	0.28774265539642363	1.8095782825801205	0.09974382269919549	0.9831270012573646	-0.6801859652397155	-0.05242023781191635	-0.9785562031874646	-1.1423270737956015	0.3075381026649639	0.07078340243612577	-0.2828348698985718	-0.20664176641894405	0.7767516301285047	-0.13712708806152454	0.3029659034734324	0.7838773056102059	-0.6367972675655881	0.17755212466817757	0.1310264107744212	-0.1543121452423065	-0.30786483954032684	0.18616464315384582	-0.1799277335559665	-0.916857557211598	-0.05869941523765814	-1.168147729829126	-0.4329348402939511	0.09932245475716289	0.496295074034037	-0.07280338810984946	-0.280299415917194	-0.2586359283194513	0.8715645095243068	-1.0662058772940108	0.4422336412217663	-0.2820668264034406	0.8063647356824977	0.09752049541563826	0.7866806482146141	0.9037067393483882
DTXSID6022472	-12.317445748936237	-17.157404102247924	2.155466135309411	-6.467651426251598	-2.0938750134988764	-0.3137798795717417	-5.528834969952148	-0.28791350892812195	4.3991189598742855	-7.164584682242801	-1.584217298835949	-1.6094183916187563	0.44374448293587637	3.7337933118522058	-0.366355781402249	1.2659572603849372	-1.8454868558375437	-1.6541835273320835	-1.8780236855067391	-0.12400296135749822	-3.2545404599912677	-2.3777165659413324	0.6723183678263	0.7279401944496549	0.42372743932079016	-0.9728581008204321	0.6952440599222705	0.2050944664549934	0.10970026370498479	0.5774503154304885	-1.8734063063090012	0.5306915036572726	-0.4260177670531644	1.0047344153294924	-1.3576236243582855	-0.3179387854963123	0.2272522287537839	0.04196340767394712	1.3796330205760026	1.1674304105058326	-0.9531107034241619	1.4895875986839249	0.8638178910995217	1.6581156106374093	-0.7923894348710864	0.5659207048692986	-0.06754430515511696	0.19255068178941037	0.9527820779892389	1.0053063002478315	0.5101108854372788	0.5200162124089333	-0.6432252596604016	0.5335754774884914	-0.855015128629122	0.8534043574306249	0.46495030932297504	-0.33175207930755846	-0.3111333734128382	-0.002759875780746782	-1.1003415782276866	0.5964886476636359	-0.5641659286611455	0.7799220541626998	-0.6582782412708844	-0.7941919439192096	-0.47394343574680353	-0.3924472172363715	0.17827878826584592	-0.7498103897437093	0.6126374074886061	-0.5000306079735172	-0.48805758258167153	1.0025743196661336	-0.4007141992176924	0.01979403070700795	0.18852348331638585	-0.7685770866113734	0.5107689989960879	0.7565566245839673	0.3715161110276995	-0.22973970209612765	0.3175432981839495	1.490648435522198	-0.1027761559222942	-0.6540425934550833	-1.0053062596864437	0.7877634064431942	0.7746184707009509	0.18245541396546286	-0.16877061170786842	-0.13587917605518304	0.8372663874389621	0.4091955775030372	-0.13881893946638985	-0.3089727000914855	-0.4742095484338753	0.32428708759416003	-0.3127907133992342	-0.018549087142109393
DTXSID6023652	-8.822572958216757	1.4787984935535587	-9.318547349494082	-1.2210506660743365	5.689394526202877	8.391323063649097	4.727983255043231	10.275446425746708	-2.3339281936129637	0.3143679399448456	-4.02140696706107	-1.1224793138676483	2.341872708166898	1.6030057529971002	1.3974667645391428	-2.6020625007331724	-0.19820054419894695	-1.2581247424950188	-0.5686741106861093	-0.27412830467410715	0.07774246858559862	-2.019492862603949	-0.06904821429356944	-1.8754003888710202	-2.711586502596257	-2.015801041072728	-0.6117412202957614	0.08949810074868267	-2.258399766396211	-3.554261004307346	-0.49935538478454833	0.9052475791322333	0.32942874980132064	-2.1905480669559725	0.8715040649530457	-0.07145778203634037	0.7639771844889471	1.208920314627745	-0.03544780602190163	-1.1937174021036938	1.0371906906665307	-1.2372595615166018	-1.397703382177924	0.3457850862449354	1.845580148750936	1.8006468044734674	0.9680844895057569	2.5911252723207223	-1.0611670921279257	-0.019720893691605092	0.9981986134873164	-0.4466722517081441	1.8183652411332685	0.6382655862986965	0.32456530468763006	-0.15673701048919214	0.4353529856305331	1.214752839645924	0.5873646101817648	-0.9809941906217875	0.09140569235027154	-0.64997321207957	0.2879212200160901	0.5310251909860957	-0.6112305592860117	0.30591157141701747	-0.6483100822895238	-0.9600489502098215	-0.2719023416027348	-0.7228248086206212	0.6691344403806629	-0.5751550325123787	0.5883051743684503	0.31094217277599384	0.9673348588461618	-0.6300440271918848	-0.5623176315857045	-1.0712800360907793	0.5404870507354702	-0.0074714576443106655	0.5696589911621943	-0.008453693457389696	0.6082995949471396	-0.4206068839164369	1.066211811959118	0.6659964729384166	0.9807175430286001	-0.9163653482711589	-0.10005100335347776	0.27416801859493445	0.4560306618701713	-1.1068337756712743	0.042622685042371204	0.6554498370552644	-0.015524501895900102	-0.7192542844084574	-0.06159166441779029	-0.5916936750139993	-0.6479890843522222	0.043981743496552296
DTXSID6023868	19.946104587337	0.3081803437525212	-4.063315611613701	-2.886751007172486	0.29713047055701874	1.8235882179810097	1.6614905451241893	-3.484835524363641	9.902335899149861	4.283578101072756	5.091400383662922	2.4758443573683877	2.2300322579193685	2.564479877155903	1.9670158264008917	0.9839787372254534	-0.779739332159396	-2.1313320179538575	2.220991494285157	-1.6453521556937478	0.691288005043475	0.0853306300769498	0.21305221215379194	-0.22479094354038662	-0.6034744926066191	0.6347877391716189	0.24998598269585914	-0.529566036243892	-1.8856548502459607	-3.1185569238893303	1.392833766776623	0.29231122609952104	-0.5871580197066758	-2.07201232600827	0.2252128068357607	0.2119889978769671	-0.6496159228353272	-0.8045174320568691	0.3583196560678685	-0.743854872634465	0.24490774845720223	0.3443791887042785	-0.7579403641179765	0.5986227714659148	-0.5471038636156997	1.5358731823633902	0.4854744502452571	0.7934977996711755	1.4861961078109676	0.6906447152325952	2.0104534249314048	0.015580092021074613	-0.27260182465694943	0.6499659990003338	1.0678076118720206	1.3146603647875068	0.024339648381192083	1.786645683460089	0.582493999479856	1.5411524265786463	-0.5557385502031258	1.009666330760263	-0.32074915960400424	1.2032625581851124	-0.2855532137682662	0.5909227158978588	0.46368077250220785	-0.8417306578104695	0.9208819869301207	1.0084331509281381	-1.186235194755824	0.4887725845679054	0.7073607234555649	2.3061901649143115	0.5254547856351162	0.5533368702980411	-0.03343024692838963	0.5140640745395386	-0.39501507679437947	-0.289938868880066	0.5604975580483134	0.0015369655432383982	-0.5960422277860792	1.381960830078335	0.46729078099072824	-0.7697403480332126	0.7486496794920265	1.5156011247126089	0.051897075129716516	-0.18960345689944083	-1.3687078548887388	-0.5964388242351317	-0.17514242888010534	0.40817275650387946	-0.4109889528421107	1.3894842947278663	-1.3752419714279855	0.6438278891388749	-0.6742886897254491	-0.7963343958756048
DTXSID6024204	0.8169614906964568	6.154834210995749	-7.4195944470150605	3.3409457469863346	14.141979588278303	-0.782471576444723	-3.4098665292135273	8.294567219909936	-0.09287517228416702	0.5283348191765752	-1.8277618918104122	-4.861944186064521	3.6989396673921604	1.4552078956023353	1.0953141382374705	2.062508805402132	-1.8960887405838593	0.276389693943447	0.8793427528418838	1.010977147874528	-1.1246982617073928	-0.8325971130498986	0.29958638375046603	2.3758846426220472	0.5846368688570822	1.6889710532570206	-0.860001679273944	1.7654834250820433	-1.6860920151890155	-1.9958223326707323	-0.6987244501163465	-0.14538786110823604	1.16394216897036	-0.27461013130720524	-1.9278847560665797	-1.538714232517373	-0.8227864341419883	0.4734713650652714	-0.767737480172485	-1.4969404776518154	0.4465058799392945	-1.4373105296567528	1.257649686952897	1.426140987069085	0.506240557910589	-1.4657749668950446	-0.07638816104057032	0.6511954823104903	2.0808212435333777	-0.6209038227515021	-0.13937147548084974	0.27198739179422377	-1.4464313159625974	0.7666472134450266	-0.40848871851111807	-0.5703803454995406	-0.14301299437818826	0.7421567576381942	-0.10172462740089347	-1.0637192887524545	-0.4871841828212545	-0.5412373094695604	-1.3960274567847573	0.31117405958857947	-0.584659112031018	0.5609897385133598	0.3465900257574088	-0.6993734071989001	-0.013685348177946276	0.4199352803180236	0.9661403655518874	-0.37882065023295075	-0.605061994459811	0.20324138552719828	0.007639942906704691	1.521136891752729	0.5108164211864609	0.5460536964637723	0.6393888718297458	0.2608710043629463	0.370323334375527	-0.5921478349917423	0.39778403309229116	0.2625660660966772	-2.022074216113449	0.45586461595240463	-0.3924484591891306	-0.7416500804443653	-0.6150936590622661	-0.12750266906337254	0.399473481418844	0.11607692748269187	-0.24002570053415784	-0.9115839712168109	-0.5356862577171805	0.9663267720323165	0.11127631403739696	-0.12828200807694173	-0.5138184199068934	-0.10177521005593707
DTXSID6024048	12.605454952026221	4.353153340513037	-9.097211447670503	-1.2081507858959493	-12.013674463851132	1.0133000909821077	-6.8512625703841525	6.985574562878363	-6.006701578111516	-0.7096147699029243	-2.260555954957967	0.607776206818236	1.5008723152678667	1.993233870931296	0.7197212018995813	-1.3350320030036649	1.249448486353319	-0.239180766528416	0.9813235940873384	2.138617111318726	0.0528096909351473	-0.3252863054701005	0.16404163608694644	-0.16167965483832386	0.44473549418773367	0.3974144264286548	1.8383270576717832	-0.7284284948629383	-1.0967678812414565	1.7398524698198512	-0.6897340383027708	0.7888243084219478	-0.0029602366918910447	0.6231603713399069	-1.0483159890933733	-0.4282978625773635	-0.8401899085953745	1.4686622957813702	2.1827862263611624	-0.2672384534751574	0.29323075641619617	0.3731057165106679	0.6265247986160986	-1.29319139822991	0.6962262645456453	-0.9260416055758689	-0.029574785505625187	1.0195348705200766	0.15328384869868492	-1.1792617250653192	-0.8496822051219589	-0.28552901121794527	-1.7964660262035983	0.5062366464235185	-0.12443508615140102	0.43032391245318147	-0.8655247494131475	-0.049185785847348534	-0.24951187343428852	-1.0463976198316916	-0.81165692785446	-0.9876005832970416	-0.23962251228997872	-2.3160031781639314	0.2098536864597749	-0.5160853797840717	0.31674824193981166	-0.0783417254689388	-0.7849090098490609	0.8777135579769261	0.07430251025707772	-1.1238337870276336	1.0542036982753196	-0.2060399516657023	0.7329976140901238	-0.4735019213548047	1.056041605384798	-0.5473844099105674	0.3119993492526329	-0.0009601904414726816	-0.978378328969536	-0.2299843567300179	0.21649562649588558	1.0914672447682696	-0.3587327212005153	0.742287528217138	-0.48027836007452873	0.18732089161892793	-1.4578776322184193	0.6479255315599429	1.0362755794895948	0.2565068725327904	0.10532485391440277	0.10217723630265221	-0.7406203205558135	-0.476116007741474	0.5323917186253703	-0.005742336292714249	0.30017602738821453	0.39713980528132115
DTXSID6024836	-9.450019077451383	-4.87121574701811	11.858739224590888	9.699900431200225	4.848068441385273	-2.9420670961138295	-9.431502763047975	-3.609592436078827	1.0600825674736394	3.967350017279793	0.7109483025028144	-1.5479291324882567	1.2951417097618187	0.7783371480936309	6.623608765008049	4.394819007978034	1.6860212753807033	-2.025219172808315	1.0425256940069012	1.1824257418950188	1.787938548209083	1.3696668170132749	-1.2651856433449529	-3.1245737197638266	0.17122706900421578	0.08498601383408808	-1.0514236968883865	-2.2610198942313566	0.2649220456330468	1.6734498786258323	-0.15642089421943992	0.39926795745310456	-2.3555296083730153	0.46360077892119844	1.6032468887802345	-1.2921170761624783	0.7623533249634693	0.30759292372916563	-0.1401849107804088	0.5758638161539509	-0.2691680337732497	0.18387496010618742	-0.4066455282643586	-0.36802354546018223	1.2117407756700473	-0.9989574615153599	-0.1952709462484721	0.9502919649919994	-0.7325625611875591	0.26867726190396385	0.7972288721350824	0.5782038010206051	0.22746148293816	-0.1009230011388209	0.8272066023404683	-0.7389657673755051	-0.16417532615633057	-0.17343822470389622	-0.09140732649839675	0.2195418903213254	1.02043910730253	-0.12026918002808655	0.419152583780004	0.11515539666766805	0.21894145892399555	0.585231484399535	-0.9657898542880948	0.40422424155929254	0.9544624643455131	-0.02814835661808549	0.4664611324518783	-0.12970416495378742	-0.5913782903327203	0.22264348397589587	0.5454306648696755	-0.5673474318460551	-0.6885141527455056	-0.3776186749182454	-0.8325935141613688	0.20237969401109826	0.21060854459045952	-0.23830448857362177	-1.61570761141714	-0.871159661685923	-0.6186515723611231	-0.48443420788235964	0.35629522389834484	-0.33443100819197685	0.6276819153551887	0.20610731464075702	-0.45605846583506465	0.6623585366122221	0.34097042767318697	0.3640821619504441	-0.15803837632565715	-0.2229083978157569	0.8411389125649325	-0.21597512797825313	0.08482448981300567	0.2657646601683406
DTXSID6025226	17.74332229203692	0.9173790844907429	-5.640569589268707	-9.786379741820994	-3.904118934060496	2.0761418425625	0.03563484192773064	0.9367724750832742	-0.6721955096042687	4.925010737792498	-1.504570469379437	4.765174251617788	1.0864674768542755	0.2274566666155473	0.6612151424655401	-0.07614340885838256	1.0506399170566127	-2.5418436973664176	1.8465119573639839	2.2231470839110887	0.9932797931264085	-0.4640726581930657	0.45303216120320944	-1.3752952817774964	0.38733533464407555	-0.3090078952245858	1.5743510153750944	-1.556589014600743	-1.9394684364887425	-0.13144165578228664	0.8915638223311521	0.7342084400423409	0.49926287019813026	0.7535462029389594	-1.1489887373644472	-0.42184536444933185	-1.190181859470902	-0.5546591162552783	1.4171234330965952	0.8844035165407617	-0.16394175254457735	-0.4753687423188847	-0.11893100850179374	-1.5306375196934483	-0.1449914642475793	-0.5810315016908029	-1.0316545568745679	0.28976498603619444	0.2547635038979004	-0.38061547272795077	-0.31724973204242835	0.2704546789640135	-0.6508398717099309	-0.4707658122121248	-2.065275859330675	2.52248642097057	-1.932412341871078	-1.0158422348779066	-0.8009486722392927	0.7232862266145997	-2.296976311118889	0.5405314975286359	-0.08427183810561842	-0.48310837292150555	-0.26085813328815505	0.16202163209099454	-1.128127799514695	-1.9015674821618656	1.8387291514805075	0.13073480871141416	-0.8048261477205674	-2.003500088975354	0.2914495516742509	-0.10062787736485372	0.6562127631984183	1.1676347102561668	0.0029920440166645167	-0.32301218528259534	0.9582066382335382	1.4155855596510474	0.8658343698205077	-0.9450236095652828	0.3190794534999473	1.0863790477999675	-0.1780258194639967	0.5844760337707321	0.4108999572906556	-0.6876155895948236	-0.7284735946084983	0.2641516041672419	-0.447904625444469	0.20309806110800568	-1.1670631370678557	-1.8073242811385826	0.14288271578305206	-0.6958173249294363	-0.3167547811301804	0.8726187593604678	-0.23621847044030947	-0.37617767597065693
DTXSID6025692	-10.994774032977507	-9.392929511728866	13.291232454575962	3.915958578669203	5.273870765080864	1.7016247208405004	-8.852526020134675	-1.8900477304206322	2.3149881058884074	4.836036444358678	1.9079589111145832	-3.9871086283110757	2.9638247074790467	-0.08949937971915213	5.512026783429583	4.682812192257888	1.0936462343197246	-1.40690803143601	-0.5519750686383355	0.676214881942354	0.2952690255354498	-0.7927753683367931	1.95472677237314	-2.9597517266536624	-2.1282936553412317	2.0276962368089375	-0.3758402452446918	-0.5868930211184511	0.8913597108576734	1.0656507886978854	0.07602762142945253	0.95822851626868	-0.5394781244255321	0.8977162820847239	1.737448912512049	-0.45082642259692346	-0.22587717331119248	0.648699505096784	1.4392556630947633	0.2955424992914672	0.15257191431768644	-0.008863504745706735	-0.21454871093073977	0.3918056060911753	0.5624886095968854	-1.0139788875335327	0.6428843872041391	0.07589278011126739	-0.5608261343836645	0.3154668041413026	0.21520478815314342	-1.3467268903698888	0.864725737397411	-0.38930468571250243	1.0832094987838583	-0.26193761122111414	-0.2403759046945539	0.04135114981633606	0.399893363257122	0.6491307540969703	1.4215433925506753	-0.3745547811242444	0.9898456232068451	-0.14164280947727675	0.8456173981029536	-1.5025575664388868	-0.12253390330128015	0.780612668605633	0.4602352129483717	-1.0420769783866721	-0.017580738504551895	-0.3181178414611136	0.5520671994922445	-0.12663715266331507	0.934391302491708	0.32618616990204974	-0.18509199385565994	-0.12963590286110685	0.2460311193316856	-0.34864166539131397	0.3604202468611199	-0.5294676949258245	-0.24867528110965573	0.1565463485802554	0.5211777007574594	0.8366811099288737	-0.45370143064030205	-0.1478747760726081	0.34747320752111	0.1933395831950653	0.18440782910471623	0.21366279951496056	-0.9107936746616	-1.5074567732077615	0.48908285703159987	0.24856931373245938	0.760785731362856	0.3735714994652669	-0.09510241133064473	0.126549883186872
DTXSID6027052	-4.332701233051998	-10.307502736905656	9.850720749330794	0.6545431592045147	2.1208682022578023	-0.8507725908113379	-7.9663438862083815	-3.745657419271931	-4.707802422810188	7.58929758812667	4.168623115682402	-5.841449809646031	9.218424056878526	-1.3768958565717915	2.6331708002632737	4.196625716654559	0.07564758455599609	3.273357278610667	1.3616585317466654	2.3506513864362866	-0.8664730954354897	-0.9372000206294427	-0.30684651004996566	1.0736404339249628	-3.3190367633544335	1.7425408471098052	0.3873041053219969	1.4048936930107505	1.883163320212497	-0.4861609506938225	-0.18950781756137364	1.8739826548512193	-1.4324800910246256	0.764018695598632	0.06390374584935195	0.21400622469850392	0.6557529800034968	-0.20462533812081787	-0.36176473226494954	0.869038320988573	-0.4323033135423347	-1.1263043622652567	-0.4719255676747386	-1.1492181631368936	-0.9937244665207602	-1.551726437297673	-0.07966545349932952	-1.6248364433887161	1.348487783983415	-0.20324690264964143	-0.07213480437855867	0.32816137541344587	-1.3189179818470669	-0.2912385037096228	0.0387304979103957	0.4104137365700032	-0.026559902258600485	-0.3416979249887057	0.45315908619785417	-1.280056145486731	-2.570970980072474	0.6659472300158502	-0.15395340267118537	-0.24154435806319774	-0.8323126934442096	-0.28996688241234037	0.4812779212112853	0.2740364478365694	-1.3292817997332635	0.5755529145900296	-0.7849605723788762	0.5968033334134959	0.6057468206600277	1.4067205943343324	-0.3846943989071685	-0.4861922872002498	-0.1990405740652349	0.3531785192294261	0.022796064867349138	-1.3511567999934673	-0.15256488298641602	0.19117951304874348	0.1011602078739208	-1.2205825916152917	0.6448775262309352	-0.937306090104001	-0.9197937723671481	-0.7514102993587173	0.21931867620130951	0.6734917334799506	0.327426009236566	-0.3518391274313288	0.6212123247557744	0.054167347568094854	-0.9726716235248618	-0.6893823894234018	-0.12210429478427112	-0.7487155616233875	-0.38643269985197215	-0.11354080983147632
DTXSID6027131	-18.2279975345116	-1.0161327149322774	-6.280532765537384	-1.2645989844073828	2.5707417113742377	5.988117495939518	8.182936909068285	8.170405758159877	2.890073361560712	-2.931619708452121	1.1735496326018993	0.2805496622468751	1.2695399371903597	1.7108992311635258	1.1484503030695214	-1.4790795058866426	2.36575262601096	1.888715745559657	-2.9440193064025406	1.2321465305212365	-0.06652817025190445	-2.2788978822906922	-0.08012526353062709	-1.2145321888348737	-1.4536103400539675	0.5883866298535075	0.8079890108148138	-1.2541242470545226	-1.5615417004111376	-1.1121374371955177	0.10204302998076144	-0.1821021073945327	1.4423774700806886	-2.311583033664827	-0.1596671949280324	0.5250188017222075	-1.2267967729160754	-0.02697060342641751	0.245643340790339	-0.5976966282394186	-0.15646001203320206	0.3626322603421606	-1.4238136020766885	-1.2527697498512642	0.7359848980321227	0.2012670423166229	-0.2631364382338464	0.26024936214444233	-0.034323531488984524	-0.06826244505164454	-0.29253606055105613	0.5434616947758637	0.11014305885319206	-1.425668228473552	0.14913045843511116	0.2697285907765389	0.6849195925605388	0.5419676729560007	0.07976745398137017	0.28433445130029583	0.26169447184866274	-1.5849073739124813	-0.5324638456057424	-0.4724054005712516	-1.5503004102602644	0.049253500078889415	-0.5929256307149846	-1.6625871389680906	-0.14697166185401309	-0.08698439187241105	0.0016607252239296162	-0.3273235117611653	-0.21422094364822486	0.017097038083682327	-0.35366787483733636	-0.809845980098491	-0.1931369911384604	-0.2639802828110722	0.1985328193653784	-0.5041333807940981	-0.4340969094169187	0.19087506732342127	-0.6894559569701901	-0.16722285173591706	-0.11957581320511435	0.10592550402315183	0.08240601203156579	-0.5931821968313524	0.2497276535855842	0.6813749135252495	0.36635754899999423	-0.5435784260006108	0.8248331333100791	0.25805184918544355	-0.08325125291896451	-0.19588715775255672	-0.10664944621808953	-0.1952546201308215	-0.9298546938784356	0.21728635260208343
DTXSID6032647	-3.8174054787629785	-6.049634632357204	-6.423159760769978	-14.01027076596152	7.684276059617566	1.232673110533723	-1.2051575478563255	8.192422613796557	-4.568003510123832	-0.12353117044121997	-0.4567225340628798	1.6862364302414217	-2.222421759062387	2.249563449891768	1.6353672781625779	-1.1904320955929923	1.763589171241251	-2.3264279562048715	0.6902722876077936	1.2066449087783262	0.4757134297724644	-0.3591844444942471	-1.1062856850032456	0.7479910674144988	0.9783182566000284	-3.7252891280355866	-0.5062258582691256	-1.4847637389336907	1.34536848956799	-2.7390545248633043	1.95448937034083	0.41692909608087203	0.6738912886216825	0.04366797764276153	0.13855978595967097	-2.016845333597525	2.5248401060089023	1.1464709285408208	-0.5375541512633641	1.2616453409760409	0.47248004897741364	1.010001950695537	2.738814962618098	3.25932655889117	-0.607983473160689	-0.34245338168538814	0.9445144876291632	0.8925217076169458	-1.2229792509886253	0.7546354000850841	1.5879844499324365	-2.7463915197667275	1.0972131374852094	-0.6199018586804789	-1.858750537864217	-2.070671679524409	-1.5944751745996435	-0.15101532645798474	-0.04442898412922979	-0.7752816197067955	-0.4379357983034028	-1.9094679679139366	0.912542436280916	0.7286880312511129	0.13047961978534237	-0.8327868736643678	-0.3027507926301001	1.6670573525163008	0.9309975854632088	2.023907945124185	0.09900420099009026	-0.352624912477434	0.13572684028050452	-0.40787326354752734	-1.3635305760559067	-0.20904946960445334	0.31418803115080945	0.5326860340542119	-0.5067660554301194	-0.47007275544103566	-0.6318411123255039	-0.067969291086764	0.3335377386114895	0.24270980691655766	0.1364782485134024	0.17692796919216816	0.20695574283808058	-0.21251944657877694	1.246795706298776	2.94478102918698	-0.9177442901745728	0.29971719719384976	0.054821423155012365	0.17825723315101719	-0.9466885780205095	-0.5822545212154477	0.7689813970660523	-0.507206185392975	0.7502504559824861	-1.0304814714738835
DTXSID6032645	15.550727309862829	8.994433431013862	-10.560985744779796	-0.8573763306888054	2.1750297890308583	1.7267409778591774	-0.42717411363349167	3.9059659350714213	4.160854382400287	1.4842888260006881	-1.2178270543333507	-0.24869048996391738	2.90537865121834	3.593477617464023	1.7498732641904782	-0.429598710511216	-4.669734244025506	1.2049434281962572	-0.18266096900924247	-0.11640406442313889	-0.6185360906292003	1.0971373723830888	0.03355252357986372	0.8520872733788348	-1.2700109616299422	2.450931031643895	0.6920028700380852	-1.6038122223392055	-0.5550549719016615	3.2531578705069544	2.340999943716588	-1.4368492523524798	-1.3213517971845765	0.08122597317159479	0.262114149459956	-0.7346319940842201	-1.7878719342151537	0.43091367430554456	0.47148592285533564	0.3238099926588475	-0.11401507500086198	0.3257257593130406	-1.2242954163911441	0.07866254567719697	0.074231667643789	1.0077498386494947	1.7105989253597929	1.188124394151001	-0.8975887490866283	0.28431077697215673	1.8272505946770914	0.9722723224723989	0.3736443973514659	-0.44256187718442774	0.3575187074547604	1.8739114843026363	-0.11282951109483962	-0.059397459459770874	0.2976454750696553	-0.2871935492362272	-0.46951208762222973	-0.32528644304618254	0.5748742004894698	-0.061648104800811954	0.37333368715303	0.3067782088224437	-0.006086427491632874	-0.2894403275336264	-0.09259855185023343	-0.003128153513360961	-0.9484707774648785	0.13937050769435474	0.3375319450369446	-0.4708464650317994	0.06570055680796609	-0.8449189172442618	0.9332522270010256	-0.6989378735619591	0.47622655718064477	0.3287408863314822	-0.20150475966407744	0.20325545019878055	0.3969516929335132	1.272142185152934	-0.06691130871426133	0.20922815915604348	0.8476164695512282	-0.4708491507983219	-0.4965619136699433	0.5582372975785967	0.38759717671389393	-0.08284861092820517	-0.6529756594362592	-0.20842348317948908	-0.37201121254619135	0.324985599897715	1.1863529399344273	-0.4271949078511029	-0.34072801198811026	0.3661998257378121
DTXSID6032641	3.892872151584346	-3.907102277059947	-11.20931014366698	0.8999795917039558	3.827204420043163	0.22690904132920495	3.0777938423295765	-10.790040180496582	-0.7758246390712565	0.45018117097698573	-9.499367033119686	4.743177873406456	3.1518520525147222	0.22591164935355473	-1.2164923624755	0.13748689849645196	-0.5894239547687999	0.9769641273666624	-2.2343115840287293	-2.7016166630823792	-1.5016002275842406	0.5945903588312168	-1.8862953495838872	-1.1752099089144479	1.738134658522546	-0.5778919428246627	0.6314830011902222	-0.4864817477726958	-0.2090001575944432	-0.7242306834569161	-2.0545649558774226	0.7829778881967678	1.103868560526403	2.5866785650692448	0.8136879993980078	-0.6632028709620668	-2.0623828302903306	0.8665360372350962	-0.7842315993713123	-0.09839557773940277	-0.7007459934671866	0.3197256452036124	-1.3121966200488977	0.2672344872123311	0.10118560592897602	-0.8469752756553691	-0.8679849836409884	1.3691150946374542	-1.4870105778383635	0.13673809069391923	0.8707424079323316	-1.0405454655704292	1.277808149726322	0.9257949060706666	0.551351091026956	-0.5229087429211612	-0.7091768683995165	-1.0888321429779944	-0.5953902883273844	-1.4618753183375	-0.8908957234848489	-0.09802179264653418	-0.49086758027291566	-0.905204889821051	-0.004086673510777259	-1.624603933818159	0.8008659374115553	-0.16477093904814047	-0.397955726273426	-0.7034114270227197	-0.8000812269799875	-0.6562080743367273	0.09273150948433685	0.18151451376197497	-1.0962648671449877	0.5911002179112739	-3.354710868219297	0.3739558878155434	1.00352818466643	0.5918158849345458	1.6470995835341298	-1.2339257162094914	0.13247353142916043	0.2849335673580454	-0.6113895998860539	0.32916882945248765	0.3584373907119141	1.0830465236715603	1.3508949164930963	0.16939334457043717	-1.401017727013698	-0.17730009943807665	0.5176161423945047	0.8856649485331256	0.3881103151576097	0.2949021177545747	-0.19346696881736555	-0.7429619556162106	0.023320644489840732	-1.357990038795428
DTXSID6034265	-3.6562732777151963	7.163594512299377	-10.339797988773249	-2.259167542028984	7.1955826226059525	1.725416166517054	9.721150641559149	-0.6422245254779843	0.7411751982585808	4.729492109291569	-8.137418465513594	2.4590298376921953	3.3853548758607044	-1.234782513518271	1.43099968930064	-1.1372187167043775	-2.384229224643886	0.046930687306928294	-3.0801688022481746	0.1715813028136332	-1.6281004590542651	-0.4387858088576175	-2.491833307622231	-2.8667318160548816	0.009957395360201063	-1.0465162924246976	-1.119350278365821	-1.8154092218684135	-0.957365146876591	-0.9034129308698238	0.1479306787928641	0.055813968297853914	0.015616430593013214	2.0298744988440127	1.612710327067179	-1.4297774841752116	1.9323150832605787	0.9441591615561062	-1.05494998557796	0.44034959037072247	-0.3637831513710541	1.3265778898300629	1.1999286886748761	-1.161309250984432	-0.874407891893731	0.3513627262149733	-0.48420598062489534	1.2096413686874918	-0.41526809662179115	0.003981736582659424	0.2672529836332446	-0.9844682688760323	-0.1083413330191068	0.1619602255925451	-1.7067595432244522	-2.122010342062068	0.06821138297910613	1.105046933927417	-0.7485380877289262	0.4150582210758324	-1.230638113659449	1.8808250883190614	1.4396046585989468	0.20505678982627484	0.3995470550030773	-0.36795389646270643	-0.0812750260726015	0.21626348075149024	-0.4058894839449336	0.35600347070255706	-1.246756617767525	-1.1566260913420026	0.9657409022289856	1.3000796018897702	-0.7600519538694611	-0.5116611755153424	-0.29882501216720514	-0.43308006847518615	-1.110589266817175	-0.40597874944332046	-0.700001620248971	-0.08138833019822347	-1.1132081325817642	-0.3724709739307182	-0.380718585276795	-0.06979114481408717	0.7131578595904136	0.16339251020034445	0.843388240855631	0.5332891970628962	-1.6094958611963734	0.11617266450334289	1.0845032084673818	-0.3277319831812991	-0.053565452149001276	-1.4551538566140563	-0.4342028940066056	1.177406855925899	0.8122652324207592	-0.9315047280454473
DTXSID6041424	-11.564034519733308	-4.642973984441338	13.96152709266157	3.682799987686731	0.9498411505548352	-2.3352098005791952	-4.938193175301617	-2.6229001873602837	0.01272536073332149	6.240864715691197	2.6770686570056763	-3.6204327070691993	8.732299183664002	0.5555386583403896	2.283382353645477	3.0575986919276046	0.7679116317452584	2.3448452326434355	1.44205474105341	0.990060532604887	1.1924622859888057	0.5224687255470944	0.5316304831175274	-1.1633172920497776	-2.4747486324585255	1.5647089527188682	2.6146718614991995	-0.3587879129417511	0.6548577912536577	0.6405431439158299	0.40482679745033834	2.5739052609058666	0.3886646118825701	1.875324812779662	-0.02509886628781919	0.3398316917800969	0.7561270360755096	-0.2502875860486267	-0.9766125099984512	-0.11976111056255642	-1.321526314065753	-0.41414630944850417	-0.32573450181398067	0.4472479899960991	1.356886661359918	-0.38010615389722274	0.7849191296907502	0.5776289784010832	1.0544741506946897	0.3888749511725268	-0.7852896900006179	-0.3646310040781982	0.4894062048209074	0.6004904791006745	0.6939541235005978	-0.8309245635488843	0.8873037855002159	1.2335910597578912	-1.0034767225989474	-0.48479742531707853	-0.5051563152791314	-0.5872152810409494	1.4189786335993122	-0.01621082545675678	0.389471383924436	1.3566794870224257	-0.2820875473742087	-0.9123715559613221	0.10321199404317287	-0.6508395373469734	-0.417158343210628	-0.2537648155383206	-0.5898953912628919	0.7221408921287865	0.8227147592792575	0.48834488480017396	-0.9647391885376111	-0.18517938853563787	-0.8947097055093016	-0.7475904724027418	0.4209617142618628	-0.8630254222196887	-1.4737763889399225	-0.6851019745333471	0.9604657180323145	0.023595447906808713	-1.174182623690474	-0.27561744209171524	-0.16412473864896357	0.7163744409983599	0.25859765210177793	1.0710775538674002	0.0291415969362575	-0.7319981113801242	-0.532215738358978	-0.6919473987661761	0.1476005569586029	0.33946867666371794	-0.33521487474639694	1.0143234322265045
DTXSID6041426	-17.047941244634927	-8.764612454421504	0.884257482856079	-1.4810519618495006	4.2462635406823015	6.161639130625966	-2.8038174300508123	-1.550228465127078	-3.0425139406867525	-2.573451968045904	1.2796943441435167	-0.6484987171336163	1.4306022898083612	3.492489820358176	1.517491377825336	1.310758420471367	0.02707574787969978	-1.8767537249926116	-0.41144568976574425	-0.02509180856156187	-0.27749781943327595	-4.380350781986596	-1.4164669938183962	-1.1074779264924854	-1.7260050834478582	-0.8560150283723484	0.10772422017001906	-0.11270978168978751	-1.3006444619041995	-0.12590935626349195	0.25176776180226385	-0.18209256500140036	-0.05580359257513489	1.5323655975956905	-0.6114654063178583	-0.8407080186963586	-1.173266919272888	1.863781138187881	1.247069814176474	-0.7718511234784037	0.8059464406782472	-0.26289486281439767	0.8992102310764335	0.8611390552820678	0.15439363386847083	0.44839054075024865	-0.8067941214732651	-1.226871559650729	0.9213286143821707	-0.7910027774765853	0.006072124279376551	-0.17679571027322558	0.34999237908296293	-1.9192225063451787	0.35474101682168774	1.4077049393558234	0.7967258276096467	0.6175753959610624	0.4467225994728073	0.5592677765281517	0.2484008287975813	0.07066555406821175	0.25404213586840524	-1.5552794586191718	-0.6300319152415591	0.5821623973968051	-1.0487208634055707	-1.1768167767147464	0.8990690186834397	0.7662810999275326	0.8236420213629412	0.21117092406554808	0.9090039631603843	-0.7437116542060401	-0.770149939944481	-0.12089590215075655	0.18668725740103562	0.3227059325660032	1.2043392309024648	-0.5545457237225195	0.11810745790550768	0.44312389166119065	0.4728166995574045	0.14640438371266815	0.2266532577661868	-0.3655393403064077	0.5565085136542689	-0.1812860807851222	-0.3805748876261338	-1.29724659721994	-0.2020345521832167	-0.7330361154713412	-0.516456667360643	0.018605219821789892	0.8729178507413548	0.08340045420384841	0.0481109153488105	0.7004504996951598	-1.069970133795155	-0.30315823790931046
DTXSID6041472	-13.252401525192244	-1.7486611694056493	8.575815686763928	7.660701860043679	3.4299247310226657	-2.5477418551364237	-3.359066863495248	-3.398892822831126	-2.848412722341908	6.69529747730145	3.826842177751013	-1.1188634504609887	5.027379193616653	0.049931338603277815	3.359811266496916	2.388191692567478	-0.18821783085259747	1.4439380608703125	1.5871115771339352	1.1042865576481193	1.4996582216568208	0.13147511582435448	-1.1172472621174898	-0.7221230858515858	0.20813573529453955	1.2300904660957093	2.620686312096994	-0.9390815838287687	0.3837711424457774	1.5164386037055047	0.8203021559702764	1.2285870149634277	0.05970405796950664	1.2796807759155517	1.0723823030152666	-0.5032495727727391	2.2205808174143447	-0.717589596082809	-0.9288020373034287	-1.0887533605189559	-1.2018171676708795	-0.581605699297891	-1.8652331784802498	-0.80858918191351	0.3080816078025532	0.7539755641676961	0.6290639635343959	1.5614745115543973	0.09353205934732718	-0.3136514124625548	0.3625307574355742	-0.6711618997963097	1.4678205796501105	0.24491950465579046	-0.37691984514467297	-1.9556170113681903	0.037405906294886646	1.5484758550171298	-0.06357652577422873	-0.20533907039158059	0.03398641454189037	-0.5388454053517691	0.928323720909326	0.2372990471556935	1.7819586709388993	0.4922200578434482	0.7572723328516794	0.6351469720965125	-0.04063305575789319	0.6399669671730307	0.31804349501047957	0.0061544734096804655	-0.31014660447098974	-0.5778825775092126	0.2733717043321586	-0.8590568016764037	-0.18436291859305143	-0.12821527647537187	-0.1931718825104169	-0.21084202764424873	0.4878787717244968	0.14620656307224408	-0.5239564353827593	0.2957330139428011	0.763177962779676	0.19199594511843687	-0.3835799416247205	0.44980692003149886	0.21371954661843626	0.08404807359986852	1.1702243777219452	0.022037846289831943	-0.49444824369771834	-0.25288460669335444	0.5377945837703992	-0.3675361855558079	-0.07068941980797144	-0.035644630982019025	-0.8988656287517971	-1.2526017288152245
DTXSID6041719	20.871263576554206	10.26983402387041	-3.4548345907001954	-2.356042824698048	-5.861062688548212	4.723863093475336	-5.3248940973523915	3.648038212964541	-0.019894225222837278	-2.21819253383407	-1.5770912370379264	2.239727676104408	-0.3954367224554578	2.355143520886112	3.723659507035036	-1.0074318441417254	-1.9825342896876954	0.2392962256987936	1.570644823933995	1.8881006159239209	0.18646848760509316	-0.11494172125498606	0.617145912360896	-0.725766917044765	-2.9666737142296817	-1.194091989172454	0.9763869045762861	-0.949197186203541	-1.5010129476426415	1.387405455419892	0.3398451344275938	0.2894480715438564	-0.2355092773209707	-1.0932723589051507	0.2576485803995528	-0.0441618300988089	0.5731314797268853	-0.986176268083309	0.8143086328204012	0.45373616471521866	0.537583793141073	-0.3686086146667479	-0.26605895507704486	-0.9823481436642518	-0.021890961053539465	0.0567605671999783	-0.676881304590824	-0.45510102238821143	-0.6386090134522722	0.015285909473766224	0.060834881456370414	-0.08943107105957572	-0.5717083047589641	-0.9893115405873409	0.1555669146393389	0.10759777816801477	0.1284805865749117	-0.24680767930948275	0.3417783209398402	0.11177767166959231	-0.1856037170115138	-0.552486637593745	0.43862756140929676	-1.0900086853414857	0.7978527737536866	1.4191951228238735	0.5056891235012173	-0.0017645571945834261	-0.12041042078920035	-0.5807641138695318	-0.2172428544754706	1.26927185366341	-0.03335678987908451	0.17299718014120474	0.4948077374361982	0.5841622143750186	-0.9365680514668057	-0.4378214792662513	0.3407968329544978	-0.8529563512246138	-0.9945569042765614	-0.2649053981814935	-0.6580038643581241	-0.2275668258937533	0.2845543171651513	-0.004904998595266432	-0.13469525180114175	0.22690592402384893	0.06713094027715134	0.35263017652670436	-0.520298796980993	-0.050777729361979294	0.5450499708858441	0.04697188969822605	-0.007228034606823702	-0.16556180397726272	-0.26606226843485553	0.2775892005231122	-0.720981881449146	-0.3930041330386539
DTXSID6042232	-9.470865366673998	-0.9767677314443696	13.660770035611485	9.59150808726094	2.715971683708781	-3.4450330386470567	-4.03104459965501	-2.1229358603037625	0.29285580771291153	4.6060740141072145	1.3441285256596647	-0.4982257198097651	6.97796929066621	0.8832890175182282	2.532697888787504	3.228989514093718	0.8113958181364472	0.33259959270084777	0.3241119895526557	0.36979305601337203	1.2566463172576863	1.856352500485987	-1.2523496628053923	-2.106830240806013	-1.2025871170102311	0.6834126509359614	3.740453420373182	-0.6165492055078376	-0.34920093356827103	1.1032481765920308	0.149486082619604	1.671172511809587	-0.8445939291610968	0.839638477615595	-0.4314362076620663	-0.06832951039855932	0.582025052496683	0.31772579899514214	-1.9096913513700042	1.5308167689458307	-0.3517104184650983	-0.02314611312036602	0.26007378396109126	-0.55393893115902	0.3962148612175963	-0.15019358631738083	1.4575984007508977	1.6223576320822635	0.17078949553332798	-0.14155596123803538	0.3157810110804305	0.5477764937660161	-0.031251605681263	0.8705738435875917	-0.0006054496108143043	-1.386220098328494	-0.25864601684554644	-0.16758755311690426	0.9131014894031317	0.5323395417191721	-0.6027350503038038	0.1832378288230091	0.06383467981644957	-0.30669571682549757	-0.04273675982575103	0.6917517105210742	0.900078001830198	-0.7667347346543332	0.9782170266036071	-0.0883332063451027	0.19787401251805872	-0.1363907970444238	-0.11069881776425915	-0.6535385444524698	-0.07837030644363094	-0.14462843153755708	-0.7603362680994478	0.010631272972779852	-0.6340364525161837	0.49703148326669716	1.013859315466071	-0.007870435122470988	-1.364805918566438	-0.049918614568585845	-0.06621595496282154	-1.1522226593530633	-0.3476487949108124	1.4325422167501178	-0.589145555872578	0.5416391002813734	0.7763510246889394	0.49102276392379274	-0.3404969564943214	0.01190867191888931	-0.5079431765278856	0.06024410084917121	0.05755149008137339	0.013378671441940944	0.005817937371897459	0.6047715553050569
DTXSID6045400	-0.11914345365325071	13.764290997706722	-9.702352198638515	3.7141728521280477	-7.524661937879456	5.059847937249195	-4.2048622478296345	7.886608362943953	-2.731403558281882	1.871505379981821	-1.4999710302955154	-2.964784431742957	0.4976043045204535	1.0514378846602659	0.011782977021509843	-0.6835182109743666	0.7848047675048926	-3.0439693173681928	-0.28250228258425064	-0.7644845117870113	-0.6043723084280098	-0.5546910050734752	0.132525670229255	1.515846345494737	-1.7180612989592392	0.4340378547850268	-1.886882608161804	-0.12820629203893524	-0.49284692293470284	-0.6495327131499837	2.1626285337701394	-0.6167114601048692	-0.9141199779465948	-0.1349510669803773	-0.541538479752988	1.6197657407088393	-0.48794989409890666	-1.2611799364507772	0.27229477234686417	0.16854651508317198	-0.7318194043163997	-0.8086753558723753	-0.23231844100717147	-1.5356205780327374	-0.5226744049226244	0.2369301592975867	0.5555340944924686	-0.822833959898672	1.1516915669395684	-0.9699321766602581	-0.6243880495673464	-1.5211594297451536	0.7377851310576404	1.05706840121212	-1.8407470442079144	0.9283347550957428	-1.1557614274797379	0.0031750160279537093	0.49457025069661376	-0.5996287665246919	0.10990630683002779	-0.19581281445542503	-1.1825667030879239	-0.7292508206914521	-0.4007005085988728	-1.1117419834328823	0.4748332755423249	0.857729602776919	0.7054951908402545	-0.28838925264180354	-0.6044718832154861	1.2055124938161927	-0.5007025857502825	1.56700537845439	0.1168577411273479	-0.6245115092714847	-0.020816349261319936	-0.26359351455140445	0.5456880233159409	0.7923760063425797	0.893291082721241	1.6735436696724897	0.5699067562032355	0.04092134462079659	0.7399121166142497	0.9988737022916827	0.8257447079797805	0.6837118352717738	-0.24894234786901587	0.6569937423606121	0.19207229423486946	0.1810279449277529	-1.3785205281018231	-0.2402397599106139	-0.5415025331878669	1.2596571169872834	0.04756206152282194	-0.6802916149904676	0.010669219813860133	-0.4898574022496118
DTXSID6047288	23.77605323223416	1.7457508541809186	2.3592347361777875	-4.119445381515664	-4.334171785055663	6.679316720194547	1.0154789907525625	-1.3131896863522992	7.083350244918953	-0.5829680560421042	5.366077145449916	4.209116799229541	-0.2826562010683074	-0.4404949798918686	1.0441426638389166	-0.9544791246496419	-0.1489068499472337	-0.0028788572534166833	2.3598222480577107	1.017853476968611	1.0068434452737476	-0.6409813829628503	1.307979894863195	-0.20646989620910244	-0.10941449265284243	0.685004901009226	0.6870489686943582	-0.70741596706492	-2.6578835214128675	-1.0285039165620506	-1.7625033627760043	-0.9280115108372796	-0.3291083091648699	-0.1594383601838153	-1.1189108290468088	0.5030922888330467	-1.6073492848219746	-0.1046915105081785	0.5521434392742509	0.09547726408080984	0.7318746022885221	0.9197901091268151	-0.09066341971739139	0.061904089659731695	-0.4413202134137717	-0.9911515679936945	0.2751642804744668	-0.5287068635037799	0.4187359049889853	1.0378822682328135	1.3932081988063916	1.4123943998056543	-0.37932078219583776	0.5689737500041446	-0.6946064391189399	0.2725027972396535	-0.08946807805442002	-1.544050236956463	0.6357498491757854	1.2805916971908906	-2.0485044081637906	0.5627673009547907	-0.9259259899428222	0.5279981607573505	-0.1702526351353992	-0.15171467969961328	-0.06683995555172771	-0.513504391175112	-0.015909691888749043	1.8954042796993866	-0.44122833383254895	-0.23131194847018927	1.716603140738393	-0.31488606605508956	0.30979251852934964	-0.7240495540214612	-0.4902447103791837	0.6313101753592092	0.30860831008331663	-0.2446703783322148	0.17909503190028522	-0.4358331598104031	-0.654440124615152	0.3061409667155694	0.4662101662687061	0.9248748286614544	1.2655258555258757	1.0721371061670988	-0.02743271298580212	1.0567504661824483	0.7880360190642539	0.0943726831206008	-0.9813482466819193	-0.8463147954804833	-0.12044356835346975	-0.5281655960428202	-0.027593708334647107	0.769953331642487	-0.6901603667161961	0.0898234208346597
DTXSID6047311	24.573691174051945	-3.454587279723521	-0.5355429857500141	-1.8491932345327207	-3.896899766750798	3.657079060383645	2.6277364430207584	2.247748399499907	5.228391791972495	-5.4611330668640266	3.351544290250172	5.407552296756064	2.051801562368475	-2.2668335703541804	1.6694447318773493	-0.5361237567074245	-0.28143407220355643	2.0700431887725186	2.6859061746679616	3.4039223521281103	0.6521461663644036	1.9742606712567752	0.3348908905374318	-0.5646598809948811	-0.6519025037003421	-0.12654768185281393	1.39047669142552	1.0259053251234453	0.36756832851509896	-0.8343605843653126	0.6127092098836467	-1.2736389322543642	-0.15164132549497383	1.5422653644750581	-0.28489995678157215	-0.031033130444019688	1.508784947602	1.6552943799188076	-1.0789488463520893	-2.074338712376778	-0.11976282685047894	-0.14596057777090723	0.8617104177863986	-0.3270144634586449	-0.3193066047338688	0.38571326530651706	0.3193368195073791	-0.6051044617206072	-1.8131805801814838	-0.5413465012590042	0.9386312209293532	-0.2126249280102811	0.8391906042602801	0.6079386301575537	0.37551249283691507	0.11520984923861641	-0.17771732869892237	0.2805773174522855	0.2864302561804466	0.391477074272997	-0.644501379446413	-0.20099895719477462	-0.25146709059507405	0.34282283038375405	-0.4246477983313094	-0.5077798703995482	-0.7835578172335171	0.3762922065118171	0.21984431336623325	0.4733858611355499	0.9670909751908715	-0.8250589038218585	-0.7521978846105746	-0.20052392651553572	-0.7939583325281092	-0.5344057652611233	0.4158539767938512	0.05306670258424087	-0.9834839243388133	-0.3515041956087137	-0.2709818516972181	-0.608246817852217	0.33999691875496335	0.8064816206743134	0.2286264348847429	-0.16140023247568366	-0.29143364037195213	0.6214596315852882	-0.5569149061551344	-0.18759322202328108	-0.6252111635484489	0.6282832769556876	-0.8138751162823428	0.8302599320368912	0.46319249248076066	-0.10208996221283499	-0.11999041278592693	-0.8267786561768309	-0.3685458317041565	-0.904151285249575
DTXSID6047284	8.213850687822948	-5.69760634893659	-1.0558215787803018	8.69879281641212	3.0419119319908727	8.978231777466714	9.69983218093636	3.7979111729215247	-4.614649345923839	-1.2591947143370235	-1.6312335287712827	1.851729772454501	3.166648554007427	3.2016294795279134	-3.457346433371466	-0.5361012455029575	-1.6456349316858199	-2.155191402007087	-1.6218876176583794	-1.9505416077026734	2.948663352617862	-3.1800287780302714	0.25655314387132594	-1.4576054635432873	2.7878396433627217	-2.3923313527761363	2.556991553194703	-1.04380688560325	0.0033804588800628527	-0.9207020742226479	-2.2428620743249086	-2.8807432697956488	-0.48794215914004757	1.2978932808508523	-0.6761251453054743	-1.5876456464666093	0.08810756651544988	1.307651750404649	-0.18726181606225017	0.219562991277013	1.8263169881602177	0.8863811413543239	-0.5864614992928165	-0.37290263996850187	-0.5720812081408273	0.9815898723601733	1.3090818995865652	-0.8307142796475533	0.3231427338828392	-1.5012526067716203	-0.24472132287067702	0.3555917387906649	-0.5731667872379312	-0.13740411003338268	-1.1289568100137968	0.20428861826606803	0.8823998131608838	0.32858909449448004	-1.1709809742327701	-0.40799470057744347	-0.3620059689352254	-2.030626351127333	0.6209862908331666	1.5730994885413865	-0.20464851482404986	-0.7487307449484186	0.3099954464387119	-1.0492204772908382	0.2621057985056687	-1.0112127911779307	0.8145423763714232	-1.4769768129398921	-0.1576707983538272	0.9217390445905069	0.1436693891694286	0.3595159897995644	-0.40124694817006146	0.990759297660311	0.555295164533185	0.5510235435827001	0.07790034360406613	-0.9106719919342501	-0.973453640271852	-0.8402873115017002	-1.5926240482546734	-0.0004928239433813954	0.3792874279888892	0.5895304395151842	0.9601469709963045	0.1785411628117753	-1.2339476942714196	0.6626614939367824	0.317901809961837	0.4054309776026545	0.474359738936851	0.9328443526490587	-0.9217428654332437	-0.4084241092328719	0.028053007800426445	-0.18601064943935053
DTXSID6047363	14.186525026719863	-10.960768855095015	-5.660322983062359	1.172598734059767	-8.804688997649382	-2.5041432636201906	8.615734526584076	-0.5550937336682762	-1.6031817602630845	1.6088748601677922	2.0681495653488304	3.2143552633949706	1.0627006643713086	-0.38807402837352956	0.6107527726269822	-1.0073060888213805	0.42496561514491515	-2.2281725199156264	1.7619947825208193	-1.9131750676570527	1.2112332945672637	0.28266280477538164	0.34097746262240025	-1.5372934909052525	0.8605125589599258	2.536771751413024	-0.6757340568873473	2.7879405482278687	0.0043154296705510626	0.5630957146110073	1.016309425347267	-1.9267490595146706	-0.8080513308834099	-0.4992061595713978	0.27918185300564174	0.0292224360215833	-2.4039221906002926	-0.760738774272646	-0.14190059682159473	0.5750583738211198	-1.2138495611546014	0.52734214911061	-2.53014201684545	1.3463211131388206	-0.40874329928938846	-1.4177205009845602	2.2641067454873625	0.5571750098056095	1.5986873316598456	-1.1187626524872496	-0.3391734049072664	-0.18784257559661893	1.4872375231242445	0.7544894651497681	-0.5807237319254734	-1.2595597879872833	-1.5149863089616826	-0.829396706997354	1.4657290220237684	-0.9985698012932729	-0.8985035601995119	-0.031247826665074686	-0.16112674975520228	0.04964477670536788	-0.15854467946150438	-0.08040445140621456	0.9192750019119732	-1.5408302714743387	0.6808742446829118	-0.3056433282185486	-0.3664253801590209	0.23020720159714828	-0.2566900919500074	0.9525341015562281	-0.6860825334502769	-0.012455984197916764	-1.2217176506692107	-0.7048962545716554	0.4279775259219345	0.599836266896973	-0.20972673113148604	0.5092112686483533	-0.7531395826457511	0.15634943726739567	-0.3187306361556103	-0.7371649203396491	1.1216383875863152	0.7537318543301773	0.38891592904387207	0.043358408408424344	-0.3339989229618244	0.6928963890038924	0.1955808583339209	0.055014830684216004	-0.1546743677108131	0.7056340487292869	0.2276698610056696	-0.35369139346434586	0.5203675729972987	0.42181482274695276
DTXSID6047448	-11.138605979681639	12.299547448029628	-1.8444981137997973	-0.982434944474877	-13.912649284074101	6.891314118549535	-3.8247201704790603	1.7177265802159187	-3.5238565490589817	0.7961947709955169	2.9106963486347226	2.530313487456121	2.6379302674144096	-1.7803369886557519	-3.2835949806930333	-0.35435697126988863	1.5614630929473872	-2.014124502766323	0.7708334038840382	-1.5201449894775458	-0.1829575205483309	-1.7751003529420823	2.431794465155792	-2.845515984187888	0.474896952417592	1.5751426896277914	0.8193698852021263	-1.500009672047411	-0.5318714200853928	-0.548041910402487	1.6846117649463423	-1.1868910144755307	0.6078127611350925	-2.2279338294640265	1.027585062213463	1.0335217454599177	0.0725047887708094	0.34300854026664745	0.2144789404087052	-0.30392844110156	-1.289052576503594	-1.4591059461589384	2.2473264723507564	0.3500224998563328	-0.2685984653045142	-0.5148543053633685	0.5448704347909238	-0.4197443945706307	-1.8095523276606926	0.9446043588331106	-1.061503344844628	0.38223244631196784	0.07039910020228253	-0.7689989134258884	0.9680274547981649	0.32099897933469845	0.07515795624184414	0.016057173523621928	0.15239283093118153	0.47392144196368025	-0.34350976749420126	0.0163973157460079	0.18284558147239385	0.22763112386575246	-0.858791841492645	-0.6426445554205809	-0.0685493385539273	0.8754256501579648	-0.6432554873633272	-0.45944651494180794	0.17641735683985044	1.158723832283772	-0.39222067580170983	1.016937889626456	1.0387847260065852	0.6222751321050218	-0.6786200980886128	0.20924139019880592	0.8841555806147856	-0.9000256022155892	0.33007882845005393	-0.12772501926754146	-0.025315413581983717	-0.7481618664698287	-0.7450886836562399	-0.5489284058541576	-0.036954444230281526	-0.6939363351437737	0.04466626136670117	0.23654216362643785	0.3537610358713929	-0.5812954019307848	-0.6900472558884402	0.2153722052884516	0.78172575783197	0.10134981428145577	-0.42084420469555817	-0.3131601777185325	-0.870371176750971	-0.1069853635281114
DTXSID6047313	23.025011449176105	-1.3154183555216827	-0.9268717687138313	2.4742082262316614	-4.419093048238559	-2.4767690259330535	4.006718101623491	4.018862597327534	2.025514067478775	-3.0843718454343585	3.8581658426785967	3.8541050620797357	2.7060977626852862	-1.6510299251378575	2.4458708250170638	-0.7887324092667258	0.3509580954265255	1.4279031502719575	-0.28830706283274293	2.508082701992349	-0.4512368888360115	-0.7139727453282686	0.11606860703274043	-1.2284800151737016	-0.6030212570172427	0.3949460965684773	0.45732538812122814	1.2396605998594938	0.17629406085692642	0.8216452645321238	-1.051490671519109	-1.858558309922088	0.26387400435029423	1.2580731079844907	-0.28016724748499555	-1.788114944831571	-0.20498643148810747	0.3526614804643983	-0.18541896060998242	-0.8214802695148609	1.1155662389623262	-0.4347573415779818	0.05966725750189774	0.44747295995995423	-0.27615690093049805	0.33336003655598334	-0.9551279465416674	-1.989877033378359	-0.30917394873377113	0.2027146071327421	-0.8828724912080219	-1.7554028531625416	0.13457933816255013	0.7754297269668291	0.8185197949596241	0.277270946498668	-0.1716805999941585	0.041517138546509874	-0.3545087706732114	-0.5085799855124782	0.2525510660101953	0.5981373876413455	0.1467178703859344	-0.797640672046974	-1.5842934629917886	0.054328746805398176	-1.8122149081302736	-0.08279181455961201	0.904761224087505	-0.5182265898334072	0.35808940234176456	-0.012918578254798902	-1.0545777467766921	-0.700009498787727	0.2595170950220145	0.042979291752492814	0.2841966917516452	0.4797374944153106	0.3937484006770879	-0.23775619198270836	-0.4450819415927401	-0.4603261000853085	0.028304288372539208	-0.28099660499651996	-1.317666446456518	0.4331925210704342	-0.019423819271033572	-0.8313375876172657	0.16802310171993876	-0.21911596567313502	-0.03403370943659142	-0.03721012458552533	-0.08034305016681219	-0.9806765798251122	-0.9355937235078924	-0.016796381105308004	0.1206060419509713	-0.27907376466806716	-0.5080608554742071	-0.3248444449072535
DTXSID6047369	24.56266711486225	-0.09326420176217218	-0.569349622890166	2.504831559764308	-4.199874296270075	0.6372653578013607	5.352179218565369	1.2368982654594736	7.650803616045358	-2.465508160070381	1.864856761418923	2.9995480702080175	0.585184564174664	-0.6252847409630802	4.100038680628534	0.3342672452074541	-0.9343400438024055	3.0814758631827894	1.073070830481728	0.05503233682607757	-0.310707074514185	-1.426504323285786	0.09288092080819423	-2.2762344975208153	-0.33229231018366473	-0.7375996976123622	1.4338874033889462	1.3369943605424897	0.07955963323086757	0.3877710104348047	0.5612209621100677	0.009098176550502187	-0.22374991891964702	0.8341137339875425	0.7715388456088719	-1.1920921599182883	-0.6391566766953227	0.26994309388473103	0.006935395902912379	-0.3725076408509225	-0.41277716961544875	-0.025517942648666747	0.45300478742119216	-0.0302950212166815	-0.6054414929598793	-0.30571346011460515	0.2103339825164295	1.1317996213016328	-0.6350202402972844	0.24886953064358547	0.10805921914535134	0.639365109257745	0.5759083777920146	0.06502150917954293	-0.24954314690782034	0.09065230656435219	-0.36386287816779417	0.5743544026389573	1.2587181881630312	0.3546975989941618	0.6232406002261351	-0.06594700552969317	-0.7513390219057183	0.7228021339680403	0.9837099348935605	-0.6372535506686782	-0.13330589074345509	-0.08492499058628986	0.39951134658410686	-0.64812924386417	-0.058380012127741306	-0.3460602953495395	0.35336829735871045	-0.07722645043802287	-0.8006937499114741	-0.6788379307404939	0.7006194098422062	-0.8745661041884321	-0.40848298004139655	-0.6435988140981544	-1.019805590199382	-0.10704979554314695	-0.39110954598331893	-0.04433311383716379	0.7247316528342687	-0.8424317554225863	0.8355684426780953	0.33141879098391097	-0.41127929700300425	0.3629685008625929	0.32832300289668587	-0.13695950169424462	0.2899935548526074	0.21245437336323528	0.08402413572362083	-0.1302107096341083	0.9083306531989693	-0.16622062695601603	0.7918901781310815	-0.040618064534604224
DTXSID6048206	-7.066335488257546	-16.294817027129103	-2.8621720207914865	-7.443402799535289	1.9933893265960538	-1.327594657740803	-7.034470725277559	-3.2642579693905134	2.5456538615027653	1.5296598444687552	0.24547502477740585	2.136386293374961	-1.4397605407277823	-0.9447352773005064	-3.5196183851113414	-1.8739786553417497	-5.119055910340528	0.1540552980396322	-1.4782047717285658	1.4735932975609791	-2.3230578153004906	-0.6473052785635429	0.14191485184219343	-2.118275386127358	0.7280967074885737	-0.7233604670191377	-1.0617114020881748	0.8767466096232533	-1.8921092395548964	-1.2369167828833305	-0.3922756514881593	-0.4888526981098268	0.6689960295346997	-0.12744824661032572	-0.774984751718025	0.19878100956802128	-0.7806557831412874	-0.24404305639235116	-0.07428165821506612	0.8360841552684096	-0.10587877105103531	1.9257300852143895	0.5581981508412235	-1.1750980959474813	0.8253260428237283	0.38114806195293865	-1.2131844655612878	0.03069092576233702	0.9148147885083766	-1.4044190580790854	-0.00830796099218321	-0.9626460803515747	0.5516977942495638	1.3276273683224198	0.7322978824186537	-0.15251654850743454	0.5345946093832145	1.2476378041452123	0.3024720532339845	0.29700808960857894	-0.6715122642161098	0.9375966087540741	-1.2019209151041426	0.8266864070761479	0.5632974158429642	-1.1548359813203728	-0.43446077719908793	-1.4706524684513458	0.7752874966585511	-0.786224358548015	0.23015581866314605	0.36852890778607894	0.5813622531928067	0.15060068895740417	-0.5414491739426933	0.8524434337492073	-0.20998948101910014	0.0005391083840373663	-0.8279565716338882	1.1475604476683696	0.22509717564804813	-0.45453671169990134	-0.9287725790656676	-0.2532209161604653	-0.13714227193925113	-0.6833980145453478	0.41144737967641715	-0.30722413250226827	1.8882577652745958	-0.04848343112096635	0.4933644022877246	0.9631930439759464	0.1167129162902027	-0.1558961098893927	-0.693125471253766	-0.1546142592582234	0.39872424774872656	0.06222812218006	-0.4858366694572774	-0.859983459527025
DTXSID7020182	-0.09177402045891216	-13.17779662931023	-0.9656360695521768	7.3383089353347275	-7.752857399908814	-2.5805135260821253	4.54917091778813	-9.276148603170054	-7.3890809715308	4.5978187345072925	-3.4281112840917274	-3.2793856948398474	3.5753943677073305	1.2377107607057816	5.841253505648669	0.27860824004119655	0.24881204108941463	3.475337210586809	5.15879766082616	-1.207061573565638	-0.47709216905643625	0.7404358815063634	-1.382917324115406	1.791376074837158	-0.7226224774336132	0.525084978788924	-2.245547678775618	1.226812477081238	-0.5372700892002006	-0.5467907858752298	0.15996436564089117	0.8662934062419044	-0.3256988806493764	-0.6773327506845372	0.6032180510216852	0.5458988499248193	-0.2909691234081462	0.5652201466777536	1.487647098986066	-0.7826441060255372	-0.9893671010739277	-0.26300742331871113	-1.235396070201388	0.7833271680623578	0.6510012230544768	0.3462199006451749	0.22316133803042812	-2.020087206348721	0.4326761469598048	-1.1777917774691278	-0.36105999045747644	0.6862749827491149	-0.3260285564154871	0.431217205448445	-0.19767201260210118	-0.03777233811081057	0.9372969598598678	-1.6054672927752034	-0.8153799681034708	-0.23732451131333152	0.020652034409036638	0.6471209156324644	0.2752683320040437	1.3386799476973947	-1.235314920105897	0.4506272765836461	-0.43990017641231244	-0.7694741783376147	0.03517404535297527	-1.1547734068588922	0.9393837078118548	-0.30012858581124535	-0.26666990969538396	1.0512094579671696	-0.8910620501185977	-0.23783169898534026	-0.5661419588995005	0.12543426626549092	-1.2484848641746058	0.9121498988693868	-0.3028023763313797	-0.26342314164897024	0.0773771985433869	-0.8571025432464197	0.6693710380285138	-0.4375621136464787	-0.612119841674817	-0.5483614280567023	0.7067193326544691	0.016729260609687966	1.5719363343552426	0.3784764679550646	-0.25759328918857893	0.4033474942918837	0.5466901586958303	0.1851404373985534	0.7665224879641749	0.6017106430777609	-0.7427562979205572	-0.38189586902504236
DTXSID7022411	11.090392432053502	-8.152663942493083	10.241629500752948	1.7511931105795238	-1.7934312004977595	-3.296086591609376	-0.9971491974601506	-3.184409504668748	-3.959636323661558	8.065361972426793	3.2956401486306284	-3.1314101844673514	8.31098025216964	-2.553441677175642	3.7067767517730728	1.7078676700708646	0.5286322221123744	3.1465618671132956	2.5599076845908346	-0.6563232467762421	-1.4858942009743927	-0.9552403383427274	-2.7504270066556793	2.541889148343113	-1.4909322356517816	1.353449530771597	-0.4145917579981638	2.813028233868923	1.305308786659016	-1.2269894798478387	-0.829309692550775	0.37641681761165646	-1.0310967240427635	0.9871306561209825	-1.841879587041488	-0.40785423647689384	0.1422626514561628	-0.46058740704949647	0.33151708735063995	2.9209811534426757	-1.8426562337536398	-1.1039372493174215	-2.186437391455202	-0.29344523790047816	0.7852851739104802	0.9891592734214995	-0.7174885576837916	-0.4785115648251829	-0.7062334583682343	1.8716281851298646	-1.566975088909785	0.6763109644754098	-0.9189050460577632	-0.9351298854558997	0.2622347095490773	-1.1194724435060406	1.0631719353039955	-0.8977487833154513	-2.1254214479210347	-0.043160437955004696	-2.067372754967054	1.3767091278713905	-0.2882971265286733	0.45394318906955733	0.7450876207106535	0.3617645088679117	0.6689014120907903	-1.0899861320024264	-0.1045019822424354	0.6460865606670696	0.6908286112528111	-1.2223535856723433	-0.5283534197553359	0.7325142898363296	0.2589629178747156	-0.035698050849745776	0.11624302516765893	-1.097246862317501	0.8569408714486377	-1.2029842476013628	-0.06854627153874092	-0.36767495221379043	0.7047467535925865	-0.6362933492630797	0.9206085551205545	-1.4683058211220605	-0.5960598382356399	-0.2850810425721946	-1.2007632816844358	0.5876498690438158	1.0576984832267595	0.6634180760498521	-0.0336371696155996	-0.1694660006125119	-0.32354637581647167	0.15049248897969383	-0.2744075547721655	-0.9562848955065032	-0.6492219220367438	0.12181441005371828
DTXSID7024827	5.90128513618059	-8.6178272389452	-2.006858997635111	-14.045629485160129	7.165993759026922	0.5697647259719845	1.9184200296879514	-0.9578495980695327	-3.5442369504466074	7.228989152242083	-2.050575957496746	3.1056532052694417	3.4370042736840203	0.45751032099051303	-3.2696012311831293	-1.3006460730386726	3.035363728686997	-1.9334942690924808	2.4435401000642574	0.44240321713821934	0.5216644155697489	0.17961207609375712	0.4365063898005877	1.7218222163974022	1.1822153680567564	-1.4353275933065532	0.4523677666715584	1.1479349774866334	-0.0424750649855015	-0.4002382958431265	2.019655983877393	-0.5303882401715725	0.7692646723306921	0.9713101540248346	-0.10797346481655216	-1.5072022741671376	-3.7690846087881904	-0.2113851958766488	1.3015651902564862	2.689312465647492	-0.707324911531994	1.414922025592522	-0.37511680156444466	0.6578186400501874	1.262271220908626	0.564117160067792	-1.985759886959093	-0.029110927329382627	0.16122367088360595	-1.8110161523964339	0.40470768707530874	-0.6030972008654462	-0.5329470347635085	-0.6939095954736628	0.08726522757019924	-0.2535820773468618	-0.7369850726054441	-1.8083406033966045	0.46436913505436506	-0.5218454770139805	0.4443143336498739	-0.04305803528643341	1.072175856518978	-0.28116676631684545	0.555271818633905	0.1733853064399244	-1.7457054060588975	-0.26704720965395573	-0.11674218888409493	-0.08033972658460195	0.5104801172211696	-0.46261465171974275	-0.7498278394765782	-0.09979974746437018	0.026543260618450245	-0.1743880044987125	-1.1777874881224792	2.5305765118417036	0.37834757768203786	-0.03253918112335088	-0.2882832697613448	-0.7121271879450279	0.27126946945881286	-0.5851774046224216	-0.09073090604169436	-0.7243241763424871	-0.5150074107894913	-0.5191477456469685	0.8787273954209376	-0.15739508474356867	0.12459301194386634	0.13904271926109485	-0.7850534831143456	1.1941983096400368	-1.2088366415316303	-1.0347459562518868	0.5649567266581409	0.6375290284933655	0.33862626850755223	-0.9033437808747757
DTXSID7024902	-7.768299954451297	-0.7680628407021135	-4.7745615212551	-9.070455671866757	12.836831769357921	-0.32385976246922477	1.2545829424695418	9.333736123835788	-4.35824351470733	3.641429267317384	-0.129133956789665	-0.6382219922744597	1.891725524071904	1.2800721169645553	-0.8912551073106605	-2.5340354302356882	1.07120724654822	-1.4254086057273716	0.6473279877209941	-0.04374050775556942	-1.0266903562887222	-1.2021603150298288	-0.7514608069498755	1.008428273753789	-0.5362850878116961	-2.013408991430849	-1.9596616419084896	0.28234028292200564	0.0843064493938342	-1.2862687169197349	1.7227194869629319	0.12868140955593188	-0.5636760743624518	-1.2169017766252959	-1.0603775035227296	-0.829805239757336	-2.1920552053139235	1.9273504338232845	-1.1449168314982292	-0.8342567248364866	0.6756215701667755	0.1978544478677418	0.6447862000762393	0.6503516319890569	-1.7424208394414435	0.6460642427939843	-0.6464628646147913	-0.5231978661869048	-1.8944264612929826	-0.7207312743895188	1.24966689752773	-0.9591721987262906	0.9909768231451399	1.127399201636965	-0.7954861434359668	0.09145940574313846	0.2601629970230756	-0.2790566309134408	0.2775013635185228	-0.8067710619651555	-1.3139304323028325	0.5815047741996758	0.5491264127361398	-0.46545711570857984	-1.2853243503067129	-0.6107597338265074	0.24448969364574105	0.7920057935489601	-0.6628333541087789	0.33858442396329963	-0.3654852708105764	0.6897089390968238	0.6803877958853953	-1.9131324871323485	0.33413030615105216	-0.31825216489508845	-0.7146671512327544	0.026997820496312913	0.3762647130431231	0.3959465628601123	-0.06346105366418797	-0.8012242377704132	-0.35197867316880904	0.4444845781086412	-0.23091226275211796	0.803300620870246	0.4826896983246208	0.11877180690150546	0.8369395606482568	1.1791630701079616	-0.6310255557765431	-0.4218422811687142	0.23374532709393436	0.30286741674674084	-0.5015653036070644	-0.3079272822380654	0.7077159465248591	0.3961650369918767	0.3914340441624653	-0.5419325711550119
DTXSID7024586	-10.648466554281217	-13.227382922559697	-8.491340542364073	-7.071681074392042	0.8077178533929644	3.7068250188099627	6.100550799448246	1.608101198842032	1.666414363455997	-6.309218465029729	-1.842498961696201	-3.771024789298012	1.860723461708657	2.628374684819204	-0.6742491868188067	-2.1476589860414053	-1.1105795810373351	-0.6336031647961637	-1.4927068362199678	-0.5084553624623458	-1.9276015684543213	-3.1074684638865695	-2.2547779778213157	-0.6666714026070537	-0.6788229075140191	0.21513912012421507	1.6656856090009913	-2.3586199476176293	3.3959479953188216	0.011653967883149192	2.032872673174011	-0.4378504692185166	0.10522870986583588	0.21875613839961228	-1.4597568304885629	-1.901947616550435	-0.8056484087704326	0.39950989519283203	-0.02491863332872545	-1.0062953054160413	0.675071164509226	0.8604694066859063	-1.430633583128294	0.905838085329929	1.2887532815372353	0.2282280586117257	0.23556215428547586	1.09784585920856	-0.9762853762209167	0.23342441910036488	-1.9958843769212078	1.4965143747900298	0.09728570585400116	-1.1448939658300143	0.9553082263273459	-1.0681948401282992	0.07010633462466188	0.5242413390738041	0.23965134515696448	0.6377456010868561	-0.8642353547572027	-1.3647421648072324	-0.8027610933687235	1.1121117582072357	0.44937904071503876	1.3035186778694807	-0.8700116939066865	1.094767127225452	0.17051002173695956	1.5783552223845794	0.1469701535211888	-0.8297778684607352	-0.5950551082572547	0.15958476535666805	0.4502345508015172	-1.144484051788057	-0.06884205379859797	0.4019899029981247	-0.3154789063958892	-0.9468962120279245	-0.27271244111619486	0.17165132372328076	-0.586484900253769	1.448969404238327	0.8891997161585499	0.43493081020128777	0.9358117849269134	0.3683290872010667	0.3339452100543231	-0.33337158194408123	0.7419037034130339	-1.9527138302842961	-0.39399696578155435	-0.7798795649064665	-0.8544640689201065	0.36602412680214375	-1.5058005237991938	-1.2313699661033999	-1.5375572470087449	0.0017816588507485688
DTXSID7025502	-9.972658259974295	-3.627542854233223	12.406902479920172	8.603315637531086	1.901039182831048	-2.32994463784447	-4.111253740210177	-4.758893469660375	-2.2421923186154045	8.183551808370204	1.3809924655793464	-1.9009074474408147	5.734633000132894	0.4088638317938718	4.859681195915968	3.8791435817383553	1.6155188941955003	1.6314724401233442	2.0011533416402605	1.2908875756799538	1.3438525875632503	0.11646964057919232	-0.17652385475538235	-0.9470263633319062	-1.9110177516148261	1.006579526134478	0.7525009130394931	-1.0437071407638656	0.7761136240666411	2.0327661916580877	1.0287722711195892	1.1723608958141682	-0.7450103605583073	1.0087161002651535	0.9041645875307506	0.3620327118482723	1.3261790137744531	-0.12075102970881062	0.3147158989535484	-0.6456589085539145	-1.0616569705077281	0.37910427982897654	-1.2237943060094658	-0.9672323858787035	0.693942405881125	-0.878803470870498	1.800243140909042	0.021767010043954163	-0.2586571603193785	-0.4747915922044324	0.10073234103798365	-1.436502093842534	0.10457088376048591	-0.08014343658992028	0.07293153880376453	-1.5541025453961206	0.4065241130965728	1.2178341271347102	-1.1467027525755644	0.9218031715308554	0.030201092648545955	-0.12143656805623458	0.07577557406623239	-0.23018088764587047	1.1550823488961548	0.5844764843499971	-0.5225370400527817	0.4891419464408427	0.8833284989160568	-0.0046061641100708945	-0.4975975652398249	0.03527093615372602	0.6289870957922878	0.7113262788492403	-0.7078923043817468	-0.5839914810217343	0.13917872535330228	0.08292490132403038	-1.3122361499426627	0.3072984919527601	-0.9508630972972223	-0.42308544399790154	-0.8303980877834074	-0.2239164001983573	-0.011137485019457266	-0.5981136346327959	-0.5676167668619528	-0.6709990798237984	-0.22419785304179055	0.11306082912696211	-0.2963262286131368	0.663597491803963	-0.810332672672722	-0.2744697115452459	0.11835746035477818	-0.48281506865849094	0.4691858367538379	0.12542974496085416	-0.5767054260267975	0.2539270009556061
DTXSID7026946	-3.9118465541036134	0.7726546985783108	13.153636498560665	9.712746813071027	7.861851352977988	-5.7864777722820095	-5.565027393601161	-2.4507685485261734	-0.4566918825834904	6.004977403877353	3.089334682703706	-2.4183136962976794	3.6397070642819456	-0.11921474690750589	1.532253415298706	3.5397398680135392	3.7266501139545545	-0.039952828332637295	1.1589234850180041	-0.47615010309916966	-0.39987358218731894	0.3493884460637406	-2.034558467579286	-1.4245604295308345	-2.2313161502898864	0.8836390089497876	2.1328276476620402	-0.7803897561760484	-0.023160449108784044	1.9302157695468511	0.46612392503036654	-0.10071273760677742	-1.300229550442773	0.12627312504734695	-0.395173851126055	-1.072814539132079	2.1902730326919557	2.607323689137699	-0.8114109957062592	0.7073371573919619	-0.4087509179840276	-0.11200469173363958	-0.5613765038766872	0.19693621361456828	2.2340555543109724	-1.0095591463317375	1.2946244039300605	-0.5936253124232073	-1.9629023588286272	0.730598970951597	0.7774691607121442	0.040703868176478426	-0.9498437217424168	0.20308388404965064	0.6171884189297988	-1.6635202479704678	0.18216853593516302	0.9907359606412913	-1.2851739095135437	0.18436834799353594	1.1205630975705971	-1.2941735843267819	-0.5300858166442065	-1.1108253514054813	0.9628392136517241	1.7408025318613336	-0.6539205872285055	-0.844186136987138	1.610370575650081	-0.6853169057995059	1.3102213404046417	0.42718913014177445	-0.5947869647194155	0.6332346385856669	1.1757215355161847	0.24862434672322511	0.1829427033956299	0.013316531080232534	-0.9728954945652288	1.32390387936212	-0.5459957826674114	-0.25080191211442765	-0.5820201233193957	0.586684471697623	-0.042182279480332756	-1.4009444667187798	0.5989381965275654	-0.5925550870150242	0.17893452214695785	1.0688522257641608	0.9557749437019482	-0.049263678443640456	-0.011221919843798507	-0.0105939285385907	-0.6372095663127714	-0.03673017172331466	-0.03286610907172982	0.6157992208720058	-0.8312200305651354	0.48520763440349685
DTXSID7026994	0.17086298325211247	-15.002955045313811	12.252910015353542	-4.8624030704192425	-6.59968093574546	-7.702637874461577	-9.277403990216603	1.8700872312905914	7.640468488680822	-4.991030640374058	-3.749436114054423	-1.2155580594019773	1.1467903227433907	0.28458054430413376	-1.7203967528542412	0.19633624087848994	0.6388502511418841	-0.9164406820237595	-1.489652661052265	0.7589484085996945	1.3497221323302921	0.1797064285772475	2.524596761317567	0.8303153739882851	0.620294132354672	-0.5750769124205986	-4.19387465206516	0.4650071227836923	-1.1288267213773109	-1.1339976056273717	-1.127532465437444	0.15417255961723686	0.5941422295542834	-0.3062831820383654	-1.3942076175408962	-0.7353870129045376	0.21503458166854533	0.4938585405310107	1.5248945572317183	0.6060936986846877	0.23595905862524982	0.578787825405808	-0.1435626991839903	-1.170419867052403	-0.5863143561496607	0.22978332423287945	-0.17212260422727188	1.6883780170064489	1.0783624480071334	0.24568878818700285	0.8459935018779569	0.7193934100506059	0.40929914869513023	-0.2203722059872453	-1.728661029330908	0.32269820161321944	0.13199581922045955	0.4453267986634075	0.9146736889651962	-0.10235576691624017	-1.0858481235100694	0.9175072359811428	-1.7295440664885002	0.19822510001317306	-0.39905264475002516	-0.3047650309381061	-1.0881443272906088	0.294910833793182	0.8348493343830393	-0.17805171747617585	0.4058933799577928	0.055057530279237224	0.728494244549607	1.1576818758045433	-0.46726844290702946	-0.6023154765798613	-0.9755379428042374	0.0018248775713438899	-1.0033360397048687	0.7326508193398732	-0.5445145331391424	0.3560759931601566	0.4842092769981758	0.6894217386509136	-0.8474260513156002	-0.28091077275386583	0.16743760806979993	1.623477476810684	1.2022270712136027	0.11270562065579798	0.1559566138704738	-0.39433558088497234	-0.17796260009480447	0.42769241823201803	0.2340695489209697	-0.22839879708457828	-0.06744117441790659	0.5355530485207334	0.21079871765334657	-0.3926558453670613
DTXSID7027041	-5.6961009799342825	-1.2325177381316001	14.928837987629791	6.733105169921444	2.384893813231597	-4.27837309447803	-3.467594127604177	-3.4828050897079423	-2.334177091720501	8.12390600152382	4.042533978907728	-3.8104307757348144	7.101312271232338	0.4925749986103074	2.692195220317635	4.0215343651172715	1.5058466102337098	1.6937162397427576	0.5697749685227466	0.3450728807468671	0.9212591228120027	0.22873520076976495	-2.1263643880842285	-0.0654120369373476	-2.6390626995522104	2.372815545950938	3.586342519922302	-0.7986929062047253	0.6356196423263799	1.2460916146840881	0.43422930386841324	1.8952396816530381	-0.33651292747729167	0.17869468627918428	0.4807884008997004	-0.11457021948993813	2.8281692515233585	0.4830693792980612	-1.2269013079697322	0.6176986409289847	-1.1689294692094083	-0.48245985719087797	0.5411551183705308	-0.45004245098154	1.1541317178459383	-0.19650623086292263	1.876767255956373	1.2493007021079738	0.2286791820648628	0.1670276775249793	-1.0525845207362872	-0.3631060272169698	0.010286764913552689	0.38878841076670834	-0.16558115264209908	-1.9436191648165067	0.503242827624527	1.3220696820160125	0.28306587893713675	-0.08818239085878622	0.062441831959197114	0.0537505972947407	1.6104924725035943	0.6390420969560316	0.6852048028595302	2.460894294232917	-0.02334230943634085	-0.18140300149037228	-0.49751336583885103	-0.127919488177053	0.09697726013686007	-0.9111885321573081	0.28264091271444225	0.7369745098996499	-0.12662482279347095	0.1757487775175983	-0.9931598878380493	-0.8585987475922349	-1.2982703407946738	0.7346774502214518	-0.6623240224957037	-0.33918348876753124	-0.5758503346758884	-1.142466544164483	1.0939463081201566	-0.17187116766333438	-0.7828194361532212	-0.22827741682825142	-0.3003777208402229	0.7788510809596095	0.030150378626152167	0.9522450719054736	-0.8765782154637105	-0.16705438604254721	-0.7437154717092302	-0.3245595317946128	-0.4463776443906304	0.16419043839320532	-0.006247331522337745	0.339643490750881
DTXSID7029110	-10.036447597513881	-5.80101796469562	14.876128968550026	4.833180639693111	-0.6344164678241929	-3.1024736494064107	-4.999798299236044	-2.5368454078251252	-1.8407982003568926	7.359465514802099	0.9950928289029328	-2.6857313210726836	6.879401546948975	0.8869693068097156	3.3644836028308576	2.367569795074825	-0.6100404716485167	2.2943481026463086	0.8756292965877716	0.5157059781091499	1.4919202416916735	0.9486038841294069	0.3517150633954076	-0.2842146848955083	-1.9534961101045702	0.4897412011495604	1.9446306698630869	0.9973209447068109	0.8425566613408169	1.2233714782424572	0.9274123834550589	2.639548507706669	-0.03432389108722599	1.034786562492823	1.0312456183526488	0.5212715693034153	1.8432435640054166	0.07476702063351508	-1.6508150986543033	0.6815119949601516	-2.2243794059784525	-0.7428104518888726	-0.1839162317236487	1.2547294882638318	0.46841833335559585	0.39725742923729906	1.5826615226824532	0.01597502413520853	0.3035374562866798	0.5229387976918757	-0.2906295065290437	-1.0214720409964102	0.45347121268483964	0.5391064620252023	1.449766680109587	-0.37226982238458517	0.5600418551488765	1.189260459716843	-0.14954376148583803	-0.8833832765841777	-0.0657869753674506	0.677627267834457	1.5313529706066429	-0.5965543522692758	1.5186226292099947	0.7203857648311943	0.33050664469461244	0.549207636958025	-0.22300610208893468	0.3292609491557999	1.1175179348052169	-1.0182046555792643	0.6436591389456153	1.8079210931794465	-0.45782198992091994	-0.5346057475995041	-0.31146817078009403	-0.6968104938828455	-0.6928326345727349	0.3520123958534133	-0.3977779154572012	-0.11621977468445369	0.5279643514708924	-0.2107814375845016	0.5105207426552298	-0.5773154702309755	-0.7589550870673918	-0.4309327254992842	0.09876512495304278	0.5065296336139548	0.4361575914081754	0.7113083237462235	-0.7959355981838165	-0.7885929554317348	0.7892644930336611	-0.6715082258114771	-0.4943328864191776	-0.006805917722323439	-0.11554249480590623	0.42235591839981323
DTXSID7029241	7.267757847015833	-19.44151389910443	6.710544307035281	-1.315343818432953	-3.890005339689788	-0.5258297542051656	-3.974845555780391	-4.74495886097716	-2.886493482616666	-0.17326053079985837	2.1987444850411944	-2.4158820767591562	5.76977325107654	-2.9779298132166963	3.4401195550140384	2.5882135277985694	1.0500169793872074	2.2565116690821148	3.4866951950668916	-1.309503034755912	-2.3202991522028413	-0.5045199654221643	-0.8743950461864447	1.269034242993609	-0.8043249926657429	0.9225856712499139	-2.4301530626853953	0.43343230841473135	-0.32146881420851653	-1.1518789374300393	-0.496221511064137	0.3697854230546129	-1.1032786926819562	1.092178407925716	2.739591079923999	1.6735923508256105	2.311270898466243	-0.6583892026021589	0.5605926541922315	2.2921761194701493	-1.7358468265303912	-2.483853840987636	-1.0298596929028225	-0.8076349263176177	-0.4121444553479203	-0.6418303453694046	-0.66310556660452	-1.421225949275999	0.5935212055093435	-0.018559608488613665	0.18039558015683196	-0.37834719709039893	0.8514979410591327	0.35459220980253925	0.3940675237224715	-0.08760762550858445	0.1256916820205069	-0.22485915161264555	-0.5266795802514415	-0.4570417404180298	0.18156693763657544	-0.638992682154985	0.8285853135889437	0.3967233318149963	0.46941114914186594	-0.5168302295191769	-0.5115516166130333	-0.8353730906513899	-0.23190197999293286	-0.5264588531832597	-0.5700213685104413	0.1403618503438401	-0.7107760234067153	1.6879322737803115	-0.39540381973300376	-0.18729638478114777	-0.060691829036814984	-0.789262561569864	0.3100033647431926	-0.02891580669754919	-1.045557214556478	-0.48238893050865245	-0.3152077584291712	0.22808814692114618	0.6637693256067687	-0.6205544134418053	0.05437143042880873	-0.32803043546813626	0.27907251431725677	0.6290745201330395	-0.2663027928747664	0.760618115618444	-0.40111542302650044	-0.6542147067435533	0.0034456071767486273	-0.4974096288554796	-0.7113424150980671	0.2401231531235496	-0.2560659564175669	-0.43702104443709205
DTXSID7029661	-13.463299938567374	-1.8735747414887218	13.69163243723857	4.32599049204784	2.7969904741402614	-1.016209689944687	-3.6244004930401506	0.20589723660782536	-2.972199576418955	5.946963189757302	3.2145373873941168	-4.217854146027666	5.24035126988843	0.8833447771692268	3.319697420036691	3.7290652291396222	0.6160908328955341	1.1926695982006514	0.6935884326349131	1.0093357156740321	1.1458230853289217	-0.15241011919413155	0.19198699836961447	-1.2099141225716958	-2.008173991988013	2.712170750558231	2.637802739716487	-0.095272121190177	0.57749857260903	-0.15259421356727226	0.9620831921815061	2.512963216748348	-0.9926755558160189	0.6530714565968402	0.022197990868431543	0.6268279241586414	0.5234286731058305	-0.26499504920139355	-1.50949682437071	-0.20043113820447386	-2.245167669111166	-0.523711275935126	0.11526320181020831	-0.8122731043468279	-0.5714159586010732	0.12194137699634718	1.5981771568432095	0.6977412226460662	0.12667245111589354	-0.5753404956968711	0.19118830172599796	0.12576505401232868	-0.4375802568181659	0.36878051709282944	0.578890986941182	-1.2984730274610268	0.6909642161304007	0.7469777103489635	-1.1112904196395315	-0.07983333247360562	-0.14988660379162616	0.5798382539578013	0.8033186974775216	-0.07294778420395942	0.9739449078803093	1.319766378614529	0.13463090703315284	-0.24624357145202116	-1.2182933571462002	0.7267732209202366	0.1186718654175082	0.20960941244207612	0.8220259375117787	-0.49948242889126016	0.2659006600558621	-0.21906421654048833	-0.822286711923948	-0.000397890491029425	-0.8535163130562612	-0.6359518701558826	-0.39788166699556	0.002039138966989112	-0.12453059212044279	0.31892334797063826	0.3046967734915969	-0.674480118092388	-0.9879666981657356	-0.6194928523964522	-0.15820884143065606	-0.47023637328739565	0.2239041320274717	0.7607949484848879	-0.7337741522634142	-0.9585771119195236	-0.03867197366958886	-0.23263554761455282	0.12659912164988313	0.01587787723760382	0.15521944934104642	0.22128354826370636
DTXSID7029871	9.108355779113815	-17.031550636438322	-2.9917843721918302	-13.950512646185294	-0.40645304970106255	0.25839841262446916	-4.44056427089537	-4.378639612415523	0.585441159117662	-7.361317661231875	0.9266580250527716	0.8320976152038575	0.19251603726492078	-4.692172384127623	-0.18101858301252474	3.6322922980659094	0.5133619276117712	-3.0086530769222497	3.3365418897074886	0.7550423335807422	-0.13379057964109162	2.1122854458482423	2.1521175398417864	1.5449448236989718	-0.24947793470142882	-2.4582967050293814	-0.5990302527351777	-0.6543817782943753	-2.1422849821057626	-1.8212678695059068	0.09732902164957787	2.918860465918672	1.0468796774622395	-0.9208161778248802	-0.28292705521509137	0.36964120592248245	1.4566876692164616	1.251695021805474	-0.46925667178198693	0.9938978238739983	1.4495433666816484	-0.9097853197903761	-0.3051520537232575	0.14267640504393644	0.41738559730221025	0.37076319459557294	0.19381658635671487	-0.8804907993753178	-0.11880942439719229	-0.8289197318266778	0.21835120307834543	0.9795939787681306	-0.4396017716914605	0.1513704810942749	-0.10865503127414429	0.7609761235031174	-0.04674525625496072	0.20027586564111335	-0.5305662079370254	0.39394873096588956	0.16711025554677217	-0.6712206703656672	-0.8522694291600403	0.03085459712549588	0.18967989642545777	-1.2713136082947536	-0.9257569961927866	0.9794618617901345	0.5821218902607521	-0.2603411110571842	-0.6104882537137979	-0.481314182593174	0.6255394412718948	-0.08739758618015395	-0.21101093214451858	1.0166280170656787	0.49413736938536956	1.0923606831841295	-0.538156840415931	0.227554937160828	-0.2530893993399764	-0.32017859905358015	-0.5937307131843453	0.2000662164707009	1.5014720779697768	-1.9933070122432395	0.17236790662407997	-1.0311530416530925	-1.214680296348749	-0.049965750938068786	-0.23481776771378413	-0.6023097872422254	-0.03366119951331593	0.2865710953281759	-0.7246679497263178	-0.0069523329978467465	0.2356883963731477	0.4190193203459085	0.4220136168939933	0.34570445658351306
DTXSID7029879	22.854090617195357	-3.4022793003662386	1.7176075335347383	-3.5528450557203977	-1.3027117236745944	-0.19960934250505513	7.578299437520176	-1.180825371861478	1.46935031283783	-1.2814789245109077	1.698932909043574	2.837488034569755	0.9391539421748131	-1.7233612705429304	2.8252131647167715	0.5194047470869596	1.2553665829053233	-1.3875014666554908	0.3721394073485508	-1.4715584020504267	2.020625791030073	-0.9546280870115447	-0.1454996047999464	-0.00846200880485087	-0.6425115615046455	1.8942114123516076	-0.42406418834573484	1.954719924318797	-0.601244034862795	-2.3477124698780045	0.8561323261442434	-1.883418124914534	-0.3353591573233684	-0.17225363792890425	1.5572306192132435	-0.04718463047886604	-0.7208250983520368	0.023754989181335045	0.7853851340923217	-0.027286592490891208	-1.2310872647561144	-0.08909651269565905	-0.8226848318370144	-0.21492964565454445	1.1325138964928434	-0.2060364866816175	-0.7317818258973184	0.38061239736193664	-0.16461003453097803	-0.4489420862395939	1.3660016826981216	0.05155011426989404	0.7818938416065995	1.6919498010887406	-0.18015114874473884	-0.5493541742005781	-1.7452894807287853	-0.8475635936670148	-0.39065597225906507	1.8998102703747455	-1.4674857478350996	-0.7607357895166064	0.09207111100504708	-0.07141511961787722	1.0162431656436692	0.9227828298524093	-0.46036193432556866	0.8420754237954862	-0.09181101019817833	-0.6561219169283536	0.9752081462302202	-1.0651185883644283	-0.566762349904022	-0.04469938488220545	-0.6777746619815301	0.17939460868370025	0.33095407243376496	-0.27388203489850704	1.0529154343512273	0.3743344110698548	0.18874843930502105	-0.35539439210572776	-0.37618593031149944	0.8819384439656516	-0.13283971099798075	0.5007276347619158	-0.22436559548843607	0.8326529510202709	0.40037648011906696	-0.6152120646671463	-0.49917364342674386	0.05787674862330764	-0.21925256531784532	0.9165671813951675	-1.6846671996327998	-0.17571948403895893	0.3609109505085755	-0.7641203764959321	-0.10236301142841714	-0.2608022431100831
DTXSID7030060	-14.159071424062937	0.22813609723461573	2.934046756520009	-13.290306042805735	8.606641019003945	6.544946678178879	-4.197956900374201	-4.832125839323192	1.6733497483663269	2.1595880577759656	0.3865913200361236	4.251464080813176	3.9649815679785316	2.0616473013803502	-0.38743688696986867	-0.4514996314141778	0.6265269010226128	1.0637111229361091	1.4109158646668059	0.944891982925254	-0.838231081266747	-0.6615665939815351	-1.047722087654963	-1.1768058595261968	-1.054521731916162	0.6907932447516698	2.277566195616866	3.11775423217882	1.9718615211912216	2.0956863217363284	-0.3133753327118532	1.259592973647781	1.3225604964780533	0.37489208502546545	-0.01618231182425337	0.374979760833902	0.24139816369258177	0.2964297772541469	-0.186188715173568	-0.9492716719162755	0.18531836376532265	-0.12528185744697232	0.4234857093877752	-0.3163282450240597	-1.3848333917862687	-1.032075303684836	0.8905166829076937	-0.5430895812853249	1.2911562916902404	-1.1106160082284948	0.6572869383766081	-0.5275328596942698	-1.210114458419387	-1.1434955695445503	0.20389967129991035	-0.38239888334689043	0.5157386005764871	-0.20988668567462496	0.3063065167886969	0.3328474907754711	0.012186604651589036	0.936998462070447	-0.1571524034550593	-0.09430787743252997	1.06922442800734	0.6531320118753996	-0.39667975192503513	0.6871856036346013	-1.3357675024479958	-0.683474035961147	-0.297581948648072	0.11359671837822728	-0.7265000456739704	-0.02099399820475619	0.18478574583767635	-0.2228643804924072	-0.5783516575757514	1.0945175745299434	0.3478627760214868	0.1549930914074397	0.7280476387597652	-1.127896795293879	-0.3162196836299305	-1.269211475559018	0.053409334373977	-0.3985882598046721	-0.8097854759354375	-0.1341228998557807	0.12764769626324193	-0.06759162410992817	0.19041186656916034	-0.3236235699233861	-0.08065861285483084	-1.0468647654665824	-0.27855464385234446	0.6187538193294516	-0.3496083796447193	0.6333896042014092	-0.5288050796209218	-0.872454310490421
DTXSID7032555	17.539743565982903	1.5478964355686928	-1.3536718640887773	8.439751469046762	9.181274003924623	4.912158717873565	1.5055543997038976	2.9036665243443753	1.4068792526143938	-1.7669151218773624	-0.8939248999220115	0.9428962950868699	-3.105185410666367	3.05153356583826	-1.7014088088031663	4.365821158823114	-4.262067659404406	1.1304090448235433	2.216688440344515	-3.3740165811022536	1.85358201422412	-1.100554399805506	1.9928081320764561	0.8155330330895535	0.5674455258033572	-1.390576594223913	1.8604854644001039	-0.8422152813179392	0.8596949496690575	-0.8169544833673448	0.009067559319024428	-2.707144180953328	2.307548430589219	-1.2335398230999481	0.3574161343086619	-0.20421439669408337	1.46618265838821	-0.1605355251063629	-0.7726940475620716	-1.431177588614566	-1.2659473982119012	0.38399041025318625	1.0188203012095798	0.6443918352882487	0.7444580712331212	1.2642787754544278	-0.6833030309380209	0.2425842646844548	1.8550847301825037	-0.8914197442338072	0.2327740266336237	-1.4960335554712096	-0.11382151507668903	0.008170274315101162	-0.4313483739383576	1.2750483585705297	0.4716198531240228	-0.355449372706338	0.5771231093252686	0.23393737632865189	-0.522774691260771	1.4027711401049314	1.8354980968706378	0.5753664807266262	0.014922292426302532	1.0699464904567433	0.1770381403598656	1.3397290371055943	0.577482996483058	0.00799253755674544	1.7695596074767512	0.008483597393742623	0.16310832638329442	0.05538842917630619	1.4082719597756506	-0.5680016079497803	-0.08053931339105848	0.675282132269376	-0.5184187495065747	-0.3287783282826554	0.5574648158548012	-0.1590929852618765	-0.47711918199734815	-0.7143988476897598	-0.06962345583111945	0.38114717675564547	-0.9085617293556449	-0.4277658304787408	0.4902593091059798	0.6837372232549338	-0.40072906413852527	-1.4354327533088291	-0.5835486754409428	0.8398542322026943	-0.7702757803782351	0.008866668510998108	-0.5128949429817259	0.779671423759065	-0.7074992469520088	-0.42166071195298666
DTXSID7032630	2.7730288160577716	-11.07970714338032	-11.370471986191692	0.8870328424863597	0.39629588681432926	2.557461600944791	7.585844932575791	6.6197453966024025	-0.5778102240178643	-0.4524560720875499	-0.8012657787302703	-3.0812747185096603	1.7649782295806355	2.8050274720838524	-1.633085962432149	-3.432256307292687	-0.6829550714382915	-2.1352932401764813	-1.4800908010842035	-1.9529854190754825	1.1053504340713676	-1.9443469720404685	-0.7883034098819306	-4.036690712863799	0.34257312643721344	-0.38513735500868396	2.185156594245555	-3.0452838387714567	0.12078372795462924	-1.2515998334745189	0.9798265340087355	-1.3527145419999504	0.9130363095480966	-0.9664841803808398	-0.3077261671000431	-0.7570040072183349	2.5790689893168395	1.4533869950534068	-0.1968755604812306	-0.6494146922851493	0.6451631015492213	-0.4807791956898845	0.8374270728143721	-1.9294332745000018	2.136766299526105	0.5673891306511795	0.7891096312732332	3.456088603010255	0.19333142882793847	0.07824369668041047	-0.8485817137592508	0.013548543062118121	0.300393264387132	0.3589197727127158	-0.1926518017154274	1.0310622691667957	-0.5450409142198408	-0.05693788898890495	-1.0419525366222868	-2.292966113611822	-0.4903442846859163	-0.7641975226292788	-0.09353075380304274	0.2873232225259218	-0.7035343859113584	1.015549729243659	-1.2985510287739752	-0.8907888703953302	0.12262080648206118	2.240042469567173	-1.6522834411875766	-0.8341145309347944	0.524329707401038	-0.05465146346406521	-1.5865343884261047	-0.025038255102094197	-0.7623325028024032	-2.0665923068035665	-0.755690542655939	-0.8403262553063691	-0.2929679338874857	-0.6651617456733956	-0.15026269972435105	-0.31389398399712015	-0.10573062896753177	0.3489305235210037	0.30539621629868796	0.25777292941204666	0.00921777075714746	-0.38037678769148914	1.1259264108828997	-0.6994048824626032	0.2979312225665548	-0.06378904643029756	-0.18821110964233795	1.026058534508857	-0.09471533488237632	-0.13632075185272519	-0.15562304183334474	-1.064044440728752
DTXSID7032638	15.819172891979324	-1.4828514145354044	-10.659463798585247	5.345369573252691	0.05740721804196198	-7.161785223577851	5.56706358991168	1.3957021833847814	1.395574807278035	1.0359746639040566	0.829989196503119	1.6793221288407731	-0.7837410335919832	3.3560128611825055	-2.0005555722715185	0.6962316761652559	0.527114609275166	-0.2551743193716904	-0.9131324304015368	-1.840392966992665	-0.22877233465351418	-0.3767449395183354	3.024176159010235	-1.8513402498045448	-0.6714653464896432	2.0818379828562406	0.4752464417718864	-0.30995087381775754	2.726206091189453	1.6225484666096976	1.3790176475678588	-0.2235734430414168	-0.2857967814850654	-0.16245529574134893	1.8717947187031934	-0.06950317583637704	-2.046774359619288	0.45272209631727706	-0.9278662544664231	0.13881513648413135	0.5416829758694351	0.06012248603036298	0.6063964625137661	0.4661194197859444	-1.7801833004618974	-1.5830724753264582	0.12347551270602412	0.30686073188973334	1.4798448805690634	-0.2006010117513764	1.427249646086201	-0.03941831081885893	0.4832454410685955	0.5227581244818412	0.5441027668272076	-0.6903502738989968	0.05374891096925223	-0.885673963678837	-1.4802877638440912	-1.1808457857213412	0.10106652580764562	-0.6109018029939755	0.542662719454462	-0.6681905309102517	-0.3933846894739319	-0.700360208363925	0.8015821413798501	-0.117484667647407	-1.298061725583091	-0.6317203493473038	-0.13753897684898944	-0.33889803107759325	-0.31330145894255673	0.09156552781081326	0.5608942587046623	0.3261873157388373	0.05652668585968508	-0.7504847369976235	-1.1459305122465357	0.5700297223308145	0.06668036219169403	0.5254161509689095	-0.46509130733638515	-0.4528008140497054	-0.019464579281812354	-0.19271955593753287	-0.17238384668222112	0.7689370284281904	-0.24169930729146027	1.0187873523436834	0.3754918261424739	-0.12724701182371584	0.28145832606611787	0.07060498775964866	0.05449213457766305	-0.3112436650124458	-0.8010295109095207	0.44334006105652973	-0.5314084302202619	-0.4478301749112887
DTXSID7034674	10.992759783771788	-13.41650094449544	-1.381826439503206	0.13878969556194384	2.9601319432433084	0.9665548543733443	2.7097206390403525	-1.2354720451870025	-4.668049944359162	1.7031207518154106	0.010648334403510366	3.2656270745953906	5.0457939046159535	0.5515107124239071	0.0654934415026819	-0.9512065680574834	-1.4393080242573526	0.007054859940820285	-0.5413723191220814	-1.611358145336149	0.4444108483909622	0.5747094345591127	-3.928097360550459	1.8522707908367155	1.2891911307506474	-1.0947090564542579	1.679956466594046	-0.41054120739425876	-0.8307383578028309	-3.213222359716881	-0.3914713430457066	-0.6384986646495026	0.26321165849205064	0.6075690608534212	0.7222104923934218	-0.4902645790164694	-1.7482561293985137	-0.41034605048572226	-0.05068967325603617	-0.6112592557999112	-1.8935747839192194	-0.37537097662249513	-0.00606332326319319	-0.769064901971596	0.18899981970818114	0.5413718176889591	-1.5355836475188536	-0.07700045404873028	0.7087283028539326	-1.6117619260673637	-1.2549294747338355	-0.3078577979466048	0.6041635072703591	-0.9833310024981966	-0.45777990408255786	0.6316101693394226	-1.7317246797787742	-0.003300584410656423	-1.0427403782164362	-0.5009118593128721	-1.1604857364088303	-0.2077558982139608	0.11520567513991789	0.6838447252557134	3.0378481288809613	-1.1648699854439206	-0.6876485250393278	-1.778281986389457	1.1301943942982828	0.5697689095001294	-1.0504791172407928	-0.3533287820516923	0.30032634033227834	0.2342401038544268	-1.036906551557015	0.4103111740663145	-1.1417891949342487	0.2312414580442053	0.40604284931506335	0.5566983378395903	-0.49925418250517434	-0.7044045579410232	1.1029620090542287	-0.4588966770596321	-0.1048844588812477	-0.4181167434388991	0.0700087104038148	-0.4084515997482949	-0.48277306308144285	-0.9608845116074809	1.9434751741545246	1.178186126174463	-0.4488368402812358	0.03014600327556935	0.048583640908578744	-0.49235212103688464	-1.4865797169653487	-0.4931699768214349	0.2514726852346371	0.32301666991875305
DTXSID7034961	-1.601782508325388	-5.672680848819784	-9.215365280517315	-5.350361100736719	9.907087580780495	5.563676458360257	2.417264180073879	10.756082337089383	0.9793037670082033	4.448055985324707	-3.591851596837001	1.7872143519383072	0.19637876165649243	-2.1304196276161287	0.40075281401898905	-1.2713932168206787	0.017133528712055656	-3.2593782037913606	-0.4980669094391502	-1.2417859209226534	-1.9150927150953094	-0.10002461321133317	-2.1399829807182984	-0.1082542074161686	-2.1777465858350364	-2.182985615543571	-0.7341273999123499	-2.577727307416315	-0.3996926186199304	-0.9402010813905686	-1.9029210993213166	-2.0211645460781336	-0.5334769297874731	2.3893010800286536	0.9201349205988872	0.3680818270010154	-0.6868432165875633	0.054371040269913226	-0.9777878681065738	-0.9931135677750763	-0.8524017082408322	1.2465552091542413	1.7139822897883734	1.8527653194598939	-1.6693687930143524	2.151432388457842	-0.936252863058565	1.1725748422118822	-0.8411606195034198	0.571810105295017	0.29813809855628703	-1.115274651754525	0.5586003194746727	-0.8799851997517236	-0.9988129490918138	0.2274350651775746	-0.10537611105909993	-0.3913422122326391	-0.6479387275502191	0.5998374918591913	-0.6434404172558648	0.005805403623389283	-1.3584458295027082	0.2509235276708016	0.24325965745738906	0.06198132443485144	-0.6093645898126524	0.69317137230958	0.7679773914757159	0.9551125670110796	-0.981434466339816	-0.45652369737044995	0.5793333848767472	0.7964627842115649	-0.32990949227895516	0.1905582100504394	-1.4406028741726127	-0.8592327861054718	0.11758464720272366	0.9221026381880896	1.4925742726188542	-0.056143222322317166	-1.2812737137317816	-0.48665952888063985	-0.06395027278521821	-0.511444159958794	-0.7051448769479505	0.3303285044176519	0.665513660276676	0.1508947348987982	-0.9723268793050307	-0.5341198047624278	0.23959255767646673	-0.26790114718007557	0.20327101709608758	-0.197508072329941	-0.46607229404326694	0.8710502346514732	-0.890386839149955	0.1772742666775485
DTXSID7037717	8.656845073973605	-0.7090524915349824	-4.280223045411691	-4.397729544210549	-7.614717902952258	1.6604727974790463	6.844627402625536	-13.713158096533615	7.23131523946207	8.072971783722636	4.457975253401114	-1.9874697228167109	2.5586127081135497	4.981379183967373	0.7230971902251706	-1.3354494972552204	1.3666672775271005	-1.8283646704467569	1.924289234562784	-4.447991076018495	-0.42889378219746016	0.997789306087164	-1.4640203614523721	0.07291274681760268	1.5154671226668042	0.049261407953974524	-2.274387720815014	-0.06651023716237692	-3.227643158017797	-1.145713633365896	-1.5844830235935252	1.069963266139447	0.8044719173257707	-1.3600267262344348	1.183260493178667	-0.29089617021216885	-2.645170347467581	-0.13468021150072315	0.843852188950774	-0.8152623213073255	0.012743036998821584	1.6574958359905256	-0.018856065427348655	0.10482275173786458	1.096464771177557	0.9738361700495303	-1.8398739764730878	0.05698189083679782	2.4518429113324993	0.7830625909935109	0.9760870864802142	1.0381124064268852	-0.11371356079287258	1.4606299093563662	-0.8017664572146204	-0.03555009380015381	1.9477449072501887	0.16972062720739825	0.6645120601896778	-1.8860381859182218	0.08996232332935418	0.9489367988711843	0.6215663234233948	1.6453042175842127	-0.226420671915489	1.0202693511399552	0.857581105394457	-0.9659309084673201	0.01935278703133895	0.7992641394282829	-0.37824781592954176	-0.42576026471745587	-1.2153392735696773	0.4146133847058811	0.055889251467318844	0.24898396883118645	0.2665136808389653	-0.693312094877802	-0.45615661970662574	-0.21707673338270697	0.38156882162115247	-0.42029338943606726	0.23111517897957287	0.9369597641213528	0.8532758410664758	-0.6927224028918593	-1.017519544438672	-0.4858238791471046	-0.07106965800385727	0.7635729593406476	-0.24790845687038213	1.5657338628811583	0.08794729560811565	-0.3251932895182677	-0.2090338153199705	0.32980102927292476	-0.02727188157754506	-0.5411673854405936	0.5000397374234512	0.4812531321185292
DTXSID7038810	-1.133008300751423	5.59767355816477	12.613926720217636	-12.281124630722006	7.207002080618577	-5.288279369904926	-2.336487211254859	-0.6584348084663137	-7.890238510566083	3.7546873775312646	4.452489498808034	-5.041361565856018	3.2391227523412294	-1.0309509506303782	-1.3270873136445838	2.500629477637249	1.1678535756704145	0.3483391738329727	2.0628762684372157	-0.40747051095426906	4.604680777301672	-2.3345636707895343	-1.011316275242169	-0.6416067129356987	-3.6832592192966147	1.6975995703002114	1.684855601336892	-0.1793514657350955	2.948934872052414	-1.445591618420814	-0.10037239344878056	2.402745601754707	-2.745021876728876	-0.9778973613695738	-0.6828198934009947	-0.9376817419591852	0.0613899234340492	0.28101676579174056	-0.10215937736300741	0.38604191583662845	-0.8157078681174782	1.4532700868366875	0.5111005025773157	-1.3104476494929094	0.24543233714959692	-1.3794195772427895	1.792568720273263	0.3016880001651592	-0.3348963935524048	-0.1655529844975186	0.1907902631627809	-0.3849963706415356	-1.384857762583	-0.0836573379626888	-0.5439251706141779	-1.0195792017083403	-0.6498961900935714	-0.12428460941140704	-1.4959481987656256	-0.7037945745798065	-0.08081247831892542	-0.2871071321232052	0.20831275095864643	0.6248140804365476	0.3302403637703865	0.2149987925127999	-0.1900936478146199	-1.4642439179770717	-1.4397860358522134	-0.8156748496811651	0.5723132052385275	-1.5291725110868228	0.09225958482738873	-0.20007443143005685	0.594635196601259	-0.8179932639862312	-1.1525468465237714	-0.3732236259972859	0.08092311793384421	-0.05701186273313504	-0.8312840207398444	-0.6670423586753752	0.053371174687431196	-0.6127299484480064	1.2116422507071432	-0.44739154310092316	-0.7631346904598224	-0.5140094993917185	0.022080766140641264	-0.8061842732984884	0.008413585036083355	-0.7998385865367913	-0.2128714380829284	0.5803985539970229	-0.13672258566361975	-0.9209200778928646	1.0515691790501418	-0.5914383250867734	1.6247984732271856	0.18372583421351643
DTXSID7038864	8.31963779031674	-8.449458200773723	9.64974010281226	3.361294383412652	-3.3065898253872454	-3.4721542804956154	1.0859419684673317	-4.366723086949429	-5.74779505320209	8.358403156303957	0.938744128157182	-2.9133113371818586	8.024039858228203	-3.6443340175756758	6.35262612096299	1.2609703050013934	-0.6525743215231214	2.5168072182459444	2.2163081989574644	-0.4348997500539999	-1.9487114912385637	-0.5607551168928928	-3.276375880860818	2.232713469696688	-2.0174579716541468	2.2680052890931655	-1.0558027254676858	3.3709784182050875	0.4970058111476602	-0.9662034417563901	-0.40297720036673707	-0.7485980175475446	-0.876224003058501	-0.8296761868756763	0.5582806196171118	0.010255069149833908	1.179483484054918	-1.1762360803669316	-0.6650638982022867	2.405078002084033	-1.668899411441203	-2.4115028551495072	-1.801638210909711	-0.21205474055297538	0.4457043446193375	0.6740349496873499	-0.5402972992199319	-0.6714382460325564	-0.10822609288035005	1.811080488962934	-1.24453974065715	0.13291885213476923	-0.9577474088000788	0.49494022361290957	0.5035953386721626	-1.6500820178884488	0.4689884121735407	0.14389707380007002	-2.5535836776669596	-0.3558999441672477	-0.675625277841315	-0.1886250161441254	-0.36962938457607647	-0.0037347823171393047	-0.4136139739495637	0.36311893615205276	0.10314774070492184	-0.20775644944601843	-0.18346719531773267	0.5192157789101202	-0.6479579735287233	-0.46594866117330525	-0.10206151393239894	0.8187511160690006	-1.3185130011799535	0.5632491006198096	0.1386151180232679	-1.8074499248019897	-0.17159350971045556	-0.2750711614332555	-0.6054289437182347	-0.6650492111405519	-0.8568444430170111	-1.2458859952511707	0.5887345783195372	-0.8711486290482254	-0.4873797540927595	-0.4716082685138392	-0.8857724011939757	0.45021757979144345	1.2555660643208948	0.11150962446686234	-0.35972724129261757	-0.26179877893547326	-0.5580345821345338	0.38241025046550053	-1.1215663380420247	0.28566062754486493	0.889094868381545	0.16500504392443707
DTXSID7040788	-5.728749849552718	-7.378352268200216	2.137722858273098	7.590369463624147	-2.569409813619165	-3.6538572212265543	-0.6221161016528202	-7.332050383679292	-7.933895846779103	10.775490795821408	1.468917392839328	-2.114172462200429	5.310579750931023	0.33471500822491523	4.817675290607452	0.8264830859167235	0.5912332700147782	4.235599020603393	2.360138291219407	1.340803568115819	0.08609392094228592	-1.139826386809326	-0.402874969945371	2.413397499759088	-0.6550377344594409	1.451166654414033	-0.29186534222551036	1.0927846167468966	1.1515274563943851	1.6194227939026185	0.4929042835285394	0.7915373126553261	-0.04663611412962102	0.8927561489364302	1.3963864916945847	0.7500380759412185	1.8623151313451198	-1.327942414694203	-1.5338352364270167	-0.02205995417061387	-0.9363086812095016	-0.1816442204779231	-1.2239181692705448	-1.4708225086071487	-0.8303341487639387	0.15935702215380787	0.8971931196991315	-0.40987860972187784	-1.176265129337589	0.3883070603823381	-0.8531072951568442	-0.6001917581096542	0.04885389189766771	-1.7822968459447015	-0.4002086450074467	-0.8957868820556577	1.4184126408417468	0.7188721512481501	-0.9677947553334085	-0.9926255044852536	-0.7357753795211431	-0.6456706479607062	-0.4866122116850185	1.4241544226511447	0.5980971396580057	0.211958671689761	2.397428653249946	-0.12300673070331683	0.7779507227709829	-0.10313385043263427	-0.378918495435507	0.474872190490093	-0.16897116708281795	0.5177323200990664	-1.9278465043571953	-0.36970038261793525	-0.1036199474070623	0.4610096349809401	-1.0382331587438007	-0.126545568930484	-1.2612657526394249	-0.17218680351989332	0.08877570110084537	-0.5575969545972613	0.2979926425307973	-0.8601999079414575	0.3488864423345801	-0.04449713072548673	-0.6992946090406836	-0.1979543211180683	1.2381083573496632	0.5674096272419944	0.051359689598225115	0.5998044637572209	0.5702227873695215	-0.4505686731547718	-0.29473648412954806	0.16435785807203132	0.004000135821742779	-0.9955578036766023
DTXSID7042356	-2.9272271140204644	-21.784394396748233	-6.8196305215645125	-7.36617771446886	-2.18088388829437	0.7548712322537346	0.31061695837376224	1.7954909024322725	3.1089012911463842	-5.9189280958675985	0.26424493654158626	-4.3869429041964025	-1.0994748737617361	-3.16309700336444	-1.850420984150136	0.5635148358789296	-0.5212001206692609	-1.7953459760105235	1.5561833863725216	-2.1963701133340745	-2.130060823064194	-0.2241207500231846	-1.0140897081377642	-0.37298577052725107	1.0925927771523696	-0.21820188544777838	2.397541398045429	-0.32905953688758527	0.5046204650969772	0.20698249782798725	0.3375279002151244	0.9451567176872816	-1.3559715179332361	-1.055838180163735	-1.0097264254345353	-1.3177627486211894	-0.4866456689464777	-1.3019733261891444	-1.3146038271596576	1.6216155234404295	0.3309113209508437	0.9427870937227608	0.5244679664540752	-0.6378272107509122	0.12986955214250423	0.4088995323786636	-0.2532759758488895	-0.15881139505360023	-0.9591346261752315	0.47144683556997685	-0.6820045746609205	0.961731758418817	0.7380416919686499	0.6887368947584032	-0.3145948667747111	0.3716171422289887	0.7494074975878844	0.20678270707974267	-1.082267267953209	-0.051580705934263796	0.9945276726834977	-0.06885353054583114	0.0688164974495293	-0.6778215238489912	-0.8145203329830749	0.29323640895289366	0.5775816346020355	-0.7037573163653692	-0.35223218048990795	0.33988997280055083	0.3905767720478378	0.3280920201512317	-0.6740361412163023	-0.08090606947643164	0.028293681035964715	0.6480934653580912	0.7657461167938698	0.022389294913309016	-0.003713971059984227	-0.5407640326651775	1.3218503470373353	-0.2458340066058364	-0.6846150049540001	0.18739065377012584	-0.5049754900567608	-1.0279642855695652	0.1891108247044657	-0.6495668435017707	-0.17712866710050776	0.010866429093666728	0.4018920621700676	0.9663088276588327	0.23218775478517734	0.9121150245920429	-0.43662899176925946	0.327753199875335	0.23677569377701363	0.21184774083904034	0.482844728967682	-0.654519797511842
DTXSID7044394	-7.069839119356875	-8.210953724796568	4.400396079047036	11.704271035853083	7.472116721675292	2.2767680918726736	-10.425588263306857	-4.451787090655458	-3.384943525474516	1.6644566643407002	2.7084356238572864	-2.655985938059027	1.337315045166802	0.6260729451266039	0.8696788762652057	3.5945065183887355	0.013271953984462969	0.23028179254169526	0.9037799374318185	3.131038369787162	0.9726377473467075	0.28512078511651556	-0.6156701574343005	-3.991699504086883	-0.0208887303516126	-0.1659605525323076	-1.9928478051684497	-2.0166543613381984	-0.8159192500632271	0.5035328051362196	-1.1118804428812696	0.13167169293198538	1.7929325776300629	0.16371032675230973	-0.9117918454706849	-0.919545866481654	-0.9267638978635284	-0.208118470377779	0.09603445342433188	-0.561184949374245	-0.35230979080072927	0.6415751089114823	-1.2767715801930275	-1.3556236383593359	0.5424259796114099	-0.3570480577756072	-1.850776880912891	1.0309251448385774	0.4879835267898787	0.17579618549147466	0.020871834567077547	0.2927828672827179	-0.12448986830944617	0.0923611096453958	0.7255935258910194	1.3584066280614304	0.32278420621878534	-0.5532022551805832	1.636724990584638	-0.05644707323069383	-0.46497028550821384	0.02827813828653265	0.25335694379865775	1.108939032241163	0.06904746959679607	-0.10930753946828736	-0.41621693778316005	-0.53386688251758	0.07884158824043407	-0.9934060042935126	0.42221735440363506	0.23910087149149925	0.174778892378203	-0.07814914139731036	0.00587512542332538	-0.23077482308461372	-0.25315401718240443	0.18935936194250164	-0.1940647365882957	1.275105428041892	-0.5672939347683359	0.06633016785827653	0.41839297395120195	0.13144379385478724	0.15306519001181368	2.108218446120246	-0.030793543367768163	0.4608669386797771	0.5083190270095315	-1.118922813314885	0.7298940135928267	0.8737923837904559	-0.3395737464447768	-0.2944780182508677	0.07856075514336153	1.1722674118154746	-0.11725714108328417	0.09621255227439601	-0.1619180956187608	-0.03937018600148164
DTXSID7047271	21.942744439915863	1.779203302867231	-2.8115444276401687	2.6161907342878745	-0.9009391025056528	-0.9759776820652302	3.8325317822101406	5.707363651626875	1.040372622013483	-1.7416479069523838	2.6981024964662774	1.7546261036973352	4.126262613838012	1.086799841878117	3.483451173013348	-0.44573049395633907	-2.6447299621912594	1.3971600699405662	0.7444473829604423	1.6094793390052622	-0.013181016162571463	-0.0030173458067934175	1.1406813266851326	-1.676280645296557	0.12130839820128396	-0.4191742483620517	2.0532167572541633	-0.9194934225205781	0.2588044881053199	0.46428199609434384	0.06182710015268584	-1.3282221672270058	0.9551117613127744	0.9946283196988661	-0.31008394937993705	-1.7840811875396325	1.5341750154581812	0.44864580758071837	-0.10634804944643482	0.16411665233328873	-0.6995604051764721	-0.617052505462247	0.7212557110635527	0.3347076560852999	1.1370995282557397	1.4153096233557252	-0.15058601393660326	0.20639074711584426	0.06093770259034177	0.18499379657763987	-1.5198181201671281	-0.013077672213370575	-0.7374972804450755	-0.5045113568336801	0.24517930981007915	0.18911094881801546	-0.7904860850877299	0.4508074053395796	-0.18519439795560408	-1.6652144090625902	-1.1444845849070404	-0.9538205536145477	0.34188575264077087	0.7145016361509637	-1.2342074817723452	0.9165825420301428	-1.0222461045139408	0.16261005791568595	-0.6317068079951156	0.006061409237003183	0.8431454332147139	0.7068222386806111	0.7197530999147803	-0.5356212136021212	1.0619051982320975	1.0076358304484925	-0.8858081965638717	0.7777485762835495	0.4099195531779665	0.4083108121940556	0.29774163922615154	-0.3892961965002192	1.0318803255190152	0.1352116673094163	0.3945744072860335	1.119479456705928	-0.2284173547708314	-0.4937372590415248	0.22272898740096433	0.8514148417235067	0.8117467183797732	0.4125251335917523	-0.24524582371759127	0.13533501217605928	-0.8194981886575743	-0.3945145853533264	-0.6254751258622385	-0.31963595873385275	-0.7717711996902027	-0.5842661077373257
DTXSID7047304	15.403104454620106	0.8394251778706332	-9.764077774023235	2.9968094775118312	10.907946409902118	2.4692940157970464	-1.3755488614911666	2.190633085385903	4.044515772283049	-1.443338512461141	-4.686071504722365	2.84831311365806	-0.9011859710782629	1.4878559406319964	-0.8873873435820854	2.983672980092858	-4.328793976763426	2.7057103625867316	1.139241603502866	-0.5491078488618912	1.455826821016959	-0.5299220333429686	1.197062160492639	-0.8348616419793519	0.18508469917583198	0.23609731104840756	1.6277868209419983	-2.269928299230354	-0.18300522772865271	-0.23972969457584484	-0.9860359386359018	-1.029725337433558	1.354850683955218	-0.9427563487424936	-0.5202887689072561	0.4749907198785501	-0.21269233228370737	-0.17633902287482917	-2.3130211578191053	0.04816691423494907	-1.2839548406338328	1.4191860202390691	-0.6935948704221182	1.8770308981320625	-0.6594492385705713	0.2425321269021659	0.6530983741711973	0.43494509620355726	-0.9709465457865112	0.5813889196774442	0.7049709960498162	0.4610957745112852	-0.5975836351026125	0.25644427199740005	0.8878288583648576	0.6203327440129375	1.1162255393397464	-0.6356412773843397	0.32445992257437806	-0.07732729975548734	-1.06752169755209	-1.550816727388654	0.90529353244809	0.03576217967141149	0.772094125106635	0.08663426547689079	1.0142520050488928	0.4201337608186136	0.024651137704839433	-0.034754849880593436	0.2967910003564581	-0.5371142443064482	-0.5777222562139079	1.6732926646041826	0.5106407592138222	-0.2651662641478507	-0.48974666210491935	0.549587191656186	0.045406909976185905	-0.47229815561610966	0.5862737688106865	0.3421228475356143	-0.13619271685821957	0.6273991658641078	0.11738305431242418	-0.10413140590711582	-0.3194882967139083	-0.13917803077359026	0.6371373831196779	0.5821872301350768	0.882795313178563	0.015758783752383522	0.18749881464607843	-0.259510713329471	-0.8737185719519396	-0.46130488908540523	0.22102980230911246	0.8264597482092716	0.7690304122276717	-1.8929686761890077
DTXSID7047277	14.17050766758869	-8.602440549536135	-1.6538040293160918	-3.449556179194336	7.425339593235567	5.304744850751847	-3.509518479981386	1.7294334375544873	-1.5533288029187844	1.230877181735802	-1.4185860983201382	7.393222435663221	0.026186239701912094	-0.5379612749108544	-1.206211894084781	0.9545366740364439	-2.251034978455997	-2.0576653929971727	3.3514826697174933	-2.44787759133135	1.9030165433864428	1.7008442032910003	-0.195485974627154	1.093184462666977	-1.4123634222496744	-1.8773840839917946	-0.09070804182372094	-3.462997589026699	-0.14392362716046972	-1.291741850511949	0.5966875129172624	-1.3307295214302528	-0.029808558820062333	-0.022878105642702463	-0.2640593644775194	1.5638655077126442	-0.5958220224925909	0.048383919415136666	-1.2544578834817803	-0.6525880853894206	-2.139279215825714	2.9740663321277685	0.5127645662204181	1.7572974741216045	1.5381700367224211	0.933094315236996	-1.4931378427741895	-0.45679563696327946	-0.9312770871650387	-0.22227867209254681	1.8124826601464605	0.7224740836700747	-1.0081351269467758	-0.6333853164756883	-0.9006192570682294	0.48062105768746755	0.4861847399152663	-1.0535612798321592	0.7023943586192796	0.1774928308723934	-1.4779882260212984	-0.6249093558449295	-0.34169604830708566	0.5824385278795512	-0.06946893531496841	-1.0575175875006404	0.6005621283453957	-0.3869502804150804	-0.17507005946289558	0.4183612151239456	-0.24419090592064863	-0.8732242001453574	0.138990662515842	2.126054925321067	1.3106265886771027	0.7022188515399872	-0.44574384284299745	-1.4336904737652194	0.12381404370682231	0.6602280593490405	0.5034118705160191	-1.5977084067217766	-0.17397535669214995	1.3288532026214703	-1.7747840507222294	-0.9798396815426168	0.9826906841238656	-0.10018568671449304	-0.9580880819790083	-0.27696652144056016	0.07811009226883829	-0.5270647455146789	-0.32037813840308127	-0.027718564449388722	-1.7874327808107446	-1.464265298662158	0.34514320509112933	-0.26071957155508135	-1.4799925006705918	-1.0712537725747133
DTXSID7048168	6.063347733082232	-11.10128283083365	-6.696628368717146	5.588171241708367	4.930674347576345	5.504196377032448	2.5638328289113717	5.798116685324851	-3.7479704128366094	2.5845992916723666	-0.6699602882067803	3.644040200526911	0.6641294911946667	-0.20147527181027114	-3.0241025383560416	-3.0319437166427448	-5.702575578678505	-2.5673258993990005	1.079253314017814	-1.6435314049777232	0.3500698969604261	-2.552600478318069	-1.3013741747658674	-2.5986796811747106	0.9383112522813575	0.13474674804376666	1.1116198376629391	-1.3613362327930512	-1.5327349577998213	-1.308323711104056	-1.146107139969293	-1.4194398716656182	-0.4975818196465222	-0.08724677719091013	0.6838203048059455	0.3047300393545184	-0.32438580157774727	0.07946439016925037	-0.002357434567454285	-0.09658603956722189	0.5861266021495628	0.8832149085890845	0.5317222095199527	0.7234543003161377	1.3702094073339497	1.794919747152873	1.5917213564457404	2.6754207933647653	-0.24519428314065808	0.155096772353029	-0.48679789094100484	0.6210343657294978	-0.16140182049109647	-0.9828030060562523	-0.14394967567048025	-0.2618642241895839	-1.2172002047471486	1.1086914205645382	0.6190162265294341	-1.9465508820685853	-0.5666420032146886	-0.7235857431154664	1.2192644438736926	-0.4413537354406055	1.5358024627715325	0.3224095189454039	-0.03867270871684202	-1.6208477702020385	-1.0776205581128977	-0.607782495872242	-1.7218934540940374	-0.5655396435498636	0.5411465294968228	1.6114420384179966	0.13260127861423368	0.7529745888826593	-0.652082017678223	0.028923363495825267	0.6512971657772711	1.2402156889259834	0.6495818572155467	0.37758622521000856	0.37214648718067894	-1.7654883649266966	-0.633944893448991	-1.1623733705690622	0.7351370786962831	-0.3818779934706784	-0.0018984968466751874	0.30147545738047304	1.0056966868410524	-0.6086006027907889	0.0640725445673952	0.7858860200539073	-0.35930103277367786	0.10357165486488544	-0.09318946279874737	0.21467588617203665	-0.7706206903622388	0.6304992607336448
DTXSID8021195	-9.128766708177414	7.8187844602636	-0.8334389493112524	4.904899892096213	7.301430121594844	8.007480137276383	-3.7525571783262124	-3.7129789515283713	-3.304304116238998	-7.6463960292070166	-1.78552627320869	0.5622418324765686	2.7724090006933446	5.092938782941651	-0.3488698054649428	-2.645411498725749	-0.06063283982083039	-0.7033925031887791	0.08525852104275163	2.0338445677968764	4.766082125768719	-0.033274231107110974	-4.013350056131286	-0.35644719971476874	-1.107167014879597	-0.22301013057630334	-0.017004106892238156	0.18077456693009633	-2.0413845419650345	-0.06445616637762906	-1.4979420427420607	-4.339818992930649	-0.008137993663674842	-0.17053218209751797	0.24797511516628232	-2.0316412058592044	-1.0653155416656124	-0.8067628005330405	-3.923562596383431	-0.3428197247059446	0.609768217778063	-0.7967000958657077	0.37144685343323447	0.7203895269097763	-0.5977560131875757	1.9422535240487642	-1.9114817618482358	-1.9442367549439523	-0.10732671905270412	-0.15715108607656447	-0.4515150588794408	0.916958246743652	-0.4121583707583664	1.517040945692727	1.0847293321789047	-1.316560367907226	1.7307090450659464	-0.4936315669914299	1.467427205451229	0.8570306299320476	-0.05472097001149355	-0.15328000882881315	0.43588851498249703	-0.7530067114120947	0.36596829536919695	-1.004194293290185	-0.030100218522262405	0.4020576364099043	-0.8764842952791462	-2.29462513120242	0.8148785106689937	-1.7334949990631376	0.6243415904029465	0.09267154739515107	-0.4712300991885766	-1.3761723752764878	1.226932919559388	-0.6602390709981546	-1.1726472009168118	-0.3846411204252348	-0.9415990686730589	-0.6053078708038678	0.4144451303690797	-1.4882809781727082	0.714717437335925	-0.40654216954162675	1.2108917635445309	-0.7903764386294454	0.7794043571056741	-0.16005810763181091	0.6407302276128233	-0.09898782777735933	-1.2155390183332604	-1.2690380084879118	0.2600633654899165	-0.3741276719647991	1.0434704818968636	0.8827904213630429	-0.6865256827180756	0.4061938092707715
DTXSID8021062	-10.817707368115673	1.8190700881598776	-10.578941165527475	4.3636407386839515	8.558108130708511	4.241440920598714	2.4653383671019347	-0.5593712683619164	2.065292652248763	-4.831833207974192	-5.8638573558785625	-2.4846055981039425	0.31043275626301153	5.628350481064285	1.4544182274774973	-0.12566120730389274	3.2828216353631636	-0.12051723275249343	1.8126697515368049	0.7131970015899687	2.6807119922030775	-0.9495952886160465	-2.2088305471996867	-0.89434710675043	-1.160168451147721	-2.896692025835109	-1.1684768577471754	-0.7070275838371008	-0.6384239137824099	-2.5121876117306496	0.24085997032676731	-1.2157009840009558	-0.31672178008823393	1.8084793422832384	-0.09206476648602661	-0.27207228668536837	0.8158297890617625	1.0032733477538542	1.2336599442160907	0.20445495358879268	0.5119118446795708	-1.6821425419143392	-1.1309671643942696	1.1016645594686278	1.6707097765852084	-0.035528444987399176	-0.1580942526090929	-0.6464134222350233	0.7493128690777868	0.8821962087176743	0.5189771915082797	-1.230353022985958	2.1476903113066825	-1.3803421151566382	1.1166604591120473	-0.04725836113592885	-1.428470706182721	1.4196442825385047	1.810999754398357	0.07423269065560975	-1.2557600391870494	-0.3279231947289502	-1.8581269785654135	1.0048718562271222	0.018806645182225003	0.4284998427958521	0.1255794749519839	0.30031763812742135	0.8284242009412576	-0.5733550562832815	-1.2248983893035144	0.6886882126454779	-1.0844685074965157	-1.1012240909257032	0.17441714074097522	-0.27247463227027197	-0.885197470624152	1.4142029619234298	0.9982327472446277	0.5497118896228084	-0.9768389241841594	0.2571109626991904	-0.19546778408916618	0.6559270797441419	1.3330928377974336	0.4734170648393179	-0.6618559013915568	-1.07130442886297	-0.8149025395657903	0.4334314828544757	-0.2303941832352616	0.9402695369564504	1.3175621442876333	0.67915847097608	0.008978379157805078	1.0085607754609824	0.2775720018962448	0.11403325430914418	0.9076964717512465	-1.140235437707135
DTXSID8021771	-6.803161670398152	-10.42444551657584	5.734719557927797	6.44953046406082	-1.8173826634283274	-1.4723729458978543	-1.4945311060406692	-8.65556161675673	-6.074058921522328	8.675159331335436	0.23899483841179048	-3.7380118352130633	6.118944616630934	1.8813044988068377	4.954403157144663	1.7254731285946205	0.883202118000615	2.3513757027197206	4.131231001149383	-0.5100720145724503	-0.9804264692327699	-1.0021853420364446	-1.1150995847717948	1.7520251132468831	-1.797733093833592	-0.2789800706671202	0.038889794885706146	0.5131380463768642	0.5061060030007017	-0.39941223544594007	1.002159502015694	1.3811589435617948	-0.5112158054207351	0.9532614551910941	2.232383114715661	1.099217472942573	1.4495086167714077	-0.3951626875937162	-0.5774496077712401	-0.007895370002178777	0.17543012442181863	-0.02060576980676404	-0.1641998116132232	-0.7212406747646982	0.9416812309439287	0.05473574949986882	-0.08321449159205023	-1.5151672897753257	0.4420253381628534	-0.15244684024947688	-1.4181499150881063	0.27857374175607286	0.1871369669956892	0.0915553799828598	0.5003533560590382	-0.17672446759068836	1.2524808284590587	-0.8148905628197831	0.25088186200537177	-0.7103544678495438	-0.29344842283117345	-0.5356974453093842	-0.9618704740939014	0.8933062166121101	-0.9152770874569818	0.5935187822671034	-0.5771820495644384	-1.1585105546225833	0.4215094903505689	-0.7567347767597352	0.445915824642326	0.08099935695766021	0.3413320762197329	0.7149239156950007	-0.7022640447874409	0.29781673422037963	-0.04702454398132658	1.0200864421479556	-0.5724624014110885	0.5076118248656394	-0.30199579469180005	-0.8759600821857477	-0.8501554084421634	0.6945178436527603	0.27313032278036525	-1.1681016675071074	-0.11078144503430924	-0.059538594614097724	0.07142152430394808	0.3371759549793849	1.1313871147829528	-0.0016859161324876066	-0.7086115554557029	0.3093009729665372	-0.2024043984679627	-0.4556212784290403	0.46376541125745624	-0.5364040233630142	-0.4429590196369179	0.03237140747798877
DTXSID8021777	14.745815291112603	8.285607933094619	-1.836368372239522	8.26358163067171	-1.5163456860073796	7.359707710759532	7.154672921129448	4.61318831841831	-0.11411529398593671	0.3845522072766909	-2.4308994212490553	-1.1455124561124812	0.8254797530978543	-0.3902667108273815	0.9017170576374218	-0.2678547641510949	-3.699284566344576	-4.595440968486792	-1.5780763850130464	0.4025178857525615	0.1080412097380196	-2.106764020502561	-1.5397566549659552	-0.04488873836996581	-0.20027311336705508	-0.3763090830535657	1.5117231611972497	2.5030533811501496	-0.7940957881765521	0.5550709266200542	-0.8292854120841595	0.5675249474504842	-0.3720387672370352	-0.1809508043897271	0.8146968411206499	0.07040382177927776	2.7546710581005938	1.431533162847184	0.8826898238482556	-0.16527561248626027	-0.4049626417288384	2.825634103009	-0.0961241904566121	0.05919902822764685	2.7988955104900963	0.8039633159676978	-0.41060715587308855	1.3318607413848413	0.22871524852899047	-1.2579689327985082	1.0690331195272655	-2.0089494187728776	0.1556828627621034	-1.7838581275782417	-0.20882841360909266	-0.19507094370277914	1.0461394490108875	0.5964862796541734	0.22314097919996154	-1.9910240040442249	-0.4768382397611982	0.43577445656688196	0.22433565856698282	1.363381740286906	-0.662657416479749	-0.6365226146734164	-0.6688400509154921	-0.1655837882068368	0.19580935576563818	0.3666057555970113	1.5346868705680488	-0.8500564585221411	0.9195838707351058	0.11615698842431524	-0.031573409469533666	-0.16889452327250817	0.5812970252903155	0.4851882196493202	0.010030166805442104	-0.11626764972217314	-0.17179509250774583	0.06925738628330927	0.9494319236719612	0.23748487970818088	0.6580533447458832	-0.9002299890308059	0.868975607143403	-0.3866548117377138	1.3034000878955045	0.17757768506395386	0.6968705397459191	0.07702373681669862	-0.90421168133419	0.7322152082757223	-0.7346260148013611	-0.1684622347862052	-0.6727237274418569	-1.032056520462919	-0.08097161724069882	-1.3048240609515562
DTXSID8021856	-8.07622295817769	-16.053348951414762	-3.225218449346726	-5.165442354826599	-1.6905099980963207	-0.14149473577217406	0.015352859575265665	9.159082785261127	4.652776226284773	4.454289016396261	1.264215846062552	-2.2360571511390805	-4.697156345700012	-2.891533322838208	-0.8721736449847879	-3.7730595926158426	-2.2013145269623635	-1.582520548531488	0.30084459911455846	-2.965056024695848	1.4983733003779864	0.0021393087402224423	0.22349663461145713	-0.9649360428670651	-0.16963395746059648	-1.4375869941501913	0.8821615405620411	0.050168228075260314	-0.17344831108568132	1.8140015442255972	-0.4771011060109465	-0.5909154941835165	1.7535960276436238	0.11340195556446196	-0.6732110676621248	-2.636445566915344	0.9026509054381382	-0.50098419093301	-0.8024359573523352	1.454050265201548	-0.7262729935030537	-0.5097731669129839	-0.8636813045123407	0.858476346631307	-0.4600881461478863	-0.9636910804435027	-1.262184691767195	-1.7150911783316884	0.8336910619996185	0.8094490907921214	-0.015319225003099537	0.9703849814149025	-1.5413481124445518	0.7464040215815538	-1.4401707993728277	0.8131200245009327	-1.4829104238888622	-1.4855067878966794	-1.147544529399774	0.8190435690096213	0.83251743404695	0.7460083599054521	-0.4921382174508253	-0.7748082914507212	-0.6960574081675912	-0.3077270383256543	-1.8141084694411114	0.9162186656496287	-0.7953090960453291	-0.6139058252688544	-0.6402782572760466	-0.1709589870315575	0.3536429193002598	-1.0246728502412126	-0.46462086898201527	-0.4126110161532004	-0.2205485195252065	-0.035751469179896425	0.8750974823822298	0.2626304333066712	1.4356045865313722	0.01785512352227311	-0.7604694759950693	-0.29155589919179387	-0.2256485604590217	-0.6399389822307799	-0.8510095749241272	0.24561892426822463	-0.5086560409930757	-0.4975193318657838	-0.6390559652421611	0.09542486559503156	-0.03779865175804276	-0.4349544200450714	-0.7782421244029962	0.49847334536474086	0.34962497520729946	-0.17347192688074992	0.006746181406902147	-0.2785001721092183
DTXSID8022589	5.625371205279707	-0.28523442982677566	-5.876702444354712	12.813276078123977	8.508052463191692	2.8649334182873845	1.1720168041078496	5.4247083980967155	1.1450865155066672	1.4217901452423196	-4.348596164368757	-3.11953573363047	-0.2081264432741733	-1.7128115161837119	-1.2591905679146271	0.7721985312861551	-3.9336903553195826	-1.0805204640859427	1.316554820242561	-3.8702020069060072	2.5284323018703825	0.9050690656579092	-1.5224213371253479	0.4515376285665437	-0.10242722840671577	-2.427621090149917	1.822492582570324	-0.3058329613455226	-0.5621975973002824	-0.3480459759574821	-1.297539259045202	-0.8351519886085396	0.6314931519348408	-0.4974066779688651	-1.881872725241905	-1.517016787388475	0.5484465610184815	-0.4417993122205765	-0.6650413972324205	1.1389610995439714	2.616868286492463	-0.7619107264485889	3.31952076309432	-0.4145527827574354	1.4301225938190678	-0.37836187825126505	0.12611788298184698	-0.6875801972393623	1.5069135462205854	1.07417814515302	-0.05724354945533303	0.31629243505245636	0.16081285984147417	0.0066063578339850175	-0.9945717978335762	3.621669429453961	-0.42622354643803695	0.41500067714906747	-0.013965190699673748	0.20090961775734748	-2.077018017416163	1.4460475349340152	0.763846947422703	1.488170300995189	-0.6709165914053805	-0.5900276434121399	0.18101170526277266	-0.4175082750793646	0.7894577090763245	0.9700505352336183	1.1883818035137979	0.787054982789496	0.504922941590803	-0.0739756116434564	1.073288726230313	0.6990547528859167	-1.3262929114093667	0.09620678884495124	0.08142451569589773	0.3100866437576626	-0.8021268796325961	-0.22276677788896507	-0.3285004709622003	-0.2558480153072649	-0.9704767883226534	0.8091238622418968	-1.6177494387230675	1.22729447178305	0.29738046776278837	-0.6311703691401577	0.7917441259896913	-0.81533862814517	-0.247711291279252	-0.9684478060806155	-0.5584877181639711	0.03923416625470134	-0.14640659140536313	0.8812713831461443	0.21609159563429287	-0.2717692295991256
DTXSID8022828	4.273494986256757	9.903970053694152	-3.675289481870781	-0.9286000025653752	0.09879822100142635	5.767610840868859	15.927235925724563	5.045069279223435	-2.680697683579101	3.7064135703458785	-4.3957410008076865	-1.8408723413841994	3.823408460568751	1.2026685588731802	-1.585526443318003	-1.7839970455336889	-2.1998605538781764	-5.544937790092506	-3.1834965147667464	1.8406063221763191	-0.5029285475356425	-2.323276037038048	0.7610357004364281	-2.2535488331644946	-1.0666983846329752	0.4797515345959811	-1.5272463895544142	-1.141680836500587	0.49722715848198074	-0.4351294785370564	-0.34426965092313094	0.08143154553184688	-0.058604114746623075	0.1520625755793824	0.41914971763918657	-0.17365811919075538	1.6567400489971256	1.6589308242849756	0.6829632608832079	0.3076067031720354	-1.0392705498671928	-0.2528824082709489	0.141881707026125	-0.2090798477671727	0.8209125702887949	0.4889499094981419	-1.6454991550571407	1.9690146936678796	-0.3005655715616012	-0.8199461463230071	0.4646413830188694	-0.17003898160887904	-0.5999778837815526	1.7260148832705027	-0.859860727070749	0.4845678184996274	-1.7720718446493438	3.4002629936924786	0.4604745537140795	-0.9892395273191704	-0.6817910086375718	0.44685337110075196	-0.4608075616579844	0.5436505988671735	-0.7565633496397279	-1.462566899343212	-0.15591588456319677	-1.3069696680598615	0.8246913324793144	0.82356758307238	-0.4125387175608431	0.4724939381222976	-0.24165232881881948	0.33295985540976764	0.09691909457938791	-0.07149050179440194	0.5197863684162397	-0.8794481479449859	0.1710528767699328	0.6837868376468837	-0.2586832796696119	-0.05268701757369501	0.8358271788467544	0.4881394884469617	0.6053268249500049	-0.4591867387971707	-0.761761492961133	-0.33162826685117874	0.7147341631527255	-0.22975427242239482	-0.9183693974400994	0.029618772571421682	-0.9566469203425636	0.18718603278643145	-0.3705455740197788	-0.3011074535769753	-1.1307869529255687	-0.7469981973819658	0.3039195626172871	0.3796057253625256
DTXSID8024234	8.867547612278742	3.8073407555173975	-13.982387208983685	1.8691382654739166	2.8260724024530743	2.128327531739369	-1.2902264463998425	-3.7511003437879014	9.739017721014136	4.427852417843878	-0.8853472908520589	-1.0003938597595774	1.7539094377099436	4.310368015986662	-2.946210485625673	1.5247664260844933	-2.636518010351974	0.6411758130422975	-0.9676043472164311	-2.91534901993745	-0.5681891754549323	-1.7019835736637778	-0.9052315456966761	0.37222764780254497	1.181086615868077	2.39271019847746	2.8560661365885935	-0.3061229183936004	-0.7493952260625838	-0.8992390410846238	0.24886352911587706	-0.17353266351696262	-0.17397339453301597	-1.2780063606625722	-0.5682505493649477	0.5945721296891902	-1.3142769154679101	0.2090842159154432	-0.47049029946403526	-1.6283964927273291	-0.07488160594912822	1.015484123868371	-1.877968837653189	-1.2966478105515384	-0.3795400954474676	0.5982305975605341	1.9308296329105177	-0.21703790684696356	0.45546645755215204	-0.041105020530872685	2.302392696063481	-0.3906554647703459	-0.620483917145459	-0.05668090925690259	-0.23305571265836258	1.468538512971074	0.2924612326948184	-0.2775187640230889	0.09873444630801882	-1.408755432231352	-1.442592330655922	0.21647147014430834	-1.2362378919568697	-0.47831009364136357	-0.4328094348113646	-0.329343597840046	-0.09245452150826021	0.210685086539633	0.26248742877960424	0.6722967167440654	-0.411233098282175	0.22182099112027073	0.16633807443671367	-0.7136794200063341	1.061625087887177	-1.2368399092302576	1.0064842201892334	-0.2596880962834904	-0.5174785401418288	-0.9240190798666533	-0.34519030195813705	0.26903253565238855	-0.7851540205605089	-0.33381243018631407	-0.5625883413779615	-0.03139217278690603	-0.00300013985349993	1.2606012233857211	0.38926060918185756	0.29979814311066627	0.8660219645484604	0.4562524062781602	-1.091745596655558	0.1593739250288254	0.7976800991399238	0.33741144258964895	0.5629175032390326	-0.6478478680148688	-1.0320247276820458	0.7356584356651013
DTXSID8024151	4.3176734400865255	-5.0232425259381674	-4.754538476528486	-6.80310539087322	7.620904055778311	-4.420579022269453	-1.0210461953924417	0.5674583945142397	-4.4735088975398565	8.036168947271962	-0.36721667679305553	6.732070468493639	1.2197251960673743	2.0841875440691897	-3.6112759964896046	-1.0549793430787517	-1.4013598598723378	-0.4359474237173096	0.037993797954807805	0.016287107784238534	0.261224779455881	0.2828542965171746	-0.8281649200969978	-0.6774844305823187	1.147417276304559	-0.6063908906656577	-2.058951805745653	-5.122330571264955	-1.040202849452963	-0.16347049162508256	3.840104323134585	-0.70781429310941	-0.5812455032741844	0.31732536642149034	0.5790115375861299	-0.6895584065620348	-1.7773253741389365	-0.9660127648109298	1.0268993796153487	-0.8429692169961461	-0.29041114964063525	0.01951162802671306	-1.938223716462959	-0.701905496506289	-0.11033178517552261	1.0559002428695266	-0.43944193062681147	-0.2150617870575419	-0.07825835112280681	-0.739372745233465	-0.19165950411006896	-0.04458934517098461	-0.9836570782443135	0.31697266294565785	-1.105852576783728	2.400546742151972	0.28458320502109635	-1.0765077325465096	0.02923980997127256	0.5525292223934098	-0.43418181881966605	1.447412769484692	-2.5041250160508017	0.22643234825496728	0.48686671288055744	-0.16618940304384325	-1.2483419530166224	-1.8235750212976716	-0.6409910299856315	-0.6071161253262273	-2.6862742957667267	0.5284963503705673	1.1046299126805028	0.5415068738842124	0.8815698520404895	0.9331980500992032	-1.4185992973931234	-0.7095574536498295	1.1338776403264648	0.6208478821927009	0.13628929209675	-0.5025055029173211	-1.2328959103374162	0.28867975320056316	0.425319079459568	-0.00707526770503957	0.3033405299952034	-0.7630156579870984	0.511477172872539	0.3184018649373263	-1.300033766745323	1.5156726264333213	-0.6031375313188793	-0.9753474902059138	0.5058952974862492	-0.4656418977949886	0.5874630339629625	0.9999386970419335	0.7400455088663844	-1.1037494485859385
DTXSID8024315	9.871325014966706	-6.816854493779463	-4.826762364556799	-8.23888383053653	1.1978323920309366	-2.2812410978780138	2.072108405376869	6.595863942426052	2.058589428217921	7.0501134436941175	0.010476559703516318	3.5755747576787353	4.467488123464715	-4.788237735430372	-1.2286175267372301	0.018664082620400153	2.3997648693901787	-1.5503877761547242	3.355882042493212	-1.0770519577973667	-0.6480522388332047	2.5649081434509915	-1.6572997273615433	0.22126987579595764	0.33106866398113205	-0.07253745650957524	0.0558215111783139	-2.986060401884162	-2.174091973621157	0.44650616512983515	-2.0251410132497027	0.3057587207145769	-1.3564593474618767	1.4067994097399832	0.15655107198136034	-4.3392740612660194	-3.3237333741968826	-2.1534833627527514	2.208452832804566	-0.5782430778136466	-0.9441425568625911	0.630867590171685	0.49307686764045	0.6402827754230529	-1.5849870623677118	-0.12750377395373463	0.1576717655086868	-0.1954830865918953	1.795552623393861	-0.43039957326418765	0.5601475746592278	0.7284132139039204	-0.8501907766248804	0.59601669612665	-0.3458535581781717	2.2135603956504197	1.5928312501221278	-1.3909677161585945	-0.12703227176336915	-1.155192120095021	0.3298969852704873	-0.7082667620728316	-0.784837783826095	-0.5134219494512497	-0.03632130550215642	-0.5005346145520064	-0.2610355973271865	-0.43160790444417424	0.2648565904502283	-0.24014851632108256	-0.26895540909893745	-0.21709442931685838	0.359252006103041	1.341797370347403	1.0457143765633081	1.649238738088313	-0.14228463489068638	-0.5718225454782717	1.063041743558457	0.114902919115328	-1.0749959828751843	-1.295865952268553	1.7169965871269295	-0.023675776774864463	0.07163077156309933	-0.5014505635482012	0.2232775639046646	-0.5647972104263304	-0.21732022346563895	0.9078956226057268	-1.3387279613052434	0.05980768428118305	-0.24951890625446038	0.9102812986743163	-1.0112312769810754	-0.4342093427518714	0.2365773507016783	0.11195015885697109	0.9101687496404126	1.0831197615776134
DTXSID8024317	1.526744601383458	6.458982797401389	-6.843662224123674	7.494555238487055	13.81637776030358	3.399798630746142	-6.205094549741977	1.3160306613181532	-1.3877086699359205	2.4080426218637783	-0.8455069200764322	0.07491597977065304	2.869100407717913	0.36447960687485115	-3.413992551471832	1.7477318766890089	-2.146989602733856	0.6125894716159525	3.5985519461280453	0.2977236842513516	1.956592701755878	-1.8831972067253835	-0.7074441257626283	3.398768336532429	-1.0788033751853248	1.4756186750786362	-1.3032742010791896	0.759867183657018	-1.8150284139039163	-0.0066989801599728485	-1.2211544340499234	-0.6738012037132456	0.16855023363243204	-1.1613715819610329	-2.354311702428875	-0.6176755747184773	-0.7889108136291594	-0.17826001431881602	-0.33514572309571766	-0.7325289196478205	2.7981839721199666	0.5751196229531156	0.8181763330705429	1.3915351537628866	1.4932697186804602	-0.17374871647504714	0.5013268721890958	0.8131992566017721	-0.12105374041891288	-0.41331359524961436	0.20639480178026273	0.6208073709092021	0.1674991077736685	-0.12154806273990325	-0.05026210426708947	-0.6088818007968482	0.013533377856708731	0.639261718179482	-0.019427709103413984	-1.2780065982894397	0.8629587552630573	-1.2192616083908514	-0.3923811882645255	0.4577355659078875	-0.7834743998088708	0.49279492949251863	0.18744284012293722	0.312856277181644	-0.5338095618415112	0.09872802999205468	-0.29022265550543896	0.09089750079423466	-0.17007938190508964	0.2065503421682904	-1.041074744480673	-0.36485509791050186	-0.2569177198063975	0.6088370597624052	-0.4808550240911668	-0.5873581012161257	-0.6091081181367025	-0.3194296463277099	0.7206357799658332	0.7474674066352959	-0.6816791303476304	0.8163085369389411	0.206597873220123	-1.5848000834935991	1.1008580326407262	0.3099391624031078	0.25016133705709576	-1.7733479570702144	-0.6586982801641774	0.034758593121016285	0.7540515877912736	0.45548866024925355	0.5387191198999308	0.5011061503479112	0.029226050915039305	0.20408914684262333
DTXSID8024280	12.23533908951499	-5.210019856516444	-2.7439512214383375	-10.740355518290619	2.6182762040992515	-2.9517445511532125	7.226882438558098	-5.074117090344082	-1.486197706620838	4.952658320195603	-0.9377191937665694	0.9859599876711007	1.7821940781415422	-0.22437441938853864	-0.6633705314462068	-0.8973196512509735	1.2962335675513774	-4.499177697588567	0.862866881080971	-1.8674669675458706	1.3387425998599698	-1.3955705447421127	0.4532187074348892	-1.1015594252845655	0.6464000081001756	0.9973228503082433	-1.0319804487740372	-0.847065992936236	-1.9726659447315493	-1.8292955671647397	2.6073286635327557	-1.8277938704436911	2.1987240187937878	-0.2834196773050678	0.24310048422514388	-1.0769047848843518	-2.230896789703993	2.2948582813489926	-0.6568844935039833	-0.851528699478583	1.8901827942426521	1.5084176224628822	0.657296635206655	-0.3626919423299255	0.8552772100480511	-0.32588797333368386	-1.0545673039406376	0.6486577946740717	0.1748249201848092	-3.2068258520936537	1.033894769929173	-0.10449554962035394	-0.6652427807776969	1.3902918284088608	0.6952132229671613	0.5646148834853911	-1.2856284625416734	-1.904022194480742	-2.2237479952399704	0.8880202790710521	0.9426728079127297	-0.045695176257365674	-1.2411374206589518	1.0410008691477153	-0.5702054520406641	-0.5204404177252397	1.4218639546567133	0.791914593141238	-0.4032400686019479	0.39554076384798886	-0.1725922478683528	-1.2791264312033106	-0.7966788523447277	0.6737624197477381	0.10236416184995653	2.461058880787277	-0.35594113776985536	-0.7665133731935636	0.04088206739718175	0.6838707124052327	0.6747582658043727	-0.3828689941919932	-0.22840963810158138	1.2598463516304994	-0.086923561129096	-0.7146459867033935	1.542044581774792	-0.06418049024234196	0.8155205817938415	-0.36341719583716936	-0.09009490969655239	0.18783931178368404	-0.9357699567375064	0.2669565857045257	-1.1460388458647806	0.9706911014930988	-1.3526897702837861	-0.5508877331872123	0.20807984746099817	-0.5889446769212572
DTXSID8026513	-3.428142117970431	1.6748525268835368	-5.494561987051728	11.24751374320888	12.43270514813559	6.352227402992492	0.8981201975261734	-0.7446455043909441	-0.5689128903777331	-3.560184058844173	-7.214961617604676	-3.1255789421967792	-2.1703016879733097	3.861059996158734	-1.8899170754510792	1.485525247349784	0.7443848533372869	-1.8044093682830216	3.170603056189562	-0.8534515772539744	2.037070510240245	-1.0739657218999439	-1.6961509136225028	-2.165362195814241	-0.49527921103088096	-2.717708787601629	-0.23564833474743035	-0.32346741776311927	-2.0709579258985844	-2.258630285930967	-2.3988983851458157	-3.145141575587102	1.433790374821089	1.0458197224059127	-0.6153820583362936	-0.45047000690149525	0.7332108822649687	0.17914511658618273	0.18664362096790632	-0.8412374848721744	1.0102706125815237	-0.37917950966661884	-0.5724783176920093	0.5637415622920966	0.7124021225516346	-0.5178822644670852	0.3797331427089281	-0.3134464367906975	1.9043355236379722	1.108923686853089	0.21021562226781457	0.18199631022280433	0.05294258225983312	-0.3222332830731991	0.48898987946098477	0.5235109604004202	0.03916964562556369	0.20839538733536314	1.3679497411525936	-0.9452032138330642	-0.15618636092946378	-0.7350197210923073	0.7260668398778307	-1.075802705551768	-0.6254598878859874	-0.09157133056423841	1.2745415390733352	1.697542861895844	0.26613737075442095	-1.1444724038782588	-0.613031637585874	-0.681816712205192	-0.6380217028661088	-0.22715411197653554	-0.15128849658945004	-1.2525629480934266	-1.423680960535704	-1.2934280794934319	0.7149169996215748	1.2699518349901964	1.0795491721255746	-0.9139763097826	0.4334897777121556	0.15644620491323102	1.2923861121837934	-0.6426860946306593	-0.8455381958332037	-0.009172990819739995	-0.5177069878687593	0.18214710171833307	0.40255625916442744	0.07550729866049842	0.050357095640827625	-0.6196003243421828	-0.337055379060677	-1.120709675354091	-0.2584618200895747	0.7683585521366892	-0.2883146727368434	-0.7881911681658277
DTXSID8026727	-12.62723561367419	-4.2536985290497515	13.331537832623702	8.218611760133431	1.4494188221597324	-1.9451917210610101	-5.027921145295787	-2.2460660725001587	-0.0043978505418356	5.81806237063884	0.2750498513114539	-1.7219924153690658	5.146744391577128	0.8709801802703833	4.422143372657191	3.0587808221387185	0.31450159427562685	0.4541490421994187	0.10712677992064665	1.4361419117903762	1.9529835327680782	0.11196373449050079	0.5313969119928126	-1.8487609983385476	-1.3418739631708154	2.420692026345858	2.233105112644109	-0.5777062167007337	0.03893181021242575	0.7638197537786575	0.5020584913519421	1.630377977984484	-0.42334652938879	1.3552805110135928	0.4545420930842914	-0.29306860762757786	1.211589290162154	0.3074209333062118	1.0927201467145278	0.24094629768351145	-2.425234666743215	-0.6578260917329884	-0.6053258325726636	-0.31985031616465814	-0.4075381139292932	-0.5145628457350856	1.4454899518387816	0.9496446073575321	-0.5528287465068671	-0.46034042141797177	-0.8235716146175438	-1.0743199863643018	0.04602266367242764	0.4896127368461577	-0.4075554003872596	-1.5663482201335417	0.04396420814604775	0.28390712258934403	-0.1319043770102253	0.6331691246686139	1.403850678771692	-0.7850043074315567	1.332747716877781	0.35303163490927725	1.1622332524610988	0.6923225146837279	0.5736004326615778	0.36212956471552604	-0.3065507571219147	0.623778451699305	0.3343980101137389	0.3359910403141487	-0.26899936549946496	0.08198747194428005	-0.3613999049820731	-0.7284719793249418	-0.1520694004206643	0.09843673098371428	-0.5176938397859293	-0.2246149543844749	-0.20192356886522733	0.014191298815904889	-1.0465521237744484	0.4917982771769631	-0.22714805086912787	0.07488562527472749	-1.151201567013658	-0.5056788184728723	-0.3253164046631584	0.2818746737571584	-0.8889507248372606	0.4500351443648621	-0.6307104686611023	-0.4724581581441492	-0.24153651168160467	-0.37576599319591286	-0.5869838881648777	0.46797616607404696	0.719601270542675	0.08573153981671128
DTXSID8027036	-17.466239951669177	3.592793017229673	7.396376295835854	4.477831353641512	-3.1746275400367634	0.5072352794669361	6.037016009566793	-3.245122730373243	-4.42879113092399	2.449350158596371	1.8269114000084978	0.7900446125575226	4.205390276479223	1.3639770187748526	2.2180476068376342	2.4904104867009704	-1.411535545099281	1.9650819257162115	1.5474728884069502	1.2966487566396716	0.8409095545814967	0.7528961931683239	0.3530818495979877	0.6604463424150725	-0.08745032302152518	0.9597519811711691	2.5300580501126406	0.5008756716629332	-0.8512814907658142	-0.4310995492218071	1.377083364208165	1.5251749975445577	0.358029922400809	0.5151466017395365	0.28792025019889544	0.4803644094202349	-0.06113396672230659	-0.04080030946239518	-2.3972821718078143	-0.43646595684850065	-1.0418703844227397	-0.5818168506810145	0.802116460971737	0.022542070160973354	-0.6049711935131291	0.7579209124711596	1.1366411311002642	0.023608302640173176	0.44527214849733426	-0.5084284544716751	0.19209826602132032	0.9843020330898614	-0.7400999765006023	0.5417185294249288	0.42840135584804256	-1.9167521714483546	1.0247486869637799	0.8940700718192385	1.159620208015205	1.5749112312836373	0.3030371529613246	0.1796453354132374	1.0933728459494192	-0.07965958882638677	0.2796907314555142	0.7966341153034954	0.9522839094811045	0.9145883594521473	-0.5438175152217429	-0.6758437097963244	1.0821091223867945	-0.21819684985905505	1.2524076611941253	-0.21390894279695236	-1.394219581851488	0.15699638780577807	-0.058045142383869056	0.8036056468517825	-0.7484998246740511	0.03503838049858509	0.6455752277628479	0.7828343406287337	0.7240188074270936	-0.6920026487733937	0.34166486571930105	0.6349794991193011	-0.11437327098914811	-0.00792243671719856	0.3363643125839939	0.35642852835754246	-0.33672128628100606	0.24462204540612928	-0.5464200677777598	0.4250780643987122	0.7346747423922055	0.6505528271309446	-0.35861901109175215	0.35157208937470313	-0.05361639279977353	1.3483152351701835
DTXSID8027032	-19.4157194879039	3.121733282862607	2.0432187021074983	1.933455912194438	0.006864639829433994	4.411899240984258	2.9781101512372845	4.773004692733467	-0.8378927752924867	3.448637591445328	3.7519280109401527	2.0053019779332955	1.8197297288624628	0.22386580440738987	1.6520539760004844	0.8924564041704678	-0.17035344015484666	0.556470357470508	0.7658480556548802	-0.28022933933049526	2.101119424197826	-0.9749185714796672	-0.43996908033421916	1.0507150541556594	-1.359577052918812	0.16417195873838672	1.8238811335225584	0.5299279380047746	-1.060816848794224	-0.7353735028074884	1.0972185886947177	2.401762925068417	1.3044394272866993	-0.7492722341894695	-0.8908906688642998	1.6670057269319356	0.3355277621627084	0.7768079303400248	-1.2998022680645018	-1.303082893698972	0.4500512968406967	-0.5092130621719594	0.3641964488695396	-0.674468268062011	-0.5116151403760514	-0.6029923141633527	1.137338238635433	1.0309704784676206	0.8389622533969858	-1.3104364596728317	0.015299241481128701	1.2160974938027493	0.28993994221810154	0.2746564515898615	0.7926958662994056	-0.6487957728870628	-0.4319724775933483	0.49402425872049527	0.6630722767590629	0.0036100706504220907	-0.43708561079161706	0.29065148589801426	1.6574964562373256	-0.03319520432740383	1.0041812152601082	-0.6791656579241527	-0.5088835271992386	-0.3178156507698337	-0.42297324992553953	-0.4848152754172354	0.12789576169011105	-0.3925589610447989	-0.0003387460893435753	-0.28283385486027407	-0.507255059692117	0.31686341501630083	0.24380702819903433	0.6854210008416783	-0.4677712224243313	-0.1069253892122335	-0.24191469749447123	0.42447384383155495	-0.26074255348365916	-1.1417956956105286	-0.16901300673821623	0.3607762366162653	0.2730797005268453	0.14924704316717208	-0.3319738662978693	-0.173719154068699	-1.0738402230401178	0.09148602597844425	0.3636072638092554	-0.2773822181945515	0.46445333956331836	0.1554117334169436	-0.12739240805809637	0.1653218447365802	0.28336956380439327	1.0581492014756844
DTXSID8027581	-9.868451578579528	-14.683712026771964	10.66405266674333	-1.6267232888561292	2.1880369385922522	4.2949593411948825	-7.295710044781603	-1.214434448251233	2.918167349018631	-2.2170226864313873	-2.16601780634859	-3.513775666973146	0.1402324417387823	3.080712870224941	1.6194229211274276	1.7620182030319782	-1.5356533775377894	-3.8232847731012365	-0.20327755239264803	-0.7324101394192177	-1.252707115993474	-0.5962744607129637	0.07061313356526512	-2.4235178615005717	-2.6989860367538796	-2.1865941436130987	-3.0707751023761647	-1.6953494071821504	-1.6438965780550525	-1.2765885630323492	-0.24939416299933242	-0.760249293395828	-1.1354038670413518	0.4952740267706264	0.7249681019634248	-0.8093162133139398	-1.4794863044715314	2.503399573852339	2.376232000156427	-0.2367233368670346	2.149368971062487	0.37515477295201033	2.3534375347173557	0.3314146158141603	0.6934767155409669	-0.3775224121365672	-1.667325052951815	-1.1886639033356012	1.7938585816224135	0.2944664858363434	-0.24353699029322365	-0.09925039343912924	-1.065709414509027	-0.9799737061994486	0.7846251469329218	0.6348682357500319	-0.1327649682969375	0.541699822516994	1.54325017120508	0.8019051224900658	0.9837577721608854	0.7251349197150843	-0.6736452405173405	-0.4676314244352325	-0.3174426349821432	-0.8103417013932164	0.5576293844708998	-0.8679655412812586	0.3529177726676788	-0.8830917113037428	0.859226157375599	1.2996147293293783	1.8894586932142428	0.13302369815417261	0.43707677812659046	0.5937492208572631	0.5488922746146724	-0.716403716064685	-0.8022812477509285	0.9931938293237248	-1.3446792872589677	0.8509155313012859	-1.2781878286010244	-0.23886061404972342	-1.0995787710159717	-0.33486014958291954	0.623715354300376	1.4248870246842462	0.6122804568743184	-1.173034787977318	0.10858960873247324	-0.3720551842425384	-0.7563889384054061	-0.5447042167122558	-0.9423288204476441	0.4684807986209224	-0.7613788913811111	0.4726303380396415	0.43504604552969045	-0.5707412808209968
DTXSID8027246	-16.16179526366063	-2.9409907487602505	-6.621126466669635	5.593216017115528	2.1853398736376572	6.41297801165039	2.866680685932836	-2.866003727999212	0.09985538317412486	-3.743431192204274	-2.244062663642614	-0.2990312300819334	0.42229572220183825	2.291901831613795	1.60682791602225	-2.290932822214118	-0.34690544587471767	-0.9768581563502169	1.3112714293091419	1.0031663273104523	1.691113682464342	-2.661210144829116	-2.647138951657471	-1.2836005665175247	0.1409232484742221	-1.1673936560275557	-0.3654372496876595	-2.2626166949619484	-1.560238477168413	-2.3137605302196875	0.3910810489391861	-0.09484505063142841	-0.29309531493843677	1.0720367237680244	-0.4104627610204283	-2.2155602511509427	-1.753180255849283	1.0401187346130643	0.24345744748176423	-0.8905304917754265	2.506826149125212	0.689552365417674	1.1739892692318867	0.16837570881384198	0.5213791013967376	-0.10987037211578139	1.2156003893664655	0.12155300884880087	0.6897710977686214	0.6324009832756929	0.6555948885968591	0.26062057817911627	0.12275243050939628	-1.42365531553844	1.3600196108976204	-0.47740681609133595	-0.22749293987502153	0.5523216337227214	1.4551486456420892	0.021325847281730245	0.20121846187699982	-0.5139193979737975	0.5157072944849491	-0.48256831449222704	0.8211929356147305	-1.7368064710865334	0.03425813346729701	0.34831210082709346	-0.9190863747679977	-0.3812612269562948	0.6794147907376222	-0.34369777572531246	-0.6462497918921609	0.3381328783388116	0.3682636291084816	0.04631514702912635	0.8200980311766514	-0.7086671107026848	-1.1105963822819662	0.7153390259181639	0.0334982860025141	-0.1404827678720131	-0.10821906796679326	-0.5568935211567796	1.5752731232900012	-0.3922379238725732	1.0788445412953087	-0.968412972345953	0.5539169491844209	-0.7944927924787942	-0.028981480983241156	-0.7504796868228734	-2.000122662986466	0.030228855665873106	1.3565448519202752	-0.7286881279338042	0.33264398247089616	-0.877641938678063	-1.2429055581071038	-0.8359343300524692
DTXSID8032548	10.457930067947231	-14.052426780267334	-5.467477862146259	-7.129924451037568	-1.0211052734206403	-0.28503095470827855	0.5535756796565107	4.663793713666006	1.5542380388230181	2.2691647297849196	1.5800923931557054	4.292381750772362	3.1831475590184706	-5.648399514888359	-1.3608337175289575	1.0621153181883127	1.783256640036432	-2.1883210447172163	3.373793230155154	-2.2450798421613762	0.892475469134131	0.8500950935085837	-2.015057171512487	-0.6912026700204869	1.5123054841285684	-0.22114276330564506	-0.7347348235203555	-2.3832334884239064	-0.6999198943453657	-0.15757656066832296	-2.686282816282978	0.2572198773364735	-0.9540353327619534	1.9412664543741094	-0.6723093031109458	-1.4778760312552923	-1.2837549990871577	-0.7784195165209917	0.6650146016313266	-1.0621156901434083	-1.4678909418335897	-0.45401151377166926	0.5497166999975476	1.3094073729998161	-0.5698602637006518	-0.5250305267567783	-1.0682304410335581	-1.4676185604174325	1.500150854658848	0.4587660750647576	-0.9546800042110846	0.9393114875780059	-2.863409723053372	1.4297570519039162	-1.324921394870198	1.6096294851214679	1.003818430445817	-1.858736202407977	-0.6913264280628686	-0.34454115205525787	0.4543918447865138	-0.9460774661554643	-1.0092506605486573	0.3470179997939119	-0.09598235537621282	-0.04897964496946167	-0.6360218108403279	-0.36209617311751624	-0.6764143245482899	-0.8364799374207003	-0.8257470093626316	-0.45167556018465316	-0.5320716027926311	0.6084597419453325	-1.1047320189366712	1.3135276277566574	0.19180680984057397	-0.1458223195751068	0.32875930615512927	0.18526378899410836	-0.655015194128008	-2.083285742480095	0.6374385000697279	-0.16593975148265352	-0.6064677330664192	-1.4599331059230254	-0.5467387688315875	-0.20111636017438106	-0.8698109179153846	0.5002209556684504	-0.5154949262691811	0.7703919194309854	-0.41498576832709866	0.9830083172277952	-1.273533804454347	-0.6264940132556069	-0.10368425530489511	0.3404806739051497	0.7665366629456869	1.1453714261858023
DTXSID8032673	13.044799099545557	3.4153272862503274	-13.188823825680865	-0.9466291160961283	-1.1088023922349959	-2.8815854922081146	-2.0774897728951505	4.3702385331206495	-4.97651897908165	3.0704269977537253	-4.152970455401774	1.8877711824356633	1.0490714345511898	1.7327710511594243	-0.1000361850795742	-1.3704579804387922	1.214111767270363	-2.001165086924709	-1.1603843969704375	0.9731497974492047	-0.41568529869772297	-0.6394119317104188	1.2084214491355874	-2.339956202314908	0.5844038869555005	0.3216427819728283	1.2983158856411412	0.30494932200496705	-1.1122579559483894	-0.47221822083870957	1.204305778272598	0.9851928333405061	-0.7313397155691196	-0.30631459197495053	1.043115848393092	-1.1400481678253689	0.06331458598029088	-0.032467910389077	2.6093718694787174	-0.08038045244626423	1.2528892836821774	-0.37131401196081537	0.3194001618329067	-0.5307080038450674	0.5746003038613055	0.23524191894098612	0.23347671584821547	-0.792187960841265	-0.9689792539434952	0.43425002508068283	1.0154706642245532	-1.29152656867921	1.0513468847784637	0.3305424389702091	-1.3903283595957021	-1.2754918309447374	-0.0036000674203651023	-0.7426729976514022	0.3363811166880818	-0.7733192229830446	0.12952413675911456	0.26565709388199155	0.749604063777826	-0.3064040945410955	0.7606938382130501	0.18315120943991048	-1.1790837923689406	-0.39647770971833146	-0.05652490661130621	-0.030182472477429976	0.07777792890142803	-0.7521356341697715	0.051902803438331716	0.14262665996011994	-0.49226591493521904	-0.2846081630220378	0.45645747219548266	-0.5211155408706889	0.09611436202304507	-0.3747671268801712	0.665828468125607	0.9137720384611542	0.5077836568687107	0.564708522155313	-0.8183924074557145	-0.32706390656951423	1.2623064500017056	-0.1533018302579434	-1.0934789820007973	0.11791175472387544	0.7075170370177243	0.9925330872303967	-0.13298310865223062	-0.9006064904520223	0.3726382997212944	-0.6953975804981989	1.300366154640134	0.43001404678125704	-0.10595660905496457	-0.4847223772764337
DTXSID8034665	7.260153597103149	5.83902395827338	-1.3450597941156976	14.107177869191615	11.907789919241868	3.1233957315606844	-0.48353590324983986	2.8150260182288545	0.8384286810690267	0.030334248737327485	-2.4303252155170227	-2.9567501088111294	0.7432079427002181	0.7750218390216338	-2.1499343190835303	2.974177103903891	-0.391550205160462	-1.026160858988037	1.4276380090066878	-2.8022204718898536	1.315448566181265	-0.9388063265149754	-0.5305983905853024	1.440235489173452	-1.0571813334204088	-1.7182283572645605	1.3973291031834243	2.0259011750337526	-1.1396261390257894	-1.4954451055914952	-0.7829881614066256	-1.5717621309164684	0.8851389559455073	-0.7469004418112339	-3.259529472160441	-0.8272392151530472	1.5807642706857683	-1.1316427232378943	-0.5191260023620998	-0.06253034861955686	1.456639947845696	1.3411363968119088	2.8862566096080555	-0.06525280567509191	1.6954606788800912	-1.8567803656696364	0.10593443278481722	0.16901484413216308	1.7853433981887836	0.7607342487345987	0.5001235373303892	0.36722560614851363	0.49792632233787676	1.553359154130268	0.8284518120676947	-0.7204450755614512	0.2131061291553037	1.3584673513295695	-1.1648521013118776	0.138202270171066	1.199709126606829	0.4590475384796482	-1.0405364617266826	0.6593988691985408	-0.5445865465524646	-1.2053743327377382	1.0613361017362322	0.24745032044236323	1.1383913097809821	-0.2751032233818259	0.022318880990310142	0.5858804232396789	-0.16914862510530573	-1.0138567920634587	-1.1785220264276812	0.16897642578735858	-1.2357849400480936	-0.9079549830931699	-0.4133635011641583	-0.25075633304250594	0.7801250230303332	-0.8185309190014165	0.5561143455675143	-0.08904979778715078	-2.5779966765889166	0.5458326699964563	0.8108254044218217	-0.0946353493528174	0.9557247980703695	0.25789785193331927	-0.1515219737463039	-0.8295542244306344	0.6391849034467365	0.43509466978892614	-0.09725125969235315	-0.4187366913578115	-0.31438013129995657	0.2936324469409805	-0.19571042727115012	0.5030635688905511
DTXSID8034871	17.131718049119108	3.0472695917358004	-7.818092863311314	-2.7703456109412277	2.7575685620084416	-2.444473572388615	2.8928867864801897	-4.040784110715322	2.9739276783991104	5.822152663759499	2.357690756956072	5.082195532887686	-1.314678025839732	3.646107646703837	-1.1677623650475524	0.7059670533920474	-1.9928549878956332	-2.741492163328755	-0.8971100492198271	-0.9124089166941081	-2.8816269421781895	-0.34274295350960743	1.8880842787999474	-2.151103532773209	0.7093968830263911	3.3517996973795583	0.17992895956257923	-1.9977944209228067	-1.1576934840605508	-0.4542205866912655	2.1281325955175627	-0.39764311087039433	1.5298168261800378	-0.544338907025978	-0.2870958350419689	0.46787491362656414	-0.9081624304177974	2.198838223806509	-0.7273032273058263	-0.44198393957569776	1.1238232321776644	0.9599085310533174	-0.020354772819204628	-0.10829305021310377	-1.6521720980331311	0.3418504682025162	0.32601457908818976	-0.15729986553168954	-0.38233440888893294	-0.4316050270868314	0.9969209490679187	-0.6040959726427533	-1.0046747561359046	-1.128635782304519	0.5326583562901401	-0.36071167079176764	0.15295971876676812	1.1186171928063189	-1.0091556651786617	0.47995427482969827	-0.4399213995619723	1.9035722587763098	0.2566075236693232	-0.6043168490330357	-0.21075121307578285	1.1191490966107043	-0.39642214192553793	0.10221583043666763	0.38036914745862277	0.8359915312366536	-1.1047999562502695	-0.6577274857067227	1.1789983910194655	-0.2153883176928876	0.1280736654216452	-0.02700307662571611	0.9313698844914745	-1.4359039492004344	-1.2242532034717748	0.25746820336483134	0.06393398313033184	0.8404440873069577	-0.36258624978088366	0.2716115374482197	-0.01588083259924238	0.6503536809392477	-0.025185036614965996	-0.0037250370580638238	-1.1055434214095712	0.9903606598460573	1.316446703156784	0.14274571432317135	-0.3552684958610943	-0.46785388972354797	0.0199139803273976	0.38447725442975256	0.23233229464956065	0.19443649247039696	0.3226722809148919	-0.2347974618870544
DTXSID8034956	13.795572157158855	2.8428031676055374	-3.142307509462923	-12.344231849401865	-0.11291808094877456	1.4185898930299121	4.617445806014256	-10.60652978439709	7.097837875057117	7.664131874607733	2.4072109435895763	-0.6776193934628473	-1.1332136255996181	3.212750667264559	1.2452857278639535	0.4312319758351674	1.973386083648967	-1.6106985612991875	0.5209458887631968	-1.6266735921271271	0.45909310425062716	-0.5057867655830746	-0.2639787732164335	-0.8323943344080059	2.521515544122498	-1.2952405846096733	-2.0938867970059736	-1.5308380848620409	-1.3170202729536158	-0.1766211149502798	-0.9057262556518404	-0.4847517301276599	-0.4393675802403671	0.015490335141396186	2.2495707831209946	-0.5255494280755026	-3.0129525935366535	-1.2847109780254937	0.2601796030156178	1.3482381962094454	0.6451571144038724	-0.8250144094054666	-1.2058056446445509	0.787097383754175	0.7812042660649315	0.7439961272340784	0.1479626490822842	-0.23575415306481004	-0.3347626178406487	1.7290230115675738	0.06578223407559276	1.1960408656199593	-1.3192743847547774	0.466898253333766	-0.40514435237886715	0.49960108804170816	0.369698650778751	0.648159148115055	-0.2769812412338605	-1.2063607087367791	1.1273605495874226	0.04836104887199649	0.42377391992567187	0.33813769002558774	1.0101269587308799	0.9324325006238021	-0.45720668494662337	0.4272013083171411	0.1953843808456235	-0.8796924633262827	0.16622705384938025	-0.27350298485058766	-0.5974764512075972	-0.6087115903730742	-0.4436510355946984	1.618318647623896	0.5095090955195749	-0.4802377886108009	0.6475496705292327	0.8326521448673937	1.5414626799036013	-0.9546627746646081	-0.650514375331442	0.541049482887783	-0.8731419061122062	0.9349718373798531	0.8087609632244649	-0.0734089032779156	-0.7262541155859467	0.2768158589698254	0.3068528528748754	0.46212405211258606	-0.23648093927123692	0.4185164691225585	0.0040130074512179596	0.9573725815605759	0.9799702080086409	0.5831877597512105	0.7871543508014966	0.5531881312647022
DTXSID8040721	-1.1871428559013546	-18.255083593257154	-7.80348855200771	2.7144772906570798	-1.0815735909429127	3.48571591363865	-3.4775450905640493	-3.541537785621332	-0.2709368558935042	-5.270817891705526	-2.449141785483194	-0.8399197541956027	0.9696017020164043	-0.15178157730596065	0.841819008869581	0.8108551743956272	-2.118324014016836	-1.980812777083199	2.6942585919140307	-0.3414630581322119	0.9112048498814572	-1.1722088427007655	-1.8985057670465855	0.615863341480455	0.0756856615958471	-2.1808710162858644	-0.4190065120496362	-2.4336640539339793	0.8836595196762187	-0.27611495317275464	-0.6627078249547372	-0.13607520178502133	0.10809435517302471	-1.145076684107048	0.545092521774507	-0.01270955767616725	1.9926211570568957	0.8195483763617973	-0.10615015383784064	-1.4292902861955579	0.0011589651528147343	-0.020120316963087304	-0.45936002974372964	0.7561629340234385	0.4449495253524829	1.585346320170447	-0.48307685209604057	-0.18922661470323757	-0.17001694913309787	-1.0708382106725292	1.4617321772465148	0.6131179617907033	-0.07234873088627757	0.3873169079968546	-0.07924441261069919	1.1401713716985762	-0.8575063079708242	0.1306705750331651	0.8675416233577498	-1.3577291666994256	0.3142636338742904	1.1123593000656462	-0.5426389163929979	-0.5309290254793574	1.1997184191695638	-1.630417165653338	0.18462183509737107	-1.3718404315363975	0.14492516608408468	-0.09470431977635924	-0.7805920266978006	-0.12884360651008547	-0.3452812770237717	-0.01381989202186019	-0.06916171541994784	1.4617947921704035	-0.6932233914828817	0.3617318345248726	0.05382684313410701	1.3057522479685923	-0.7808823695725065	-1.3639295168889038	-1.2458916133192044	1.582047905366405	0.47804866757073444	-0.42787960175584727	1.38521201290411	-1.1399471862587587	-0.8669690035761674	-1.4336447657612883	-0.25577441265362594	0.14994285204046828	-0.2629622755327887	0.03782015468309577	0.12441334633467	-0.9279480370237797	-0.946590283822838	0.9011641351315596	0.8417753610416475	0.6126982148036109
DTXSID8041379	1.0758059690245685	-6.579014806144384	6.68805652800888	4.891344997467707	-0.22035397954162514	-3.350969552438504	-3.19841863846805	-5.95406898142905	-6.652314805160911	12.56321206000542	3.2427048474783025	-2.0238693517871877	8.855461793482101	-0.7637861848941127	4.560583971106836	0.313020374464607	-1.1670689024774417	3.035972560262341	1.4506364899953001	1.9175718119553684	-0.29242026844311547	0.00593207919644417	-2.3687547373980316	2.1997694716911216	-2.1525769222489615	1.163288367085816	-1.065042323416073	2.739604765494086	0.8914724560324225	0.9117778769988927	0.12175784403326903	0.18226628525153737	-0.8766768675483574	0.5837433284527711	-0.005600603328782214	-0.16388420997144806	1.2535272637315689	-1.0473208953679187	0.08389178419804867	2.2020489258392137	-0.788162809036835	-0.35990492344709124	-0.6743134008728	-0.14402938940214235	0.2146944718716762	-0.26015289735079533	-0.3629373395937639	0.30498324845874425	-0.6233156590681483	0.7442823287696614	-0.6487776339246096	0.5570547778423981	-1.0217700059760078	-1.7337003845188448	0.7484503592361726	-1.207008570053507	1.0371706942193095	1.8465438620788113	-1.383175648987251	0.6631651739407384	-0.5350263772521883	1.24094701145804	-1.3087302742311577	0.8176656906685289	-0.13261134751640438	-0.9722168070009538	1.1133625719011027	-0.289553097241847	0.4772577395369181	0.045529854611239345	1.0742069769942506	-0.7669674923979867	-0.2933813851081172	1.0581158567603726	-0.038536617450950474	0.04928651687113831	-0.1613213119850678	0.15175934884558082	-1.0613609019182506	-0.877814559094991	-1.2972553149497017	-0.09105821040157872	-0.09772092350430692	0.3608369603011095	-0.064092181754903	-1.340229898601245	0.4014602262351767	-0.960421471529219	0.2935785378122615	0.38888705736049267	0.2921943765502893	0.39559450060132484	0.1965344425641531	-0.7053180325897901	-0.20711993025472875	-0.7681586213366896	-0.3836970140729163	-0.24917167113663063	-0.06299626683881718	-0.8989304691522271
DTXSID8041248	-2.8749527933843506	-5.749157600980737	10.223446468201448	5.611497379936266	-0.9227177824696415	-1.7444374749609026	-1.1933844301615204	-6.787235586146935	-8.179525813338184	10.783290964202312	0.5995829973888038	-4.509003784423381	7.692686108864523	0.11842644575371016	5.249574127541683	2.2913801530731415	0.7292097199796823	4.26547926909117	3.6219497407334638	0.2558018033267042	0.40499378270730696	0.22916196025119967	-2.1576159896365454	1.2904128459826032	-2.296118066585774	1.3905035248471682	0.6468636981640916	1.3388194983843436	2.0745292902893206	-0.36626165378813563	0.5964647860251988	-0.022550094514631813	-0.40235096780520896	0.517216551655676	0.697599051990977	0.17543343632672656	2.1413471205117856	-0.24647681807090835	-0.6044054697472848	0.8199571194139642	-2.196322171950145	-1.435623437506275	-1.3999396534958342	-0.09394375902137665	0.7394369865878772	-0.0612331799876577	0.5613114150594242	-1.456968126815969	-0.5915438004141438	-0.13569389595819947	-1.5928776212453717	0.2168671780489223	0.6231043960679679	0.09493206932781041	0.0003448261019944526	-1.2010736874476933	1.9589341374738043	0.6972869922629371	-1.7158116210413992	-0.8745164479950397	0.018046305379287433	0.832337986864365	-0.5497678166410668	0.8471048046884949	-0.7324748508502372	0.23224310166906076	0.20120187852923677	-0.15486110136140183	-0.020106428091707186	1.5170407837270972	0.04777870331000544	0.06034696483452591	-0.004821593652639525	0.7958174509381071	0.14123095946539957	-0.34633109366550757	0.24223282722010148	0.0980421234737173	-0.7039526813650615	0.7415123426531259	-1.0736192272050868	0.23090364204423883	0.21146390207127932	-1.1972079749737676	1.6854050516487722	-0.6940113945431362	-0.5624335448416248	-1.4435775749700404	-0.7981654985647401	-0.11529128317740839	0.566935970915836	0.5833083873891509	0.2633114974121695	-0.9711726807457627	-0.3598286728140555	-0.20724806246377103	-0.33465093458909584	-0.4448492180348406	-0.18908762193951312	-0.5721243432850427
DTXSID8042424	10.723556286749231	0.7641526960035202	-15.289805468118963	1.0372261076358373	-0.41858078551922207	-2.036973430096943	0.5623419150512438	6.749970604089935	2.0222914729777166	-4.085207150169876	-0.831569222275157	-2.9928068518612543	3.5017703316643916	2.190804571041708	1.0229213335257046	-1.9075723201010495	-1.9850855287700246	4.8364574434837735	-1.9665922658876205	0.6351986821483993	2.037943566303735	3.6061247042522324	-1.631814797224971	-1.7954855686675384	-2.625609131112728	-0.27884817383746924	1.6837890978256944	-2.78079478030448	0.33396239172216713	2.59810140531386	-0.24748322749012094	1.2045410912575514	0.846280749051061	0.8573941843311721	0.5678473157022245	-0.3324605597636114	0.05510532607017937	0.47477685852605045	-0.0406937393378458	0.4813566734812696	0.08314572670855726	0.24496505600617471	0.03461842793405354	-1.0259315612716329	2.125441360862602	2.600895227648394	1.3604539153348876	-0.35921204029660386	-0.9952227685681747	-0.574856447399807	-0.741658040022929	-0.6478600006141207	-0.2390373987987963	1.9194620083703096	-0.5236388893883589	1.4726286021643227	0.07433880532130505	0.09297105301631894	0.4810841264795165	-1.0001487994520126	-2.77512604596208	-0.42755155396040173	-1.309270817723372	0.6483782665681349	0.390704222291495	1.1364642654344654	0.37926528409075205	-0.5821364158891887	0.08593973807399431	0.67712913371519	-0.9278683626835896	-0.5678072493207977	0.238014060893596	1.1094606826287032	1.078110491113192	0.7862437312272795	1.066664507017583	-1.7189922933461386	0.1991866994784886	-1.565037839855886	-0.09919690203218327	0.0550715862873402	0.9261808652017179	-0.06695436261528462	-0.8643508002424376	0.07568433184885971	0.2485638862871353	0.90712942250205	0.4096625753737268	0.06200923342118334	0.3677594557222973	0.8121850746600431	0.018010395430689045	-0.07863494443159388	-0.3031064611605043	0.24939121962599908	0.9267008852734886	-0.25351540768513564	0.0991208733204473	1.0924893633429587
DTXSID8047264	14.491802301380567	-6.957463649300511	-3.504283298179147	2.5798028687164765	-3.6613104888168473	1.654078972545232	12.559840553335814	-4.283964686043203	-3.356437673500059	1.8898468980370746	-0.798580126632529	2.3369688748397923	3.0375613378670288	-0.45520069345952113	1.1581007968682497	-0.6043604574517601	0.10981902049138646	-2.7273718968489034	0.4287900775489952	-4.3833447373668895	0.3802402035203995	-1.380923211291803	-0.6555473429963021	-1.7499797155798589	-1.0433829039714397	1.9351374767621397	0.9532684650382522	1.5639416422704628	0.14111411292023177	-2.0930035273463448	-1.9224915752468719	0.14334528502977398	-1.4138916121615426	-0.5117642841407094	0.4430166367876448	0.010530471885808211	-0.23367744834784943	1.9844541684959842	0.19182689370100645	1.4719441294766786	-0.20464739388969014	0.627510503925481	-0.6361411298310417	0.9047808568687047	1.867160810611976	-1.5354143189617118	0.041886510603337326	-0.6430378626383879	0.5380738555375288	0.4857846588474973	1.2048107834172217	0.3608051894406186	-0.45693870630809846	-0.03417510434207336	-0.9181386217479419	2.257616025897378	-1.3324480997545738	0.20619844026632253	-0.2654978825118755	-0.7241798667288681	-0.6169444429505144	-0.26558675174274815	1.3488723386252643	0.7165624690386403	-0.39918919165048183	1.4808445961673073	0.4657326470596962	-0.5695062788023749	-0.5435141452489486	-0.04535289268517256	-0.6361296292621991	1.0420250970803355	-0.10223360030590499	-0.3334067597913058	-0.5832589154459096	0.45226640264094364	0.05340992619648165	-1.729371779067379	-0.1057497610867363	0.9334974764855956	-0.16950791523072362	-0.37857999583925706	0.43356193911410207	0.8563069628600655	-0.19381980924932193	-0.2877752605792383	0.4346225463520038	0.2715332446493246	0.08244060083106795	-1.016710137485574	-0.18894648146323098	-0.48019406641577844	0.5109756884018264	0.7462569394321952	-0.9058595328095127	0.4329229950499753	-0.7074558844949892	0.37797430421297756	0.5155956490825879	-0.28038743870312666
DTXSID8047341	23.875095213918875	-3.100660475399117	0.8791794542888682	0.9052025677589945	1.560568767537887	2.616416254765486	4.037120923877328	1.9345896132065303	4.688359584340441	-1.6562370316176112	1.8286360255130598	4.754547409877068	0.10083996534049768	-1.274229521398231	0.24210055561704805	1.334236913295648	0.8706374038224298	0.8798262618564999	1.0258718314844735	0.04868263383087385	1.5223994416083901	-0.8422154164786287	1.5305725258957252	1.0675881059316925	1.1715390020169856	-0.6514002576554181	0.8157691299432497	0.6371518233804012	-0.8492198847599775	-0.5844471280347902	1.7039707259320531	-2.118641929433961	-0.8910124541019174	0.5088625859792969	0.46654324720501905	0.025073804655350994	-0.782175694483019	0.27394900505162567	-1.4956643669534264	-2.074033387973499	-1.4372019217032213	1.0502898935563403	1.2802758412987065	0.06758041268034275	-0.6100800857656554	0.28732208099817647	-0.6969313691825446	-1.4608559692533554	-1.7486709316221445	0.025291710707237115	0.7453417923114999	-0.2674088885044125	-0.7144839510141331	0.4097098412933235	0.7573167543865711	0.4742042585159686	0.557352875648735	0.7291608150494979	0.33039226869039706	-0.28996522849985246	-0.37340603368946623	-0.2627353100638838	1.2722488010035422	0.5493653876323855	-0.5672475765898495	0.04764861324181502	-0.6196179301376395	-0.1321435019719662	0.8386030025568071	0.3109023407379869	0.5255881417458839	0.2080298598845749	0.6063211959118474	-0.08220842717213181	0.5345277488005811	-0.03940885912260472	0.2588479534143837	0.6190452754506194	0.24152156032936284	-0.10394711349017156	-0.148871692648894	-0.729778113066345	0.31891323777715314	1.6683889286936688	0.13838344744992703	-0.8867258128605162	-0.3172174942340741	1.8261047568082067	1.0087547714282041	-0.7219624805588974	-0.4472162867190307	0.1662923595996563	-0.22778117915899787	1.2162884142335295	-0.31265937825767637	-0.8785499936351568	-0.05006904773011116	-0.13529017330119764	-0.7217495158605988	-0.24731819398731866
DTXSID8047391	16.26505523816133	-4.742381467243378	-11.98024616402922	4.952384861520521	3.1784335742629195	-0.9784672508136102	3.7911719727151896	5.820722471845256	5.05084569246678	-0.8788227913830076	-1.0807944679551817	-0.13455291079918327	1.7705024873034476	1.519517173437827	-0.769947877498118	1.8458779271366257	-2.6876294810868924	2.267830922552033	-0.3800840258116887	-1.0670562841553384	1.0709574469163716	0.41524465498112967	0.5197126045310618	-2.295731735736312	-0.5203546331359354	0.41106084436618634	2.2130187133191095	-0.7255826735275338	0.8352302683207786	1.055826274696717	-0.047697743663362706	-0.18609401749865329	0.6800148910169731	-0.03645132323153286	0.5622114719341291	0.4856945770901961	-0.6675018265481495	1.0718342399176146	0.1819496514898704	-2.251431248108358	-1.8619956516177112	0.6596439296802885	1.7236367893357063	0.08978286410914331	-0.17525868364746006	-0.437521124242028	2.192807410943466	1.0070107429687738	1.0149454297427571	-0.07065136977917093	-0.36954455871915143	-0.3685841699623594	0.18301784860757625	-1.1177384236969592	0.1375418169837682	0.6992889110146516	-0.7029484560042762	0.28417374952773616	-0.5147454455139839	0.6072680000793129	0.14156618963091278	0.32584468490381785	-1.408386512143996	-0.027726420922162594	-0.6829569866015425	-0.6368025018484049	0.4410359707290752	-0.9851238640483746	-0.07328971925706214	0.03414204176618915	-0.4891492061195724	-0.051012443120108185	-0.23997057548056855	0.7296766588492265	-0.4243316434627307	-0.42184811000056155	-0.42904389011375127	-0.6215079550775291	-0.08329532139604628	-0.270903779785586	-0.30589949329978733	0.7013395356446666	-0.1773682952675165	0.06640495276112726	0.0707761315860686	-0.2677550958644935	0.5002026866699212	-0.06673695492376697	-0.6619698491447289	0.6422582120139922	0.2295914624778064	0.3854175249549294	-0.7571929554043649	0.783455941608709	0.4635412505598729	-0.43863880809908007	-1.0842697743839778	1.1040913367883367	-0.04225819922837231	-0.03813116474499071
DTXSID8048521	22.192615087054584	-3.321012323289495	5.207758343670244	6.811029258868539	-0.8283182988387745	1.3854066246479495	5.884127152916853	5.313872088508866	2.7649332375661233	-3.7936200957490733	1.9786365614679264	4.078463491890535	0.05082186458579547	-0.6354944649644867	0.7759070909747623	0.24152034003795464	-0.02054868975823038	1.5377943357289636	-0.82627556304954	1.556442150348321	-1.3631734129591473	-2.0754924648606767	0.019545564977267997	0.2732542976966548	1.056429161074378	-0.9525376220146753	0.19818095531096205	2.380181878374235	1.4015948607106317	0.7934289422313895	0.06624593768339367	-2.4356219264296217	-1.2408260823507369	2.1523950701792223	-1.1861140534760395	-0.49818889914872627	1.0571756075235086	0.18615682192952734	-1.4298673940067599	-0.4763163755161921	-0.7648171320307737	-0.9236978271622269	0.7099209591532263	-0.7838690682275402	-0.28025190376680104	0.7156419830053014	-1.2235604360701187	-0.19215755247703534	0.16792093044260176	-0.4399952887719511	0.2886442129374183	-0.6932228094850925	0.8406595930898833	0.574393838685257	1.0298954788401704	0.8335735303309102	-0.7142892430521917	0.5561764767458502	-0.22953646840189695	-0.31211249160264465	0.8415207787063149	1.001525955426656	0.4618639830285864	-0.04928617971235549	-0.9550012673474538	-0.3202441391326094	-0.6238762463053368	0.2698859067570189	0.34364892023560767	0.42271802297817473	-0.5795366404084862	0.6946068627614322	-0.05950977931855393	-0.6888981707123631	-0.07353142270893118	0.013802077440326336	-0.3933729035592744	0.5576065011183509	0.8720366780795489	0.5587681106444609	-0.24745993607866007	0.3499125412124883	-0.1785215346789045	1.9130375441421053	-0.21239277158995468	0.45198650413067193	0.7539924077370885	-0.0848251301291996	0.3674880700019149	1.0394493297615959	-0.4583148281390126	-0.15913918251714007	0.11992140820578184	0.18497919382917075	0.04518331417162224	-0.49250432242498565	0.12006096237806135	-0.5097837790359365	-0.4083707422535934	-0.6088943344441168
DTXSID9020792	-10.491577532347339	5.130597800388592	-5.521901014728227	11.650556911244486	5.102591821130076	7.507505092333027	-1.9540650596270819	-2.565726951143946	-0.8825337293751122	-3.148567518825121	-4.560092479882543	-0.7154567948732549	-0.6281088487265861	-0.27988652635125744	-0.45594427100891355	-1.761271143497544	-1.2317627757154963	-0.9907143810642017	1.377978413041323	0.4658045441384188	2.478804133264712	-2.22015952128503	-0.7417704110035267	-1.420697980784805	-0.07703581217641746	-0.8354523619001006	-2.0112196880543416	-2.5384876131221903	-2.677362636939606	-1.7787826852698962	-1.7497177118606806	-0.8663474011747696	0.7197634653136392	0.17947902880749084	2.271228202633633	-1.4799208436849596	-0.19128348548322605	0.7762678237544922	-0.5983758766336654	-0.9713332378534463	2.9745325707129715	-1.6897976411305602	0.370156922816988	-1.4877958122680481	1.7584194237304422	0.05386979505172252	-0.9759988512995835	0.8587195735364821	-0.2142352414342612	0.31499011598928267	1.047769637190457	0.38468575486576634	1.031407382439679	0.6710186757375124	1.4035122898985122	0.21169249205949062	0.2813221225925937	0.9383440967243868	1.793679035408599	-1.7023269358234114	0.4776585190607868	1.2307956407945848	-0.37124590862689677	0.17437528880767592	-1.2496208053757036	-0.4198847082424266	0.0869505587255235	1.3522220310789144	-1.1836966833835798	-0.9949122880503295	-1.0491007596889694	-0.03341049243794432	-0.3463115561118598	-0.18118800426899606	-0.012643946110260932	0.6695885955774213	-0.021835533442397317	-0.20559781204619879	-0.7248831431952435	1.0403274620385554	-0.43249266303264955	-0.7981773506887186	-0.6272291463141249	0.4373407227262783	0.8697193898448248	0.6447833111900059	0.8691402535144084	-0.33641775355521636	0.19231926219396347	0.43868705193953916	-0.15826875230461548	-1.383475486431696	-0.3021594190069866	-0.5172343868294312	-0.3159903033527987	0.6102757642928949	0.35909830877138066	0.15700476808996813	-0.3052533826746335	0.04632629268645742
DTXSID9021138	-11.115519357719196	-9.37434633888774	-9.836005972779533	-2.449014890011999	-0.12394267133075507	3.962878122109869	4.981018890646462	9.890299535639533	4.884937512449045	4.667105026087695	0.8472304295911952	-4.023504362844789	-7.140638406497696	-3.1310729202908263	0.31090823178701266	-3.8101976722100463	-1.1518823378591787	1.3554174543350244	-1.7175967375403274	-2.1611244028825545	3.2216206929286972	1.0616511662266488	-1.830159530275739	-2.821198353439141	-3.1401126417516396	-1.6267205195959087	1.321536448652255	-1.459660519631135	0.5426845529980802	-1.1014560280586168	0.36167842931504673	0.37880367914863183	1.3237797087734402	-0.20171877710557606	-2.459830707339376	-0.45222928909770715	1.7154885166413458	-0.518860123746979	-0.25376537628322965	-0.3101315246940157	-0.5152678187559847	-1.2111143910658448	-1.2856005934836523	0.6178012504711763	0.5756024907172557	-1.3279788242396084	-0.1309479638830956	0.16058239784177117	-0.9380884587794063	1.4420466981665088	-0.8994005006431367	1.679613878069674	0.008022569630438077	-0.050826707644596215	-0.22983361695817664	-0.25940807599543186	-0.944674317181356	0.2440127903769699	0.9389244151687726	0.4788665592336899	0.0435503050556524	-0.1170530604853957	0.10488474802635492	0.7298226815034039	-0.40568973440912615	-0.6215136312533449	-1.286619192797156	0.7949702670386252	0.017702303322677783	0.7593349765412992	-0.5490542843670735	0.6024045722672133	0.05072660945647457	0.465347211072638	-0.8492241246091434	0.3058553045888737	-0.7382210989754324	-0.3012671767755057	0.9027857177302818	-0.18690899355134846	0.6349693929664509	-0.5922261779598728	-0.7191405499052183	-0.8959805110964086	1.0651071108410763	0.32603065705537665	-0.34607266457331193	0.7203339912241026	0.8736063839144976	0.3867282287692396	0.13898702923923903	-0.463226195885296	0.07034206727307385	-0.47292991502665066	0.10349282888994596	0.012970920434399494	0.6372787970456117	1.1937684835224316	0.030697343837297428	-0.3782525424483019
DTXSID9022360	-3.430382045754599	-10.221418479148285	8.305130773838282	5.342116633476816	-0.6437733270941484	-3.180148117681841	-4.1934281862393075	-7.2830149095925645	-5.60609822212378	8.516909158926033	2.391544478493295	-3.7152959060971895	7.983020583116346	0.11797032857149424	4.513221232503931	3.267507225894985	-0.12718847875420575	4.780681549183138	4.547553354289914	0.2068118365369137	-0.4843394247740341	-0.3853415269096162	-2.1338563446475716	0.14103323620736624	-1.6931399652766976	0.8321919578677929	-1.0364010445401295	-0.25700844386250754	1.1770220808581457	0.5458644379808045	-0.10762916973250942	1.3662346598707926	0.6000699503167856	0.5160572501371055	0.8781927030832964	0.574891710365839	2.7640342729951235	0.15842888583204862	0.17565537441866044	0.4533390666038011	-1.410265529947889	-0.9012541119698975	-0.8788823745778622	-0.4078000967893516	1.4500950691476155	-0.030470978484221967	0.19512367448092152	-1.3553690461800407	0.4855409240640112	-0.33775262801546185	-1.3794383798604892	-0.7509574531592212	0.5797237256873192	-0.7379689470835159	0.20541890375613722	-0.32923249065958926	2.2398357208890562	-0.9691919615896694	-0.6348713233073924	-1.0282837344212015	-1.3434855702345692	-0.30890123501019334	-0.9345195958149695	-0.0779055435699949	0.34928661598647215	0.4305129601761914	0.298153710709512	-1.3147550799336203	0.8912647047161436	-0.6324523755415863	0.16251623721340336	0.7216534630945615	-0.02251256991436225	-0.230626083298948	-0.6621603856456406	0.007757538359827949	-0.1019386439835361	-0.29116161600819296	-0.4290252580772644	0.47811911156449544	-0.17110707809739334	-0.49843801633314083	-0.2660346532165457	-0.6696956240257429	0.22659696010981073	-1.4618538004684178	-0.6709585466263093	-1.461452110283754	0.4162026004413805	0.4246662069639815	0.4015499283033176	0.5958687801644895	-0.557000087823996	-0.6020442333199558	-0.37545872255900187	0.2803987183931255	0.6610826795168014	-0.586545729661658	-0.6369083127892429	0.0022084698775569154
DTXSID9022312	-5.628011914442966	-14.158622000152292	6.6094750329128305	5.02741444847835	-8.599584511501543	-7.600674328183552	-1.18825632511	-7.6916323079072315	-0.43390588154686627	2.7086024283826173	-4.799626075300484	-1.1735032003268508	2.1149832942124602	2.674104402807304	2.8880566387821753	-1.1164054439690816	-1.4273038360286894	1.9179879568649358	1.2155826056451222	0.33942215277133914	0.8127288091419226	0.2555228820047694	0.6563296725748902	0.5787933312797077	-0.7819405492800084	-1.5261163944182465	-3.276929904255449	-0.03866347890333779	-2.7083393935708946	0.7363058956479819	1.2998120131835802	-0.1255528095144087	0.9615916021922996	-1.7404257817780842	1.5312437360278819	-0.25175257923267796	0.8791761050286774	0.9721677988262262	0.9819610859475005	0.1418231245232456	-0.7179660543044994	0.29688512860235206	-1.0839509315080644	0.19585790635955289	0.934625660162518	0.43461392214283245	-0.13547294092833476	-0.8603266830755024	0.8505909648702894	0.04520792191823013	0.37622772816639943	0.9050322859382665	0.6682955226889562	-0.193110934681444	-1.6082791857495304	0.5554656637113473	0.6838195351704958	-0.8915937995821757	-0.13444643922519015	-1.1438960428842952	-0.5953719450027628	0.47076639636526485	-0.7150323426132182	0.44893538255702126	-0.1586191218679376	-0.7258873560441951	-1.2178341041102552	-1.2678546340428183	1.296707423794948	-1.485678442507526	1.3997792516002123	-1.3741717902190456	0.18335802921233538	0.40108801612597494	0.5926926195582305	0.808083865687369	0.535800800789399	-0.42874332914814256	0.12514747349535882	0.3570335226359048	1.0728153188247964	0.35488664371679407	0.2730011066653212	1.2468672366555418	-1.5489496352553667	0.2961936651875233	-1.0512920275766207	-0.35861632497453966	0.6963708650330898	0.43297073519815743	-0.3112846222459614	0.8174574588496499	-0.9517261621887347	0.4442589183389805	0.1275481368766529	0.4761239432213701	0.1392525598429274	-0.5712349996340546	-0.2722810164392191	-0.02103746254243858
DTXSID9022100	-9.925763630908985	-14.516130659644851	-3.5616803695566146	4.951226230837321	-5.398358864553392	-1.2497907545218165	1.1825790112537655	-7.3892514025525955	-3.013303281406232	3.054618454979896	-1.4901395464036946	-1.7194223461318006	-0.7578256338631839	3.2998707068168267	3.5890977848263184	-1.9347896312014419	-1.2096632566600012	0.9994398174678824	0.49452658261138477	1.666788489526276	0.8733159823584719	-0.9662386464183658	-0.11393708322851845	0.9168270132866856	-1.2477561038877354	-2.149378245700981	-0.5217107699805432	-0.4941532171743933	-1.1820121044773555	0.016690964218366564	0.3760842549274445	0.7417553191065885	-0.7237513907145068	-1.5827326429582302	1.8509121521646361	-0.2094479669353381	1.7560820900053362	-0.058960196177414666	0.17203531705783254	-0.44352559873960445	-0.8364475246811818	0.4956235092909495	0.25660594137084985	-0.8423416119390343	2.1133028741599458	-0.43745830913059586	0.015552909339765011	0.7007317094998642	1.9519157746721474	-0.6253033041614674	0.31901620494174515	1.2589777120565553	0.5047885651089261	0.7688263449168252	0.5169772360784749	0.5489979726444216	-0.056126503244813095	-0.8587284845309623	0.5871666560046409	-0.200351771722493	-0.3037582057011332	-0.33965831784560324	-0.5129799485628127	0.27899459632541823	-0.4255290759514852	-0.37423414342040906	-0.030578575149312552	0.6159662117109954	0.893144037147122	-2.0523017741611005	1.5576377258652927	-0.27015361385746595	-1.5676882392923264	0.35122599438496516	-1.2701904663575077	0.6833787043132282	-1.198765354642952	-0.8079204183607689	0.2222767324937831	0.22074153893387202	-1.0208157179475732	-0.3636879319092964	0.16834413079320557	0.09624708299121089	-0.5381722286191831	0.03720678648722132	0.3278608521844474	0.25151521585742587	0.5508778309599982	-1.274353695132895	0.1395724427709441	-0.05896002074483971	0.16219158718800353	0.27112622648549284	0.38429598434420514	0.4770973236451261	0.2050343105684711	1.0454414471192335	0.5682054648410253	-0.045097658845052756
DTXSID9022607	8.071644550424502	-4.33485603472071	-5.884412267416168	-2.764376630039558	6.618631609846687	1.7638849784204398	0.3977943157275233	10.581241006857343	0.8278569587893684	8.463186209948661	4.263357081225136	1.4562993468655951	5.376045683978983	-2.771163015053114	0.21426019449707043	0.8237299744088356	0.8260838311983535	-2.592725028260116	0.4698900507002408	-1.0531896120899655	-0.07247436626429189	0.948911285754589	-0.6428901835308454	4.04231642238818	-0.3442204746909669	1.284272421686722	1.9027924809801604	-3.278496944705973	-2.0576404791846405	1.1576414841464584	-1.596066104008503	1.8115170034523456	1.4128009669427766	0.10177680558094997	-1.9263095997538193	-3.57893220715627	0.8854859804400959	1.915447002766884	1.5153207820465089	-1.5883750407260777	1.0112408505637573	-0.19770603879319398	1.964646650806996	0.21978084711681786	1.7715894300245871	0.9623103646856103	-0.5207491217685827	2.505450937024295	1.2303211368841753	-0.8425953772869843	0.16544192879094025	0.6599837363303869	-0.9200148791770184	-0.370475803114784	-0.2099343565170175	1.6082387343151405	0.8200722687895138	-0.8307241286839147	0.5355315741895998	-0.5227359875668899	-1.4381869676962926	-0.14860997523851416	-0.9980105706833725	0.05902959448214329	1.9477868317642688	0.20535647126041456	0.045364054416049494	-0.05069492449307806	-1.5679591696550184	0.5279816861375283	-0.2355372512022852	0.47249400812818054	-1.4273695654702294	-0.1019257080962224	-0.001852505126647617	0.7081763468128286	-0.5054950045935498	-0.24141713243034515	1.135027191875761	0.6563735782118391	-1.0316965239229794	-0.2573880110844861	0.41622394252766715	-0.6428412386706761	-0.9201565903023504	-1.8764016065825206	0.755258445128191	-1.7197684263598916	-1.216343518874503	-0.5440327670515219	-1.0935936783474625	-0.1629933741547752	-1.2098889340790184	0.04637044697974549	-0.8031315115371581	0.36379636764924456	-0.6796362232321029	0.05308614393061074	0.8287261909918031	-0.034107010650290225
DTXSID9024431	-12.302733520702503	1.2852671015778092	-3.0249575002002924	-4.822641440888509	12.56184539452298	-0.8202606159912644	-3.249731153639549	3.5205043141892305	-0.5246091746422068	3.4354230066703972	3.3384851319541164	0.11944589616192011	3.4227859529805276	1.2942377780241732	3.3273962014252403	1.724375932970559	0.9078633590689938	1.723953769610524	2.139873754139103	2.054402959104971	-0.3840821725606435	-1.5464143333417248	-2.279901168381998	0.7361636995139623	0.03661742648547366	1.2829223745380107	-0.29695126672303457	2.669616200953775	0.6947835211578446	-1.1607110905239806	0.45206171090630515	1.594602343991605	-0.9285603903174748	0.6417194583126704	-0.49707544315245716	1.2698690231375713	0.7519318494616186	1.1390390852760135	-0.3014547770225029	-1.0725550917381848	1.2383975232481899	0.346874765330075	0.9361651383372802	0.85928870001888	1.057649145094846	-1.8270704289207922	0.04993904496883868	0.5644914266084105	-0.4498359596168824	-0.7117838461862366	0.11850389314365913	-1.2782408447894875	0.275610082696438	-0.21461003387454194	-1.8023245357713469	-1.375090625516564	0.3747647036005528	0.34471678423343954	0.13202751786764752	1.5054697155614354	-0.4154365459895357	-0.8580331970111367	-0.6686039046999726	-0.2593540433133871	1.0738916243882992	0.33430079439398497	-0.348366778231206	0.04931478195777917	0.07008775617293016	0.044212904734751785	0.1961479646570642	0.22323898721076144	-1.1974700029890983	-0.9344903290711422	-1.1648191758962358	0.41504778894429234	0.009915496582643749	1.387749971761558	0.09052971477153704	0.4526412925117876	-1.4367103167630737	-0.5553041679401459	-0.3170230686807386	0.5213376070518678	-1.1963199850384263	-0.06004459014082085	-0.845491614165606	-1.1825937294675042	-0.6495376131769779	-1.0825545228447906	-1.702704525603423	-0.6660887705152918	-0.5220592707267355	0.8150114776330769	0.02938361168714159	0.8548355688103705	0.9781016976157745	-0.25724568548861515	-0.3213464115244688	-0.634194111189171
DTXSID9025110	5.453693559214848	0.7584509486830174	16.49901301910981	-1.6076757683809657	2.75470910819514	-6.008732707699916	-3.0750179650972855	-2.2908975783447234	-1.4856373829609368	6.060113852817495	5.8358993886050206	-6.95303428291804	6.0510806906956605	-1.7282372487057494	-1.003488635921272	4.1679254636165854	4.223670953057374	2.244824028854395	0.3502063785595217	0.29031483595635715	0.24539021380757237	-2.046572841478624	-2.9482876520056074	0.7917674368541717	-6.265631293525135	2.6700984054167316	1.1988871619702945	0.21958645889619174	3.0183345869455738	-2.9148804600609726	-0.5151297801122123	1.43557739285912	-3.1080565826347346	1.5741882064861163	-0.9831644634244882	-0.2508348711398461	1.6280849494659695	2.781850773958745	-0.7379268941682635	1.6673581941478077	-0.5776695456764066	0.41962574797149654	0.3814603027208365	0.05333214790268802	1.6276099882039694	-0.5722378313468546	0.9804484095530395	-0.43208410034941325	0.5694013233044435	1.0667375138664843	-0.21733159939220947	0.018741170561592753	-3.0611177049239964	0.08536542363694945	-0.5440363196179263	-1.854297065605555	1.5355599356841219	1.0755948627721377	-1.6056018078731156	-0.8488687824592088	-0.5879379635803949	1.3130110817993066	1.7238212972074016	-1.0007420143257226	0.68620018955054	0.7470233839165867	-1.53278218271879	-0.47875845687799834	-0.8436077730157592	0.5232574544515113	0.528215785091373	-0.6621362061192329	-1.6111434783161245	0.004067298702117562	1.1387237971588138	-0.5839956599652517	-0.6117808375247029	-0.5139431907634022	-0.9855777810113866	-0.5876516745837569	0.3227328003616097	0.46235708283655713	-0.9708436356422107	-0.722382097380023	0.055864976415521385	-1.1317764346535406	-0.41287255801224304	-0.5672046017480759	-0.4876618639284711	1.7836244767062603	0.9273320553317289	0.520537013344995	0.37358097823227954	-0.02648974590953973	-1.2649382327171088	-1.2365408211742102	0.2657570019083783	-0.61848319700921	0.510699006288397	-0.043281642171995226
DTXSID9026132	-0.3410935911119055	6.459625101259054	-7.252751401367528	11.242298572209402	10.208571160227844	3.851622105282909	-2.052066400747167	5.322014739853712	2.5230652512042115	-4.274089904808093	-3.5454724248486635	-2.9520251011114818	-1.8798014186291736	1.5484387150750436	-3.622734529181451	0.37097434567315973	-1.8095379631900532	-0.9096414419947252	0.8282427838227392	-1.425935292361909	0.683175963443742	-3.255218439544863	1.467030930152612	1.318031873164394	-0.3642227990265336	-1.9389379135444431	-0.10128781953917566	-0.6601382169320956	-2.076879797885076	0.9925308447495961	-0.4574793317603553	-0.5740270766541379	0.12071917417414424	0.8825710528192835	0.7861508723179713	1.6101874912039773	-0.695838574613381	0.920542231327202	-1.392050148684179	-1.199536255046918	0.6188346390111256	0.7825210341583371	-0.6745438723462261	-1.1096345105166763	2.027975963900433	0.3794154585147309	0.8891314695889417	1.7560649677248725	0.48616606557900705	-0.28849936737604104	-0.31142601147040566	-1.2103432650749346	1.3080190920984085	0.25991278479617835	0.2005742684120819	0.7942451804604944	1.1425345749678388	-1.0447580728161332	0.6480805104030127	-3.258059075156118	-0.4611693243839853	-0.9175937876133655	-0.7960372758523446	0.8655181332655058	1.1197535346355085	0.2772131150242429	-0.5746041860957594	-0.6519942819636204	-0.8554342303303242	-0.5523561724270503	-0.40525635757428985	-0.9600749599842268	-0.2520705261406311	1.2363951446762393	1.100811475884103	1.5522585597536522	-0.09437130391099775	-0.10221913930998286	0.42620613976594196	0.5429366967115927	1.201192131522692	0.07070492885480958	0.6056364715252586	0.05092976818292069	0.08289964483111795	0.19281585105460897	-0.13785075689106072	0.19499344949437936	-0.12615001414674304	1.6071665491880656	1.179803708753077	-0.3312403849958335	-1.3742658430006551	-0.9359722312661369	0.033469154101445346	0.55955755989396	-1.1228121907934443	1.5076098727132705	-1.4299731068545243	0.5000590702816587
DTXSID9026500	-4.088060384311758	-12.322162321071168	8.902083995105315	6.2432682896920735	4.114818311590034	-1.1205586304465458	-11.584387655229392	-2.5319680701588374	-0.07307597148411409	5.072770281262057	4.6644164563750525	-2.0402301309990545	4.418457368943775	-1.659336552773866	3.1734563937555897	4.633290703211422	-1.6204302223343516	-0.003842139567327854	-0.5212913296119172	1.5147206897870371	0.41931655306744425	0.6233419102716254	-0.28279245100425077	-1.8707256749069212	-1.4957444349716873	0.024366941623673928	-1.9627421524344135	-0.3173632943376955	0.21636499610890247	-0.8405450263995773	-0.6003650117209033	1.1829804410070937	-1.4184319475035083	0.39164704316153787	0.17939056798538386	-0.22247397630152527	0.9851219282490892	-0.6597895764008601	-1.3443985181680886	1.7442565083755504	-0.7790885218772079	0.23294731375441785	-0.07820113745274247	-0.8587264993228179	0.06076467345258643	-0.2917218310904103	-0.07047590390691073	1.4823926990911527	-0.13397130092687662	-0.15535947503349662	-0.016406550312585293	-0.186965581670012	-1.5634193395057898	0.21058053958417747	-0.3860340679107794	0.30155902486917724	-1.0811139189844496	0.5204842698353471	1.2625182115758586	-0.15976042530808235	-0.22334147335245846	1.1169448326171203	0.022082774376150513	0.3874866735096952	-0.2740569556702065	-0.15113098324568958	0.7729748592557558	-1.2751538750516094	-0.18646922944552044	0.0924933796173408	-0.9489377426691292	-0.10590341588985064	-0.362057628080503	0.26895807052542053	-0.7079835139558188	-0.24285531886552672	0.335671735303379	0.13197717300952	0.5973254241913284	-0.0608776310849359	0.6343727535142769	0.34194272200474773	-0.6336328683615163	-0.20117724947981805	-1.003792593109261	0.584925913980933	-0.3201893812150211	-0.6233526570679022	0.706685268615721	0.916816059602981	0.4169412612032683	0.556799165311173	-0.9711267545231406	0.24130398294988678	-0.4887655200573222	-0.33415805933378945	0.570758828560197	-0.5832506615066673	0.720639214312892	-0.4718630076048866
DTXSID9026974	-0.5247935268877378	-10.22377620398367	12.22121228567617	5.032018674847775	0.8255628165496904	-2.0767326342399715	-4.5630829377791535	-5.712491405419684	-5.5570418165016005	8.841404731816603	1.8145187551724329	-4.1623087418769344	8.868679846043694	-0.3080537994316149	2.531561034643323	2.6596406245790023	0.7965894689162786	4.4549104074454	1.8918891888912444	0.10070624450143795	-1.2657414440608477	-0.8867983362669679	-1.5057155631709427	-0.302206295655106	-3.7346683568641925	0.7572585412504611	-1.2776981984721547	1.2849989024685322	1.2096261132423436	0.030705495535453528	0.9255840684843369	2.141788955527246	0.24984467657142595	0.4821813210818195	1.572726298660726	0.12207340190052837	1.829706820805541	0.4459536362116483	-1.041235215795322	0.3753641605930288	-1.1412640161858751	-1.7440777603780335	-1.2383324776136146	0.11371705147707954	1.0531096709664964	-0.6012820308763042	1.049672776684641	-1.4692717780097062	-0.11500346311993899	-0.2045904266860385	-1.738698246326377	-1.2692979313929031	-0.272789027921149	-0.5334845035504102	0.13229681991691625	-1.3534633617242184	0.8864370219571951	0.030254749298169317	-0.6946631172392599	-1.5127797996609242	-0.6769657310039396	-0.03624793661904831	0.5128170200411217	-0.6538133021674767	-0.23707675837828937	1.1414017832019063	-0.013156438627606284	-0.49143045995268575	0.2646766331441391	-1.0999688229151774	0.3291091147652105	0.9423949138515862	-0.7798124678623757	1.319122111061378	-1.1924994161081408	-0.10772527519799333	0.023365063477819567	-0.5618896103308945	-0.32671245475339433	-0.664006275268458	-0.3633068712373664	-0.12445650352498563	0.16086736144490318	0.09214089497382641	0.2758286442180435	-1.088996817206485	0.3643776220560556	-0.6644272538444078	0.25597962752724646	0.17529775753238327	-0.15079910793819054	0.4053382819671886	-0.6614933216599672	-0.20839489150776572	-0.7347752221094457	0.1143834985925782	0.008365484615470768	-0.001479953613197825	0.2337829142366796	-1.1162687247637948
DTXSID9027522	9.807012534029168	-11.76162586780354	-3.855650568063247	0.8375390291482363	-2.8757849997535265	-4.224916214076638	5.325825452704921	-2.150339765521231	-5.513196601344401	5.0066589969531154	-0.43228799743815166	0.24138014135844468	6.487824804323975	-0.9329421745409493	3.147142690269778	-0.266725390933581	0.3208919386388158	-1.8118833130181948	3.6217457694850426	-3.087960249085251	-2.4977268741241576	2.1194526891882517	-1.3947603310582881	-0.4588678346109341	1.7413611511751208	1.5417888119448733	-0.7796919478962546	-0.7979776753633147	0.48639169618720385	-3.2901504507484294	0.003748204217346015	-0.8178198517722212	1.3211063127316571	-0.6820249453171274	-1.0341556177251132	-0.46098985738113596	1.141614880501155	1.6748833721792877	1.0532824986187908	-0.4456720565952396	0.8841604571406374	-1.3148317402686511	-0.23398408721548708	-0.929845082962105	0.9277252590648195	-0.48040992776455876	-1.09547858459801	1.3077828703553236	0.19721687751308015	1.4729512733892254	-0.5240900073612206	-0.24569839507669416	1.344207161769066	0.827855618149421	-0.05389052080922801	-1.513143571062435	0.29213802758907403	-0.8653479778039295	-0.6321423984200355	-1.1000530010960463	-0.36531259720846654	-0.855885874181473	-0.923668576324447	-0.31458882335200106	0.34339437825269936	0.18550420286285385	-0.14152898996039204	-0.28364724620018106	-0.32238826689395567	-0.4657045063490584	1.5023615995076367	-0.9704789397814864	-0.45103818273210317	0.8088693951067248	-0.8546861186940049	0.9837262077454471	-0.639082375700705	-0.23718880753841834	-1.0164144494223097	-0.4422462203609498	0.20271542949920004	0.43427726968782493	0.7890706432380515	0.3523230883185786	-0.026273565825130456	-1.916464974831955	0.47777342382758475	-1.5539044106040856	-0.2070304493141243	-0.8226174761315411	0.1955388944471635	0.7227147558553395	-0.6371298266012566	-0.019956720408262518	0.10045671546077489	-0.7039277495111826	-0.3988900772045789	0.061339266069890715	-0.8890573671004663	-1.0111194074372971
DTXSID9032113	10.131094111891802	-6.256114102392033	-2.363794870466757	-2.451319630975932	3.511809514406516	-0.9203910835405896	1.133385461053449	-3.930398247274952	-3.7160864465706798	7.378279953772446	2.3661721640061484	1.870033094012329	8.40004000498245	-0.8161943038989096	0.4867515082593535	1.1322094315729718	-0.4071604553215188	-1.1950182311558293	0.1283026045080122	-0.7302622830953253	0.495704820665878	-0.6950110688065194	-3.4953074727645026	-0.1990869261334977	-0.44505113109493744	0.5247590851757279	-0.4147589588448209	-2.7328593423782404	-0.9472641287457952	-2.4096628628179717	-1.483373447652815	-0.995326483146442	-0.07545346353613513	1.556848489098604	-0.056340506447404	-0.9345898506541194	-1.74044235459216	-1.355861115771684	0.4126440022318009	-1.7746899713892046	-0.28025643370908504	-0.16644997365483882	-1.113425582005238	0.12445572688398364	2.440858992158512	-1.1265283521485836	-2.3976061174852203	-0.4822047989633833	0.741631438336937	-0.05201205644044944	-1.9661771752267034	0.1666437116609309	-0.40949707790845197	-0.20663883867243993	0.7818182246355213	-0.5423077855122957	-0.36863493734852615	-0.6534661193259832	-0.1264387163732016	-0.7693646298560534	-0.15465750684253962	-0.15791504555945196	-0.8722927826613814	0.27607071506465386	0.0257379139692022	0.37081342885315016	-1.247981035087355	0.2516570181910997	-1.1239283843923475	-1.6767505013426376	0.18884148393484904	0.18932986300531993	-0.33565478253627445	0.8635819012615007	-2.4055493056883464	1.8363733016689943	-0.9547653683918035	0.3016415623797946	0.5514649200311607	-0.05531433327577009	-0.09341843112624672	-2.7731807118070817	-0.9286180019844189	-0.3550753759059412	-1.3660533570863236	-0.6849948495461324	-0.5433787573436135	-1.2078496905005767	0.9242761239458235	0.4263408111312019	-1.4870907698434648	0.9722986249815226	-0.5016509166702211	0.9998588518802254	-2.550085164796534	-0.46137773448211067	-0.4661758878567496	-0.2588514726673363	1.1319758773771649	-0.8813374622153477
DTXSID9032531	11.62800367616903	-6.025132808266564	-1.8391560808641119	-15.35667441903517	4.809574666272244	3.0803961085218083	3.7387237299007268	-3.896677604839868	-0.3175670775339206	2.066982155602303	-2.5754130643573516	3.6770020266595065	2.8205629730319037	-2.0674022906755773	1.0116539206032276	0.08316958569061837	0.3972769738797638	-2.6332194517603646	2.2117679603970095	-2.6376508329363695	1.0484766714043916	0.9263434387849494	2.132258024709276	-2.1212008245247462	-1.4033265589419213	-0.1405017685368319	1.281369208571605	-3.9247635855098757	-1.0291885432425059	-0.7410346939448417	-1.1066586569746424	-1.1569019502574882	-0.7227337764322638	-1.5744297004442125	0.6925633972465235	-1.4067240518984336	-3.3140685012939715	-0.5537398985566481	0.17614917028661764	2.3456067174117052	-0.9379012925699998	-1.2852905097754546	0.23260976070481593	-0.5526374839721556	1.5394935338642919	0.17189574866442403	-2.7544869526293314	1.9397301689118023	-0.9299565196010388	0.9795499334352537	1.6986646998183121	-0.38638638843909556	-0.8218109150800741	0.5339644066049154	0.7064588694687164	0.22693019942517814	-0.010410074275055123	-1.4593158204197159	-0.10867588767731765	0.22324201826056905	-1.280484887281185	-0.3223777495068601	-1.5207120893081338	1.624866453739212	-1.3387307154105632	0.924671699775367	-0.032793401693674	-1.4142989053760338	-0.3371282708755972	-0.7058820993515039	-0.11280977653987341	0.7769062336785669	0.31515986716313477	-0.6314383949150859	0.941101405039164	1.0316345377489726	0.17119880976120433	0.03591221138343231	0.823750230920355	0.7636225499829713	-0.15570570457425859	-1.4701752859983899	0.9136824112347398	1.1882707285567238	0.05766363936101005	-1.1461155614458214	1.1672505910993263	0.6978855162249984	0.17140521478380097	1.2732192244460583	-0.2920847975025468	-0.26466134927929047	-0.3323294508476542	0.32246471561303097	-1.4263494982537606	0.5724219921252702	0.3492113640603316	-0.33002650103919035	-0.18104233278207166	-0.5375223329916213
DTXSID9032533	11.550188177357814	-0.20986299285114043	-9.588238104938569	-9.84714696716497	2.3290611328237514	1.903845185641722	-1.7609890695765265	-1.9916561886433763	7.330672685434091	7.848162852899321	0.6890508609752833	4.989669384063334	-0.16679069457402204	-0.5214148451550098	-0.5541289004553963	0.04485516429993975	0.3504873896968934	-3.283429525645867	-0.41112636993607216	-1.6633617171688084	-1.618782791650023	2.5298362790051154	-0.40316409573132783	0.2927945087110571	0.6389169156481815	2.8734846852974827	2.430276650911204	-4.031361221667808	-3.496824466341973	-0.9928627359652376	-0.37140890859002335	2.524307104652633	-1.0014868366344287	-0.8653467218832541	-1.0317150369146755	-1.10794046340845	-2.3102031673723253	0.0010768438788200483	0.40668613464180825	0.1851321613409604	-1.7803344160874848	0.9906346253472602	1.6691200421042116	-1.483082991332517	-0.06134827624285527	-0.2625242861046684	1.7017572799747271	2.0160467610741324	2.067906063591596	-0.26600116524457024	1.821292265091298	-0.1187949908716349	1.19718757066299	0.2754407019082703	0.12583742959607444	0.9153796011414597	0.3209866849404721	0.6860887625165761	1.047315965331288	-0.3279645550946486	-2.4263470190058123	-0.6880021275345481	-1.125112559917012	0.07252936633656998	0.5101239604761473	-0.6744391190402351	0.17736925551407134	0.8254145429505159	0.7635885501052336	0.2876232476867661	-0.32842762973737083	-0.7250542802384334	-1.436075115056231	-0.7250583672372825	1.3523627437178418	0.6259906484314312	0.7284216060758599	0.29397606939867127	-0.8713391946970841	-0.23428256722507265	-0.7033764744415282	-0.3095326894928008	-1.0136910750140453	1.470608493839007	0.7495351689448602	0.5855264488800054	0.9610090200949263	-0.976124475160464	0.10392698000550103	0.6851289485855842	-1.2217100784273693	0.8852780873010335	-1.099731194728419	-0.5049813752618205	1.1615112666740994	-1.267943664794751	0.18950923961557065	-0.6122700985121573	-0.767480378154802	0.028456365184097616
DTXSID9032379	17.891779501859176	8.313939763105765	-4.004787849998003	0.11047781169053304	6.829137686577521	-1.411498748545955	-3.715034707211349	-2.8602212052900895	7.924276537413613	4.372349316596215	3.885913996794838	0.14094917324846992	-0.2199874689677916	2.8096176724306536	2.5708625648250854	2.015010458263787	-3.9686043861549747	2.213142940383212	0.8248735601847692	0.09937944834766621	-2.2595954207131568	-0.26117500123073695	1.4846333062028594	0.8033529752199341	0.4458652510688907	0.4697702118346957	0.4680579922217571	-2.5087704388118905	-1.6832971677681412	-2.6431738681610453	2.1920906321236515	1.557357314772651	-0.37995661924996194	-2.5173134992240187	-1.3342974292574095	-0.8018483494561572	0.911874956493708	-0.064604295558594	0.9639654949006757	0.5136271414918201	0.48089925606113754	-0.9785115532468317	0.1396931270089327	1.6697910389027182	-1.0319641589230266	-0.048409485691655645	0.7646381729918623	-0.19195710374564542	0.925895694392608	0.760257432726293	1.5856675130421207	1.3843908936745755	-1.2792783544059139	1.2299031878779676	-0.7700173322500504	0.26552345236038827	-0.2216756709440268	0.5551324402680968	0.14598203795609585	0.6199010217368762	0.3127517107047597	0.564011854043259	-1.7924321570257624	0.5009699598252602	-0.9063583486722895	-0.9468810406778339	-0.5103363360240886	-0.13819361938439706	-0.7421695661491451	2.1840485661918065	-0.3944453844226913	-0.6134736215280242	0.7185574441316457	0.9400190305214223	-0.16514575754220484	0.6592894843642045	0.3857473145768366	0.6037412695412985	-0.7223012806871767	-0.677439951815243	-0.43562622211064606	0.15537643056826198	0.31570086175968803	0.2187305776435667	0.6743917756520746	0.8081047034900108	-1.1967923505363611	0.5291859783152213	1.1775360311827408	0.17814718748682398	-0.09915495416269966	0.41829515012506285	-0.53238654769434	1.0097129372833082	-0.0028363542083755856	0.18782735662138872	-0.33645539619774906	0.8581154410855922	0.296799444756462	-0.18016843594868387
DTXSID9033058	-18.64754263120578	-5.991084964021487	-6.274555646655701	-4.676177014979617	0.925543719661706	4.176810236778921	5.310192396041833	3.3519387798316416	3.1725448094801227	-4.344422469149536	0.6466771931770863	-0.04627932930691603	0.01471468578770103	3.7217156995405767	1.322155125507963	-1.3157892994578908	2.5658568202981327	1.4720734207478592	-2.2971165926123502	0.26041246185084727	-0.33252213861956986	-3.025610139855473	-1.8477408447141461	-0.7651983641777956	-1.5752500009566104	-0.8873965776536616	1.1254781419100284	-0.613260226287764	-0.3177253878871269	-1.2944219016876422	1.8985198033592523	-0.6669745621962958	1.4676158535236157	-0.36736876890546255	-1.0181489246191573	-0.2566317232702213	-1.1839218922985248	-0.14410279101283532	1.769376030835119	-1.6795044137789072	-0.07273473222283981	-0.35196875624750423	0.22476942596299168	-0.07303644702217539	0.3042065118987137	-0.02075966953433538	-0.47281672788525453	1.2299154220982031	-0.2931984622758884	0.8331035305493166	0.5392568656914166	-0.44182107575963137	1.3698691098798936	0.623163312082351	0.33136488329930747	-0.5999777109529806	0.36584262125268807	0.982358633355515	0.6005412050407065	0.8780241143473125	-0.7409898216753248	-1.4231902418336966	-1.3283143272101208	-0.0688897434163463	-0.9063380919372999	0.25658468960950886	-0.47868510009510284	-0.38226394161395405	1.0278036215230704	0.3505644139766332	-0.2820520528982658	0.30071522210559903	-0.0357388151142035	-0.6007142634118032	-0.8725829655195088	-0.2773137350558424	0.035357442678637316	0.16523218343730753	-0.28406753099505383	0.14239020432566807	-0.030161188605586076	0.041173570136956855	-0.9542871492602331	0.35086607466208114	0.48642849025634805	-0.43233913902118654	-0.6814385665257529	-0.8232620138897973	0.4270622102254279	0.004684459185949206	0.2956781921816472	-0.18119987183227268	0.02196701805616883	0.4552341031915889	-0.04203916370709796	0.047266300510392	-0.508447608827378	-1.1432856915269212	-1.4641470782693693	0.3589358845363713
DTXSID9034490	-19.914121164950775	-1.4482931045677436	-4.891821511344555	-4.32168219463103	-0.318477177581708	4.900349374692373	1.114578859336295	7.773368183618819	6.359556183337396	-3.1552340975314968	4.215756483819102	4.054391266077693	-3.091956005754313	0.541174144966879	3.7822333147848175	-0.006511118602283533	3.680352023278623	1.6620344207590092	-1.8444894339413935	-2.028294465293513	0.9923249792580732	-1.4303175503284233	-1.5051935869648179	2.170997395695477	-0.6031886755654554	1.2982614286298975	-1.371474371625544	-0.23723933683156143	0.5182406936171894	-0.4016842857331586	0.40443936480656534	1.0966270003465064	1.6908031982583238	-0.2855687754373527	-1.9071566761671983	0.16549127326361823	-0.3146331995970321	-0.38276735757568436	0.7046824089620791	-0.37230237315234815	0.03381376129733234	-0.5293421634824679	0.7537482305550611	-0.08837339219240216	0.36009282198182524	0.8697566836425549	-0.40664618867444363	-0.6291289606108423	0.34290275844308477	0.28339977713754055	0.20628343494911358	-0.6120688811289118	1.1304963885729755	0.1870049835111208	-0.13124195894553922	0.07081605227839419	0.7785695501488716	0.5294981192495569	-0.992344419895452	0.15414989506603358	-0.08177083336370848	-0.5539720956386239	1.267505850763293	-0.12486745363332608	-0.0928405258111329	-0.2140442775986668	-0.2612272957087033	-0.010483137032555889	1.3090844116310074	0.7489374145931097	0.09722790483344661	0.09727623360615335	0.700573028268115	-0.33729640441335523	-0.7936643106409768	-1.3208037303966265	-0.48870199914535933	-0.768481828894083	0.38550879883472294	-1.2559127489093975	0.23786333929827244	-0.060204907593240785	0.3286875497593442	-0.5447515126897016	0.7198299341570213	-0.9400628316502038	-0.69206812798178	-0.6425880181557726	0.4373009633986952	0.6293327384252366	-0.2420240651303898	0.07291121109197356	-0.028908713351577582	0.09774189981047268	0.20523225510175325	-0.4362534575661357	0.2660283107325789	0.4763385302132268	-0.934673754212422	-0.6365751527035721
DTXSID9034492	9.253636745437856	3.530765887909066	-12.483366687403112	-1.4531041607801969	4.95845910096695	0.31566800792907	-4.108345687789206	8.916775202213133	1.489499286942178	1.8308840268253468	0.9307874072516866	1.5948016651514227	3.9408434357134055	-1.0054045622546741	2.094342817593355	-1.529945590343327	-1.5684394411492073	0.16840916648477985	-1.5848906618261194	1.289390832127118	-0.5406494292135093	2.166757694319988	-1.2775861152907326	2.5208223486162646	-2.4553696864682917	1.8705694343498036	1.6938287351979422	-1.6673344816521722	-0.5798711348233915	3.8464764999727823	-2.114741147506887	1.2515259057542971	-1.0890386518896182	-1.2342173389121613	-0.935263442208771	-1.6592695786248155	-1.557715617950776	0.2549474950346381	0.9535823899932467	0.05659816493252868	-0.10022554502736457	0.3650244020000831	0.9033910650303225	0.18148625020934459	1.0856338851738743	1.7689095301026456	2.059513013775813	0.551450741510621	-0.8109057854236705	-0.6128528310309437	0.915289375336831	-0.8295321312390677	0.2715057782233396	-0.01912665572875692	0.5577453355277093	2.115301802410673	-0.9735715740723933	-0.8620666693888469	0.5850981010994529	-1.4417310642826568	-1.0466741661567154	-0.7070779625921244	-0.08822020792446862	0.144651113452486	0.33870501931737046	0.4684222210463731	-0.6696550415806736	0.48909467235002496	-1.3919432370532654	-0.5615711312298389	-0.24585873985793583	-0.9445396133365103	-0.7725047532841316	0.6367219928589699	1.2092153064915339	0.17843664622405178	1.7167404480966413	-0.8261430014666508	-0.4654757295521272	1.2107025046965423	-0.019226804978718513	0.20690576207012953	0.863729999247434	0.1439374745669024	-1.2703522588141882	-0.23499320259410852	-0.11896111076152908	-0.5057466517970763	0.1622640038758727	1.3212660462824968	2.0186442483617966	-0.34300846911769883	-0.3247625493517341	0.21247435327371436	-0.17396202589528054	0.13033948215081592	0.3666187926796347	-0.10871069874149586	0.7529835399594569	0.41256803003149256
DTXSID9035175	2.5072706488505365	-7.609889528920357	-9.288181076224127	0.9948720830199737	1.1193702491141284	4.106655127644833	11.503682617190158	8.287990706733524	-0.878059413348297	0.6245875720536272	-2.59469867915666	-3.4731018591711624	4.0085996903537	2.4082288261278926	-1.2318414525086947	-1.4574991136837918	0.5748677937389746	-2.8898744850748086	-2.963073249468611	-1.789666274719234	-0.6486741566679313	-1.675475965752016	-0.8261776454768419	-4.920216249482042	-0.3157255346676248	-0.40275221044343223	3.3462091387700728	-1.8056257194688343	1.4073759733618947	-0.20307280005078512	-1.4324064959340448	-1.8577260453670328	2.30643888636417	0.4047174679473648	-0.8670410641986034	0.43455841018603286	2.4021449233588177	3.2962574023019258	-1.326776043025975	-0.749395448768677	0.21042409104471974	-0.2481897777123241	-0.6061026121435827	-0.6738352379999886	1.024419056954157	-0.18925822096663047	1.9633313625585231	3.443650859061931	0.034794826949285804	0.6746405774500701	-1.0119190465018029	0.3661553607652243	-1.0001520813441813	-1.1585308150594449	0.7447859001410655	0.653675980304378	-0.12016512370636288	0.23930412923230934	-0.10119916795754721	-1.9037290658202866	-0.33874559782843217	-0.8301579106164159	-1.9860897265169695	0.4776016402664033	-2.964381011645626	1.3340186836825823	-1.5371246307714619	-1.173384858164502	-0.26008522780907367	1.0841753446467033	-1.486308404008401	-1.2736131141644598	0.24910925647408755	-1.230340187514934	-1.1909358962151728	-0.25601533097975643	0.5117275331027396	-1.2191235193970669	0.17145950642845526	-0.37100965446637685	0.5054692412114213	-0.8836385297813647	-0.1147735548852937	-0.9815018697374435	0.9644221753866814	0.3877962088021407	0.9253200124531713	-0.13871041380522353	-0.7955342794481776	-0.166211125612887	1.5424734691099922	-0.43000173979463424	-0.7613983255004896	0.5089897035996687	0.02646999657378562	0.23773077566925827	-1.4204817224036592	-1.0139770889096995	-0.09498204688507011	0.033002947671967854
DTXSID9034818	12.31965520586516	8.656296223328608	-8.176304168106828	-6.631551326619051	10.673445335150465	-5.044260785372203	-1.2241581957416825	-1.1463177213138045	-3.2565177024329373	-3.829433535072851	-2.451765977873956	0.27124420206412975	-2.573068902865743	2.3673486224605442	2.0827240913577945	0.7974621011233424	-2.256112912720731	0.04366857644465078	-1.448742517182799	-1.3159072456636447	1.2367487894953182	-1.3863044517772245	2.5100728056645387	-1.005872708355472	-1.1655542703343724	1.893463372888225	0.4729337974257103	-3.61835521910492	-0.5142667270233439	-0.875883937961582	2.1614386219738173	-0.33376297919826503	0.5967987642935334	-0.5333898151817766	-0.04782633933054418	0.7676694917464744	0.3327129536606523	-1.4887769665415953	-0.46492281374050576	-0.45279945370248803	-1.7869891082282872	-2.186430794578257	0.2779772605680433	1.4309506513503314	-0.1370421718141595	-0.7078331247666131	-1.6245865321970534	0.3956332518839996	-0.34126058245095886	-1.2721712539867152	1.4872954870068367	-0.441874524845567	1.540018910443456	0.7506681638957325	0.29221584867561984	-0.5832430075160943	0.010485860258090132	-1.164342790061038	0.018797505953384808	-1.1748914125713437	-1.9540606952001993	-0.8828210719513898	0.6633919509898593	-1.0382866516005604	-0.2830892754824061	0.37286952429976766	0.5412766791025307	0.6835329318374165	0.785396241367699	0.5655138034614068	0.15072965454542225	-1.582715264337338	0.10249090028069648	-0.010102987507739651	-0.49629337914571786	0.47675860424147426	-0.25967658648019853	0.048036443237174986	0.040930454265372	-0.31586432852417146	0.8871730935914289	-0.3498235169920028	-0.3954100262679918	1.4339750974170618	0.7125430523441032	-0.11176263250933559	0.40721364081643263	1.1298880819395523	0.9210140678648906	1.9121189722269467	-0.21291190948646352	-0.01885920899790323	-0.6169944182669977	-0.09863757487388056	-0.4748733230420503	-0.29655932247341377	-0.029004081212686713	0.06267949120556424	0.20291748789605768	-0.8183032860565327
DTXSID9034864	16.730607562023867	11.312211142119185	-5.908020565462254	6.408528533181047	-0.8548037979722898	-3.5094349883317175	-1.9276659578552011	6.203769317847601	0.30323645592820275	-4.557849988841137	-0.34843659832209706	-1.0660557088784768	0.008621191976240348	3.130453080989075	2.1311355411063264	1.3047515462164727	-2.701016858144083	2.1757627774118875	1.0374931168865469	1.53763954691917	-0.8862951796400661	-1.9762722124946068	1.2279471696004365	0.856035873782884	-2.3202261339708263	-2.2482847349474686	0.9990364565368117	-0.2793535463090272	0.42126919082494546	4.2389203578408114	0.6504356404466741	0.09579969873878473	-0.754339691869614	-0.34233129449890076	0.34405666635422166	-0.5383869688760854	-1.0503169309230787	-1.3085898232302415	1.1026605377562935	1.9635118652859123	0.4201258151821883	-2.1538974215003086	0.3805040522058076	0.30807321598674	0.4255644922500699	-0.8786981390954733	1.4946817378381745	-1.8678486548736881	-1.153071251139778	-0.6893263362854969	-0.11034176026063594	0.4108274101955644	-0.6603493047491789	-0.7242624209813978	0.016212055697362636	-1.607680304825997	-0.4612870972864144	0.004958337224809231	-0.6743210275735078	0.22696032815608877	-0.32325431152701056	-0.08947784197295787	-0.6054356421403905	0.150813719081901	0.503655804442436	0.8897301473995304	-0.05716893921037535	0.19581494727604234	-0.06613402840015821	0.28914933794706793	-0.819357173437433	-0.5380342702372264	0.28218175314287974	0.11169421380573799	-1.1012285898369552	-0.3115942564496999	0.31964662147610984	1.2934116352049	0.32961123562877903	-0.6168625730255839	0.23952316632029938	-0.040171807889844896	-0.2659173941557792	-0.11566718118452901	-0.5133824073557746	0.1533556921674863	-0.3229310950221801	0.4714239696746863	-0.18133850032370094	0.26134455979939614	-0.5490666146557585	0.5862768696362315	0.477102808224797	-0.7343736063211446	-0.6889921045501322	-0.35043283877881526	0.7274322384046843	0.04129111447175061	0.4967293378773353	0.47334342699449583
DTXSID9037745	6.003718745805227	-7.187138412212375	-3.5835038786705518	10.038008324896321	1.798522814055251	-8.64971532310939	-1.80339095588206	-5.501038245322491	-6.435766815740967	2.4353103083641043	2.1946063942517973	0.4049163407874143	4.3124836649554465	2.237111048377061	1.2876938018454962	1.632098447520316	1.2014906971067605	1.8833788234116777	-0.23013580811686937	0.6098820561327352	-0.21870643904414075	-0.6793848086730335	-0.49293093909110003	0.9911932945599545	-0.5325957444501703	-1.9977775902130213	-2.805857729925076	-0.33677913592888997	1.800063000791416	0.35357204401587966	-1.0346260348075802	0.4042613789727193	0.8303585937145898	-1.7522307442783258	-0.4862565062251236	-0.2988540390346626	0.20790411812707302	0.10974834950426686	-0.7301938109801158	-0.23965486449759016	-0.46019283409494854	-1.4629373542745627	-0.6562449682884312	-1.161126967592744	0.709791169290353	0.4223344439301131	-0.2810790185895267	0.6535861865596667	-0.7703976281237662	0.3485405331059999	-0.7030434740818219	1.5733374604980543	0.6686284769266524	0.3833944875742917	0.8850015333523238	-1.1035326889021881	0.05854266630583868	-0.5364229100912044	0.11077364029797795	0.10102036993047096	-0.561408815635516	-1.6093339782893035	-0.9175616124786778	-0.1980825092062385	0.8302471966426781	0.6732810695546901	0.646505125265917	-0.5798241556608846	-0.25653586044701926	-2.0749782602284066	0.5131572578807455	1.9770739902216603	1.6435385949277541	0.36001829911847055	-0.7667848552901609	-0.1528835775475818	0.1259496540314025	-0.20544387512954362	-0.3990719995159595	1.3779273674761612	0.023960261618912942	0.33531709019287637	-0.5552017034903827	0.10188388385900479	0.18226685514708912	0.6454657621578102	0.46170547326305683	0.03413346383972415	0.34135017192212064	-1.3499864723268062	1.4000664704146222	0.15864685848235174	0.3286369421599001	0.28711386702585956	0.17214229077511478	1.0201356200568887	0.5760613122641463	-0.14607421435312817	-0.6697474354893052	0.4875343587233136
DTXSID9040710	4.3725109725227185	8.10749822758084	12.41187855428019	-14.6800460185924	4.904606669858458	-4.478478277468958	-1.6452189627781428	-1.7315237607234188	-6.539927274503924	1.9074225406770826	4.606920955048946	-5.93656546382616	1.6760499807876195	-1.9529907396886659	-0.8416379239559739	2.278859656256554	0.48923440681624053	0.7191599320450639	0.810931881018286	1.128681255384522	5.891807581556371	-2.8680414608715674	-0.8514376095488099	0.7260914713503783	-2.433597859854121	2.8207323903720916	2.692046648788371	-1.391857158405295	2.506407469358496	-2.1312279735249056	1.0572837221458922	2.2586860305831955	-1.6076481532215088	-1.4474353880844526	-0.8437323126558638	-1.2722215456580421	-0.2749088239650696	-0.4693416054876391	-1.3233177529127558	0.7572445694119044	-0.2604378407094193	0.9139573871652512	1.315786388223025	-1.6777327140831526	-0.9283053992502742	-2.2676162512233105	1.4448222388266232	0.2893213348149363	0.8152793044745137	0.5951653839030168	-0.3195747171234243	0.1668525024095855	-2.1533918686675646	0.21511680654200774	-0.9116288489112534	-0.03512040967250839	0.8471501829500202	0.23969424567723827	-2.8009952329702164	-0.5719877648346764	-2.1981402947370774	0.7240989842325483	1.03131195533732	0.0864421270726291	-0.836390094993557	0.499461928984746	-0.3114508351029978	-0.2799847432705989	-0.3602629138958141	-1.8161654993930418	0.8065320288720524	-0.2779758141513582	-0.5199145815714286	0.11709981843610548	0.6079101317446022	-1.1339978534659072	-1.5406498547907639	-1.2645660671484036	-0.2690691633768619	-0.5056780108763714	-0.1356842819026013	-0.26636511828758275	0.3731979665875655	-0.12100937956910632	0.5818886280449977	-0.05430006490715699	-1.4594962274081396	-0.04138042553980051	0.969126255198391	0.7746254912065855	-0.3248723962415727	0.4986545553298061	1.0790109008805557	0.4965619559926904	-0.14482689532757465	0.6400855805597954	-0.11531946981036045	-0.8973723805816645	1.6797716609614946	-0.05424034518805173
DTXSID9040716	-6.949528052402442	-10.779745063451077	3.8930595787143414	6.79820915883223	-3.041594390847818	-2.487547912896658	-0.8316003182919115	-8.246237876088317	-6.4237508385168836	7.635179478860074	0.4870096793279603	-3.095853864356225	5.898660624512352	1.0696704408496969	4.23846051924321	1.4063113900926796	-0.15485689075299822	3.563441477726082	2.655263277805582	-0.2908372705032773	1.057142387427886	-1.1204837236097875	-2.3622077149605554	2.3283599689106653	1.29738585849351	0.11615909806565385	0.31181457074923363	0.2701725743222759	-0.23268928119058904	0.33482775389517194	0.8581319329366179	1.3757779933541812	0.5814392129551456	0.3791729799278534	2.190055816453341	-0.9973800071223663	1.05515183690344	-0.5298484501485301	1.22692282752738	-0.3321604969148039	-1.1023556333370008	-0.9097972959187642	-1.828358211407474	-0.5828393407848514	0.152187819877243	-0.24978011470606454	0.02987216558371182	-1.8326636599471389	0.8452551587869823	0.38737545801586565	-1.1895180696031264	-0.533487419232526	0.5491413034198644	0.7471047221855059	-0.2799287025918105	-0.9782893717235766	1.1486498833274736	0.9115520127422111	0.9668468546086036	-0.8028089537820887	0.7611017072233912	0.8535937663257843	0.525709325821042	0.34582677956654784	0.26377225760376677	0.011817579892302813	-0.4603315263039818	-0.09993291821483627	0.6724009617085908	0.4110742199882024	0.595181177043891	-0.487367593768109	0.16069251686870872	1.1027512212131039	-0.6477114725943826	0.5105025336346396	-0.36990622029192294	0.45309289091630417	0.17669990218158743	-0.10000251458546806	0.04974530991711547	-0.4812502838635044	0.003700096388066875	0.9693885850418246	0.2954335407168804	-0.6140518017507088	-1.683385859368551	-1.2782949591405504	0.040452665142744385	0.035623930690864954	0.025708504857854652	0.056500858298064734	0.31249557812452067	-0.8406671423315182	-0.2368615523491742	-1.1120517115796003	-0.019449555685675798	0.31572517661980476	-0.20067230123739033	-0.06767648175126324
DTXSID9041368	-1.972207145345948	10.236445157447793	-5.556074981639563	9.477985974396722	14.251529426123103	5.4617108045828555	0.6971545039596493	5.241764731617663	2.0314529454946313	-1.3462500869560257	-4.472413227509532	-6.085472231735983	-0.8352401017593499	1.529091946047525	-0.24125867413472293	2.0257819310115437	0.8472972039871528	0.061582553616974574	3.447881212730347	-0.7662461996678372	2.8059348763486476	-0.40995321347337565	-0.5963763341801264	-0.11121734175664783	0.5280684183237114	2.1616184041243325	-0.34188610113725654	2.2270472603912457	-2.4437407461599596	-0.5012487842365465	-0.3322617838605856	-0.9949359253426614	1.1449899481777288	0.2638107630142793	-1.2968775086912616	0.3674837520099836	0.8953674499672152	-0.37653805127086915	-2.957943214491067	1.8505871497789268	0.23275567298172126	0.5008032133868939	-0.2299705365442995	0.8075882585530402	1.0739502679315451	0.5952379647856458	0.03850782820805432	-0.3434598513459743	1.3653513247122406	0.4530046812029822	-0.9371906912937529	0.42455782115883217	-0.9431396968197621	0.030994838041437118	-0.33343819097515714	-0.5085592160002991	0.1987817133447469	-0.8263207957500114	0.04013969663423209	0.25667734190530267	0.9646390959632737	0.6578176373343623	-0.7340832652120037	0.9040608615716839	-1.1211359463372008	-0.6301390310278657	0.6464617154652404	0.6508404702728927	0.9780387853934207	-0.1432400618288471	-0.34187490938365256	-0.6039592026178485	0.15529293439267042	-0.5849406174589309	-1.0226707969046263	-0.35854526059511505	-0.07138923092615844	0.28222956078607614	0.743505835429451	-0.1461944856046197	0.890256585586764	0.33399642545058755	0.7257353967379551	-0.2744368988098017	0.22001246434181837	0.15096403559343427	0.1703071798963128	-0.5622366360612303	0.16708536185156245	0.5818689621198371	0.3766179954623146	0.024200331408035784	0.5799879437254205	0.39794041818227055	0.5899420823259863	-0.32948588259317313	0.5905529055130146	0.1725424797960542	-0.35892104206667663	0.32918558919792584
DTXSID9044825	-5.645481624842596	-12.390012321900132	-0.06788580666544505	4.973700688569853	-4.470275671147293	-2.210435082606742	-0.03756470044535663	-8.096848218454763	-7.552818703546157	6.57222043165881	-0.5057656421145216	-3.430004460692273	5.898458803004858	0.8933997475385778	5.694891599235927	2.1463829275114072	-0.8273005858157015	4.039351221740788	2.8068596457973216	0.6609109749997942	0.8048273629519823	0.3096709140624886	-1.8341249484029043	2.980057703915339	-0.3876723340286552	0.16489248428689193	0.4431127873991692	0.3215501517320762	-0.009843226839149434	0.03798336632323045	0.3273578781554416	1.1134524269832942	-0.06296665649035568	-0.8217071107159405	1.284270783707116	0.6028379914956825	0.6700198194800627	0.09791170431448437	0.39553411403835403	-0.9129408666260959	-1.0518141900915807	-2.2688618361179103	-0.7992230534451319	-0.6185848750970556	0.37197459802460764	-0.8675544216694787	-0.1541066607536639	-0.47072666007492053	-0.13669911540362464	-1.1983070271460696	-0.9167231987145348	-0.15071378149977993	-4.683741064891791e-05	-0.27130960068927124	-0.34285175475438884	-0.31767933635075263	2.277070952190489	-1.0221215669856867	-0.14763709146706386	-1.3962564258429706	-0.48971157920997843	0.6307175208950804	0.0006394573966996004	1.450290330508747	0.3255317416926188	-0.3486890414821633	1.0554699417290092	-0.34256480262825034	-0.10143682494521293	-0.3649253533722715	0.47370854813911667	0.403356725862434	-0.24249942036911762	1.2902358510359777	-1.0796437428777779	-0.2926343959515475	0.36896236374366886	0.9716649409374876	0.33306066978782384	0.821503362495803	0.08307084465854182	-1.4588762085773972	1.248593496262375	-0.2012358964089324	0.11973906878507817	-0.7685321317333268	-0.6452571780180156	-0.8203968106353559	-0.7406735582091135	-0.5015492983809494	-0.3568787980282682	-0.07255073973347083	-0.24616704587775418	-0.5005564090944162	-1.2848783314517824	-0.3722988804946662	0.6873596039879515	-0.0007433828645091387	-0.5632127644128991	-0.5495918114681302
DTXSID9047257	16.714885571495763	-15.460899862564803	-2.8595396343302184	-1.6253623931228909	-5.318362118171868	-0.692167285157367	5.6589712045190135	2.012862461218323	-0.9768461791566048	-4.1912900798458015	1.3432648411171382	2.5187097312076485	1.8708245455013148	-3.3816867546746474	0.4787060708072029	0.5657246836963383	2.3608779597259772	-2.0402126007113157	3.556970947809704	-2.5259717278299605	-0.8859747576107532	0.1319829282484719	0.8384494514308254	-0.0049459643194631996	0.5419519914936266	-0.10365156181746764	-0.5397236002297948	2.3602704162442825	0.5057486603318242	-0.35670055531841227	-0.18806485892229705	-3.318308131526368	-0.5886930582016333	0.9270820174135965	1.0710254199418006	0.6842524998635983	-0.2768772411692691	0.9486892201025823	-0.6005496210867646	0.2653226074712783	-0.5232704789073112	-0.4532271210431458	-0.2765743636577743	0.8501925576490108	0.1457870979451387	-1.6003860697898924	0.011155334079340731	0.06363531213720104	-0.5590135370551105	-0.20897065508951607	-0.1835060649138995	-0.9130017495200456	-0.5760836067746279	0.20548256505375775	0.20764597830953588	-0.718192032478791	-1.1653760812852023	-0.05455993807649037	-0.5297698164187145	-0.11916594747156374	-0.3253726097365449	0.06718901448267252	1.3479800321151418	-0.27277685300119026	-0.1378522683649446	0.7680265580873543	-0.5402880731684975	0.37992934641176185	0.23984397225080736	0.33785718168897877	0.30180574331139015	-0.33439014505669834	0.022742775465142098	-0.35287404893664265	0.2702283522324517	-1.3624299968499698	0.0074883582729858705	-1.4035644243965497	0.030283763978268315	-0.0011115326721315058	-0.6777725734655186	-1.0926985426099183	0.15723378971124094	0.08312321457003055	-0.6789018483053213	-0.2981160477575398	0.6036149660503985	-0.24070420104759377	1.0795666953801892	-1.4818227786566698	-0.894194694469591	0.4434892292758511	0.8368208128015932	-0.1641067913098503	-0.2727524210249523	0.7019087858323694	0.2620198216601915	-0.32599506632495	-0.5143788813047889	0.018995798163747225
DTXSID9047259	3.8263640722681407	-10.483236941618983	-0.16240627209090747	-13.445799287554198	6.481440239263248	10.006537822414863	0.8734451495004415	-3.6537564860857072	-2.1796088156880575	3.4207618303404654	-3.2898463841281615	3.7844280080112878	2.038316456850439	-1.1036544225092002	-3.2819261652124583	-1.7516318739964274	-0.638134928411699	-3.5241507387991327	1.832176370808946	-0.04445440293534172	0.5681274288936565	-1.1044333169221268	-1.1940302167778558	1.3759024080492208	0.044455754790095274	-2.104816077804064	1.9906763347536747	-0.6359755094145935	-1.098408903063815	1.164587806399742	-0.6473289531846056	-0.7811976474653818	-0.15170386306914257	0.6836905623508551	1.0251385832770727	-1.2431170020767013	-3.572684228885402	0.0766440389070928	-0.24147421512466397	1.1124107137475119	-0.8473206241135386	0.5974487411305438	-0.5015101235661878	0.7967973743937763	-0.8121442648158531	0.21390329770093364	-0.41109289907597507	-0.4552866544002137	0.3537154668984759	-0.19343663751716927	-1.775199356385828	0.7731225217054088	-1.8777981515264257	-1.7637469797604006	-0.8809086679844045	1.199573639112714	0.8247873170484192	-1.2902183510740584	-0.6522346471457805	-0.6763393624610221	-0.7147312687817424	-1.1136445294738433	-0.2887056927459713	-0.3436374753787173	1.1386083008373504	-0.1663616547100891	1.6772941622220772	-0.2962034556963312	-1.2125500163963199	-0.008982034971051463	-0.37481350670781943	0.8602734077858216	-0.6972406561767667	-0.6567420568652044	0.5869461682719477	0.1587014913980747	-0.19062181009232282	1.15721719132384	0.600071495292225	0.14383880850438033	-0.048184600146108855	-1.2569366661299497	-0.9169014292987102	-1.1204665973762737	0.753107513770751	-0.9261571548381944	-0.12774364949679506	-0.054024183501821706	-0.7950545957392572	0.8560343640658796	0.2326277484206111	0.19126417222297543	0.7934825264150867	0.45543313404261715	-0.7506878023039127	0.6934523424160814	-0.2842250540367376	1.1169905772018824	-0.44907009040097584	-0.8889999353434976
DTXSID9047253	16.501812662228012	-9.441284684634311	1.293492186919864	6.708700559122425	-0.8807166143661134	4.920952163686648	5.2257960212715675	3.585124141425359	0.43944458184257223	-0.06444614641676455	2.198325732359697	1.8301587704810733	2.86200571181328	-1.5335479338687348	-1.7829207283843032	-0.18058151077115997	-1.7131688656993873	-1.6997891735569197	1.6408101126265584	-2.06209961726338	-0.2270809576183344	0.1081376881116271	-1.6163618187107633	-1.138882122026572	-0.1457365438848636	-2.33320572695487	1.0900777552749568	3.3194892225994703	0.6389564586104467	-0.6129164806569232	-1.6886930894379333	-2.6215383241047014	-0.7140985529259837	1.8340129794753965	1.1251489095196527	-1.160331635612986	-0.5507375753749894	1.2503097702393684	0.18566632747000666	-0.9125137346936596	-0.5690543907697337	-1.053692287757694	0.6512043810169245	-1.061953720597593	0.2793233865692519	-0.49063170127166433	-0.15827673213382423	1.2460857840167063	1.2052611376146094	-1.9098321436925678	2.0268221626161793	0.21530888088898853	0.13794786172682638	-0.452153741553472	-0.3045613359217578	-0.3702579751244927	-0.6935059121856971	-0.3142985396075283	-0.1873960970068604	-0.5544281165483228	0.2562295145914523	0.7763351062125734	0.7298774216929749	1.4170157999428983	-1.2359815274154529	-0.3168933573468345	1.3797393539257639	-1.1891125271406877	-0.6455492135684432	0.06069044150447819	0.03266750663054751	0.8441171874279865	-0.3528674195202215	1.5718084302229665	-1.1702466243469538	0.01136463244518921	0.3390953544081581	-0.8410702976302697	0.011214953829795144	0.6507619361743414	-0.31856781474826296	-0.9057153969646308	-0.6964775318492834	-0.3158616736101107	-0.09807316324541501	0.34805019314900804	0.43090801408773793	1.5490096164607774	0.5931227757557956	-0.8560632549807445	-0.25465762826746935	0.1469839054581756	0.58777057076642	1.0956923339920022	-0.8428810561220194	0.3582703921632862	0.9543712400014568	-0.5680206121637987	-0.5215683575512907	-0.5397086784852014
DTXSID9047330	17.639599915417584	-6.84676812830385	-9.370615479234084	-1.8355624093069187	-1.9427096035020872	2.0292572791556753	4.299870468016067	2.8037341402949387	6.849833868764234	1.4924123548913388	-0.017662037139044774	1.671070482635999	3.210060539671063	-2.1081241204647645	0.8943677357641229	1.7598846387696414	0.7732560538153234	-1.3153071536283276	0.7722725256546714	-2.353644781307982	-0.5847606181017434	2.7644319902840664	0.32728121398654364	-1.1024503501991565	0.28713088641120194	1.6262001731550528	2.9060201066118276	-0.5081007669469878	-0.31149079620786096	-0.10592633541443004	-0.7423980684700648	0.16811810140467964	-0.232817968023028	-0.29092259086346783	0.9077406715198871	-1.45138910998872	-1.6935492918273607	0.30127635875645997	0.72686950884208	-1.638078232919283	-1.503122802577776	-0.12811752951284255	-0.23653313637358322	-0.1351439154167299	-0.31096619116208585	-0.5531817983084006	1.7306904320615597	1.9558274299191138	0.7232838541238237	0.0670562961361476	0.5779687200191053	-0.9032937832197999	-1.2290612535131311	1.2526797052809757	0.5288858238445746	-0.11279820968520257	-0.7365574229373862	0.4605038530454336	2.464533939146641	0.5772296322776426	-1.5013586083387096	0.4833515703740148	-0.5476581016270463	-0.2886963694530198	1.7122312867745653	0.4302268234717997	0.30421648130734397	-0.1243593181369079	0.3302186856417045	0.7172926757279418	0.19959394808165967	0.378104227383607	-0.6363883809604614	0.33976762054385573	0.1408129654779918	0.37792649568745046	-0.09236180558393471	-0.7813902575761489	0.216925618801525	1.7537780837526125	-0.4477685929193639	0.12701194677171213	-0.6588095778506741	0.6841557544381187	0.8940777760285584	-0.6044703195172036	-0.04995231734693754	-1.3345898107616003	0.9919119998853144	-0.7492956387172055	-0.2570072245809361	0.16700460285535088	0.5150689939489234	1.0537345058655325	0.01804531873752329	0.25845500754454187	0.13706096228978387	-0.5197852209687732	-0.44686553022791686	-1.5049499157845596
DTXSID9047334	14.6545395247819	-1.213451193114936	-0.14843654326524552	0.7207253077377564	-2.2482709211067986	6.5799530192627955	9.879056934094727	2.858900800242722	-4.185300403268229	3.343462606023351	1.6264473985043635	2.153666943855304	1.446164226962152	2.6588441772537954	-2.233236323989004	-3.483699509522739	-2.735938352465462	-6.045048785882814	-1.6116762772387263	-1.9110659171210016	0.42179684685680735	-4.171937449764467	0.06763748772323282	-2.170457240616599	1.006453444456399	1.0982621026626402	1.7958436921690146	0.28082588125548363	-1.9740630626412818	-2.3786718412503913	-1.5152055233690591	0.06166100792282318	-0.9665075950489702	-0.13593047504012637	0.8920640521985171	-1.3203265289723334	-0.36912520341348404	1.1977826415307629	2.3053555147099423	1.2220307245971018	-0.6995852856919244	1.3518735576420569	-0.15199178694518398	-0.8244707813263319	-0.5945989723921976	0.47863285080103374	2.6313024117241754	1.0409729895364217	1.2957138949371971	0.4012635487578465	0.7442254919407356	0.25800902064069364	1.2853284910873861	0.2109277898107654	-0.17443469965307454	-0.4047255531919531	0.17526591669060712	0.2638665569732843	0.27677122283314526	-1.8890420868210214	1.3197672682530641	-0.20235834856924667	0.8698655310135994	1.4812298898452982	-0.7852044293554095	1.0810617278122867	0.24292769861503938	-0.28895800861657484	1.0242427342538654	-0.05963304270542527	-0.9647561584843078	0.01930595262950931	0.8715406069817146	1.2343130603041197	-0.8889679147248387	0.8306911108373974	-0.6492922104330173	-0.47883579435446577	-0.07731918476010985	-0.4861673020747887	-1.2219355476188387	-0.35680028260063346	-2.24632899299662	0.8261394970233118	-0.6349758918501616	1.2686326115527322	0.5143363373110894	-0.13611288861373444	0.5398960805911259	-0.4563256133493444	-0.07767058113210362	-0.42837933846548204	0.7808693881975894	0.34280540838789136	-0.8490968222260526	0.1384835394702711	0.2774632550438401	-0.10943538712080589	-1.1597520157010999	0.7165279600300899
DTXSID9047338	7.801842027663275	-12.553059199898096	-6.115419531050592	-8.59837460846748	7.953842449937725	5.84244538219671	-1.884063478318394	-3.8134866085886503	-1.7061663547551293	-1.781382608912878	-4.444452092435916	3.2234822198179285	0.9705897310387104	-0.7245098236270149	-2.1883526877349952	-0.27223764280311213	-1.902107933011413	-2.964039120220057	1.3127027650254828	-1.0957504499574133	-0.6878101074223513	1.4736424476733108	0.3250629688996882	-1.2624350162696545	-0.5261059343207226	-0.8983764720294719	1.3587039347839824	-1.426400264873588	-1.4552864631136675	-2.872545998277293	0.43445558177199645	-0.6865650339207087	1.2040832467014009	-0.9314547029476504	0.5175167484459897	1.0127621186555205	2.2012343043753395	1.9497737017517047	0.5528490573788096	-1.0004854287664418	0.6891654564248191	1.5471822033558102	-1.4047525494419064	0.8703672857321334	1.9078522371380098	0.7769705117769096	-1.6355563927378018	1.2731871633013294	-0.9168572425628316	-0.3497622791654608	0.8071902813909253	-1.2542960389295292	0.13927079054330066	0.4079118897507015	0.2784364036998487	1.4490776872840605	-0.9543994335090397	-0.28156707483387755	-0.0036296889880819377	0.7599398718692234	-0.558245995443792	-0.3741501727755568	-0.8604788080581924	1.9229353107343372	-1.150144252794597	-0.5588505764871134	0.9509106091272503	-1.0093227468579706	-0.114921029496574	-0.12271328428149367	-0.30452908771400855	0.4452719026521891	0.39849615580594444	0.3182601637962431	0.4802151742577252	-0.058937809573352595	-0.40764198415896724	-1.2003716229937578	-0.9829496246384615	1.0713386297956862	-0.3189493296511443	-1.99793407456011	-1.1450664792474832	1.0793205892068918	0.22396581753493466	-0.07520103316718278	-0.06375774893497708	0.17040643126404975	-0.35670737072928205	-0.03728295994364741	0.7114887987792604	0.3769007691112476	0.9932525261137685	0.1789592009061388	-1.328054788353212	0.5345423407354398	-0.07704163616120796	0.8287547318252952	-0.5863451340363829	-1.0315827802911612
DTXSID9047594	7.845781516463033	4.191059348193485	-0.7218069298598467	1.905906285166138	-12.08754912969212	-0.7402715411359702	-15.323389348247733	3.168707659354486	-3.8927358543510437	0.6157997907278783	0.8069535524430548	0.9241300389542911	1.5004381390664834	1.6922709346509826	-1.667667913325513	-3.801902452364912	-1.5092905657681333	-0.2885802750950452	0.21007524541468162	2.338994671774619	-1.30323927125745	0.26499015335996573	-0.5770380203025303	-1.2082482136359651	0.2972291004654495	-2.5638810514521606	0.920675422614472	0.5769688579452313	-0.8999864168563949	-1.1991597958381854	-1.3694488643728993	-0.31254088308939465	1.3771325108948775	-0.421848192566748	1.1345738627833255	1.9936332234011767	0.34866939583848916	-1.6845760173242683	-0.8955214196075939	0.2894797255018298	1.6156412607769752	0.4316720651958819	-0.20447701969074064	0.0690860376838637	1.1316676375141053	-1.8017188149277175	-0.21336579417297405	1.5850739276851666	0.2687553753484596	0.957046427248479	0.1807441103944373	0.38197529205922454	0.3986489823208384	1.2466844009405493	-1.8580340909040096	-0.0023026345079325277	-0.6585371147277362	0.055963421955632114	-1.2737027302661779	-0.4442736767612425	-0.7634884077452727	-0.41217941844588124	0.5246799107599437	0.21798606997952086	-0.42987490628536984	-0.06838915759516306	0.2764141065581951	-0.08543494976386354	0.4187247791437278	0.3573445381385197	-0.45155447653302877	-0.10219886576187649	-0.7701654881407151	-0.15736046672211199	-0.11557120738814844	0.055117230888262515	0.48846328757459084	-0.17713633304224755	0.35527168095758704	0.6931678341260157	-0.04828227417677443	0.6841221322325441	-0.4505149527140699	-1.1317398519902107	-1.4589830618607367	-1.08825365117796	-0.5507992430161051	1.0966307463333118	0.849490432721322	0.8370908400327991	-0.09561014381654205	-0.1317579687908785	-0.33688639035568985	0.17159573347554405	0.8639024421763265	0.3987695707102721	-0.21468035554595638	-0.000349750179674542	1.0145486010830393	-0.2626276596715708
DTXSID9048192	-8.143966218544948	-14.909335286085172	-1.4801709465048523	-12.613383484912603	3.7841151755337004	0.29079110318608	-6.183752909052339	-3.8190736366285156	2.701625717309251	1.947215131244088	-0.5386574009800182	3.329757268459761	-1.3195196359872243	-0.9489285458596514	-1.875453177255506	-1.119416287425231	-2.6297635901147363	-0.41209315924231277	-0.67126411010453	0.9537369759564023	-1.5824084813417738	-0.524189487237878	1.135281676734789	-0.8868583530636646	1.1465112760270508	-0.915582790139467	0.8512626679581363	2.0494390630811976	-1.4087863977298118	1.380334479625863	-1.2656213130747058	1.7511100426841733	1.7580717204100562	-0.23805236504639185	-0.7511164921761886	-0.9115916802073645	-0.0883069211674562	-0.3296368951496384	-0.024519191039783384	2.1010387958054535	-0.227832634877678	1.1182345483050264	0.03604021927628646	-1.4770256643161221	1.0866898664914897	0.7804502905656187	-1.1194705239554852	-0.46333933895005236	1.133312061688787	-1.5999669242237915	-0.5221328701555807	0.23192493639180817	-1.1735973936801036	-0.2528526362093855	-0.14572834975390694	1.5042702231027223	0.20249307655505577	-1.1035129488430515	-0.5227113722080544	0.12560422159246762	-0.03485066686031017	1.012508911001972	-1.149839926619896	0.5552726129818775	0.10492618781160944	-0.6709596686736982	-1.3875987340077676	0.24388238713559404	-1.3733731092540942	-1.4710833533877863	-1.3319668673205107	0.35406608634225867	-0.1444087884132753	-0.5175685831673507	0.18466886872905494	0.12530701346848602	0.26172848885283473	0.22256768957450698	0.25888184355497346	0.3619905657078809	-0.38405024119713377	-0.8701292034920648	-1.0564826065477806	0.683077297845163	0.2417136976748567	-1.3385748232050487	-0.6320293677808948	-0.9897881197374581	-0.1867668753596112	0.4725913499738206	0.6632384463812335	0.8943172349610822	0.5337550062513873	-0.05027353030242285	-1.3774067503748384	-0.47595023512020257	1.1106807415381805	0.27995268757233877	-0.6546537018773916	-0.6515197864246252
DTXSID9048196	-4.589023647545764	-14.40429564609483	0.45478982939374857	-7.6469458555161225	3.4337904522478624	1.314290669473274	-8.369808676979783	1.4540359621599719	-4.879934988126837	2.8439382998057345	5.524616358298185	-3.4250089007703606	3.968178982041827	-0.05358240495642917	1.239303258545786	1.499332596385693	-3.141091466597449	-2.1744856018076724	-0.13969227188905228	3.0842917212903522	0.9823211513106797	1.007618619035078	1.1181924115293906	-1.1267655000045123	-0.6519176301485782	0.0681446968117059	-0.1553581779933319	2.9433955143778525	0.6860637013992501	-1.8953360455810517	-0.06004678663307255	2.564419624403806	0.27395626318439026	-0.6317694035752324	-0.12361663964841234	-1.819480403540031	1.5023072601397587	2.1534584881333143	-2.0704984731265497	0.4597155869092862	0.9062324181492901	-0.9583668122751363	-0.4575165840078569	0.03754260469211888	-0.2964466148787393	-0.24648957496673418	-1.2251268567426323	0.5799667931076282	0.9725275740069868	-0.8996074672543756	3.0916753981616396	-1.7194306528929346	-0.9530288098043728	0.18735431907617386	-1.2442154294974068	-0.06866068716297127	-0.6581166307982532	-0.4962788998427876	1.4510092258188698	-1.1142085286213592	-0.2851050371959013	-0.6438562650300714	-0.30077497032403977	0.38210817861865076	0.9138612668621563	-1.3248418131171271	1.9295649352397584	-0.0015241572307597919	-1.680234931136587	-0.007758781635961694	-1.1277227469832332	1.4725906592827052	0.21233811245454093	-0.8736471657683166	-1.657177153149092	0.2191449094020357	-0.41282687510569294	0.5264888208154417	0.36175228749196436	0.4166121121685662	0.43839247864072606	-0.5396706036863068	0.1868274953438114	-1.7093246747284168	0.9127908254773048	-0.40364594266293974	-0.5732544844240072	-0.28767693032179986	-0.5326541491979176	-0.41965715890788485	-1.0358796895563966	-0.7037202227886599	-0.6187429236256767	0.3524108573947598	-0.6010553409020094	-0.6276353218922034	0.5371577051097213	-0.48775216651145714	0.487267810484728	-1.0973374079948353
DTXSID9048198	-6.227314554081421	-8.769066636633443	-0.719102863973773	12.206344087694546	6.177387154418408	-2.0390877704727717	-9.286132830732353	-3.0788442508400884	1.2032411479773584	-1.283187878962214	-0.6397265460672786	-1.8720738960848453	-2.7706579667968994	1.7749858657293491	0.0894037260900137	0.8531059287543684	-2.6998502935094657	-2.279864331137935	-0.12577469638353725	3.3313205188945343	3.210430132402845	0.6879085527608423	-2.615265785411969	-2.201152765032746	1.047993417723336	-2.374267946763079	-1.9829221706244513	-0.9471368586039556	-0.0907516687919365	-0.5704205559019111	-1.7133858007864948	-1.4108731340569887	0.7477821857502134	-1.2990163711623426	1.1069886457950833	-0.9831436667963649	-1.7163905492583704	0.4456664774680137	-1.4451652094904948	-0.8828866058145788	-0.6160473407295322	1.3666064752028881	-0.9155298023351434	-0.21052047968657275	0.3330878700915282	-0.11904141766143835	-1.8502656477152823	0.7800230715710441	1.3822963125827537	-0.7447121208719522	1.062059742814844	-0.4614154292778349	0.8773949875427848	-0.9603540694913165	0.8811458780244958	1.3875942755809758	0.19524534435123153	-0.15802903478094274	1.101015159364304	-0.3301859509483862	0.1824174656271059	0.5608602893497254	1.4839670464619754	0.22470573484742837	-0.27381647524682273	-0.1859493367304728	-2.0097445668969853	-0.21326453063515516	-1.3547265542165028	-0.5770198336977748	0.056202282164912944	-0.5532556425486012	-0.46932291888273336	-0.4125721834548177	0.30438763023301396	-0.4019948402516515	-0.6843364607260116	0.16076303262052635	-0.3898831956803368	1.0207804711573247	-0.2973965783985495	-0.7373954805324602	0.40802356773828524	-0.2725507583369469	-0.841390985991776	0.008759469510009008	1.0752838651077417	-0.11969389132044927	1.0179476630653994	-0.9521775550205936	1.196313078231941	-0.2305993387730639	-0.49939998140064723	-0.564785740460256	0.1546662339234523	-0.3411736995879218	0.47291716242296206	-0.5553680418737384	0.03441385677025361	0.24811254790071616
DTXSID9048512	15.565524682126398	-16.408058648360743	1.7179638347591726	-3.0261794745528676	-6.136939011693029	-2.4686223063603405	-2.382080331193844	2.419598880344113	2.1708772953718216	-6.650274286371889	2.7818705548009066	3.706245322303517	2.297605248204512	-3.62958816517377	-1.1872897129173596	1.5092163510560737	1.1981691147373201	0.765620770315853	3.778861694023999	1.2498421956892805	0.9995317698429476	0.5808459955540971	0.6529014254374785	0.18802972471728602	1.2094442725684738	-2.4086017206794	-3.4767339155637735	0.8621900227251319	-1.6811962750064522	-0.6299030908069715	-0.8826977670406365	-1.280781993286643	0.36020919161734405	2.6529095207639166	0.20852745777295947	-0.3047333191297394	2.8312953115496526	-1.1113139559724068	0.14773870960248284	0.0299440492610229	-0.7558386875890567	-1.3173868379261555	-0.962848491437136	-0.26346058965464336	0.25610037239579264	-0.04777699045930655	-1.167762982315848	-0.7694472176109433	-0.4748485979363451	-0.832383353873424	0.6359870885865415	0.8982211976000173	0.18647790317316054	-0.33661174802296434	-1.2497766666116357	-0.48211547258267606	-0.7369434384225437	1.2954210775380914	0.6890310596169215	0.28565090235527296	-0.3194533034391332	-0.9190484417709661	-1.3227970068947488	-0.26225072114950837	0.06685337984321411	-0.9676622102137389	-1.3318912303656405	-0.07922963554329973	0.08156874570495666	-0.706570879461307	0.41608957703912663	-0.31923686198253287	-0.23795617124941226	-0.39333199059152907	0.6413195993320929	-0.3658186449332646	0.8399919280125908	0.6353931084098294	-0.5585847078013921	-0.522754786591889	-0.10355872498977574	-0.48321116959843186	0.5273606395125968	0.6436530474853228	-0.7747139902446233	-0.03448432782309461	-0.4241893837512409	0.9682187601321015	0.2691803728798672	1.0338931497193116	-0.9880575257340275	0.7667509901406275	0.12107615918638491	0.6609545906172339	0.27117796240582276	-0.4262083119963944	-0.6749904890628855	-0.7623402591029511	-1.0150958521054725	0.1832744468482195
