compound	predicted	actual	p(0)	p(1)
DTXSID0020074	0	0	0.9732920248510942	0.02670797514890561
DTXSID0020022	1	1	0.4501525955936552	0.5498474044063443
DTXSID0020024	0	0	0.95824547275951	0.041754527240489905
DTXSID0020070	0	0	0.9679184611934742	0.03208153880652553
DTXSID0020494	0	0	0.9145271002901467	0.08547289970985325
DTXSID0020367	0	0	0.8827152438276374	0.11728475617236266
DTXSID0020448	0	0	0.8855193250770893	0.11448067492291063
DTXSID0020575	0	0	0.8820749803165364	0.11792501968346328
DTXSID0020943	0	0	0.6913164513265134	0.3086835486734863
DTXSID0021094	1	0	0.3744390733268728	0.6255609266731272
DTXSID0021206	0	0	0.9641730531741248	0.035826946825875304
DTXSID0021127	1	0	0.49375500020704977	0.5062449997929501
DTXSID0021179	0	0	0.7936475376074911	0.20635246239250868
DTXSID0021339	0	0	0.7191168788180609	0.28088312118193925
DTXSID0021331	0	0	0.7164921409006467	0.28350785909935294
DTXSID0021383	0	0	0.846647941972305	0.15335205802769528
DTXSID0021333	0	1	0.7451747709653561	0.25482522903464355
DTXSID0021597	0	0	0.8774532470974514	0.12254675290254913
DTXSID0021543	0	0	0.8897394802868298	0.11026051971316972
DTXSID0021545	0	0	0.9134950425977002	0.08650495740229942
DTXSID0021389	0	0	0.6594714059041021	0.3405285940958973
DTXSID0021414	0	0	0.6414591208862612	0.35854087911373894
DTXSID0021464	0	1	0.6251397499289411	0.37486025007105866
DTXSID0021751	0	0	0.916376338297284	0.08362366170271579
DTXSID0021599	0	0	0.9169878940094324	0.08301210599056785
DTXSID0021759	0	0	0.9592500993973968	0.04074990060260287
DTXSID0021917	0	0	0.9064889348550236	0.09351106514497615
DTXSID0021969	0	0	0.7363864016070808	0.26361359839291915
DTXSID0022010	0	0	0.5627085907825624	0.4372914092174376
DTXSID0022014	0	0	0.7976730468014682	0.20232695319853142
DTXSID0022301	1	1	0.24289753990766944	0.7571024600923305
DTXSID0022018	0	0	0.5916455572305768	0.40835444276942345
DTXSID0023032	0	0	0.6393513958743973	0.3606486041256026
DTXSID0023036	1	1	0.339241654524363	0.6607583454756368
DTXSID0023088	0	0	0.8995610805819875	0.1004389194180127
DTXSID0023113	0	0	0.5954538082083674	0.4045461917916328
DTXSID0023244	0	0	0.9154820305933269	0.08451796940667275
DTXSID0023292	0	0	0.8795200795187524	0.1204799204812478
DTXSID0023745	0	0	0.9150461328747628	0.08495386712523711
DTXSID0023458	0	0	0.534052656805017	0.46594734319498293
DTXSID0023878	0	0	0.6026528455549702	0.39734715444502977
DTXSID0023909	1	0	0.48198724200543624	0.5180127579945636
DTXSID0024002	1	1	0.3975309894821924	0.6024690105178074
DTXSID0024183	0	0	0.9639783956997686	0.03602160430023158
DTXSID0024266	0	0	0.6087580259146967	0.39124197408530337
DTXSID0025363	0	0	0.9469146603007856	0.05308533969921467
DTXSID0025286	0	0	0.9639403529091717	0.0360596470908282
DTXSID0025492	0	0	0.8622902104574516	0.1377097895425484
DTXSID0025494	0	0	0.7508183869974856	0.24918161300251437
DTXSID0025816	0	0	0.8897920036040793	0.1102079963959203
DTXSID0025862	0	0	0.9109706363497865	0.08902936365021316
DTXSID0025864	0	1	0.8975293599634897	0.10247064003650992
DTXSID0026173	0	0	0.782292026528474	0.21770797347152604
DTXSID0026175	0	0	0.6235455424524461	0.3764544575475538
DTXSID0026882	0	0	0.9068148432257752	0.09318515677422491
DTXSID0026252	1	0	0.3418832227160726	0.6581167772839268
DTXSID0026676	1	1	0.3248909555086356	0.6751090444913644
DTXSID0027014	0	0	0.9268368735399984	0.0731631264600013
DTXSID0026913	0	0	0.9184359354675231	0.08156406453247705
DTXSID0026915	0	0	0.9543296398689638	0.045670360131036286
DTXSID0027195	0	0	0.7702087545578893	0.22979124544211108
DTXSID0027149	0	0	0.9454042540163098	0.05459574598369027
DTXSID0027270	0	0	0.7747291298407282	0.2252708701592718
DTXSID0027486	0	0	0.7920073995755241	0.20799260042447565
DTXSID0027228	0	0	0.9702338749490909	0.029766125050908795
DTXSID0027640	0	0	0.9129135101569631	0.087086489843037
DTXSID0028030	0	0	0.5716358954466982	0.42836410455330176
DTXSID0029187	0	0	0.8656705003776557	0.13432949962234486
DTXSID0029189	0	0	0.7215187411739075	0.27848125882609176
DTXSID0029210	0	0	0.5599594103506395	0.44004058964936027
DTXSID0032998	0	0	0.8344694298123585	0.16553057018764114
DTXSID0034855	1	1	0.30953518259794754	0.6904648174020523
DTXSID0034930	0	0	0.5269292546352653	0.4730707453647346
DTXSID0037522	1	1	0.32115054423728995	0.6788494557627098
DTXSID0038700	0	0	0.687201395539509	0.3127986044604906
DTXSID0039229	0	0	0.9608355541395391	0.03916444586046072
DTXSID0040757	1	1	0.4523581674036589	0.5476418325963409
DTXSID0041224	0	0	0.9370700954333161	0.06292990456668383
DTXSID0041197	0	0	0.5520302709169751	0.4479697290830248
DTXSID0041519	0	0	0.972124970992637	0.027875029007362873
DTXSID0041567	0	0	0.5143664837755696	0.48563351622443046
DTXSID0041981	0	0	0.9210077609077181	0.07899223909228197
DTXSID0041983	1	1	0.32310375881204956	0.6768962411879507
DTXSID0042117	0	0	0.5636512993761158	0.43634870062388414
DTXSID0042169	0	1	0.7271741296510409	0.27282587034895905
DTXSID0042080	1	1	0.41830320653759623	0.5816967934624037
DTXSID0042325	0	0	0.9510246242503638	0.048975375749636375
DTXSID0042400	0	0	0.6649346768980101	0.3350653231019902
DTXSID0044313	0	0	0.9371145661811761	0.0628854338188239
DTXSID0044361	0	0	0.916357534246642	0.08364246575335786
DTXSID0044280	0	0	0.5296930286456891	0.4703069713543106
DTXSID0044367	0	1	0.6514904055473173	0.34850959445268254
DTXSID0044446	0	0	0.8933583605971982	0.10664163940280169
DTXSID0044448	0	0	0.9835451996158474	0.016454800384152427
DTXSID0044498	0	0	0.9395746309683133	0.0604253690316865
DTXSID0044604	0	0	0.8075664200893032	0.192433579910697
DTXSID0044862	0	0	0.8879716479043797	0.11202835209561993
DTXSID0044812	0	0	0.9651077576733438	0.03489224232665592
DTXSID0044818	0	0	0.899482337401236	0.10051766259876377
DTXSID0044949	0	0	0.9735879582954534	0.02641204170454646
DTXSID0044945	0	0	0.8180784023917859	0.18192159760821405
DTXSID0045175	1	0	0.49982666234410245	0.5001733376558974
DTXSID0045385	0	0	0.7570175519025167	0.24298244809748337
DTXSID0045204	1	1	0.3846864811510226	0.6153135188489768
DTXSID0045670	0	0	0.914192614425446	0.08580738557455383
DTXSID0045751	0	0	0.7333344356452254	0.2666655643547743
DTXSID0045753	0	0	0.7837732533091135	0.21622674669088635
DTXSID0045705	0	0	0.752428330984348	0.24757166901565214
DTXSID0045963	0	0	0.7904477475402354	0.20955225245976425
DTXSID0045965	1	0	0.44584243563356873	0.5541575643664314
DTXSID0046060	0	0	0.6658250532056178	0.3341749467943822
DTXSID0046062	1	0	0.35415312103111485	0.6458468789688852
DTXSID0046064	0	0	0.9647945413263763	0.03520545867362375
DTXSID0046143	1	0	0.2632645171473547	0.7367354828526446
DTXSID0046195	0	0	0.6596243631091745	0.34037563689082584
DTXSID0046197	1	0	0.25237099473366337	0.7476290052663366
DTXSID0046438	1	0	0.48116357289050915	0.5188364271094908
DTXSID0046274	0	0	0.6804295241745743	0.31957047582542564
DTXSID0046276	0	0	0.5994815272017615	0.40051847279823877
DTXSID0046305	1	1	0.26714718373043445	0.7328528162695652
DTXSID0046567	0	0	0.9909230553149545	0.009076944685045562
DTXSID0046513	0	0	0.6220777911740137	0.3779222088259864
DTXSID0046721	1	0	0.19887410405662348	0.8011258959433764
DTXSID0046804	1	1	0.3301664535874211	0.6698335464125779
DTXSID0047034	0	0	0.8118112794591358	0.18818872054086344
DTXSID0047030	0	0	0.9762185399055682	0.023781460094431783
DTXSID0047036	0	0	0.6494033306249123	0.3505966693750879
DTXSID0047038	0	0	0.8209090245078546	0.17909097549214537
DTXSID0047086	0	0	0.9203529530861831	0.07964704691381645
DTXSID0047244	0	0	0.9719265031594427	0.028073496840557138
DTXSID0047290	1	1	0.46041363339517943	0.5395863666048204
DTXSID0047379	1	1	0.2116683370003834	0.7883316629996164
DTXSID0047406	1	0	0.4579082487509653	0.5420917512490344
DTXSID0047587	0	0	0.9498210976845552	0.050178902315444585
DTXSID0047799	0	0	0.7449788037139659	0.2550211962860338
DTXSID0047953	0	1	0.6103693898951029	0.38963061010489697
DTXSID0048507	1	1	0.4619450261958918	0.5380549738041079
DTXSID0048509	1	0	0.30803955888372325	0.6919604411162765
DTXSID0048632	0	0	0.5443146533293955	0.45568534667060434
DTXSID0048769	1	0	0.34913602358904405	0.6508639764109562
DTXSID0049028	0	0	0.8089356084334932	0.19106439156650637
DTXSID0048979	1	0	0.22041192197340082	0.779588078026599
DTXSID0048890	0	0	0.8358811760674133	0.16411882393258653
DTXSID0048971	1	0	0.4705649446999033	0.5294350553000965
DTXSID0049317	0	0	0.5709450147370613	0.42905498526293867
DTXSID0049280	0	0	0.6025763079902228	0.3974236920097771
DTXSID1020194	0	0	0.9053893307508809	0.09461066924911903
DTXSID1020350	0	0	0.9165206125148206	0.08347938748517894
DTXSID1020358	0	0	0.6302547871663023	0.3697452128336975
DTXSID1020512	0	0	0.9006314145907437	0.09936858540925582
DTXSID1020516	0	0	0.9478890038951766	0.052110996104823275
DTXSID1020437	0	0	0.878886598103639	0.12111340189636063
DTXSID1020485	1	1	0.2976095533641706	0.7023904466358292
DTXSID1020562	0	0	0.8444623806121201	0.1555376193878799
DTXSID1020483	0	0	0.7464930162256929	0.253506983774307
DTXSID1020728	0	0	0.9445647394416153	0.05543526055838455
DTXSID1020855	0	0	0.5770671998377849	0.422932800162215
DTXSID1020982	0	1	0.9308305503718841	0.0691694496281159
DTXSID1021116	0	0	0.8818654964879429	0.1181345035120571
DTXSID1021372	1	1	0.46887636105613545	0.5311236389438642
DTXSID1021322	0	1	0.509945215003138	0.49005478499686156
DTXSID1021378	0	0	0.7628871847672534	0.23711281523274608
DTXSID1021403	0	0	0.9093030956059526	0.0906969043940474
DTXSID1021615	0	0	0.9008822748575269	0.09911772514247306
DTXSID1021619	0	0	0.9769811332713674	0.023018866728632258
DTXSID1021299	1	0	0.28170063619171326	0.7182993638082862
DTXSID1021665	0	0	0.8283114746381015	0.17168852536189874
DTXSID1021740	0	0	0.9822042708379425	0.017795729162057364
DTXSID1021821	0	0	0.9693866939168934	0.030613306083106397
DTXSID1021877	0	0	0.9312598063855829	0.068740193614417
DTXSID1022007	0	0	0.8829024862235183	0.1170975137764815
DTXSID1021902	0	0	0.7470452025437104	0.25295479745628946
DTXSID1021952	1	1	0.2794915629789896	0.7205084370210101
DTXSID1022009	0	0	0.880980132047539	0.11901986795246117
DTXSID1021904	0	0	0.9547034745091066	0.04529652549089321
DTXSID1022138	0	0	0.9605362583632919	0.03946374163670803
DTXSID1022421	0	0	0.8234083690531516	0.17659163094684843
DTXSID1022217	0	0	0.7765234784001316	0.2234765215998685
DTXSID1022188	0	0	0.8957882319847621	0.10421176801523803
DTXSID1022394	1	1	0.24723365599606587	0.7527663440039339
DTXSID1022843	1	1	0.31361527537113876	0.6863847246288605
DTXSID1023021	0	1	0.7416631210742659	0.25833687892573387
DTXSID1022681	1	0	0.31191432967583066	0.6880856703241693
DTXSID1023235	0	0	0.8880171236003257	0.11198287639967458
DTXSID1023815	0	0	0.6582320059445214	0.34176799405547825
DTXSID1024045	0	0	0.9660369184145455	0.033963081585454295
DTXSID1023786	0	0	0.9674688853054083	0.032531114694591634
DTXSID1023998	1	0	0.2881715099253206	0.7118284900746791
DTXSID1024091	0	0	0.9160576154221458	0.08394238457785395
DTXSID1024128	1	0	0.3636159892368375	0.636384010763162
DTXSID1024209	0	1	0.5835559597636957	0.41644404023630416
DTXSID1024097	0	0	0.9610916424222836	0.038908357577716296
DTXSID1024259	1	1	0.32109001893486067	0.6789099810651394
DTXSID1024174	0	0	0.5341333295267036	0.4658666704732963
DTXSID1024702	0	0	0.7746094701712576	0.2253905298287424
DTXSID1024621	0	0	0.9059859617933455	0.09401403820665456
DTXSID1024918	0	0	0.9089113380513638	0.0910886619486358
DTXSID1025302	0	0	0.5512421252961162	0.4487578747038837
DTXSID1025481	0	0	0.9238780229067473	0.07612197709325255
DTXSID1025560	0	0	0.5621579344954176	0.43784206550458227
DTXSID1025693	0	0	0.7410108747275583	0.25898912527244144
DTXSID1026031	0	0	0.7204980362977412	0.27950196370225855
DTXSID1025807	1	0	0.46254760532008016	0.5374523946799196
DTXSID1025809	0	0	0.5173146439181425	0.4826853560818574
DTXSID1026902	0	1	0.681314596196997	0.318685403803003
DTXSID1026740	0	0	0.8501594213965421	0.1498405786034573
DTXSID1026900	0	1	0.66928377316394	0.3307162268360601
DTXSID1026906	0	0	0.8163239798566287	0.1836760201433717
DTXSID1026908	0	0	0.9582423861288721	0.04175761387112777
DTXSID1027211	0	0	0.9671953742113009	0.03280462578869901
DTXSID1027471	0	0	0.7643201029832716	0.23567989701672853
DTXSID1027134	0	1	0.7510676490848277	0.24893235091517205
DTXSID1027267	0	0	0.841020724538303	0.1589792754616973
DTXSID1027269	0	0	0.6378808692741635	0.3621191307258363
DTXSID1027427	0	0	0.9186531091920205	0.08134689080797929
DTXSID1027500	0	0	0.9729423959669476	0.027057604033052206
DTXSID1027265	0	0	0.915662616611334	0.08433738338866598
DTXSID1027768	0	0	0.6943827497319472	0.30561725026805253
DTXSID1027714	0	1	0.5451901162077999	0.4548098837921998
DTXSID1027920	0	0	0.6706736085134871	0.32932639148651277
DTXSID1027639	0	0	0.9396069582063169	0.06039304179368326
DTXSID1029203	0	0	0.8659460951358195	0.13405390486418017
DTXSID1031591	0	0	0.9683261037419233	0.03167389625807676
DTXSID1029338	0	0	0.8366477731937322	0.1633522268062678
DTXSID1029910	0	0	0.8776676714747771	0.12233232852522281
DTXSID1032303	0	0	0.6131935476544854	0.38680645234551464
DTXSID1032511	0	0	0.962721280879398	0.037278719120602155
DTXSID1032482	1	0	0.4926437038349457	0.5073562961650543
DTXSID1032484	1	1	0.28406361122219037	0.7159363887778099
DTXSID1032640	1	0	0.3236098711808013	0.6763901288191981
DTXSID1032690	1	1	0.23468797799604554	0.7653120220039541
DTXSID1034503	1	1	0.33653096487302747	0.6634690351269725
DTXSID1034187	1	0	0.39489990484172866	0.6051000951582709
DTXSID1035288	0	1	0.8172487326905629	0.18275126730943736
DTXSID1034769	1	0	0.3841202597535904	0.6158797402464095
DTXSID1037511	0	0	0.7250562997911638	0.2749437002088357
DTXSID1037303	0	1	0.6662933698340153	0.33370663016598506
DTXSID1038321	1	0	0.4919194116185222	0.5080805883814776
DTXSID1038666	1	1	0.34411986996769256	0.6558801300323077
DTXSID1040667	0	0	0.9518929413625837	0.048107058637416315
DTXSID1041261	0	0	0.9285670408560561	0.07143295914394358
DTXSID1041265	0	0	0.7784589766169842	0.2215410233830157
DTXSID1041425	0	0	0.9661549048837146	0.033845095116285445
DTXSID1041267	0	0	0.9675557524423622	0.03244424755763761
DTXSID1041421	0	1	0.6754644649106494	0.3245355350893505
DTXSID1041396	0	0	0.9397797289649145	0.06022027103508512
DTXSID1041681	1	0	0.30728071513505123	0.6927192848649483
DTXSID1041920	0	0	0.9678469189167642	0.03215308108323573
DTXSID1042285	0	0	0.6188248654412241	0.3811751345587757
DTXSID1042491	0	1	0.7740555818039943	0.2259444181960057
DTXSID1044487	0	1	0.6575019129261012	0.34249808707389917
DTXSID1044354	0	0	0.9655104271485271	0.03448957285147261
DTXSID1044564	0	0	0.8571107632802218	0.142889236719778
DTXSID1044776	0	0	0.9618060635382182	0.03819393646178176
DTXSID1044801	0	1	0.8902812175686742	0.10971878243132588
DTXSID1044807	0	0	0.9291375711505689	0.07086242884943074
DTXSID1044770	0	0	0.9428576212392271	0.05714237876077294
DTXSID1045118	0	0	0.5376158437130928	0.46238415628690727
DTXSID1044986	0	0	0.7950799614092584	0.20492003859074132
DTXSID1044857	0	1	0.851830654853272	0.14816934514672764
DTXSID1045372	1	0	0.40514736859904454	0.5948526314009552
DTXSID1045326	1	1	0.4145775408825883	0.5854224591174118
DTXSID1045661	0	0	0.6194224038540184	0.3805775961459817
DTXSID1045407	0	0	0.6818741306691318	0.31812586933086834
DTXSID1044859	1	0	0.3992647325732851	0.6007352674267148
DTXSID1045669	1	0	0.33860253090222175	0.6613974690977783
DTXSID1045794	1	0	0.41577576765225543	0.5842242323477445
DTXSID1045879	0	0	0.9746538576738948	0.025346142326105013
DTXSID1046055	0	0	0.6900917307214058	0.3099082692785941
DTXSID1045950	0	0	0.9789839325811346	0.02101606741886533
DTXSID1046051	0	0	0.8880171236003257	0.11198287639967458
DTXSID1045877	0	0	0.9602371790958396	0.039762820904160466
DTXSID1045958	1	0	0.4390682615185167	0.5609317384814831
DTXSID1046059	0	0	0.8346179472380993	0.16538205276190052
DTXSID1045873	0	0	0.8538014426068713	0.14619855739312887
DTXSID1045904	0	0	0.5377786998707063	0.46222130012929386
DTXSID1046182	0	0	0.5964480922906504	0.4035519077093495
DTXSID1046213	1	1	0.3831618563699115	0.6168381436300884
DTXSID1046348	0	0	0.8774149527042816	0.1225850472957184
DTXSID1046508	1	1	0.4716023644623306	0.528397635537669
DTXSID1046475	0	0	0.5785553397827884	0.42144466021721155
DTXSID1046500	0	0	0.7475700086801501	0.2524299913198497
DTXSID1046716	1	0	0.46863482942768564	0.5313651705723144
DTXSID1046841	1	0	0.39352178603811716	0.6064782139618824
DTXSID1047104	0	1	0.9147861836172789	0.08521381638272123
DTXSID1047281	1	1	0.3270753530384013	0.6729246469615989
DTXSID1047158	0	0	0.8901132946196674	0.1098867053803325
DTXSID1047318	0	1	0.5080491267403471	0.4919508732596527
DTXSID1047310	1	1	0.29485586422142285	0.7051441357785768
DTXSID1047443	0	0	0.7584351561362545	0.2415648438637454
DTXSID1047493	0	0	0.7897544063490216	0.21024559365097822
DTXSID1047578	0	0	0.7088675734814731	0.29113242651852667
DTXSID1047655	0	0	0.9182824513426203	0.08171754865737924
DTXSID1047817	1	1	0.40224982643487617	0.5977501735651236
DTXSID1047944	0	1	0.6103693898951029	0.38963061010489697
DTXSID1047869	0	0	0.5023917337029208	0.4976082662970789
DTXSID1048170	0	1	0.5049280110213232	0.49507198897867666
DTXSID1048675	0	0	0.955711988985993	0.044288011014007124
DTXSID1048756	1	0	0.43516995213030524	0.5648300478696945
DTXSID1048837	0	0	0.9277556800733281	0.07224431992667185
DTXSID1048831	1	0	0.4838642596174107	0.5161357403825894
DTXSID1048839	1	0	0.3048145926693095	0.6951854073306896
DTXSID1048881	0	0	0.6058659047177639	0.3941340952822361
DTXSID1048883	0	0	0.6058659047177639	0.3941340952822361
DTXSID1048885	0	0	0.7690090686316399	0.23099093136835996
DTXSID1048887	0	0	0.7886541608098961	0.2113458391901036
DTXSID1048889	0	0	0.7183173063819317	0.28168269361806836
DTXSID1048704	0	0	0.895527200174248	0.10447279982575226
DTXSID1048706	0	0	0.9084389562525511	0.09156104374744879
DTXSID1048752	1	1	0.42338989518002307	0.5766101048199764
DTXSID1048962	0	0	0.7584721633490575	0.24152783665094213
DTXSID1049273	0	1	0.7705600538995678	0.22943994610043242
DTXSID1049354	0	0	0.729039738479623	0.2709602615203769
DTXSID1049350	0	0	0.8450040674211904	0.15499593257880934
DTXSID1049308	0	0	0.9769945324985926	0.02300546750140746
DTXSID1049302	0	0	0.6699261119887148	0.3300738880112854
DTXSID2020210	0	0	0.9676186759603602	0.03238132403963931
DTXSID2020349	0	0	0.8954452381878701	0.10455476181212937
DTXSID2020347	1	1	0.3756981869251979	0.6243018130748018
DTXSID2020345	0	1	0.6262368658306483	0.3737631341693513
DTXSID2020470	0	1	0.711748019265481	0.28825198073451885
DTXSID2020505	0	0	0.9487398815689133	0.05126011843108648
DTXSID2020428	0	0	0.8351179440568253	0.16488205594317454
DTXSID2020717	1	1	0.22043615111785397	0.7795638488821455
DTXSID2020761	0	0	0.954286931836299	0.04571306816370093
DTXSID2020767	0	0	0.8757942743811711	0.1242057256188288
DTXSID2021028	0	0	0.9840931481628324	0.015906851837167297
DTXSID2021026	0	0	0.9744833566753484	0.025516643324651467
DTXSID2021319	0	0	0.801184267467463	0.19881573253253693
DTXSID2021367	1	1	0.39341228946882767	0.6065877105311723
DTXSID2021650	0	0	0.9634519356621253	0.03654806433787466
DTXSID2021600	0	0	0.9479404821252548	0.05205951787474519
DTXSID2021652	0	0	0.7668585354450341	0.23314146455496573
DTXSID2021654	0	0	0.9550466955588464	0.04495330444115387
DTXSID2021602	0	0	0.7324701503629873	0.2675298496370129
DTXSID2021604	0	0	0.9206761388967482	0.07932386110325221
DTXSID2021658	0	0	0.9803613909559323	0.019638609044067612
DTXSID2021731	0	0	0.9407543556492916	0.05924564435070818
DTXSID2021739	0	0	0.9746710378509655	0.02532896214903436
DTXSID2021735	0	0	0.9519278316805125	0.04807216831948738
DTXSID2021818	0	0	0.9683667359256595	0.03163326407434017
DTXSID2021941	0	0	0.9308008971021429	0.06919910289785706
DTXSID2022096	0	0	0.9026271595173738	0.09737284048262616
DTXSID2021947	0	0	0.8784310786473184	0.12156892135268169
DTXSID2022254	0	0	0.5927862322642713	0.40721376773572876
DTXSID2022123	0	0	0.9753871839450468	0.024612816054953194
DTXSID2022127	1	1	0.20748056957709207	0.7925194304229073
DTXSID2022171	0	0	0.9438849109259263	0.056115089074073185
DTXSID2022674	0	0	0.6934980689316067	0.30650193106839313
DTXSID2022628	0	0	0.7837732533091135	0.21622674669088635
DTXSID2022886	0	0	0.6431390383400154	0.35686096165998454
DTXSID2023434	0	1	0.7948432685802888	0.2051567314197109
DTXSID2023723	0	0	0.9345388392980161	0.06546116070198402
DTXSID2023725	0	0	0.8075328089020417	0.192467191097958
DTXSID2024030	0	0	0.8590638145735632	0.1409361854264369
DTXSID2024038	0	0	0.8538026717989627	0.1461973282010371
DTXSID2024086	0	1	0.5427045301016072	0.45729546989839265
DTXSID2023569	0	0	0.703194936277832	0.29680506372216764
DTXSID2024113	0	0	0.5764364245152568	0.42356357548474327
DTXSID2024666	0	0	0.9612643579580075	0.038735642041992695
DTXSID2024797	0	0	0.9279614464472818	0.07203855355271785
DTXSID2024953	0	0	0.9536395730388704	0.04636042696112938
DTXSID2025139	1	1	0.4360239099782405	0.5639760900217595
DTXSID2025391	0	0	0.9459661625925473	0.0540338374074525
DTXSID2025501	0	0	0.8466653734841121	0.15333462651588753
DTXSID2025505	1	0	0.4476071464308272	0.5523928535691724
DTXSID2025551	0	0	0.8239795601189509	0.17602043988104907
DTXSID2025842	0	1	0.5843053563330904	0.4156946436669093
DTXSID2026107	0	1	0.6564918174457715	0.3435081825542283
DTXSID2025846	0	0	0.9334322959179089	0.06656770408209084
DTXSID2026238	0	0	0.9321234646138998	0.06787653538610033
DTXSID2026608	0	0	0.9432954460776313	0.05670455392236859
DTXSID2026943	0	0	0.9143297876788122	0.08567021232118804
DTXSID2026991	0	0	0.9510645871902166	0.04893541280978336
DTXSID2026997	0	0	0.863424591401636	0.13657540859836398
DTXSID2026781	0	0	0.9449466446426688	0.055053355357331114
DTXSID2027098	0	0	0.9376540650238119	0.06234593497618831
DTXSID2027462	0	0	0.762521248941334	0.23747875105866587
DTXSID2027543	0	0	0.9763850319093074	0.023614968090692367
DTXSID2027204	0	0	0.8491507620026871	0.15084923799731256
DTXSID2027258	0	1	0.9851612929134964	0.014838707086503443
DTXSID2027333	0	0	0.8696018570108517	0.1303981429891481
DTXSID2027412	0	0	0.8340713945902123	0.16592860540978754
DTXSID2027595	0	0	0.8958386870926561	0.10416131290734372
DTXSID2027624	0	0	0.675529994510471	0.3244700054895292
DTXSID2027834	0	0	0.9783887251668761	0.021611274833123698
DTXSID2027884	0	0	0.9670102646726252	0.0329897353273744
DTXSID2029240	0	0	0.8991986475998844	0.10080135240011553
DTXSID2029242	0	0	0.811661597724068	0.18833840227593182
DTXSID2029662	1	1	0.4978234515168488	0.502176548483151
DTXSID2029246	0	0	0.6466249186507427	0.35337508134925727
DTXSID2029874	1	1	0.4246566632313171	0.5753433367686825
DTXSID2032344	0	0	0.5708132075923043	0.42918679240769564
DTXSID2032421	0	0	0.756623200701018	0.24337679929898187
DTXSID2032392	1	0	0.36066380317741015	0.6393361968225896
DTXSID2033447	0	0	0.9571756711040085	0.04282432889599118
DTXSID2033863	0	0	0.8299409202304032	0.17005907976959617
DTXSID2034095	1	0	0.32337641999968697	0.6766235800003133
DTXSID2034598	1	1	0.36066380317741015	0.6393361968225896
DTXSID2034338	0	0	0.6502424796342027	0.3497575203657972
DTXSID2034881	1	1	0.20840058049734794	0.7915994195026521
DTXSID2035481	0	0	0.7976933694058753	0.20230663059412468
DTXSID2036299	0	0	0.9597922793063876	0.04020772069361238
DTXSID2036588	1	1	0.38746012367083515	0.6125398763291647
DTXSID2038788	0	0	0.9384618059223969	0.06153819407760253
DTXSID2041256	0	0	0.9364184879282207	0.0635815120717794
DTXSID2041046	1	0	0.37846150272095974	0.6215384972790399
DTXSID2040787	1	1	0.41304960257620477	0.5869503974237952
DTXSID2041416	0	0	0.9325320125427871	0.06746798745721301
DTXSID2041418	0	0	0.9639489811724882	0.03605101882751176
DTXSID2041884	1	1	0.48099472296811946	0.5190052770318805
DTXSID2041917	0	0	0.7979715012099191	0.2020284987900808
DTXSID2041759	0	1	0.6766212732049054	0.3233787267950945
DTXSID2041672	0	0	0.6998049334508836	0.3001950665491161
DTXSID2042195	0	0	0.6178067008135998	0.38219329918640066
DTXSID2042436	0	0	0.5298753586147136	0.47012464138528637
DTXSID2044347	0	0	0.9389342583442283	0.06106574165577155
DTXSID2044395	0	0	0.7688590384621894	0.23114096153781089
DTXSID2044680	0	0	0.9216782928206838	0.07832170717931572
DTXSID2044632	0	0	0.7944478819711766	0.20555211802882312
DTXSID2044844	0	0	0.8930794856570068	0.10692051434299289
DTXSID2044898	0	0	0.8832907285204142	0.11670927147958557
DTXSID2044929	0	0	0.8171244262552453	0.18287557374475505
DTXSID2044975	0	0	0.7739564036518591	0.22604359634814064
DTXSID2045078	0	0	0.7871430265219814	0.21285697347801832
DTXSID2044971	1	1	0.2967258882479227	0.7032741117520769
DTXSID2045107	0	0	0.9319606032938843	0.06803939670611575
DTXSID2045151	0	0	0.7853480027095716	0.21465199729042828
DTXSID2045232	1	1	0.43271377414730855	0.5672862258526911
DTXSID2045650	0	0	0.9557755819931819	0.044224418006818186
DTXSID2045781	0	1	0.5776925408600898	0.42230745913991036
DTXSID2045787	0	0	0.7483477072739048	0.25165229272609496
DTXSID2046042	0	0	0.6149433373958696	0.3850566626041303
DTXSID2045862	0	0	0.7225527361327495	0.2774472638672505
DTXSID2046412	0	0	0.9671111586332383	0.03288884136676187
DTXSID2046171	0	0	0.971280038010331	0.02871996198966905
DTXSID2046418	0	0	0.7417847745773721	0.25821522542262737
DTXSID2046200	0	0	0.6906300851851117	0.309369914814888
DTXSID2046541	0	0	0.8466000334503818	0.1533999665496179
DTXSID2046628	0	0	0.5668505232839471	0.43314947671605286
DTXSID2046888	0	0	0.5525563243938992	0.4474436756061007
DTXSID2046705	0	0	0.6563838271176734	0.34361617288232665
DTXSID2047062	0	0	0.9595372126841244	0.04046278731587586
DTXSID2047064	0	0	0.9401420936784595	0.059857906321540276
DTXSID2047060	0	0	0.7986414650922562	0.20135853490774344
DTXSID2047149	0	0	0.9801230820183682	0.019876917981631794
DTXSID2047274	0	0	0.6623865786279061	0.3376134213720936
DTXSID2047199	0	0	0.7172085964094752	0.2827914035905248
DTXSID2047303	1	1	0.32448599211465534	0.6755140078853445
DTXSID2047351	1	1	0.23142383275857714	0.7685761672414224
DTXSID2047565	0	0	0.6614395293637378	0.3385604706362624
DTXSID2047694	0	0	0.6699801980089974	0.3300198019910022
DTXSID2047777	0	0	0.5983269746720563	0.40167302532794347
DTXSID2047779	1	0	0.40310187338170594	0.5968981266182939
DTXSID2047858	1	0	0.327234164643168	0.6727658353568322
DTXSID2047935	0	1	0.8238601436275359	0.17613985637246352
DTXSID2048587	0	0	0.8029951720475671	0.1970048279524326
DTXSID2048749	0	0	0.5667817527423258	0.43321824725767427
DTXSID2048799	0	0	0.7750249883887282	0.22497501161127165
DTXSID2048616	0	0	0.7344598619629831	0.26554013803701687
DTXSID2048878	0	1	0.5480435805073006	0.45195641949269905
DTXSID2048828	0	0	0.6960696778168872	0.30393032218311267
DTXSID2049008	0	0	0.6817212836439005	0.31827871635609956
DTXSID2049054	1	1	0.3456417455100773	0.6543582544899228
DTXSID2049341	0	0	0.8148385653789215	0.18516143462107862
DTXSID2049349	0	0	0.814198143347904	0.18580185665209586
DTXSID2049395	0	0	0.7650685134420472	0.2349314865579525
DTXSID2049397	0	0	0.6114368392362893	0.38856316076371067
DTXSID3020093	0	0	0.8331295394275791	0.16687046057242078
DTXSID3020047	0	0	0.8407109251758625	0.15928907482413732
DTXSID3020097	1	0	0.439644276380323	0.560355723619677
DTXSID3020099	0	1	0.6692811233557066	0.3307188766442936
DTXSID3020332	0	0	0.8697990646983587	0.13020093530164156
DTXSID3020413	0	0	0.6548537087498354	0.3451462912501644
DTXSID3020415	0	0	0.7373185611756543	0.2626814388243454
DTXSID3020463	0	0	0.9765968696099595	0.023403130390040505
DTXSID3020546	0	0	0.8072449633134429	0.19275503668655666
DTXSID3020750	0	0	0.9480714499131722	0.05192855008682778
DTXSID3020910	0	0	0.8466532955911446	0.15334670440885514
DTXSID3020962	0	0	0.7805022924940284	0.21949770750597172
DTXSID3021277	0	0	0.9537111304985005	0.046288869501499325
DTXSID3021437	0	0	0.8985344061623848	0.10146559383761489
DTXSID3021275	0	1	0.7706558525432107	0.22934414745678924
DTXSID3021518	0	0	0.8966019531645624	0.10339804683543757
DTXSID3021641	0	0	0.9591701844880149	0.040829815511984634
DTXSID3021643	0	0	0.899049912073159	0.10095008792684064
DTXSID3021645	0	0	0.9655585857882198	0.034441414211779965
DTXSID3021647	0	0	0.9909851410199281	0.009014858980072015
DTXSID3021853	0	0	0.892697707969711	0.10730229203028874
DTXSID3021930	0	0	0.8914068439073027	0.10859315609269718
DTXSID3021986	0	0	0.7944863930373106	0.20551360696268875
DTXSID3021932	0	0	0.9270690053008014	0.07293099469919864
DTXSID3021938	0	0	0.8613067517659906	0.13869324823400897
DTXSID3021984	0	0	0.8772167695751435	0.12278323042485641
DTXSID3022162	1	1	0.37046680773471247	0.629533192265287
DTXSID3022403	1	1	0.28548394932847243	0.7145160506715281
DTXSID3022405	1	0	0.4041688570361931	0.5958311429638069
DTXSID3022611	0	0	0.5588323811579212	0.44116761884207906
DTXSID3022956	0	1	0.8391735834096646	0.16082641659033506
DTXSID3023007	0	0	0.6824167479883374	0.31758325201166226
DTXSID3023554	1	0	0.20907657379443328	0.7909234262055667
DTXSID3023269	0	0	0.8113601572527791	0.18863984274722054
DTXSID3023425	1	1	0.4773588353834657	0.5226411646165342
DTXSID3023712	0	0	0.6767940531910294	0.3232059468089707
DTXSID3023681	1	0	0.43271300760826564	0.5672869923917342
DTXSID3024108	1	1	0.3734059191850875	0.626594080814912
DTXSID3024102	1	0	0.4900834198443583	0.5099165801556413
DTXSID3024366	0	0	0.9151622435255936	0.08483775647440632
DTXSID3024362	0	0	0.8394561141900797	0.16054388580992002
DTXSID3024368	0	0	0.9272732424648276	0.07272675753517227
DTXSID3024449	0	1	0.8258457232519986	0.17415427674800124
DTXSID3024522	0	0	0.9488908773602452	0.05110912263975487
DTXSID3024657	0	0	0.8969697406058956	0.10303025939410404
DTXSID3024942	0	0	0.6065806367786241	0.39341936322137594
DTXSID3025091	1	1	0.40714918801554517	0.5928508119844546
DTXSID3025093	1	1	0.2878745959244408	0.7121254040755589
DTXSID3025049	0	0	0.9446913812218186	0.055308618778181315
DTXSID3025047	0	0	0.9385945584815836	0.06140544151841634
DTXSID3025045	0	1	0.7985779835991506	0.20142201640084928
DTXSID3025706	0	0	0.5161312811983484	0.4838687188016515
DTXSID3025671	0	0	0.9320806980677234	0.06791930193227631
DTXSID3025758	0	0	0.9208068227190808	0.07919317728091935
DTXSID3025469	0	0	0.952412092347744	0.047587907652255824
DTXSID3026275	0	0	0.9655752766296753	0.03442472337032445
DTXSID3027039	0	0	0.7500865807701915	0.24991341922980886
DTXSID3026932	0	0	0.5866036261230363	0.4133963738769637
DTXSID3027291	0	0	0.8868248427099397	0.1131751572900606
DTXSID3027295	0	0	0.9030050734477086	0.09699492655229104
DTXSID3027297	0	0	0.8108160647389698	0.1891839352610298
DTXSID3027403	0	1	0.5139892261035905	0.4860107738964093
DTXSID3027407	0	0	0.8487571675512396	0.15124283244876074
DTXSID3027536	0	0	0.6357593678058084	0.36424063219419156
DTXSID3027534	0	0	0.8415515856771415	0.15844841432285794
DTXSID3027580	0	0	0.7115359570147874	0.28846404298521255
DTXSID3027588	0	0	0.5490958815004382	0.4509041184995617
DTXSID3027615	0	0	0.5868261760896115	0.4131738239103884
DTXSID3027823	0	0	0.5628069694833672	0.43719303051663266
DTXSID3027829	0	0	0.8387002386312239	0.16129976136877594
DTXSID3029108	0	0	0.9244149636778732	0.07558503632212699
DTXSID3029152	0	0	0.8521716028365631	0.1478283971634367
DTXSID3028001	1	0	0.24432721417373454	0.7556727858262648
DTXSID3028005	1	0	0.4598290847051586	0.5401709152948411
DTXSID3029158	0	0	0.8859484101759092	0.11405158982409055
DTXSID3029362	0	1	0.588815345992082	0.4111846540079177
DTXSID3029231	0	0	0.9435032143281158	0.05649678567188377
DTXSID3029364	1	1	0.342659929063322	0.6573400709366777
DTXSID3029235	0	0	0.8399616248529606	0.16003837514703953
DTXSID3030056	1	1	0.28148629198792646	0.7185137080120734
DTXSID3031444	0	0	0.8272076845515783	0.17279231544842136
DTXSID3031860	0	0	0.6753791557297808	0.324620844270219
DTXSID3031862	0	0	0.6690477736154857	0.3309522263845146
DTXSID3031864	0	0	0.6681539084755467	0.3318460915244533
DTXSID3032751	1	1	0.4989174570918995	0.5010825429081005
DTXSID3032832	0	0	0.6467484999619982	0.3532515000380014
DTXSID3033276	0	0	0.9703697502350499	0.029630249764949896
DTXSID3033307	1	1	0.3803823951279865	0.6196176048720134
DTXSID3034612	1	1	0.30953518259794754	0.6904648174020523
DTXSID3034957	0	0	0.7053840209161446	0.2946159790838555
DTXSID3036288	0	0	0.7168426697605375	0.28315733023946205
DTXSID3037094	1	1	0.3185355896486215	0.6814644103513782
DTXSID3037709	0	0	0.7310149899249737	0.26898501007502645
DTXSID3037707	0	0	0.7156895790815923	0.284310420918408
DTXSID3037757	0	1	0.9377900215256842	0.06220997847431559
DTXSID3038725	0	0	0.703087886099636	0.29691211390036437
DTXSID3039242	0	0	0.9093702455034267	0.09062975449657315
DTXSID3038939	0	0	0.6631746899745291	0.33682531002547095
DTXSID3038808	1	0	0.4341536295518709	0.565846370448129
DTXSID3040728	0	0	0.9309012058266255	0.06909879417337417
DTXSID3041370	0	0	0.922120572810968	0.07787942718903175
DTXSID3041403	0	0	0.8096747968594671	0.19032520314053264
DTXSID3041451	0	0	0.9445659912495273	0.055434008750472746
DTXSID3041954	0	0	0.9394988584313588	0.0605011415686411
DTXSID3041665	1	1	0.4067148486233454	0.5932851513766543
DTXSID3042269	1	0	0.27569321654295964	0.7243067834570401
DTXSID3042215	0	1	0.9209786297522494	0.07902137024774998
DTXSID3044124	0	0	0.6628469313002208	0.33715306869977896
DTXSID3044334	0	0	0.8965488140783755	0.10345118592162429
DTXSID3042477	1	1	0.3388159852882538	0.6611840147117459
DTXSID3043782	1	0	0.24607497797359834	0.7539250220264014
DTXSID3044251	0	0	0.7761751549793194	0.22382484502068034
DTXSID3044203	0	0	0.5401097682457081	0.45989023175429206
DTXSID3044463	0	0	0.8874459336287727	0.1125540663712272
DTXSID3044629	0	0	0.7057561005387012	0.2942438994612985
DTXSID3044679	0	0	0.9442361581714994	0.05576384182850024
DTXSID3044623	0	0	0.9756312547827548	0.024368745217245063
DTXSID3044625	0	0	0.9407579286537971	0.05924207134620272
DTXSID3044750	0	0	0.6728730258710113	0.3271269741289885
DTXSID3044910	0	1	0.9378871500860072	0.06211284991399265
DTXSID3044837	0	0	0.9385865177561699	0.06141348224382991
DTXSID3044839	0	0	0.7351313308871539	0.26486866911284607
DTXSID3044883	0	0	0.9428218080822082	0.05717819191779153
DTXSID3044752	0	0	0.7772732504032279	0.2227267495967718
DTXSID3044918	1	0	0.44542100216966224	0.5545789978303377
DTXSID3045229	0	0	0.664262495802459	0.3357375041975408
DTXSID3045140	0	0	0.5165231714642942	0.48347682853570567
DTXSID3045192	0	1	0.5067518448611614	0.49324815513883835
DTXSID3045649	0	0	0.97603588425899	0.023964115741009727
DTXSID3045695	0	0	0.7397827676195883	0.2602172323804115
DTXSID3045645	0	1	0.5225649696616071	0.47743503033839246
DTXSID3045350	0	0	0.9631863620486425	0.03681363795135721
DTXSID3046081	1	0	0.35362190306416275	0.6463780969358369
DTXSID3045699	0	1	0.656933820418487	0.3430661795815131
DTXSID3046162	0	0	0.9500351064005063	0.049964893599493444
DTXSID3046241	0	0	0.7739056594706964	0.22609434052930333
DTXSID3046405	1	0	0.4183321743847445	0.581667825615255
DTXSID3046532	0	0	0.5911732910278618	0.40882670897213813
DTXSID3046534	0	0	0.9043919573820942	0.09560804261790569
DTXSID3046459	0	0	0.6578017767203177	0.34219822327968225
DTXSID3046906	1	0	0.4380413938605922	0.5619586061394081
DTXSID3046908	1	0	0.48648675260785246	0.5135132473921474
DTXSID3047136	0	0	0.584270847658714	0.4157291523412859
DTXSID3047132	0	0	0.8779638307119686	0.12203616928803114
DTXSID3047265	0	0	0.563460660273588	0.43653933972641196
DTXSID3047631	0	0	0.9448767335581627	0.055123266441837036
DTXSID3047897	0	0	0.895527200174248	0.10447279982575226
DTXSID3047926	0	1	0.5408615745452013	0.4591384254547987
DTXSID3047922	0	0	0.7788318476843117	0.22116815231568837
DTXSID3048736	1	0	0.38964852322256555	0.6103514767774342
DTXSID3048605	0	0	0.7341030914888911	0.26589690851110886
DTXSID3048653	1	1	0.2581352908578559	0.7418647091421433
DTXSID3048813	0	0	0.5061225249202238	0.49387747507977603
DTXSID3048940	0	0	0.9575974564428769	0.04240254355712295
DTXSID3049203	0	0	0.8908768814779008	0.1091231185220989
DTXSID3049336	0	0	0.9485227169227521	0.05147728307724795
DTXSID3049255	0	0	0.9139614663102481	0.08603853368975138
DTXSID3049380	0	0	0.9423859660703675	0.057614033929632526
DTXSID3049382	0	0	0.7657696386397349	0.23423036136026487
DTXSID4020032	0	0	0.9140962699923163	0.08590373000768332
DTXSID4020167	0	0	0.9045764909678408	0.09542350903215883
DTXSID4020086	0	0	0.9411752158151347	0.058824784184865114
DTXSID4020088	0	0	0.6028196250019783	0.3971803749980217
DTXSID4020325	0	0	0.9174023831012839	0.08259761689871585
DTXSID4020458	1	0	0.31002006026364454	0.6899799397363554
DTXSID4020664	0	0	0.9051454826121274	0.09485451738787237
DTXSID4020791	0	0	0.5829118194062808	0.41708818059371905
DTXSID4020828	0	0	0.5446984616068831	0.4553015383931169
DTXSID4020901	0	0	0.8685077696659341	0.13149223033406554
DTXSID4020826	0	1	0.6238847947294804	0.37611520527051967
DTXSID4021393	0	0	0.9258020670103737	0.07419793298962646
DTXSID4021216	0	0	0.6890494602149876	0.3109505397850125
DTXSID4021397	0	0	0.517431603807491	0.4825683961925089
DTXSID4021472	0	0	0.9677753928438403	0.0322246071561597
DTXSID4021557	0	0	0.7604214028455325	0.2395785971544673
DTXSID4021636	0	0	0.9741142780155206	0.02588572198447915
DTXSID4021632	0	0	0.9690485353110013	0.030951464688998523
DTXSID4021688	0	0	0.9517975711161653	0.048202428883834456
DTXSID4021503	0	0	0.8277812673241841	0.17221873267581564
DTXSID4021553	0	1	0.9518690697630245	0.048130930236975074
DTXSID4021684	0	0	0.8626344758870579	0.13736552411294203
DTXSID4021761	0	0	0.9228618726885237	0.07713812731147604
DTXSID4021921	0	0	0.9019349106410547	0.09806508935894495
DTXSID4021929	0	0	0.8898864920620159	0.11011350793798406
DTXSID4021890	0	0	0.9443425202800932	0.05565747971990678
DTXSID4022153	1	1	0.4989522610440888	0.5010477389559111
DTXSID4022159	0	1	0.9134020513825977	0.08659794861740222
DTXSID4022284	0	0	0.9665129263644249	0.03348707363557467
DTXSID4022288	0	1	0.6362272684159728	0.36377273158402745
DTXSID4022311	1	0	0.300735031846952	0.6992649681530474
DTXSID4022866	1	0	0.38887037041847966	0.6111296295815203
DTXSID4022947	1	0	0.4828143872040215	0.5171856127959784
DTXSID4023096	1	0	0.2151464769524792	0.7848535230475207
DTXSID4023416	0	0	0.5084753091573012	0.49152469084269845
DTXSID4023549	0	0	0.5296930286456891	0.4703069713543106
DTXSID4023678	0	0	0.9165983949145747	0.08340160508542471
DTXSID4024143	0	0	0.9563444566306707	0.0436555433693289
DTXSID4024276	1	1	0.4562006595955396	0.5437993404044602
DTXSID4024931	0	0	0.9517928346084203	0.048207165391579467
DTXSID4024642	0	0	0.7518946527153816	0.2481053472846185
DTXSID4024775	0	0	0.8396978000997146	0.16030219990028535
DTXSID4024644	0	0	0.7029541254326043	0.29704587456739523
DTXSID4025113	0	0	0.9441280142477969	0.055871985752202674
DTXSID4025086	0	0	0.9637619081887706	0.03623809181122905
DTXSID4025240	0	0	0.9545500415601654	0.04544995843983478
DTXSID4025242	0	0	0.9413155350347376	0.058684464965262376
DTXSID4025581	1	1	0.3811349869173776	0.6188650130826223
DTXSID4025371	0	0	0.7551261696542501	0.24487383034575028
DTXSID4025292	0	0	0.9751977785895086	0.024802221410491522
DTXSID4025296	0	0	0.9433485554038252	0.05665144459617494
DTXSID4025117	0	0	0.8407999305724694	0.1592000694275303
DTXSID4025402	0	0	0.926583568791759	0.07341643120824115
DTXSID4026183	0	0	0.8888502986290091	0.11114970137099109
DTXSID4026894	0	0	0.9051967009831741	0.09480329901682576
DTXSID4026979	0	0	0.9236065176278528	0.07639348237214699
DTXSID4026921	0	0	0.9191419105041012	0.08085808949589865
DTXSID4026927	0	0	0.7472599226280914	0.25274007737190884
DTXSID4027286	0	0	0.7165599723240913	0.2834400276759086
DTXSID4027280	0	0	0.7155796867774136	0.2844203132225864
DTXSID4027367	0	0	0.7842435012499054	0.21575649875009437
DTXSID4027579	0	0	0.792078131311695	0.20792186868830453
DTXSID4027652	0	0	0.9303107335511632	0.06968926644883659
DTXSID4027650	0	0	0.8740989276583193	0.1259010723416805
DTXSID4027658	0	0	0.9035043089548925	0.09649569104510698
DTXSID4027991	0	0	0.7592641083267404	0.24073589167325976
DTXSID4029359	0	0	0.9822628368021371	0.017737163197862754
DTXSID4029143	0	0	0.9228555690519065	0.07714443094809356
DTXSID4027997	0	0	0.7734808592245871	0.22651914077541282
DTXSID4032459	0	0	0.6276726205507126	0.37232737944928734
DTXSID4030047	1	0	0.2829800912385574	0.7170199087614431
DTXSID4032536	1	0	0.3393879393084409	0.660612060691559
DTXSID4032611	0	0	0.6763033091990047	0.3236966908009952
DTXSID4032613	0	1	0.5519010997305172	0.44809890026948296
DTXSID4034102	0	0	0.513747470606062	0.48625252939393787
DTXSID4033390	0	0	0.5291598099622408	0.47084019003775934
DTXSID4035542	0	0	0.6406593064079341	0.35934069359206594
DTXSID4036229	0	0	0.7944288894798186	0.20557111052018154
DTXSID4038847	0	0	0.814503504072407	0.1854964959275927
DTXSID4037582	0	0	0.6800080025958647	0.3199919974041354
DTXSID4037748	0	0	0.7636469951208003	0.2363530048791997
DTXSID4039231	0	0	0.9377308507845521	0.06226914921544794
DTXSID4040686	0	0	0.5780614292530604	0.42193857074693986
DTXSID4041153	0	0	0.9687140057795928	0.03128599422040714
DTXSID4041573	0	0	0.8857180859720337	0.11428191402796622
DTXSID4041575	0	0	0.935039447536805	0.06496055246319496
DTXSID4042090	0	1	0.7340681848477353	0.2659318151522642
DTXSID4042096	0	0	0.8880171236003257	0.11198287639967458
DTXSID4042418	0	0	0.7031021694889277	0.2968978305110721
DTXSID4042462	1	1	0.48527230909796065	0.5147276909020391
DTXSID4044400	0	0	0.6639262369003164	0.33607376309968373
DTXSID4044375	0	0	0.9680234246212202	0.031976575378779806
DTXSID4042416	0	0	0.679473155041308	0.3205268449586921
DTXSID4044373	0	0	0.8983744507599596	0.10162554924004029
DTXSID4044452	0	0	0.7405872300525561	0.2594127699474433
DTXSID4044450	0	0	0.9115072998036261	0.08849270019637338
DTXSID4044404	0	0	0.8653318996850442	0.1346681003149559
DTXSID4044660	0	0	0.8412277015651565	0.15877229843484325
DTXSID4044662	0	0	0.9177066193841766	0.0822933806158235
DTXSID4044872	0	1	0.5558344431610935	0.4441655568389063
DTXSID4044820	0	0	0.8899717588425229	0.11002824115747754
DTXSID4044589	0	0	0.9833753764047363	0.016624623595263833
DTXSID4044616	0	0	0.5926290784917922	0.40737092150820753
DTXSID4044618	0	0	0.7686449747299584	0.23135502527004148
DTXSID4045636	0	0	0.604586826762606	0.3954131732373943
DTXSID4045393	0	0	0.5607015309046268	0.4392984690953731
DTXSID4045399	0	0	0.5118210316674967	0.48817896833250307
DTXSID4045472	1	0	0.4007932759393043	0.5992067240606954
DTXSID4045929	0	0	0.5437244327121187	0.4562755672878812
DTXSID4045892	1	0	0.49023116073611844	0.5097688392638815
DTXSID4045765	0	0	0.7990273255778781	0.20097267442212163
DTXSID4045975	1	0	0.30011603341591964	0.6998839665840805
DTXSID4045979	0	0	0.9138767246455557	0.08612327535444454
DTXSID4046107	0	0	0.6829231926720296	0.31707680732797056
DTXSID4046230	0	0	0.6138883846227404	0.3861116153772594
DTXSID4046280	1	0	0.37722695798986416	0.6227730420101356
DTXSID4046232	0	0	0.6802879028324839	0.31971209716751625
DTXSID4046234	1	0	0.4799265442233734	0.5200734557766266
DTXSID4046440	0	0	0.9077363215535605	0.09226367844643929
DTXSID4046525	0	0	0.5861419239519862	0.41385807604801356
DTXSID4046606	1	1	0.44402442807533893	0.555975571924661
DTXSID4046575	0	0	0.6028196250019783	0.3971803749980217
DTXSID4046999	0	0	0.8603064756436166	0.13969352435638316
DTXSID4047331	1	0	0.4007908399090983	0.5992091600909015
DTXSID4047206	0	0	0.8239795601189509	0.17602043988104907
DTXSID4047418	0	0	0.9708816985697024	0.02911830143029757
DTXSID4047412	0	1	0.7972041730780494	0.20279582692195125
DTXSID4047466	0	0	0.970240217558648	0.02975978244135199
DTXSID4047545	0	0	0.7222476650597558	0.27775233494024426
DTXSID4047886	1	1	0.3586863341894409	0.6413136658105592
DTXSID4048195	1	1	0.36949955937292805	0.6305004406270718
DTXSID4048199	0	0	0.8954370125298888	0.10456298747011111
DTXSID4048698	1	1	0.4050043739309105	0.5949956260690894
DTXSID4048729	0	0	0.8995610805819875	0.1004389194180127
DTXSID7022910	0	0	0.8995610805819875	0.1004389194180127
DTXSID4048773	0	0	0.6493567886349575	0.35064321136504206
DTXSID4048804	1	0	0.28306124457660997	0.7169387554233903
DTXSID4049240	0	0	0.9113753783063282	0.08862462169367145
DTXSID4049323	0	0	0.9442778148354499	0.055722185164550006
DTXSID4049244	0	0	0.6257599027108178	0.3742400972891826
DTXSID5020023	0	0	0.9543846768060681	0.04561532319393168
DTXSID5020027	0	0	0.9471146187353652	0.052885381264634594
DTXSID5020079	0	0	0.8350703358723013	0.1649296641276989
DTXSID5020449	0	0	0.7673839301944494	0.23261606980555027
DTXSID5020368	0	1	0.6960369230403181	0.30396307695968205
DTXSID5020493	0	0	0.9365805074387549	0.06341949256124485
DTXSID5020601	0	0	0.774590822611168	0.22540917738883137
DTXSID5020605	0	0	0.951547947598776	0.048452052401223925
DTXSID5020659	0	0	0.955711988985993	0.044288011014007124
DTXSID5020813	0	0	0.5628137659850606	0.43718623401493917
DTXSID5020815	0	0	0.7859155216002397	0.21408447839975991
DTXSID5020819	0	0	0.6122407345976457	0.38775926540235395
DTXSID5021330	0	0	0.7695519304521945	0.2304480695478057
DTXSID5021332	0	1	0.633976257628583	0.36602374237141716
DTXSID5021411	0	0	0.6347101719923328	0.36528982800766713
DTXSID5021413	0	1	0.5454785198371253	0.4545214801628746
DTXSID5021546	0	0	0.9053814141908485	0.09461858580915114
DTXSID5021590	0	1	0.8870797789370364	0.11292022106296334
DTXSID5021621	0	0	0.9775603732289865	0.02243962677101351
DTXSID5021415	0	0	0.9037931539167553	0.09620684608324448
DTXSID5021598	0	0	0.9489312555314097	0.0510687444685901
DTXSID5021463	0	1	0.6705012640454885	0.32949873595451157
DTXSID5021758	0	1	0.7472971493778491	0.2527028506221505
DTXSID5021883	0	0	0.9365284529957125	0.06347154700428717
DTXSID5021837	0	0	0.9347853566402182	0.06521464335978161
DTXSID5021968	0	0	0.790379148870333	0.2096208511296668
DTXSID5022306	0	0	0.5530660956678523	0.4469339043321475
DTXSID5022803	0	0	0.7165187033833287	0.28348129661667143
DTXSID5022724	0	0	0.5143119889051087	0.4856880110948913
DTXSID5023114	0	0	0.8048365757165601	0.1951634242834397
DTXSID5023035	1	1	0.36880710615197515	0.6311928938480245
DTXSID5023081	0	0	0.895527200174248	0.10447279982575226
DTXSID5023613	0	0	0.7736249369179201	0.22637506308207977
DTXSID5023586	1	0	0.4152269541592719	0.584773045840728
DTXSID5023588	0	0	0.8880171236003257	0.11198287639967458
DTXSID5023796	0	1	0.5481030826631175	0.4518969173368826
DTXSID5023825	0	0	0.6834589466542087	0.3165410533457911
DTXSID5023902	0	0	0.5286223131630928	0.47137768683690695
DTXSID5023877	0	0	0.8252138979126645	0.17478610208733514
DTXSID5024051	0	0	0.9436871845265153	0.056312815473484816
DTXSID5024055	0	0	0.9412829362106012	0.05871706378939882
DTXSID5024182	0	0	0.9662308039814245	0.03376919601857567
DTXSID5024263	0	0	0.9370302990652093	0.06296970093479083
DTXSID5024344	0	0	0.5228992327159674	0.47710076728403267
DTXSID5024346	0	0	0.5168090441758053	0.4831909558241945
DTXSID5024554	1	0	0.34760337074500486	0.6523966292549952
DTXSID5024394	0	0	0.969901236060212	0.03009876393978802
DTXSID5024845	0	1	0.5013127768133565	0.4986872231866431
DTXSID5025150	0	0	0.9359964591839132	0.06400354081608679
DTXSID5025285	0	0	0.9447562966718985	0.055243703328101336
DTXSID5025607	0	0	0.8488699846559339	0.15113001534406564
DTXSID5025609	0	0	0.9750018064909205	0.02499819350907956
DTXSID5025603	0	0	0.9529177729055445	0.047082227094455635
DTXSID5026174	0	0	0.848095157132218	0.1519048428677819
DTXSID5026259	0	0	0.5927602989865233	0.40723970101347673
DTXSID5026122	0	0	0.9099397428963141	0.09006025710368581
DTXSID5026912	0	0	0.9285564711873278	0.0714435288126724
DTXSID5026914	0	0	0.922924611152607	0.07707538884739291
DTXSID5026702	0	0	0.7421919898387594	0.25780801016124016
DTXSID5026918	0	0	0.8847959362728681	0.11520406372713195
DTXSID5026706	0	0	0.568479650651469	0.43152034934853084
DTXSID5027069	0	0	0.9486993770808254	0.05130062291917439
DTXSID5027146	0	0	0.955005400486975	0.04499459951302462
DTXSID5027356	0	0	0.6462369766910028	0.35376302330899717
DTXSID5027487	0	0	0.8319345128972029	0.16806548710279723
DTXSID5027227	0	0	0.9510707330399474	0.04892926696005232
DTXSID5027229	0	0	0.9063416464790813	0.0936583535209184
DTXSID5027352	0	0	0.9089829888385007	0.09101701116149899
DTXSID5027512	0	0	0.9112601944164499	0.08873980558354976
DTXSID5027641	0	0	0.8582853416406023	0.14171465835939734
DTXSID5027518	0	0	0.7784694143852264	0.22153058561477323
DTXSID5029182	0	0	0.9754049190771823	0.02459508092281751
DTXSID5029211	0	0	0.612817288448305	0.38718271155169526
DTXSID5029217	0	0	0.9630035334058615	0.03699646659413842
DTXSID5031210	0	0	0.9532006624113862	0.046799337588613724
DTXSID5029267	0	0	0.7809865301902528	0.21901346980974684
DTXSID5029710	0	0	0.817548035737924	0.1824519642620761
DTXSID5033595	0	0	0.6957211471541384	0.30427885284586187
DTXSID5033674	0	0	0.6406887578815413	0.35931124211845883
DTXSID5033701	0	0	0.9438502872499599	0.0561497127500402
DTXSID5033179	0	0	0.9345963302029618	0.06540366979703797
DTXSID5033468	1	1	0.4803265212096107	0.5196734787903888
DTXSID5035163	0	0	0.8012511598867316	0.19874884011326807
DTXSID5035957	1	0	0.29579830167235494	0.7042016983276447
DTXSID5035589	0	0	0.6348472321802408	0.3651527678197594
DTXSID5037028	0	1	0.6625916197858295	0.33740838021417036
DTXSID5037571	0	1	0.608744000990319	0.39125599900968067
DTXSID5037498	1	1	0.487309215157887	0.5126907848421127
DTXSID5037523	0	0	0.5641638145367869	0.43583618546321307
DTXSID5040679	1	0	0.4031834753616149	0.5968165246383849
DTXSID5040465	1	0	0.4807920929804277	0.5192079070195724
DTXSID5039224	0	1	0.9701930323987082	0.02980696760129176
DTXSID5039721	0	1	0.6912315535446066	0.30876844645539325
DTXSID5040461	0	0	0.8641943568687549	0.1358056431312449
DTXSID5041514	0	0	0.946921253273989	0.053078746726010505
DTXSID5041518	0	0	0.9341075364597806	0.06589246354021921
DTXSID5041728	0	0	0.513955075144904	0.4860449248550959
DTXSID5042089	0	0	0.764707292814777	0.23529270718522255
DTXSID5042243	1	0	0.47671671755199924	0.5232832824480005
DTXSID5042297	0	0	0.5206058133639588	0.4793941866360411
DTXSID5042459	1	1	0.33915725857305346	0.6608427414269464
DTXSID5044239	1	0	0.2578071985974617	0.7421928014025378
DTXSID5044360	0	0	0.9845213838982082	0.015478616101791708
DTXSID5044447	0	0	0.8644225103842135	0.13557748961578647
DTXSID5044443	0	0	0.7904944196369503	0.20950558036304984
DTXSID5044366	0	1	0.6390130504029559	0.36098694959704425
DTXSID5044364	0	0	0.7810345297174812	0.21896547028251878
DTXSID5044572	0	0	0.6870153789230943	0.3129846210769055
DTXSID5044526	0	0	0.7583341898921706	0.24166581010782917
DTXSID5044522	0	0	0.9445887604277735	0.055411239572226344
DTXSID5044734	0	0	0.8728724767094791	0.12712752329052082
DTXSID5044603	0	0	0.9110028482835455	0.08899715171645424
DTXSID5044865	0	1	0.7135361452825317	0.286463854717468
DTXSID5045124	0	0	0.512806169520874	0.48719383047912584
DTXSID5045128	0	0	0.7527040608833739	0.24729593911662578
DTXSID5045675	0	0	0.8623378119641544	0.13766218803584546
DTXSID5045542	0	0	0.7677365692175749	0.23226343078242503
DTXSID5045625	0	1	0.6538462848804673	0.3461537151195326
DTXSID5045679	1	0	0.347546922446847	0.652453077553153
DTXSID5045706	0	0	0.7395388515980672	0.26046114840193285
DTXSID5045914	0	0	0.9377378389672141	0.062262161032785784
DTXSID5046017	0	0	0.5070541849870073	0.4929458150129925
DTXSID5046221	1	0	0.38570784903672134	0.6142921509632785
DTXSID5046223	1	0	0.3089979159415059	0.6910020840584941
DTXSID5046279	1	0	0.3012388319610033	0.6987611680389959
DTXSID5046306	0	0	0.7302698835815263	0.2697301164184734
DTXSID5046433	0	0	0.6097309672010509	0.3902690327989493
DTXSID5046512	0	0	0.8833609553942493	0.11663904460575043
DTXSID5046481	1	0	0.29457307188514986	0.7054269281148499
DTXSID5046649	1	0	0.32333718254037014	0.6766628174596296
DTXSID5046560	0	0	0.6608408895865396	0.3391591104134602
DTXSID5046562	0	0	0.9532006624113862	0.046799337588613724
DTXSID5046566	0	0	0.8820370104300718	0.117962989569928
DTXSID5046693	0	0	0.5295803045823335	0.4704196954176662
DTXSID5047035	0	1	0.9411757490000564	0.058824250999943144
DTXSID5046986	0	0	0.8974994587091039	0.10250054129089646
DTXSID5046988	0	0	0.9092013957488169	0.09079860425118279
DTXSID5047033	0	0	0.6189433934750889	0.381056606524911
DTXSID5047112	0	1	0.6741678594256325	0.32583214057436793
DTXSID5047166	0	0	0.9051648728371526	0.0948351271628474
DTXSID5047089	0	0	0.9128061870377941	0.08719381296220555
DTXSID5047297	1	0	0.4213810404749506	0.5786189595250488
DTXSID5047374	1	1	0.25777531931998277	0.7422246806800171
DTXSID5047617	0	0	0.8889633059344404	0.1110366940655596
DTXSID5047667	0	0	0.7647569301296454	0.2352430698703544
DTXSID5047900	0	1	0.6171851470938263	0.3828148529061736
DTXSID5047902	0	0	0.9270168080138106	0.07298319198618955
DTXSID5048186	1	1	0.4090354358830225	0.5909645641169774
DTXSID5047904	0	1	0.6077589644588521	0.39224103554114803
DTXSID5047950	0	1	0.5571867664090943	0.4428132335909057
DTXSID5048639	0	0	0.5540236986384709	0.445976301361529
DTXSID5048633	0	0	0.5327161435557332	0.4672838564442667
DTXSID5048635	0	0	0.5934729313208793	0.4065270686791206
DTXSID5048841	0	0	0.9428151443490872	0.0571848556509131
DTXSID5048843	0	1	0.5580697590540802	0.4419302409459196
DTXSID5048972	0	0	0.7885444399048085	0.21145556009519095
DTXSID5049239	0	0	0.9542326261965631	0.0457673738034368
DTXSID6020199	0	0	0.8905623015860736	0.10943769841392649
DTXSID6020307	0	0	0.9407811315126948	0.05921886848730487
DTXSID6020303	0	0	0.8767901644926325	0.12320983550736729
DTXSID6020515	0	0	0.956319800712945	0.043680199287054994
DTXSID6020513	0	1	0.8417657339690402	0.15823426603095964
DTXSID6020484	1	0	0.35219818186157537	0.6478018181384244
DTXSID6020694	0	0	0.8424954668722217	0.1575045331277783
DTXSID6020721	0	0	0.8030356618764991	0.1969643381235011
DTXSID6020939	0	0	0.8376674810378268	0.1623325189621732
DTXSID6020981	0	0	0.94542972644586	0.0545702735541398
DTXSID6021080	0	1	0.5415778374057729	0.45842216259422686
DTXSID6021032	0	0	0.9506548852287751	0.049345114771224746
DTXSID6021036	0	0	0.9769076307772255	0.02309236922277428
DTXSID6021248	1	1	0.42334156644202886	0.5766584335579709
DTXSID6021404	0	0	0.8149932584171786	0.18500674158282082
DTXSID6021666	0	0	0.7890872230654109	0.2109127769345887
DTXSID6021585	0	0	0.9646431893743478	0.03535681062565196
DTXSID6021581	0	0	0.9598360319039907	0.040163968096009056
DTXSID6021668	0	0	0.5027737638462423	0.49722623615375733
DTXSID6021741	0	0	0.9525288094596859	0.04747119054031408
DTXSID6021749	0	0	0.9064529760184297	0.09354702398157051
DTXSID6021799	0	0	0.9690331060965733	0.030966893903426548
DTXSID6021909	0	0	0.9691394374307825	0.030860562569217143
DTXSID6021953	0	0	0.5187380995958583	0.4812619004041415
DTXSID6021822	0	0	0.978768463060004	0.021231536939995778
DTXSID6021874	0	0	0.9063378029597271	0.09366219704027275
DTXSID6021959	1	0	0.298495174817386	0.7015048251826134
DTXSID6022000	0	0	0.9631763617389119	0.03682363826108821
DTXSID6022008	0	0	0.9456340458629174	0.05436595413708246
DTXSID6022137	0	0	0.9605362583632919	0.03946374163670803
DTXSID6022058	0	0	0.9175651928624343	0.08243480713756579
DTXSID6022553	1	0	0.4629135067564453	0.5370864932435544
DTXSID6022977	0	0	0.7713183509124799	0.22868164908751962
DTXSID6023101	0	0	0.7737319283821598	0.22626807161784018
DTXSID6023232	0	0	0.9323241173814156	0.06767588261858391
DTXSID6023286	0	0	0.751447791098922	0.2485522089010783
DTXSID6024046	0	1	0.5153752289486604	0.4846247710513395
DTXSID6023602	0	0	0.9551709491518814	0.04482905084811857
DTXSID6023997	1	1	0.25503817463349604	0.7449618253665033
DTXSID6023733	0	0	0.9826413234662736	0.017358676533726313
DTXSID6023737	0	0	0.6321948922075447	0.3678051077924555
DTXSID6023810	1	1	0.49676684786644204	0.5032331521335578
DTXSID6024127	0	0	0.8825143652709133	0.11748563472908664
DTXSID6024177	0	0	0.8680733084502829	0.13192669154971715
DTXSID6024123	1	1	0.32986217668402007	0.6701378233159799
DTXSID6024670	0	0	0.8117500603137334	0.1882499396862661
DTXSID6024624	1	1	0.4982262741053829	0.5017737258946172
DTXSID6024911	0	1	0.9216592028060506	0.07834079719394903
DTXSID6024913	0	0	0.9308984326650362	0.0691015673349638
DTXSID6025010	0	0	0.8601957896371231	0.13980421036287666
DTXSID6025220	0	0	0.8747544935826492	0.12524550641735063
DTXSID6025276	0	0	0.9107686763542496	0.08923132364575027
DTXSID6025278	0	0	0.8902723979848918	0.10972760201510813
DTXSID6025309	0	0	0.9801419163953304	0.01985808360466971
DTXSID6026082	0	0	0.5482658996073169	0.4517341003926829
DTXSID6025804	0	0	0.8849837818590371	0.11501621814096268
DTXSID6026824	0	0	0.9176932516127277	0.0823067483872721
DTXSID6026872	0	0	0.9837823908280535	0.01621760917194658
DTXSID6026878	0	0	0.917964725497047	0.08203527450295285
DTXSID6026901	0	1	0.6648808632439581	0.3351191367560417
DTXSID6026450	0	0	0.9111853730517409	0.08881462694825894
DTXSID6026325	0	0	0.8954377756026463	0.1045622243973538
DTXSID6027050	0	1	0.8511405163180461	0.14885948368195343
DTXSID6027133	0	0	0.8518257689375903	0.1481742310624096
DTXSID6027268	0	0	0.7880366760882446	0.21196332391175576
DTXSID6027266	0	0	0.8763028352022023	0.1236971647977981
DTXSID6027341	0	0	0.9318266670813741	0.06817333291862587
DTXSID6027636	0	0	0.9514518723198429	0.04854812768015729
DTXSID6028022	1	0	0.423878120051877	0.5761218799481227
DTXSID6029254	0	0	0.9803914399676156	0.01960856003238445
DTXSID6028028	0	0	0.8558258597311181	0.14417414026888178
DTXSID6029250	0	0	0.9210754579038739	0.07892454209612619
DTXSID6029202	0	0	0.5137356911827602	0.4862643088172397
DTXSID6030607	0	0	0.9262045209992554	0.07379547900074446
DTXSID6032354	1	0	0.3233150162477976	0.6766849837522017
DTXSID6032516	0	0	0.9013916744420013	0.09860832555799882
DTXSID6035106	0	0	0.9849883446616591	0.015011655338340799
DTXSID6035491	0	1	0.638097491951158	0.36190250804884166
DTXSID6038798	0	0	0.8495261511231376	0.15047384887686255
DTXSID6038875	1	1	0.2512555700424097	0.7487444299575902
DTXSID6038877	1	1	0.32347273619610745	0.6765272638038919
DTXSID6041137	0	0	0.9402189853764377	0.05978101462356213
DTXSID6040745	1	0	0.47322748887715654	0.5267725111228432
DTXSID6041056	0	0	0.9036630058721273	0.09633699412787264
DTXSID6041761	1	1	0.37968514400660863	0.6203148559933913
DTXSID6041684	1	0	0.33786633314613185	0.6621336668538682
DTXSID6041925	0	0	0.9527795158913142	0.04722048410868554
DTXSID6042490	0	0	0.9232658922763716	0.07673410772362865
DTXSID6042494	0	0	0.9351910978327871	0.06480890216721287
DTXSID6042315	0	1	0.865632378062504	0.13436762193749616
DTXSID6042365	0	0	0.6449971945639547	0.3550028054360452
DTXSID6043919	0	0	0.934644386720923	0.06535561327907703
DTXSID6044357	0	0	0.8997984056754319	0.1002015943245676
DTXSID6044646	0	0	0.7223324539616491	0.27766754603835025
DTXSID6044779	0	1	0.8763953899105364	0.12360461008946336
DTXSID6044771	0	0	0.9642935850842035	0.03570641491579641
DTXSID6044777	0	0	0.8190742984506936	0.18092570154930612
DTXSID6044690	1	0	0.4095741221490221	0.5904258778509774
DTXSID6044698	0	0	0.885132803098081	0.11486719690191878
DTXSID6044985	0	0	0.9123852643549543	0.08761473564504575
DTXSID6044939	1	0	0.4455545150930742	0.5544454849069257
DTXSID6045084	0	0	0.7961641795895373	0.20383582041046208
DTXSID6044989	0	0	0.7594718456259879	0.24052815437401212
DTXSID6044854	0	0	0.9789386239309588	0.02106137606904122
DTXSID6045248	0	0	0.7690134343396255	0.2309865656603745
DTXSID6045662	1	0	0.3262428091918428	0.6737571908081569
DTXSID6045587	1	0	0.46604884831077664	0.5339511516892235
DTXSID6045955	0	0	0.6363872268460645	0.36361277315393536
DTXSID6046139	0	1	0.7082522925326614	0.29174770746733875
DTXSID6046424	0	0	0.6803116249881677	0.3196883750118321
DTXSID6046345	0	0	0.9292026583371339	0.07079734166286618
DTXSID6046347	0	0	0.9685037122207268	0.03149628777927304
DTXSID6046470	1	1	0.4042999553019302	0.5957000446980697
DTXSID6046713	0	0	0.8606728630913584	0.13932713690864137
DTXSID6046634	0	0	0.6664347788414111	0.333565221158589
DTXSID6046719	1	1	0.37098253266768993	0.6290174673323095
DTXSID6046507	1	1	0.3115787027053759	0.6884212972946234
DTXSID6046638	1	0	0.3316993153825098	0.6683006846174899
DTXSID6046686	1	0	0.4380692660368105	0.5619307339631894
DTXSID6046844	1	0	0.2531948551059246	0.7468051448940757
DTXSID6046846	1	0	0.307656288430703	0.6923437115692969
DTXSID6047028	0	0	0.7537595303562109	0.2462404696437886
DTXSID6047103	0	0	0.6777150701229605	0.3222849298770395
DTXSID6047105	0	0	0.7749388389596713	0.22506116104032842
DTXSID6047159	0	0	0.810643424394851	0.18935657560514949
DTXSID6047109	0	0	0.8527051800792158	0.1472948199207843
DTXSID6047155	0	0	0.8745254172241853	0.12547458277581458
DTXSID6047280	1	0	0.19800793732247055	0.8019920626775294
DTXSID6047282	0	0	0.5120168172639565	0.4879831827360433
DTXSID6047315	1	1	0.22208737435215606	0.7779126256478436
DTXSID6047446	1	1	0.4597797992135649	0.5402202007864352
DTXSID6047656	0	0	0.9613033978629989	0.03869660213700075
DTXSID6047945	0	0	0.5805003057321482	0.41949969426785183
DTXSID6048175	1	0	0.3031796779877866	0.6968203220122129
DTXSID6048678	0	1	0.9258256009576126	0.07417439904238733
DTXSID6048701	0	0	0.8512047494512034	0.14879525054879653
DTXSID6048333	1	0	0.3233428831108598	0.67665711688914
DTXSID6048674	1	0	0.43423442418903824	0.5657655758109614
DTXSID6049010	0	0	0.5146336914381255	0.48536630856187435
DTXSID6048886	0	0	0.7886541608098961	0.2113458391901036
DTXSID6049272	0	0	0.8692547537977281	0.1307452462022719
DTXSID6048882	0	0	0.6058659047177639	0.3941340952822361
DTXSID6048884	0	0	0.7690090686316399	0.23099093136835996
DTXSID6049066	1	0	0.21821068869561344	0.781789311304387
DTXSID6049226	0	1	0.5650690491249769	0.4349309508750229
DTXSID6048919	1	1	0.3646769478305615	0.6353230521694385
DTXSID6049012	0	0	0.8192209566021147	0.18077904339788536
DTXSID6048888	0	0	0.7183173063819317	0.28168269361806836
DTXSID6048880	0	0	0.7526344630877324	0.24736553691226792
DTXSID6049222	0	1	0.6750586268928594	0.3249413731071404
DTXSID6049301	0	0	0.7788193151520076	0.22118068484799216
DTXSID6049305	0	0	0.6469892145422241	0.353010785457776
DTXSID6049351	0	1	0.5474767018492197	0.4525232981507803
DTXSID6049355	0	0	0.7488350023253726	0.25116499767462747
DTXSID6049353	0	0	0.6541031061895037	0.34589689381049604
DTXSID7020263	1	0	0.45252288757386405	0.5474771124261358
DTXSID7020342	1	1	0.48890063950719403	0.5110993604928057
DTXSID7020398	0	1	0.6577820608748587	0.34221793912514104
DTXSID7020508	0	0	0.8835895240741009	0.11641047592589934
DTXSID7020479	0	0	0.7041070183292085	0.2958929816707915
DTXSID7020423	0	1	0.7512091767356297	0.2487908232643699
DTXSID7020681	0	0	0.8906108293309408	0.10938917066905901
DTXSID7020683	0	0	0.5825030327994051	0.4174969672005947
DTXSID7020762	0	1	0.9666245803964941	0.03337541960350582
DTXSID7020841	1	0	0.4893048820788426	0.5106951179211574
DTXSID7020845	0	0	0.9556837560077825	0.04431624399221732
DTXSID7021156	0	0	0.6425343356566909	0.35746566434330923
DTXSID7021027	0	0	0.935768973949606	0.06423102605039395
DTXSID7021029	0	0	0.9576416628843206	0.042358337115679205
DTXSID7021100	1	0	0.47154019434338273	0.5284598056566172
DTXSID7021289	0	0	0.7688082985946927	0.23119170140530693
DTXSID7021495	0	0	0.8451180264276412	0.15488197357235833
DTXSID7021499	0	0	0.9152824615883687	0.08471753841163122
DTXSID7021237	1	1	0.224047925129286	0.7759520748707135
DTXSID7021520	0	0	0.8894472732607087	0.11055272673929104
DTXSID7021526	0	0	0.9127031113303704	0.08729688866962931
DTXSID7021603	0	0	0.5520302709169751	0.4479697290830248
DTXSID7021605	0	0	0.9571372111156594	0.04286278888434063
DTXSID7021607	0	0	0.9621855161465058	0.03781448385349434
DTXSID7021655	0	0	0.9897819871426377	0.0102180128573623
DTXSID7021653	0	0	0.9667522034554652	0.03324779654453479
DTXSID7021659	0	0	0.9273293205573865	0.0726706794426134
DTXSID7021817	0	0	0.647261835604552	0.3527381643954478
DTXSID7021946	0	0	0.9624744276441028	0.03752557235589706
DTXSID7021940	0	0	0.9015719244003033	0.09842807559969648
DTXSID7022120	1	0	0.3372656449994754	0.6627343550005242
DTXSID7022413	0	0	0.7753440914369204	0.22465590856307913
DTXSID7022384	1	1	0.3185355896486215	0.6814644103513782
DTXSID7022540	0	0	0.5435487945322702	0.45645120546772977
DTXSID7022174	1	0	0.32961420540452446	0.6703857945954753
DTXSID7022918	0	0	0.6106206655058826	0.3893793344941174
DTXSID7022679	0	0	0.7971931500640744	0.20280684993592538
DTXSID7023146	0	0	0.89415495264095	0.10584504735905037
DTXSID7023192	0	0	0.9762185399055682	0.023781460094431783
DTXSID7023691	0	0	0.699005072570405	0.300994927429595
DTXSID7023853	0	0	0.5847347683587522	0.4152652316412481
DTXSID7023936	0	0	0.8928877626465517	0.10711223735344833
DTXSID7024081	0	1	0.8668646106113556	0.13313538938864383
DTXSID7024085	0	0	0.8640637582212214	0.13593624177877822
DTXSID7024087	0	0	0.9759596459255149	0.024040354074485012
DTXSID7024031	0	0	0.8590638145735632	0.1409361854264369
DTXSID7024376	0	0	0.893170867969693	0.10682913203030651
DTXSID7024291	1	1	0.4409522126602172	0.5590477873397824
DTXSID7024328	0	0	0.5385635706792287	0.4614364293207713
DTXSID7024160	1	1	0.3207653952344273	0.679234604765573
DTXSID7024532	0	0	0.8265488727289803	0.17345112727101944
DTXSID7024241	1	1	0.2657348425070423	0.7342651574929575
DTXSID7024952	0	0	0.8994014705613251	0.10059852943867481
DTXSID7025051	0	0	0.9678402881575555	0.0321597118424446
DTXSID7025390	0	0	0.7571616490970715	0.2428383509029286
DTXSID7025425	0	0	0.9137682834792707	0.08623171652072889
DTXSID7025506	1	0	0.4585343755069451	0.5414656244930547
DTXSID7025508	0	0	0.8452004297564878	0.15479957024351215
DTXSID7025429	1	1	0.2790035597585617	0.7209964402414377
DTXSID7025556	0	0	0.7989424278836733	0.2010575721163262
DTXSID7025849	0	0	0.9668657349655387	0.033134265034461124
DTXSID7026285	0	0	0.8660727981737518	0.13392720182624784
DTXSID7026655	0	1	0.868354785418318	0.13164521458168185
DTXSID7026499	0	0	0.6170771507957352	0.38292284920426484
DTXSID7026867	0	0	0.8938441398092424	0.10615586019075712
DTXSID7026863	0	0	0.9434003983376463	0.0565996016623535
DTXSID7027334	0	0	0.8629868336577567	0.13701316634224306
DTXSID7027170	0	0	0.8338916120548552	0.16610838794514443
DTXSID7027120	0	0	0.909852254979812	0.09014774502018799
DTXSID7027122	0	0	0.9253781217688767	0.07462187823112311
DTXSID7027178	0	0	0.9347584227701803	0.06524157722981937
DTXSID7027413	0	0	0.9311325215001806	0.0688674784998193
DTXSID7027544	0	0	0.9793742866312101	0.02062571336878964
DTXSID7027756	1	0	0.4418765788308487	0.5581234211691511
DTXSID7027966	0	0	0.7815902771778737	0.21840972282212587
DTXSID7027598	0	0	0.9195826400346483	0.0804173599653516
DTXSID7029617	0	0	0.7876321589012862	0.21236784109871343
DTXSID7029249	0	0	0.8776102207931138	0.12238977920688578
DTXSID7029299	0	0	0.7399332424959065	0.26006675750409325
DTXSID7030197	0	0	0.9059919398922393	0.09400806010776057
DTXSID7029904	0	0	0.679838118914545	0.3201618810854545
DTXSID7030698	0	0	0.6455709765035641	0.35442902349643574
DTXSID7031294	0	0	0.986456740476196	0.013543259523803992
DTXSID7032393	1	1	0.3739459688005568	0.6260540311994433
DTXSID7032559	1	1	0.25503817463349604	0.7449618253665033
DTXSID7034042	0	1	0.6498830069395582	0.3501169930604421
DTXSID7034383	0	0	0.7254857800004743	0.2745142199995257
DTXSID7034545	1	1	0.41064271159180443	0.589357288408195
DTXSID7034672	0	0	0.5235771867938337	0.476422813206166
DTXSID7035272	0	0	0.5535127198791198	0.4464872801208801
DTXSID7035305	0	0	0.9512204906212286	0.048779509378771
DTXSID7034676	1	0	0.48580281165998296	0.514197188340017
DTXSID7037131	0	0	0.5836910018182285	0.41630899818177136
DTXSID7037553	1	1	0.25385966240825897	0.746140337591741
DTXSID7038810	0	0	0.8256271561929331	0.17437284380706694
DTXSID7040609	0	0	0.8056249503302739	0.19437504966972582
DTXSID7040788	0	0	0.5619079852865023	0.43809201471349757
DTXSID7041201	1	0	0.2881715099253206	0.7118284900746791
DTXSID7041887	0	1	0.5814146999156276	0.4185853000843723
DTXSID7041966	0	0	0.6119577757146349	0.3880422242853648
DTXSID7041918	0	0	0.8778205030024676	0.12217949699753236
DTXSID7041962	0	0	0.9018977975471487	0.09810220245285133
DTXSID7041889	1	0	0.458191690099889	0.5418083099001109
DTXSID7041910	1	0	0.38800923880115723	0.6119907611988427
DTXSID7042011	0	0	0.6602005839852361	0.339799416014764
DTXSID7041964	0	0	0.675712286521692	0.324287713478308
DTXSID7042190	0	0	0.8742378692945271	0.12576213070547262
DTXSID7042514	0	0	0.9138767246455557	0.08612327535444454
DTXSID7042019	1	1	0.45928538608146624	0.5407146139185334
DTXSID7043829	0	0	0.8417852586206341	0.1582147413793657
DTXSID7044215	0	0	0.6804886914990163	0.3195113085009841
DTXSID7044396	0	0	0.8304143384759972	0.16958566152400242
DTXSID7044425	0	0	0.9691582368188546	0.030841763181145513
DTXSID7044392	0	0	0.6546485145197195	0.3453514854802809
DTXSID7044502	0	0	0.7531941596374269	0.24680584036257322
DTXSID7044479	0	0	0.7830125658062446	0.2169874341937553
DTXSID7044841	1	1	0.32985159013911963	0.6701484098608804
DTXSID7044718	1	0	0.3648926099688238	0.635107390031176
DTXSID7044762	0	0	0.5721301224042438	0.4278698775957561
DTXSID7044712	0	0	0.9202228878217886	0.07977711217821111
DTXSID7044685	0	0	0.7790951411557525	0.22090485884424718
DTXSID7044689	0	0	0.7589248844809778	0.24107511551902228
DTXSID7044893	0	0	0.7254225535624701	0.2745774464375301
DTXSID7044847	0	0	0.6212474126732431	0.3787525873267571
DTXSID7044928	0	0	0.6932743375478448	0.3067256624521549
DTXSID7044897	0	0	0.9444390371219036	0.05556096287809634
DTXSID7044976	0	0	0.8642197940426543	0.13578020595734555
DTXSID7045368	0	1	0.7895662362763631	0.21043376372363645
DTXSID7045079	0	0	0.7931355122453724	0.20686448775462718
DTXSID7045576	0	0	0.72223884817891	0.27776115182109
DTXSID7045942	0	0	0.722799757591057	0.27720024240894287
DTXSID7045782	0	0	0.7791741216602378	0.2208258783397619
DTXSID7045861	0	1	0.6737990269376242	0.3262009730623758
DTXSID7046178	1	1	0.42024436423479905	0.5797556357652011
DTXSID7046384	0	0	0.6917017176385339	0.3082982823614662
DTXSID7046386	1	1	0.2789577390017534	0.7210422609982465
DTXSID7046170	1	0	0.4489303994472319	0.5510696005527678
DTXSID7046122	0	0	0.5175840163282934	0.4824159836717065
DTXSID7046596	0	0	0.8626671158765934	0.1373328841234065
DTXSID7046251	0	0	0.669569128989314	0.330430871010686
DTXSID7046706	0	0	0.8820494068998515	0.11795059310014874
DTXSID7046708	0	1	0.6173655979102276	0.38263440208977223
DTXSID7046540	0	0	0.9150461328747628	0.08495386712523711
DTXSID7047065	0	0	0.8009095659746122	0.19909043402538718
DTXSID7047061	0	0	0.7387083158698029	0.2612916841301975
DTXSID7047146	1	0	0.38185862991891467	0.6181413700810857
DTXSID7047192	0	0	0.9213897602040556	0.07861023979594417
DTXSID7047358	1	1	0.28556878974548516	0.7144312102545143
DTXSID7047643	0	0	0.974729973435597	0.02527002656440288
DTXSID7047487	0	0	0.8317073059968685	0.16829269400313118
DTXSID7047645	0	0	0.9022995159810452	0.09770048401895469
DTXSID7047649	0	0	0.9306051593710355	0.06939484062896425
DTXSID7047697	1	1	0.3110173037982913	0.6889826962017078
DTXSID7047774	0	0	0.5196785503480397	0.48032144965196005
DTXSID7047726	0	0	0.6988566909684966	0.3011433090315034
DTXSID7047936	0	0	0.5911287699610842	0.40887123003891573
DTXSID7048166	0	1	0.7152652278313077	0.28473477216869275
DTXSID7047934	0	1	0.7525954273090459	0.24740457269095356
DTXSID7048663	0	0	0.6347777752447932	0.36522222475520694
DTXSID7048740	0	0	0.8425703622068997	0.1574296377930996
DTXSID7048742	0	1	0.5054093673728561	0.4945906326271434
DTXSID7048827	0	0	0.5512812056567848	0.4487187943432154
DTXSID7048796	1	1	0.4933665308128028	0.506633469187197
DTXSID7048829	0	0	0.671044770962282	0.3289552290377179
DTXSID7048879	0	0	0.7755163786792094	0.2244836213207902
DTXSID7048900	0	0	0.5631822852629604	0.43681771473703956
DTXSID7048825	0	0	0.6287891818672544	0.3712108181327456
DTXSID7048950	1	0	0.46069113038532733	0.5393088696146725
DTXSID7048906	0	0	0.7994086276783312	0.2005913723216683
DTXSID7048958	0	1	0.5164827213292957	0.48351727867070415
DTXSID7049001	0	0	0.5836026210106268	0.4163973789893732
DTXSID7049003	0	0	0.7327862880787492	0.2672137119212509
DTXSID7049055	0	0	0.6829695603207985	0.31703043967920147
DTXSID7049348	0	0	0.8741531477978183	0.12584685220218148
DTXSID7049423	0	0	0.7421989299033446	0.2578010700966554
DTXSID8020044	0	0	0.9706832599271961	0.02931674007280422
DTXSID8020092	0	0	0.8279298868237257	0.17207011317627396
DTXSID8020175	1	0	0.23822766938085518	0.7617723306191452
DTXSID8020200	0	0	0.8825845044744409	0.11741549552555894
DTXSID8020206	0	0	0.9509371979456902	0.04906280205430952
DTXSID8020331	1	0	0.42397345383044766	0.5760265461695523
DTXSID8020337	1	1	0.3791698772444781	0.6208301227555216
DTXSID8020381	1	0	0.3323368359725847	0.6676631640274151
DTXSID8020462	0	0	0.9337195360190726	0.06628046398092742
DTXSID8020466	0	0	0.893696416807606	0.1063035831923936
DTXSID8020624	0	1	0.6289180707997428	0.37108192920025707
DTXSID8020626	0	0	0.5679728585683272	0.43202714143167276
DTXSID8020674	0	1	0.5761063456061561	0.4238936543938438
DTXSID8020597	0	0	0.947989628609638	0.0520103713903621
DTXSID8020620	0	0	0.5064886165494059	0.49351138345059403
DTXSID8020830	0	0	0.5666687079581749	0.43333129204182497
DTXSID8020753	0	0	0.746806874271329	0.25319312572867086
DTXSID8020969	0	0	0.9472652807114305	0.05273471928856953
DTXSID8021145	0	0	0.8796509706608018	0.12034902933919797
DTXSID8021224	1	0	0.4108119837873139	0.5891880162126859
DTXSID8021515	0	0	0.9870702191616296	0.01292978083837037
DTXSID8021438	0	0	0.850195856953415	0.1498041430465853
DTXSID8021565	0	0	0.9089143935606522	0.09108560643934735
DTXSID8021301	1	1	0.4155963932420863	0.5844036067579136
DTXSID8021513	0	0	0.9757471528011922	0.02425284719880779
DTXSID8021517	0	0	0.8966019531645624	0.10339804683543757
DTXSID8021519	0	0	0.9461323804232673	0.053867619576732716
DTXSID8021640	0	0	0.9192074142048194	0.08079258579518023
DTXSID8021642	0	0	0.6729840828126037	0.32701591718739637
DTXSID8021644	0	0	0.9442790381286531	0.05572096187134679
DTXSID8021646	0	0	0.9124085038365258	0.08759149616347393
DTXSID8021648	0	0	0.9870742320906253	0.012925767909374698
DTXSID8021690	0	1	0.9328197014354429	0.06718029856455744
DTXSID8021939	0	0	0.9146782057940928	0.08532179420590716
DTXSID8021937	0	0	0.8895163011822135	0.11048369881778643
DTXSID8021931	0	0	0.916414865661653	0.08358513433834719
DTXSID8022084	0	0	0.757162746572405	0.24283725342759482
DTXSID8022113	0	0	0.8922054136202234	0.10779458637977639
DTXSID8023054	1	0	0.4604092285474817	0.5395907714525181
DTXSID8023713	0	0	0.7098677738680208	0.2901322261319794
DTXSID8023632	0	0	0.8974994587091039	0.10250054129089646
DTXSID8023719	1	1	0.3009385813209069	0.6990614186790929
DTXSID8023638	1	1	0.26821889326681414	0.7317811067331859
DTXSID8023214	1	0	0.4657368040740789	0.5342631959259208
DTXSID8023216	1	0	0.4947767088189396	0.5052232911810602
DTXSID8023927	1	1	0.42622648377452366	0.5737735162254762
DTXSID8024286	0	0	0.9647161810510129	0.035283818948986946
DTXSID8024284	0	0	0.975209481852376	0.024790518147623945
DTXSID8024442	0	0	0.874333608495471	0.12566639150452882
DTXSID8024529	0	0	0.8457944867873881	0.15420551321261164
DTXSID8024448	0	0	0.9191383383566454	0.08086166164335448
DTXSID8024602	1	1	0.495653789249104	0.5043462107508957
DTXSID8024864	0	0	0.9698586923253817	0.030141307674618135
DTXSID8024941	0	0	0.71812283051677	0.2818771694832299
DTXSID8024947	0	0	0.5418420433252844	0.4581579566747155
DTXSID8024991	0	0	0.8590638145735632	0.1409361854264369
DTXSID8025096	0	0	0.969302809805012	0.030697190194987886
DTXSID8025591	0	0	0.9209452500070572	0.07905474999294257
DTXSID8025751	0	0	0.9147836128371271	0.0852163871628729
DTXSID8025830	0	1	0.5327457583071213	0.46725424169287844
DTXSID8025757	0	1	0.7775095338185942	0.2224904661814054
DTXSID8025595	0	0	0.8876836306708803	0.11231636932911965
DTXSID8026228	0	0	0.9398949236480657	0.06010507635193429
DTXSID8026220	0	0	0.6642027757153168	0.3357972242846833
DTXSID8026224	0	0	0.89503083926212	0.10496916073788
DTXSID8026141	0	0	0.8525284780645583	0.14747152193544152
DTXSID8026147	0	0	0.6397081318294514	0.36029186817054865
DTXSID8026725	0	0	0.6961459169290908	0.30385408307090933
DTXSID8026802	0	0	0.9660137711807889	0.03398622881921141
DTXSID8026931	0	0	0.5373553850237445	0.46264461497625553
DTXSID8026935	0	0	0.6957254279863466	0.30427457201365327
DTXSID8026773	0	0	0.9786783605397917	0.021321639460208278
DTXSID8026933	0	0	0.5635091899416754	0.4364908100583246
DTXSID8026775	0	0	0.9148819547862469	0.08511804521375307
DTXSID8027084	0	1	0.8933047017119686	0.1066952982880315
DTXSID8027169	0	0	0.8580153109827675	0.14198468901723227
DTXSID8027537	1	0	0.4762530065990779	0.523746993400922
DTXSID8027329	0	0	0.9361646721503445	0.06383532784965552
DTXSID8027244	0	0	0.9139609444533291	0.0860390555466706
DTXSID8027292	0	1	0.5419079515765252	0.45809204842347456
DTXSID8027585	0	1	0.6665006164306189	0.333499383569381
DTXSID8029230	0	0	0.9725248855152467	0.027475114484752764
DTXSID8029575	0	0	0.9608599854603118	0.03914001453968811
DTXSID8029286	1	1	0.35013442416960977	0.6498655758303901
DTXSID8029608	0	0	0.9701652250220798	0.0298347749779202
DTXSID8029159	0	0	0.8987481922182685	0.1012518077817314
DTXSID8031077	1	1	0.26898667901716566	0.7310133209828341
DTXSID8031497	0	0	0.9661539416090922	0.03384605839090779
DTXSID8031865	0	0	0.6796480760783887	0.3203519239216114
DTXSID8031863	0	0	0.6682788577833577	0.3317211422166422
DTXSID8032623	0	0	0.7402454863464619	0.2597545136535382
DTXSID8034580	0	1	0.693166704713363	0.30683329528663666
DTXSID8032675	1	0	0.35758975346045746	0.6424102465395423
DTXSID8034085	1	1	0.48872609175695125	0.5112739082430485
DTXSID8034586	1	1	0.3907113159267087	0.6092886840732911
DTXSID8034588	1	1	0.3033547426516722	0.6966452573483278
DTXSID8034324	1	0	0.4412648056619217	0.5587351943380782
DTXSID8035001	0	0	0.9276228326241021	0.07237716737589794
DTXSID8037754	0	0	0.6167816200658532	0.38321837993414654
DTXSID8037706	0	0	0.7426879452229112	0.25731205477708896
DTXSID8037708	0	1	0.6867750769453872	0.3132249230546128
DTXSID8040698	0	0	0.7338097601021163	0.2661902398978836
DTXSID8041246	0	0	0.9575485352287926	0.042451464771207405
DTXSID8041321	0	0	0.9630464938586287	0.03695350614137114
DTXSID8041610	0	0	0.9150461328747628	0.08495386712523711
DTXSID8041371	0	0	0.7882321845212813	0.21176781547871876
DTXSID8041955	0	0	0.920916582457967	0.0790834175420327
DTXSID8041957	0	0	0.9409445407195437	0.05905545928045632
DTXSID8042266	0	0	0.9082929975404919	0.09170700245950814
DTXSID8042264	0	1	0.5792992934414438	0.42070070655855596
DTXSID8041828	0	1	0.6431157388686571	0.3568842611313427
DTXSID8042559	0	0	0.5235572282484189	0.4764427717515811
DTXSID8042343	0	0	0.9456224185965967	0.054377581403403354
DTXSID8042426	0	0	0.825291562970867	0.17470843702913316
DTXSID8044200	0	0	0.8969831764219844	0.10301682357801514
DTXSID8044252	0	0	0.9829764656284792	0.017023534371520824
DTXSID8044599	0	0	0.92027387267301	0.07972612732699012
DTXSID8044709	0	0	0.8273801335074498	0.17261986649255068
DTXSID8044676	0	1	0.8068811469790375	0.19311885302096227
DTXSID8044880	0	0	0.9069502887500609	0.09304971124993898
DTXSID8045141	0	0	0.6355408973054959	0.3644591026945043
DTXSID8045305	0	0	0.6931287399842695	0.3068712600157305
DTXSID8045222	0	0	0.7740836538809159	0.22591634611908407
DTXSID8045565	1	0	0.3918605400971704	0.608139459902829
DTXSID8045569	1	0	0.4963147610410552	0.5036852389589448
DTXSID8045696	0	0	0.8281749776699878	0.1718250223300122
DTXSID8045648	0	0	0.9545947348102181	0.04540526518978181
DTXSID8046240	0	0	0.5796997174735519	0.42030028252644835
DTXSID8046327	0	0	0.7819955732040986	0.218004426795901
DTXSID8046242	1	1	0.3794032903421581	0.620596709657842
DTXSID8046535	0	0	0.9469966610322388	0.053003338967760986
DTXSID8046583	1	0	0.3812058467945838	0.6187941532054161
DTXSID8046614	0	0	0.8262555620970176	0.1737444379029826
DTXSID8046662	0	0	0.5247584261488261	0.47524157385117405
DTXSID8045800	1	0	0.4722415633967491	0.5277584366032508
DTXSID8046585	1	0	0.49941392770403215	0.5005860722959676
DTXSID8046537	1	0	0.4094555403901092	0.5905444596098907
DTXSID8046824	0	0	0.8056249503302739	0.19437504966972582
DTXSID8047183	0	1	0.7483222026103188	0.25167779738968077
DTXSID8047266	0	0	0.6096635520197282	0.3903364479802719
DTXSID8047056	0	0	0.6222129655693166	0.3777870344306837
DTXSID8047268	0	1	0.7375445669983948	0.2624554330016049
DTXSID8047347	1	1	0.41388067031892606	0.5861193296810738
DTXSID8047397	0	0	0.6143727184058803	0.3856272815941197
DTXSID8047420	0	0	0.5840363158677095	0.41596368413229023
DTXSID8047428	0	0	0.8050974824487678	0.19490251755123264
DTXSID8047501	0	0	0.9033975181200623	0.09660248187993752
DTXSID8047553	0	0	0.66466741375671	0.3353325862432899
DTXSID8047505	0	0	0.6552394859305586	0.34476051406944175
DTXSID8047713	0	0	0.7856364882733121	0.21436351172668844
DTXSID8048650	1	0	0.48598594758579566	0.5140140524142042
DTXSID8048737	1	0	0.4488958533567733	0.5511041466432262
DTXSID8048818	1	1	0.3972943546010739	0.602705645398926
DTXSID8049042	0	0	0.6353336962974115	0.36466630370258835
DTXSID8048999	1	0	0.25485448013652834	0.7451455198634713
DTXSID8049339	0	0	0.6614038324293163	0.33859616757068395
DTXSID8048947	1	0	0.2372996400354815	0.7627003599645186
DTXSID9020164	0	0	0.5978963392426597	0.40210366075734005
DTXSID9020118	0	0	0.9024792947677028	0.09752070523229704
DTXSID9020087	0	0	0.9411752158151347	0.058824784184865114
DTXSID9020166	0	1	0.5670667691882325	0.4329332308117672
DTXSID9020241	1	1	0.4265399660227546	0.573460033977245
DTXSID9020370	0	0	0.969858896705024	0.030141103294975817
DTXSID9020580	0	0	0.8514855615518313	0.14851443844816853
DTXSID9020407	1	0	0.49706938408542306	0.5029306159145769
DTXSID9020582	0	0	0.613831178031086	0.38616882196891406
DTXSID9020584	0	0	0.9657112120356895	0.034288787964310535
DTXSID9020663	0	0	0.9261854325275349	0.07381456747246505
DTXSID9020617	0	0	0.7403111395962523	0.2596888604037476
DTXSID9020667	0	0	0.9624555044566576	0.03754449554334252
DTXSID9020740	0	0	0.5371008672037847	0.46289913279621536
DTXSID9020821	0	0	0.9308918197039935	0.06910818029600639
DTXSID9020827	1	1	0.25445379226425424	0.7455462077357456
DTXSID9020790	0	0	0.6188414220285001	0.38115857797149993
DTXSID9020825	1	0	0.4184880499108893	0.5815119500891107
DTXSID9021340	0	0	0.9099639949815778	0.09003600501842225
DTXSID9021348	0	0	0.7291284807359091	0.27087151926409053
DTXSID9021392	0	0	0.9001185182795757	0.09988148172042434
DTXSID9021635	0	0	0.9704532020273413	0.02954679797265848
DTXSID9021683	0	0	0.7553140121784071	0.24468598782159273
DTXSID9021689	0	0	0.9375628342703254	0.062437165729674414
DTXSID9021639	0	0	0.9325410557083754	0.06745894429162407
DTXSID9021554	0	0	0.963971470794596	0.036028529205403934
DTXSID9021633	0	0	0.9568285498127015	0.04317145018729869
DTXSID9021762	0	1	0.9662544817712169	0.03374551822878301
DTXSID9021922	0	0	0.9733119030227817	0.026688096977218037
DTXSID9021764	0	0	0.97793208835873	0.0220679116412698
DTXSID9021847	0	0	0.6446433312815476	0.35535666871845284
DTXSID9021976	0	0	0.8661545511259066	0.13384544887409272
DTXSID9022578	1	1	0.4944412404060428	0.5055587595939571
DTXSID9022944	1	0	0.38954669014888993	0.6104533098511096
DTXSID9022946	1	0	0.48413622254164684	0.5158637774583531
DTXSID9022940	1	0	0.43867834932506633	0.5613216506749333
DTXSID9022738	0	0	0.8486892407204448	0.1513107592795549
DTXSID9023043	0	0	0.5276398951358218	0.4723601048641781
DTXSID9023411	1	0	0.28254753579400177	0.7174524642059974
DTXSID9023542	0	0	0.6538732266575968	0.34612677334240344
DTXSID9023255	0	0	0.7447914968189826	0.2552085031810173
DTXSID9023629	1	1	0.21251461035887423	0.7874853896411254
DTXSID9023889	1	0	0.36100251163124464	0.6389974883687554
DTXSID9023914	0	0	0.8060270160364724	0.1939729839635276
DTXSID9024481	0	0	0.6736244011147563	0.3263755988852434
DTXSID9023966	0	0	0.9469012435873363	0.05309875641266346
DTXSID9024015	1	0	0.3716075495178888	0.6283924504821108
DTXSID9024485	0	0	0.6303256656824684	0.3696743343175314
DTXSID9024724	0	0	0.9256973668277305	0.07430263317226915
DTXSID9024726	0	0	0.871292930520513	0.12870706947948665
DTXSID9024855	0	0	0.916160313891356	0.08383968610864352
DTXSID9024641	1	0	0.49898903233979547	0.5010109676602046
DTXSID9025112	0	0	0.9171820204371864	0.08281797956281345
DTXSID9025243	0	0	0.8875114526980795	0.11248854730192039
DTXSID9025085	0	0	0.9380834046573561	0.061916595342644
DTXSID9025245	0	0	0.7446416015949763	0.2553583984050239
DTXSID9025249	0	0	0.7937921452843991	0.20620785471560107
DTXSID9025401	0	1	0.8328154648275401	0.16718453517245976
DTXSID9025455	0	0	0.952177422882774	0.04782257711722603
DTXSID9026130	0	0	0.7531157676058803	0.24688423239411997
DTXSID9025796	0	0	0.9261659692715409	0.07383403072845893
DTXSID9025825	1	0	0.39252280462979044	0.6074771953702092
DTXSID9025873	0	0	0.8538438193179787	0.14615618068202121
DTXSID9026261	0	1	0.6035566140832821	0.3964433859167179
DTXSID9026689	0	0	0.7289422473286328	0.27105775267136695
DTXSID9026710	0	0	0.9284234420930915	0.07157655790690827
DTXSID9026712	0	0	0.9364035384528602	0.06359646154713955
DTXSID9026714	0	0	0.9296754463444752	0.07032455365552483
DTXSID9026849	0	0	0.9274988621597368	0.07250113784026346
DTXSID9027233	0	0	0.8849975961724137	0.1150024038275862
DTXSID9026922	0	0	0.8358398944559146	0.1641601055440851
DTXSID9026924	0	0	0.6664958345586076	0.33350416544139244
DTXSID9026926	0	0	0.819737323251989	0.1802626767480109
DTXSID9027312	0	0	0.954208986436817	0.0457910135631829
DTXSID9027570	0	0	0.9363279858554292	0.06367201414457087
DTXSID9027449	0	0	0.942713858253241	0.05728614174675891
DTXSID9027528	0	0	0.9350935300619778	0.06490646993802217
DTXSID9029275	0	0	0.9725945925266158	0.027405407473383797
DTXSID9030048	1	0	0.28345534096662506	0.7165446590333749
DTXSID9029302	0	0	0.9707770809835481	0.029222919016451653
DTXSID9032406	0	0	0.9578554589722893	0.04214454102771061
DTXSID9032610	1	0	0.3491423686707373	0.6508576313292624
DTXSID9032537	0	1	0.6666412188723211	0.3333587811276789
DTXSID9032878	0	0	0.9597692246300272	0.0402307753699727
DTXSID9034282	0	0	0.780189563119234	0.2198104368807658
DTXSID9036226	0	0	0.8630682848748558	0.13693171512514424
DTXSID9035206	0	0	0.8509058351214159	0.14909416487858385
DTXSID9034997	0	1	0.6183257925045338	0.38167420749546627
DTXSID9036646	0	0	0.9566950604064013	0.043304939593598615
DTXSID9036690	0	0	0.8045862006908865	0.19541379930911312
DTXSID9037612	0	0	0.5630609027073835	0.4369390972926162
DTXSID9037248	0	0	0.5952534331833725	0.40474656681662746
DTXSID9040760	1	1	0.45271927734727435	0.5472807226527258
DTXSID9041021	0	0	0.935803748060826	0.06419625193917422
DTXSID9041023	1	0	0.4676196157803322	0.5323803842196678
DTXSID9041104	0	0	0.930903526670796	0.06909647332920374
DTXSID9041152	1	0	0.3111260185326277	0.6888739814673724
DTXSID9040712	0	1	0.5836514662989111	0.4163485337010887
DTXSID9041366	0	0	0.5092835412653872	0.49071645873461267
DTXSID9041289	0	1	0.6633716658658703	0.3366283341341294
DTXSID9041813	0	0	0.9656742752898012	0.034325724710198555
DTXSID9041861	0	0	0.9566750522836955	0.04332494771630438
DTXSID9042209	0	0	0.6934547204829482	0.30654527951705157
DTXSID9042382	0	0	0.7327763886688332	0.2672236113311663
DTXSID9044247	0	0	0.7440903385194868	0.25590966148051314
DTXSID9044457	0	0	0.9029913037870956	0.09700869621290416
DTXSID9044534	0	0	0.858616460968135	0.1413835390318652
DTXSID9044451	0	0	0.9787432460698213	0.021256753930178594
DTXSID9044322	0	0	0.8282824077111058	0.1717175922888936
DTXSID9044328	1	0	0.4941619414706728	0.5058380585293272
DTXSID9044615	0	0	0.8549250938292299	0.1450749061707698
DTXSID9044619	0	0	0.942514309473284	0.0574856905267159
DTXSID9044829	1	0	0.4543579386130018	0.545642061386998
DTXSID9044875	0	0	0.9053590326257805	0.09464096737421906
DTXSID9044798	0	1	0.7250163927882067	0.27498360721179305
DTXSID9045053	0	0	0.8624995915746914	0.13750040842530853
DTXSID9045267	0	0	0.5504904172056544	0.44950958279434566
DTXSID9045132	1	0	0.41223364888601416	0.5877663511139853
DTXSID9045639	0	0	0.7511544570613209	0.24884554293867886
DTXSID9045768	0	0	0.6925785438317089	0.30742145616829086
DTXSID9045766	0	0	0.7093059502132333	0.29069404978676666
DTXSID9045972	0	0	0.7708815367583991	0.22911846324160043
DTXSID9046237	1	1	0.35770268069623107	0.6422973193037689
DTXSID9046152	1	1	0.39927738507037697	0.6007226149296225
DTXSID9046100	0	0	0.71510430297953	0.2848956970204697
DTXSID9046231	0	1	0.6717521160007027	0.3282478839992976
DTXSID9046651	1	1	0.4000547405354861	0.5999452594645135
DTXSID9046998	0	0	0.8104229252895598	0.18957707471044016
DTXSID9047201	0	0	0.7828554556053259	0.21714454439467432
DTXSID9047205	0	0	0.5512421252961162	0.4487578747038837
DTXSID9047251	1	1	0.40520631896454573	0.5947936810354544
DTXSID9047467	0	0	0.9251741229612849	0.07482587703871511
DTXSID9047548	1	0	0.30958735722516345	0.6904126427748367
DTXSID9047469	0	0	0.9155178969215936	0.0844821030784065
DTXSID9047629	0	1	0.8971992768672807	0.10280072313271951
DTXSID9047700	0	0	0.93693992513702	0.06306007486297993
DTXSID9048514	0	0	0.6124423735934461	0.3875576264065536
DTXSID9048726	1	0	0.42055748946836424	0.5794425105316356
DTXSID9048772	1	1	0.3141201100144825	0.6858798899855171
DTXSID9049322	0	0	0.7561504087804783	0.24384959121952193
DTXSID9049245	1	0	0.4981756559354208	0.501824344064579
