compound	predicted	actual	p(0)	p(1)
DTXSID0020105	0	0	0.8127074524209403	0.18729254757905986
DTXSID0020070	0	0	0.8159508669456755	0.18404913305432438
DTXSID0020232	0	1	0.8179350660162662	0.1820649339837336
DTXSID0020363	1	0	0.777683935841514	0.22231606415848615
DTXSID0020573	1	0	0.8059620526275881	0.1940379473724121
DTXSID0020604	1	0	0.7924949195685025	0.20750508043149768
DTXSID0020606	1	0	0.8041102277829469	0.19588977221705328
DTXSID0020602	0	0	0.8319690335968641	0.16803096640313586
DTXSID0020656	0	0	0.8141301323243633	0.18586986767563676
DTXSID0020737	1	0	0.7956625416463636	0.2043374583536363
DTXSID0020733	0	0	0.8293203693064352	0.1706796306935649
DTXSID0020814	0	1	0.8122920969566783	0.1877079030433218
DTXSID0020818	0	0	0.8290616855073332	0.17093831449266705
DTXSID0020862	1	0	0.7841448107242851	0.2158551892757149
DTXSID0020941	1	0	0.6418887368529512	0.3581112631470488
DTXSID0021096	0	0	0.8141727598922016	0.1858272401077986
DTXSID0021337	0	0	0.8222495709188135	0.17775042908118666
DTXSID0021385	1	1	0.8112821705710109	0.18871782942898904
DTXSID0021333	1	1	0.8050402628764378	0.1949597371235623
DTXSID0021462	1	1	0.7556147342566919	0.24438526574330804
DTXSID0021464	1	1	0.7601264484399312	0.23987355156006893
DTXSID0021757	1	0	0.8027336899599059	0.19726631004009404
DTXSID0021915	1	0	0.8065988326888771	0.1934011673111227
DTXSID0022014	1	0	0.799435523677186	0.20056447632281432
DTXSID0022432	1	0	0.7838784717817967	0.21612152821820305
DTXSID0022935	0	0	0.8286770536262231	0.17132294637377699
DTXSID0022858	0	0	0.8171211869997581	0.1828788130002418
DTXSID0022933	0	0	0.8339540950855676	0.16604590491443225
DTXSID0023240	0	0	0.8148388749141543	0.1851611250858456
DTXSID0023296	0	1	0.8123492750045963	0.18765072499540383
DTXSID0023244	0	0	0.8129939892520113	0.18700601074798884
DTXSID0023745	1	0	0.8094146626540776	0.1905853373459223
DTXSID0023826	1	0	0.7889774899140265	0.21102251008597345
DTXSID0023878	1	1	0.7838784717817967	0.21612152821820305
DTXSID0023901	1	0	0.753623664048689	0.24637633595131098
DTXSID0023907	1	0	0.7839959702517894	0.21600402974821067
DTXSID0023909	1	1	0.7839959702517894	0.21600402974821067
DTXSID0024216	1	0	0.7996137223484492	0.20038627765155084
DTXSID0024470	1	0	0.8097670620843713	0.19023293791562887
DTXSID0024478	1	0	0.803934816042079	0.19606518395792127
DTXSID0024503	0	0	0.8135920078156021	0.18640799218439782
DTXSID0024509	0	0	0.8217672821184578	0.17823271788154252
DTXSID0024715	1	0	0.772998346671851	0.22700165332814914
DTXSID0025367	1	0	0.8110633833984952	0.188936616601505
DTXSID0025234	0	0	0.8177249261862758	0.1822750738137241
DTXSID0025494	1	0	0.7872459095299705	0.21275409047002963
DTXSID0024921	1	0	0.8006152840246213	0.1993847159753789
DTXSID0025654	1	1	0.783558479074155	0.21644152092584487
DTXSID0025527	1	0	0.8072486589886709	0.19275134101132915
DTXSID0025600	0	1	0.8123492750045963	0.18765072499540383
DTXSID0025814	0	0	0.825787090422047	0.1742129095779529
DTXSID0025997	1	1	0.793090525895329	0.2069094741046709
DTXSID0026838	1	0	0.8034489647005317	0.19655103529946807
DTXSID0026339	1	0	0.8037559227308939	0.1962440772691061
DTXSID0027066	0	0	0.8260679231676964	0.1739320768323036
DTXSID0027191	1	0	0.8055347818318862	0.19446521816811388
DTXSID0027432	0	0	0.8137136607985773	0.18628633920142265
DTXSID0027561	0	0	0.8135830040929327	0.18641699590706742
DTXSID0027515	1	0	0.7985137152845112	0.20148628471548877
DTXSID0027309	1	0	0.8114171405563566	0.18858285944364342
DTXSID0028030	0	0	0.8310646548227193	0.16893534517728054
DTXSID0027981	0	0	0.8202893762586385	0.1797106237413615
DTXSID0029260	0	0	0.8312726916187767	0.16872730838122324
DTXSID0029761	0	0	0.8258453549611733	0.1741546450388265
DTXSID0032077	0	0	0.8182586476227075	0.18174135237729258
DTXSID0032314	0	0	0.8186869754700158	0.18131302452998432
DTXSID0032998	1	0	0.8082368388833779	0.19176316111662195
DTXSID0033334	0	0	0.8375231137290191	0.16247688627098072
DTXSID0034229	1	0	0.7987036826289858	0.20129631737101408
DTXSID0034192	0	0	0.8138867399008711	0.1861132600991289
DTXSID0035160	1	0	0.7948711530679508	0.2051288469320495
DTXSID0036508	0	0	0.8132990046054062	0.18670099539459398
DTXSID0037495	1	0	0.8116005205404406	0.18839947945955934
DTXSID0037570	0	0	0.8244990152794361	0.17550098472056394
DTXSID0040127	1	0	0.8111048331446779	0.18889516685532218
DTXSID0037493	0	0	0.8221848417910222	0.17781515820897772
DTXSID0040705	1	0	0.8074014740492437	0.19259852595075624
DTXSID0040674	0	0	0.8260419295575595	0.17395807044244077
DTXSID0041220	0	0	0.8197849383061334	0.18021506169386667
DTXSID0041141	0	0	0.817634370116649	0.1823656298833513
DTXSID0041197	1	0	0.8110640972390663	0.18893590276093386
DTXSID0041517	1	0	0.8006337669749419	0.19936623302505785
DTXSID0041567	1	0	0.809084758500509	0.19091524149949113
DTXSID0042086	0	1	0.8162443226795392	0.18375567732046094
DTXSID0042038	1	0	0.8083019617932203	0.1916980382067797
DTXSID0042248	1	1	0.7856731502668759	0.21432684973312413
DTXSID0042379	1	0	0.8051853659689547	0.19481463403104535
DTXSID0042454	1	0	0.8084695298754385	0.1915304701245614
DTXSID0044363	1	0	0.8083019617932203	0.1916980382067797
DTXSID0044361	0	0	0.8192129013804575	0.18078709861954234
DTXSID0043765	0	0	0.839284334475566	0.16071566552443392
DTXSID0044496	1	0	0.802289324749057	0.19771067525094313
DTXSID0044369	0	0	0.8243214351972196	0.17567856480278052
DTXSID0044860	1	0	0.8100810295681885	0.18991897043181175
DTXSID0044862	1	0	0.8106269213576088	0.18937307864239103
DTXSID0044731	1	0	0.8073751835754517	0.19262481642454823
DTXSID0044781	1	1	0.7981141845112553	0.20188581548874504
DTXSID0044949	1	0	0.807952931747161	0.19204706825283888
DTXSID0045206	0	0	0.848255421631838	0.15174457836816183
DTXSID0045254	0	0	0.8138470019094102	0.18615299809058983
DTXSID0045832	0	0	0.8172072872590463	0.18279271274095352
DTXSID0046648	1	1	0.808033323414796	0.19196667658520414
DTXSID0047032	1	0	0.7973139930758458	0.2026860069241543
DTXSID0047036	0	0	0.8290145793698649	0.17098542063013503
DTXSID0047113	1	0	0.7881699895408165	0.21183001045918334
DTXSID0047088	1	0	0.793859182947049	0.2061408170529509
DTXSID0047111	1	1	0.8019081061593025	0.19809189384069745
DTXSID0047292	0	0	0.8297109904447507	0.17028900955524945
DTXSID0047537	1	0	0.8065988326888771	0.1934011673111227
DTXSID0047454	0	0	0.8128271424848351	0.18717285751516496
DTXSID0047535	1	0	0.8028196862665312	0.1971803137334687
DTXSID0047581	1	0	0.8083019617932203	0.1916980382067797
DTXSID0047456	1	0	0.803219300733771	0.19678069926622896
DTXSID0047872	1	0	0.8097109125187881	0.1902890874812119
DTXSID0047741	1	1	0.780745654911643	0.21925434508835698
DTXSID0047618	1	0	0.7986051640935011	0.2013948359064988
DTXSID0047660	1	0	0.80704477509189	0.1929552249081101
DTXSID0047955	1	1	0.7974889176598033	0.20251108234019646
DTXSID0047907	1	0	0.8030558433120693	0.19694415668793078
DTXSID0047951	1	1	0.8095296579836354	0.19047034201636437
DTXSID0048686	0	0	0.8171211869997581	0.1828788130002418
DTXSID0048713	0	0	0.8227900444552567	0.17720995554474323
DTXSID0049286	0	0	0.8152996222434491	0.18470037775655102
DTXSID0049236	1	0	0.8026064973234206	0.1973935026765795
DTXSID0049313	1	0	0.8079594464404848	0.19204055355951535
DTXSID0049232	1	0	0.7954899910447882	0.20451000895521176
DTXSID0049234	1	0	0.7963104094348787	0.20368959056512126
DTXSID0049365	1	0	0.8034759643563966	0.19652403564360335
DTXSID0049367	1	0	0.8090572127173253	0.19094278728267458
DTXSID0049369	1	0	0.8090572127173253	0.19094278728267458
DTXSID0051736	1	0	0.8101936625349281	0.18980633746507172
DTXSID0057677	1	0	0.8064337453233955	0.19356625467660435
DTXSID0052594	1	0	0.7994960229164201	0.20050397708357995
DTXSID0057679	1	0	0.7797031334975215	0.2202968665024787
DTXSID0052596	1	0	0.8031491297619465	0.19685087023805353
DTXSID0052839	1	0	0.802126919337964	0.19787308066203596
DTXSID0057625	0	0	0.8171211869997581	0.1828788130002418
DTXSID0057627	1	1	0.8008164766435459	0.19918352335645406
DTXSID0057706	0	0	0.8136536345762782	0.18634636542372157
DTXSID0057750	1	0	0.8078122620449777	0.19218773795502228
DTXSID0057833	1	0	0.7977711874098551	0.20222881259014477
DTXSID1020142	1	0	0.8109217019992628	0.18907829800073722
DTXSID1020146	1	0	0.8115532299143919	0.18844677008560817
DTXSID1020223	0	0	0.9000767242163678	0.09992327578363226
DTXSID1020512	1	0	0.8059522190603843	0.1940477809396158
DTXSID1020516	0	0	0.8137090924155114	0.18629090758448863
DTXSID1020510	1	1	0.783558479074155	0.21644152092584487
DTXSID1020566	1	0	0.7791011498073478	0.22089885019265226
DTXSID1020770	0	1	0.8728114901971356	0.12718850980286428
DTXSID1020560	0	1	0.8145363868574664	0.18546361314253354
DTXSID1020807	1	0	0.8017245249603864	0.1982754750396136
DTXSID1020982	1	0	0.6304364630349928	0.3695635369650071
DTXSID1020984	1	0	0.7521744493067773	0.24782555069322265
DTXSID1021160	0	0	0.8128064559992003	0.18719354400079985
DTXSID1021241	1	0	0.7963384139257047	0.20366158607429535
DTXSID1021118	1	0	0.7892205460091769	0.2107794539908231
DTXSID1021322	1	1	0.7944422122770113	0.20555778772298858
DTXSID1021530	1	0	0.8006889404098975	0.19931105959010262
DTXSID1021744	1	0	0.799954175474785	0.20004582452521522
DTXSID1021798	1	0	0.7957662145849682	0.20423378541503173
DTXSID1022897	0	0	0.8400529554838004	0.15994704451619962
DTXSID1022974	1	1	0.8045285035832563	0.19547149641674358
DTXSID1022556	1	0	0.8055724188797242	0.194427581120276
DTXSID1023235	1	0	0.805352289278467	0.19464771072153292
DTXSID1023603	0	0	0.8123514392879448	0.18764856071205527
DTXSID1023736	1	0	0.7777364430083776	0.22226355699162245
DTXSID1023869	1	0	0.8114033499348338	0.18859665006516613
DTXSID1023990	0	0	0.8157021050615518	0.18429789493844817
DTXSID1024126	1	1	0.7913598534480805	0.20864014655191937
DTXSID1024170	1	0	0.795243761693842	0.20475623830615788
DTXSID1024467	1	0	0.8059081136740862	0.1940918863259138
DTXSID1024702	1	0	0.7848797926323706	0.21512020736762943
DTXSID1024465	0	0	0.8160724803356191	0.18392751966438087
DTXSID1024881	1	0	0.8036765936830979	0.1963234063169021
DTXSID1024887	1	1	0.7856931826067606	0.21430681739323923
DTXSID1025013	1	1	0.8073839310755561	0.1926160689244441
DTXSID1025063	0	0	0.8151662856575881	0.18483371434241203
DTXSID1025649	1	1	0.783558479074155	0.21644152092584487
DTXSID1025776	1	0	0.811008817030561	0.18899118296943873
DTXSID1026035	1	0	0.802759174276125	0.19724082572387486
DTXSID1025851	1	0	0.8061792993150919	0.1938207006849081
DTXSID1026112	1	0	0.8032134006103556	0.19678659938964438
DTXSID1025809	1	0	0.8110640972390663	0.18893590276093386
DTXSID1025857	1	1	0.810437781542857	0.1895622184571429
DTXSID1026536	1	0	0.7994410557026855	0.20055894429731427
DTXSID1026740	1	0	0.8096873196975568	0.1903126803024431
DTXSID1027184	1	0	0.7912168873369735	0.20878311266302635
DTXSID1026906	1	0	0.8091627592804667	0.19083724071953329
DTXSID1026954	0	0	0.8192781418043847	0.1807218581956152
DTXSID1027427	0	0	0.8231007837798804	0.1768992162201196
DTXSID1027504	0	0	0.8160097989728258	0.18399020102717425
DTXSID1027344	0	0	0.8158737399030769	0.18412626009692315
DTXSID1027502	0	0	0.8220307960900503	0.1779692039099499
DTXSID1027716	1	0	0.8065988326888771	0.1934011673111227
DTXSID1027764	0	0	0.8165396328854256	0.18346036711457445
DTXSID1027920	1	0	0.8096396367232972	0.19036036327670283
DTXSID1029128	1	0	0.7928120146001938	0.20718798539980626
DTXSID1029203	1	0	0.8007091575536314	0.19929084244636835
DTXSID1029677	1	0	0.8044968508160066	0.19550314918399336
DTXSID1030604	1	0	0.7987914449157487	0.2012085550842513
DTXSID1030606	0	0	0.8263057406109476	0.17369425938905253
DTXSID1031460	1	0	0.7897904612295668	0.21020953877043339
DTXSID1033539	1	1	0.8045285035832563	0.19547149641674358
DTXSID1033664	0	0	0.8125688260171318	0.18743117398286827
DTXSID1034212	1	0	0.8067718590367011	0.19322814096329885
DTXSID1036541	1	1	0.8078628127094897	0.1921371872905103
DTXSID1034844	0	0	0.8218355704372007	0.1781644295627991
DTXSID1037806	0	0	0.8119134798803048	0.1880865201196953
DTXSID1037224	0	0	0.8319762393914394	0.16802376060856075
DTXSID1037272	1	0	0.8107752691445044	0.18922473085549565
DTXSID1038298	1	1	0.7831300266972941	0.2168699733027061
DTXSID1038824	1	0	0.8100257601216204	0.18997423987837958
DTXSID1038876	1	0	0.791634070403412	0.20836592959658787
DTXSID1038795	0	0	0.8152605038621696	0.18473949613783036
DTXSID1040112	1	0	0.8083019617932203	0.1916980382067797
DTXSID1040295	0	0	0.8305215897444784	0.16947841025552157
DTXSID1040740	0	1	0.8271886650143387	0.17281133498566145
DTXSID1040326	0	1	0.8256127166710848	0.17438728332891534
DTXSID1040742	0	0	0.8269012003378003	0.1730987996621997
DTXSID1041180	1	0	0.803150472945455	0.1968495270545449
DTXSID1041184	0	0	0.8584567420455266	0.14154325795447345
DTXSID1041423	1	0	0.7886289241331289	0.21137107586687104
DTXSID1041269	1	0	0.8062743545667941	0.1937256454332059
DTXSID1041847	1	0	0.8065988326888771	0.1934011673111227
DTXSID1041970	1	0	0.8068436136810754	0.1931563863189247
DTXSID1043881	1	0	0.7933268773246371	0.20667312267536303
DTXSID1044227	1	0	0.8099883234845668	0.19001167651543316
DTXSID1043910	1	0	0.7813572717326341	0.21864272826736608
DTXSID1042445	0	0	0.823624459944024	0.176375540055976
DTXSID1044433	1	0	0.8046243853122887	0.1953756146877112
DTXSID1044481	0	1	0.8213787521390423	0.1786212478609577
DTXSID1044354	0	0	0.8190176382763643	0.18098236172363566
DTXSID1044645	0	0	0.8189014932493485	0.1810985067506515
DTXSID1044568	1	0	0.804604723909626	0.19539527609037408
DTXSID1044518	1	0	0.7918395762428496	0.20816042375715035
DTXSID1044643	1	0	0.7685166413876252	0.23148335861237457
DTXSID1044564	0	0	0.8164170754437581	0.18358292455624206
DTXSID1044560	1	1	0.7684227951103175	0.2315772048896824
DTXSID1044774	1	0	0.804604723909626	0.19539527609037408
DTXSID1044724	1	0	0.8027922667687812	0.19720773323121885
DTXSID1044805	1	0	0.7902408566040943	0.20975914339590576
DTXSID1044807	1	0	0.8096873196975568	0.1903126803024431
DTXSID1044728	0	0	0.8125678432457398	0.18743215675426023
DTXSID1044934	0	0	0.832030040773715	0.1679699592262849
DTXSID1044980	0	0	0.8228765990302465	0.17712340096975343
DTXSID1044853	1	0	0.8091756454277275	0.19082435457227256
DTXSID1045081	1	0	0.8061136229522652	0.19388637704773512
DTXSID1045297	0	1	0.819176536449207	0.18082346355079307
DTXSID1045534	0	0	0.8260419295575595	0.17395807044244077
DTXSID1044859	1	0	0.7930528296385863	0.2069471703614135
DTXSID1045879	0	0	0.8152689682973108	0.18473103170268923
DTXSID1046051	1	0	0.805352289278467	0.19464771072153292
DTXSID1046922	0	0	0.8202787121639364	0.1797212878360635
DTXSID1047570	1	0	0.8000374892489079	0.19996251075109192
DTXSID1047609	1	0	0.7987036826289858	0.20129631737101408
DTXSID1047659	1	0	0.8112736955340546	0.18872630446594535
DTXSID1047651	1	0	0.8083019617932203	0.1916980382067797
DTXSID1047813	1	0	0.7810778264356351	0.21892217356436497
DTXSID1047942	0	0	0.836713559013706	0.16328644098629416
DTXSID1047940	0	0	0.836713559013706	0.16328644098629416
DTXSID1047946	1	1	0.7956383839099946	0.20436161609000536
DTXSID1047948	1	1	0.8041092353575994	0.1958907646424005
DTXSID1048598	0	0	0.821793036972111	0.17820696302788888
DTXSID1048831	1	0	0.8117439668108843	0.1882560331891159
DTXSID1048704	1	0	0.810103553598191	0.18989644640180922
DTXSID1049271	1	1	0.7914789588152161	0.20852104118478387
DTXSID1049069	0	0	0.824575987869199	0.1754240121308012
DTXSID1049221	1	1	0.7831625489302904	0.21683745106970967
DTXSID1049229	1	1	0.8041092353575994	0.1958907646424005
DTXSID1049431	1	0	0.7919356388860341	0.20806436111396584
DTXSID1049433	0	0	0.849027280527758	0.15097271947224197
DTXSID1049354	0	0	0.8153130920421982	0.18468690795780182
DTXSID1049306	1	1	0.7808446480505306	0.21915535194946936
DTXSID1049300	1	0	0.807900702394342	0.19209929760565808
DTXSID1051771	1	0	0.7863694126240139	0.21363058737598636
DTXSID1057616	0	0	0.8335822458942097	0.1664177541057902
DTXSID1057824	0	0	0.8176200207673798	0.18237997923262025
DTXSID2020139	1	1	0.7838784717817967	0.21612152821820305
DTXSID2020260	0	0	0.817847488832484	0.1821525111675158
DTXSID2020210	1	0	0.7492697031022836	0.25073029689771653
DTXSID2020266	1	1	0.8052512077615684	0.19474879223843172
DTXSID2020345	1	1	0.7601264484399312	0.23987355156006893
DTXSID2020507	1	0	0.8100879514103938	0.18991204858960614
DTXSID2020634	0	0	0.8250583735355966	0.17494162646440334
DTXSID2020470	1	1	0.7889170210450991	0.2110829789549012
DTXSID2020505	0	0	0.8175664999325698	0.18243350006743042
DTXSID2020509	0	0	0.826361250508254	0.17363874949174585
DTXSID2020474	1	0	0.798245448104299	0.2017545518957009
DTXSID2020478	0	0	0.8137283035983391	0.18627169640166086
DTXSID2020684	1	1	0.7917759628540787	0.20822403714592141
DTXSID2020686	1	0	0.7917759628540787	0.20822403714592141
DTXSID2020894	1	0	0.805666419835237	0.19433358016476293
DTXSID2020890	0	0	0.8162882358790672	0.18371176412093268
DTXSID2020846	1	1	0.7196164268060421	0.2803835731939579
DTXSID2020921	1	0	0.7906237076008773	0.20937629239912262
DTXSID2020927	1	0	0.8082498937043164	0.19175010629568362
DTXSID2021026	1	0	0.7328050828992112	0.2671949171007888
DTXSID2021028	1	0	0.7195003073753583	0.28049969262464164
DTXSID2021159	1	0	0.8018326846209347	0.1981673153790653
DTXSID2021282	1	0	0.7494244789271968	0.2505755210728032
DTXSID2021440	1	0	0.790234049007829	0.20976595099217085
DTXSID2021498	0	0	0.8154540468958116	0.18454595310418848
DTXSID2021442	0	0	0.814163154970212	0.18583684502978806
DTXSID2021652	1	0	0.8110640972390663	0.18893590276093386
DTXSID2021654	0	0	0.8130333449946908	0.18696665500530918
DTXSID2021600	1	0	0.8110640972390663	0.18893590276093386
DTXSID2021602	1	0	0.8110640972390663	0.18893590276093386
DTXSID2021866	1	0	0.8065988326888771	0.1934011673111227
DTXSID2021943	1	0	0.8042721828795434	0.19572781712045662
DTXSID2022179	1	1	0.797847117522154	0.20215288247784607
DTXSID2022125	1	0	0.8042721828795434	0.19572781712045662
DTXSID2022880	0	1	0.8162716287614213	0.18372837123857866
DTXSID2022888	0	0	0.8146626527234335	0.1853373472765665
DTXSID2023195	1	0	0.8005850738829007	0.19941492611709916
DTXSID2023270	1	0	0.7990838289871414	0.2009161710128583
DTXSID2023016	0	0	0.8138867399008711	0.1861132600991289
DTXSID2023434	0	0	0.833793342309001	0.16620665769099874
DTXSID2023276	0	0	0.8125688260171318	0.18743117398286827
DTXSID2023353	1	0	0.8066029553483354	0.19339704465166463
DTXSID2023775	0	0	0.8160774794497698	0.18392252055023023
DTXSID2023640	1	0	0.7963340400954427	0.20366595990455724
DTXSID2024585	1	1	0.7957662145849682	0.20423378541503173
DTXSID2024452	1	0	0.8105074691335764	0.1894925308664235
DTXSID2024458	1	1	0.7906237076008773	0.20937629239912262
DTXSID2024791	1	0	0.7771210189752199	0.22287898102478
DTXSID2024822	1	0	0.7885830011779242	0.21141699882207585
DTXSID2024878	1	0	0.8071350555481667	0.19286494445183341
DTXSID2024953	0	0	0.8190176382763643	0.18098236172363566
DTXSID2025395	1	0	0.8078458990697612	0.1921541009302387
DTXSID2025505	1	0	0.8110640972390663	0.18893590276093386
DTXSID2025761	1	0	0.663423336466254	0.33657666353374593
DTXSID2025975	1	0	0.797955503510134	0.20204449648986586
DTXSID2025892	1	1	0.7900088637946672	0.20999113620533272
DTXSID2026151	0	0	0.8180412949867005	0.1819587050132994
DTXSID2026238	1	0	0.8098985888602546	0.19010141113974527
DTXSID2026523	0	0	0.8292798044962709	0.17072019550372902
DTXSID2026573	1	1	0.8066507164343055	0.19334928356569414
DTXSID2026600	1	0	0.8075919074992183	0.19240809250078192
DTXSID2026789	1	0	0.803374609955316	0.19662539004468396
DTXSID2026864	1	0	0.8112736955340546	0.18872630446594535
DTXSID2026941	1	0	0.8089572604380608	0.19104273956193937
DTXSID2027098	0	0	0.819280896930395	0.18071910306960512
DTXSID2027175	1	0	0.7974232581087368	0.20257674189126298
DTXSID2027204	1	0	0.7969245294267071	0.20307547057329292
DTXSID2027543	1	0	0.740482232292066	0.25951776770793406
DTXSID2027624	0	0	0.8312113845909792	0.16878861540902088
DTXSID2029290	0	0	0.8559639748808673	0.14403602511913252
DTXSID2029169	0	0	0.8123207317756518	0.1876792682243484
DTXSID2032005	1	1	0.7944203882653337	0.20557961173466613
DTXSID2033447	1	0	0.8093434523292645	0.19065654767073542
DTXSID2034259	0	1	0.8326749984598372	0.16732500154016303
DTXSID2034627	0	0	0.8193400962334698	0.18065990376653046
DTXSID2034833	1	0	0.7985422066824681	0.2014577933175321
DTXSID2036299	1	0	0.8091627592804667	0.19083724071953329
DTXSID2038732	1	0	0.8065988326888771	0.1934011673111227
DTXSID2040652	0	0	0.8138404194281532	0.18615958057184703
DTXSID2040151	0	0	0.8248425937850951	0.17515740621490508
DTXSID2041252	1	0	0.8079268941496424	0.19207310585035758
DTXSID2041389	1	0	0.7875509446225318	0.21244905537746805
DTXSID2041250	1	0	0.8040437376186415	0.19595626238135855
DTXSID2042517	1	0	0.7615649195791202	0.23843508042087996
DTXSID2041917	0	0	0.827779771408927	0.17222022859107283
DTXSID2042060	1	0	0.8099787533293874	0.19002124667061251
DTXSID2042199	0	0	0.827299274192263	0.17270072580773685
DTXSID2042062	1	0	0.8109267059079972	0.18907329409200282
DTXSID2042143	1	0	0.7964161509272244	0.20358384907277555
DTXSID2043903	1	1	0.7804060553123022	0.21959394468769772
DTXSID2044509	1	0	0.8065843428478311	0.1934156571521688
DTXSID2044638	1	0	0.7855179755225754	0.21448202447742454
DTXSID2044680	0	0	0.8253687911709533	0.1746312088290467
DTXSID2044842	0	0	0.8322305013956366	0.1677694986043635
DTXSID2044896	1	0	0.8097922886009333	0.19020771139906656
DTXSID2044975	0	0	0.8236408271754473	0.17635917282455285
DTXSID2044971	1	1	0.7781082212292475	0.22189177877075245
DTXSID2045105	1	1	0.7830757665015491	0.21692423349845116
DTXSID2045151	0	0	0.8292053802359264	0.17079461976407354
DTXSID2045365	0	0	0.8233248218967095	0.17667517810329061
DTXSID2045496	1	0	0.7896282094623837	0.2103717905376165
DTXSID2046094	0	1	0.8121859656153205	0.18781403438467947
DTXSID2046460	0	0	0.8152176735436258	0.18478232645637424
DTXSID2046468	1	0	0.8101003513727921	0.18989964862720776
DTXSID2046541	1	0	0.8088200930108767	0.19117990698912357
DTXSID2047141	1	0	0.8068292241208442	0.1931707758791556
DTXSID2047195	1	0	0.7956266126612642	0.20437338733873567
DTXSID2047197	0	0	0.8127777310982084	0.18722226890179156
DTXSID2047434	0	0	0.8260419295575595	0.17395807044244077
DTXSID2047511	1	0	0.8083019617932203	0.1916980382067797
DTXSID2047436	0	0	0.8275669137838769	0.17243308621612333
DTXSID2047644	1	0	0.7956256308126328	0.20437436918736704
DTXSID2047723	1	0	0.7996600047843606	0.20033999521563967
DTXSID2047939	1	0	0.7892328220379423	0.2107671779620578
DTXSID2047937	0	0	0.8132657018569872	0.18673429814301265
DTXSID2049218	1	0	0.8094648017473365	0.19053519825266366
DTXSID2049006	0	0	0.8153296185900878	0.18467038140991238
DTXSID2049260	1	1	0.7924996396863158	0.20750036031368407
DTXSID2049264	1	0	0.8044470547687514	0.19555294523124866
DTXSID2049347	1	0	0.8001406459948633	0.1998593540051368
DTXSID2049343	1	0	0.810950169404564	0.18904983059543606
DTXSID2049424	0	0	0.8139848621255014	0.18601513787449828
DTXSID2049420	0	0	0.8119134798803048	0.1880865201196953
DTXSID2049428	0	0	0.8237922534160486	0.17620774658395155
DTXSID2052281	0	0	0.8219023095186067	0.1780976904813933
DTXSID2051716	0	0	0.8127144603711872	0.1872855396288128
DTXSID2051895	1	0	0.7994296511602528	0.20057034883974711
DTXSID2052289	1	0	0.8058233642242195	0.19417663577578054
DTXSID2057730	1	1	0.8019296210803518	0.19807037891964838
DTXSID3020095	1	0	0.7936019697122073	0.2063980302877926
DTXSID3020043	0	0	0.8321547537216566	0.16784524627834338
DTXSID3020093	1	0	0.7977737653906122	0.20222623460938793
DTXSID3020128	1	0	0.8110582700160811	0.18894172998391887
DTXSID3020380	1	1	0.8072486589886709	0.19275134101132915
DTXSID3020384	0	0	0.8233248218967095	0.17667517810329061
DTXSID3020332	1	0	0.8097284775269439	0.19027152247305612
DTXSID3020598	0	0	0.8190662766367233	0.1809337233632765
DTXSID3020625	0	1	0.8314164515604708	0.1685835484395293
DTXSID3020704	0	0	0.8189138004363007	0.18108619956369942
DTXSID3020706	0	1	0.8405834069407373	0.15941659305926267
DTXSID3020914	1	0	0.7939551895343308	0.20604481046566916
DTXSID3020916	1	0	0.7944382850110098	0.20556171498899034
DTXSID3020918	1	0	0.7937862147017377	0.20621378529826193
DTXSID3021196	1	0	0.8104075768795709	0.18959242312042904
DTXSID3021356	1	0	0.8081566622951774	0.19184333770482265
DTXSID3021275	1	1	0.7997899856714926	0.20021001432850738
DTXSID3021641	1	0	0.8110640972390663	0.18893590276093386
DTXSID3021645	1	0	0.8110640972390663	0.18893590276093386
DTXSID3021774	1	0	0.7856931826067606	0.21430681739323923
DTXSID3021772	1	0	0.8107347959212027	0.18926520407879732
DTXSID3022035	1	0	0.8099787533293874	0.19002124667061251
DTXSID3021980	1	0	0.8083019617932203	0.1916980382067797
DTXSID3022370	1	1	0.8045285035832563	0.19547149641674358
DTXSID3022667	0	0	0.8233248218967095	0.17667517810329061
DTXSID3022904	0	0	0.8253319062997471	0.17466809370025277
DTXSID3022829	0	0	0.8337755756904489	0.16622442430955114
DTXSID3022956	1	1	0.7997899856714926	0.20021001432850738
DTXSID3023059	0	0	0.8252741145833628	0.17472588541663725
DTXSID3023502	0	0	0.8171211869997581	0.1828788130002418
DTXSID3023845	1	0	0.7856931826067606	0.21430681739323923
DTXSID3023556	1	0	0.788699794312571	0.2113002056874289
DTXSID3023764	1	0	0.7838784717817967	0.21612152821820305
DTXSID3024104	1	1	0.7839959702517894	0.21600402974821067
DTXSID3024318	0	0	0.812445093335085	0.1875549066649148
DTXSID3024366	1	0	0.8027339663495265	0.1972660336504733
DTXSID3024491	1	1	0.7818172671340055	0.2181827328659948
DTXSID3024289	1	1	0.7838784717817967	0.21612152821820305
DTXSID3024447	1	0	0.8075263716489516	0.19247362835104842
DTXSID3024574	0	0	0.8243654184508286	0.1756345815491712
DTXSID3024780	1	1	0.793770420797661	0.20622957920233892
DTXSID3024994	0	0	0.8258453549611733	0.1741546450388265
DTXSID3025093	1	0	0.792960835923983	0.20703916407601722
DTXSID3025122	0	0	0.8124815069239295	0.18751849307607044
DTXSID3026279	1	0	0.7690105065740268	0.23098949342597333
DTXSID3026148	1	0	0.8096821904316218	0.19031780956837804
DTXSID3026516	1	0	0.8073504001709353	0.19264959982906465
DTXSID3026514	0	0	0.8127620405102699	0.18723795948973007
DTXSID3026697	1	1	0.8041102277829469	0.19588977221705328
DTXSID3027037	0	0	0.8299818581151326	0.17001814188486755
DTXSID3027085	1	0	0.8102163980640652	0.1897836019359347
DTXSID3027297	1	0	0.8106269213576088	0.18937307864239103
DTXSID3027322	1	0	0.8052462737730652	0.19475372622693465
DTXSID3027370	1	0	0.8030673017889323	0.19693269821106799
DTXSID3027584	0	0	0.8224960956184572	0.17750390438154295
DTXSID3027790	0	0	0.8128835642336778	0.1871164357663221
DTXSID3029289	1	0	0.8100780756279743	0.18992192437202574
DTXSID3029287	1	0	0.7797011207684671	0.220298879231533
DTXSID3029154	0	0	0.8118689174696828	0.1881310825303172
DTXSID3029655	0	0	0.8126868232068637	0.18731317679313633
DTXSID3032416	0	0	0.815776582498121	0.18422341750187896
DTXSID3032547	1	0	0.8102961992927554	0.18970380070724446
DTXSID3032591	0	0	0.8450316755086676	0.1549683244913325
DTXSID3032622	0	0	0.8328656223880223	0.16713437761197744
DTXSID3032751	1	1	0.7924011749461509	0.20759882505384902
DTXSID3034113	1	0	0.81068242362409	0.18931757637591004
DTXSID3035341	0	0	0.8499205284590642	0.15007947154093584
DTXSID3036496	0	0	0.8130642113072899	0.18693578869271016
DTXSID3047477	0	1	0.8130642113072899	0.18693578869271016
DTXSID3036525	0	0	0.8148230826416227	0.18517691735837724
DTXSID3037541	0	1	0.8121930452929078	0.18780695470709224
DTXSID3038694	1	0	0.8104319875574113	0.1895680124425886
DTXSID3038800	1	0	0.8042644052806825	0.1957355947193174
DTXSID3040271	1	0	0.795958279584409	0.204041720415591
DTXSID3040647	0	0	0.8293203693064352	0.1706796306935649
DTXSID3041299	1	0	0.8016467225514474	0.19835327744855258
DTXSID3040774	1	0	0.8096821904316218	0.19031780956837804
DTXSID3041611	0	0	0.8149271153612763	0.18507288463872384
DTXSID3041615	1	0	0.7842987135160657	0.21570128648393408
DTXSID3041873	1	0	0.8114033499348338	0.18859665006516613
DTXSID3041954	1	0	0.8042721828795434	0.19572781712045662
DTXSID3042059	1	0	0.8057613318470924	0.19423866815290758
DTXSID3042215	1	0	0.7952198745003165	0.2047801254996835
DTXSID3044128	0	0	0.816795771577768	0.18320422842223213
DTXSID3044388	0	0	0.8186056603762396	0.18139433962376045
DTXSID3044411	0	0	0.8186718575845113	0.1813281424154888
DTXSID3044413	0	0	0.8199967510739204	0.18000324892607952
DTXSID3044415	0	1	0.83440337197553	0.16559662802447003
DTXSID3044384	1	0	0.8018298937330653	0.19817010626693476
DTXSID3044629	1	0	0.7991474925707069	0.20085250742929306
DTXSID3044625	0	0	0.8248439755395531	0.17515602446044704
DTXSID3044706	0	0	0.8302479190448524	0.16975208095514782
DTXSID3044889	1	1	0.7970315178223965	0.20296848217760355
DTXSID3044831	1	0	0.8041129119121438	0.1958870880878561
DTXSID3044754	1	0	0.8075263716489516	0.19247362835104842
DTXSID3045190	1	0	0.8000014758234671	0.19999852417653277
DTXSID3045192	1	0	0.8051182386147098	0.19488176138529034
DTXSID3045194	1	0	0.8020653411342195	0.1979346588657805
DTXSID3045647	0	0	0.8223515799612162	0.17764842003878376
DTXSID3045695	0	0	0.8151172040171404	0.18488279598285937
DTXSID3045306	0	0	0.8227900444552567	0.17720995554474323
DTXSID3045930	1	1	0.8028097512074567	0.1971902487925432
DTXSID3046162	0	0	0.8138190865411075	0.18618091345889248
DTXSID3046584	1	0	0.8077741897724796	0.19222581022752036
DTXSID3046823	1	0	0.8042712139982721	0.19572878600172797
DTXSID3047055	1	0	0.7897408656133237	0.21025913438667615
DTXSID3047182	1	0	0.8015067415435352	0.19849325845646476
DTXSID3047134	1	0	0.807877932836262	0.1921220671637378
DTXSID3047429	1	0	0.8085094078751373	0.1914905921248626
DTXSID3047552	1	0	0.8083019617932203	0.1916980382067797
DTXSID3047716	1	0	0.8081834636221624	0.1918165363778377
DTXSID3047683	0	0	0.8126934238128489	0.18730657618715094
DTXSID3047687	0	0	0.8351349368843392	0.16486506311566074
DTXSID3047633	1	0	0.8083019617932203	0.1916980382067797
DTXSID3047928	1	0	0.8023259457122969	0.19767405428770307
DTXSID3047970	1	0	0.8044050280992732	0.19559497190072664
DTXSID3047897	1	0	0.810103553598191	0.18989644640180922
DTXSID3048603	0	0	0.81636024802418	0.18363975197581997
DTXSID3048998	1	0	0.7924907544465224	0.207509245553478
DTXSID3048863	0	0	0.812328983219183	0.18767101678081688
DTXSID3049209	1	1	0.7879680022716145	0.21203199772838538
DTXSID3049253	1	1	0.8089565648226272	0.19104343517737274
DTXSID3049207	1	0	0.8092110089053269	0.1907889910946729
DTXSID3049251	1	0	0.8094661826334315	0.19053381736656863
DTXSID3049338	0	0	0.8503776286693432	0.1496223713306567
DTXSID3049417	1	1	0.8117226153188728	0.18827738468112742
DTXSID3049386	0	0	0.8162023962575906	0.18379760374240936
DTXSID3049384	0	0	0.8485297933971072	0.15147020660289262
DTXSID3052060	0	0	0.816838639446839	0.18316136055316098
DTXSID3052228	0	0	0.8121833070306764	0.1878166929693235
DTXSID7041675	0	0	0.8121833070306764	0.1878166929693235
DTXSID3057690	0	0	0.8296555648396075	0.17034443516039238
DTXSID3057692	1	0	0.7900487803584071	0.20995121964159275
DTXSID3057777	0	0	0.8149435652795735	0.18505643472042677
DTXSID3057694	1	0	0.8018617125752338	0.1981382874247661
DTXSID3057779	1	0	0.7945066690908917	0.20549333090910823
DTXSID3057852	1	0	0.8078051608004349	0.1921948391995651
DTXSID4020032	0	0	0.817400407738253	0.18259959226174735
DTXSID4020240	0	1	0.8153674927460336	0.18463250725396652
DTXSID4020242	0	1	0.8157698409171223	0.18423015908287774
DTXSID4020452	1	0	0.7954255734038612	0.20457442659613864
DTXSID4020379	1	1	0.8092764399295679	0.190723560070432
DTXSID4020537	1	0	0.7857926937932118	0.2142073062067883
DTXSID4020745	0	0	0.822140298384404	0.17785970161559592
DTXSID4020743	1	0	0.8041986911093224	0.1958013088906777
DTXSID4020616	1	0	0.7902767100019565	0.20972328999804327
DTXSID4020614	1	1	0.8072486589886709	0.19275134101132915
DTXSID4020666	1	0	0.7899209987427088	0.21007900125729134
DTXSID4020668	0	0	0.8199832382231887	0.18001676177681109
DTXSID4020820	0	0	0.8147418029708142	0.1852581970291857
DTXSID4021002	1	0	0.6318389695732417	0.3681610304267582
DTXSID4021006	1	0	0.7259128649082346	0.2740871350917655
DTXSID4021131	1	1	0.7900088637946672	0.20999113620533272
DTXSID4021135	1	1	0.7848522427746152	0.21514775722538457
DTXSID4021185	0	0	0.8185497712758676	0.18145022872413244
DTXSID4021268	0	0	0.8132818618435583	0.18671813815644203
DTXSID4021347	0	0	0.8161685637068151	0.1838314362931848
DTXSID4021397	1	0	0.7994901676120008	0.20050983238799935
DTXSID4021424	0	0	0.8246140218790655	0.1753859781209344
DTXSID4021478	1	1	0.80883662014009	0.19116337985991008
DTXSID4021632	0	0	0.8124229055246978	0.18757709447530205
DTXSID4021684	1	0	0.8110640972390663	0.18893590276093386
DTXSID4021923	1	0	0.798712209781169	0.2012877902188311
DTXSID4021769	1	0	0.7907353483117449	0.2092646516882552
DTXSID4021842	1	0	0.767823412023912	0.23217658797608795
DTXSID4022109	1	0	0.7987036826289858	0.20129631737101408
DTXSID4022020	0	0	0.8223385055679695	0.1776614944320307
DTXSID4022070	1	0	0.8042721828795434	0.19572781712045662
DTXSID4022573	0	0	0.8349110822626055	0.16508891773739437
DTXSID4022579	0	0	0.8268779429734145	0.1731220570265853
DTXSID4022367	1	1	0.8085226539801411	0.19147734601985886
DTXSID4022369	0	1	0.8137005072902712	0.18629949270972893
DTXSID4023177	1	0	0.7945840743030196	0.20541592569698033
DTXSID4023094	0	0	0.8130642113072899	0.18693578869271016
DTXSID4022949	1	0	0.7945756820120131	0.2054243179879869
DTXSID4022991	0	0	0.8380832318231305	0.1619167681768695
DTXSID4022999	1	1	0.8110586364723973	0.18894136352760263
DTXSID4023333	1	0	0.807063945455014	0.19293605454498605
DTXSID4023595	0	0	0.8301343193861577	0.16986568061384247
DTXSID4024145	1	0	0.8058316309591351	0.19416836904086496
DTXSID4024272	1	0	0.811292248000125	0.1887077519998749
DTXSID4024484	1	0	0.8098757643172054	0.19012423568279457
DTXSID4024692	1	0	0.7859847812053403	0.21401521879465962
DTXSID4024721	1	0	0.8096821904316218	0.19031780956837804
DTXSID4024985	0	0	0.8419745341708762	0.15802546582912372
DTXSID4025242	1	0	0.7819828617413035	0.21801713825869662
DTXSID4026183	1	0	0.8059722089126553	0.19402779108734486
DTXSID4025903	0	0	0.812163255976166	0.18783674402383388
DTXSID4026262	1	1	0.8048785094291411	0.19512149057085917
DTXSID4026501	0	0	0.8559639748808673	0.14403602511913252
DTXSID4026505	1	0	0.7977669123196339	0.2022330876803663
DTXSID4026266	0	0	0.8190138506241167	0.18098614937588337
DTXSID4026842	1	0	0.8112736955340546	0.18872630446594535
DTXSID4026769	1	0	0.8007964846159833	0.19920351538401646
DTXSID4027026	1	0	0.8091627592804667	0.19083724071953329
DTXSID4026927	1	0	0.8091627592804667	0.19083724071953329
DTXSID4027159	1	0	0.7976003019231719	0.2023996980768282
DTXSID4027608	1	0	0.8109902232394961	0.18900977676050382
DTXSID4029149	1	0	0.8112736955340546	0.18872630446594535
DTXSID4029353	1	1	0.8002740469262255	0.19972595307377458
DTXSID4034287	1	0	0.7987036826289858	0.20129631737101408
DTXSID4035209	0	0	0.830631502969546	0.1693684970304541
DTXSID4035839	0	0	0.8392364687168862	0.16076353128311377
DTXSID4036435	0	0	0.8199967510739204	0.18000324892607952
DTXSID4036489	0	0	0.8125688260171318	0.18743117398286827
DTXSID4036514	1	1	0.8075687580483462	0.19243124195165393
DTXSID4038346	1	0	0.7990917003810941	0.20090829961890586
DTXSID4039235	1	0	0.8089440108688636	0.1910559891311361
DTXSID4041280	1	0	0.7784316903412561	0.2215683096587438
DTXSID4040264	1	1	0.7940927917878173	0.2059072082121828
DTXSID4041230	0	0	0.8246208776819942	0.1753791223180059
DTXSID4041527	0	0	0.8184255452078141	0.18157445479218592
DTXSID4041604	1	0	0.8083019617932203	0.1916980382067797
DTXSID4042090	0	1	0.8190176382763643	0.18098236172363566
DTXSID4042121	1	0	0.8061251513253814	0.1938748486746185
DTXSID4042096	1	0	0.805352289278467	0.19464771072153292
DTXSID4041818	1	0	0.8019923053619367	0.19800769463806356
DTXSID4041995	1	0	0.8049485716041098	0.19505142839589013
DTXSID4042206	0	0	0.8199967510739204	0.18000324892607952
DTXSID4042252	1	1	0.8062065537464571	0.19379344625354306
DTXSID4042254	0	0	0.8126723915106285	0.1873276084893714
DTXSID4044668	1	1	0.7726985617799423	0.22730143822005738
DTXSID4044745	0	0	0.8753686060384545	0.12463139396154568
DTXSID4044456	0	0	0.8263188744153883	0.17368112558461182
DTXSID4044876	1	0	0.791645232582141	0.20835476741785894
DTXSID4044820	1	0	0.8079955998503733	0.19200440014962666
DTXSID4044824	1	0	0.7966447944692702	0.20335520553072972
DTXSID4044828	1	0	0.8075263716489516	0.19247362835104842
DTXSID4044872	1	0	0.7781082212292475	0.22189177877075245
DTXSID4044589	0	0	0.815153740426462	0.18484625957353812
DTXSID4044905	1	0	0.7845709479404006	0.21542905205959909
DTXSID4045474	0	0	0.8205029135807093	0.17949708641929057
DTXSID4045262	1	0	0.7801152977736784	0.21988470222632142
DTXSID4045896	0	0	0.8200182411777964	0.17998175882220352
DTXSID4047092	1	0	0.8034613027336919	0.19653869726630804
DTXSID4047044	1	0	0.8083019617932203	0.1916980382067797
DTXSID4046949	0	1	0.8199297446550973	0.18007025534490295
DTXSID4047121	1	0	0.7823710483564502	0.21762895164354978
DTXSID4047127	1	0	0.8012327788343273	0.19876722116567283
DTXSID4047200	1	0	0.7920312237303813	0.2079687762696187
DTXSID4047462	1	0	0.7939851450696848	0.20601485493031524
DTXSID4047591	1	0	0.7928451717201925	0.2071548282798076
DTXSID4047674	1	0	0.7933497413047762	0.20665025869522388
DTXSID4047624	1	0	0.8075263716489516	0.19247362835104842
DTXSID4047622	1	0	0.7976003019231719	0.2023996980768282
DTXSID4047705	1	0	0.8092035228620877	0.19079647713791204
DTXSID4047965	1	0	0.7975569331864938	0.2024430668135061
DTXSID4047913	1	1	0.7974889176598033	0.20251108234019646
DTXSID4047915	1	1	0.8089565648226272	0.19104343517737274
DTXSID4047911	1	0	0.8088874420147847	0.1911125579852154
DTXSID4047917	1	1	0.7974889176598033	0.20251108234019646
DTXSID4047967	1	0	0.798129023312889	0.2018709766871109
DTXSID4047919	1	1	0.8082983219489239	0.19170167805107624
DTXSID4047884	1	0	0.8080964931751339	0.19190350682486598
DTXSID4048983	0	1	0.8298778334970742	0.1701221665029256
DTXSID4048854	0	0	0.8205400426679944	0.17945995733200545
DTXSID4049298	1	1	0.7974889176598033	0.20251108234019646
DTXSID4049290	1	1	0.7974889176598033	0.20251108234019646
DTXSID4049246	1	0	0.8088874420147847	0.1911125579852154
DTXSID4049321	1	1	0.7889751638621948	0.21102483613780515
DTXSID4049248	1	0	0.8082983219489239	0.19170167805107624
DTXSID4049038	0	0	0.8263188744153883	0.17368112558461182
DTXSID4049375	1	0	0.8001406459948633	0.1998593540051368
DTXSID4049377	0	0	0.8324230668985866	0.1675769331014135
DTXSID4049329	0	0	0.8503776286693432	0.1496223713306567
DTXSID4049400	1	1	0.7919356388860341	0.20806436111396584
DTXSID4051586	0	0	0.8493835094207042	0.15061649057929588
DTXSID4052267	1	0	0.802019286952337	0.197980713047663
DTXSID4057685	0	1	0.8191068094257933	0.18089319057420677
DTXSID4052342	0	0	0.8234929728682876	0.1765070271317124
DTXSID4057689	1	1	0.8075047068142037	0.19249529318579636
DTXSID4057631	0	0	0.829567070359281	0.1704329296407192
DTXSID4052554	1	0	0.8030751607071306	0.19692483929286925
DTXSID4057716	1	0	0.8115128807348032	0.18848711926519685
DTXSID4057847	0	0	0.8329909608158356	0.16700903918416438
DTXSID5020106	0	0	0.8126382819509055	0.18736171804909452
DTXSID5020233	1	1	0.8017404724824201	0.19825952751757991
DTXSID5020499	0	0	0.8150817445088335	0.18491825549116644
DTXSID5020366	1	1	0.8034280952984576	0.19657190470154234
DTXSID5020491	1	0	0.7832429095156611	0.216757090484339
DTXSID5020360	0	0	0.8236008153678424	0.17639918463215767
DTXSID5020601	0	0	0.8130238782527669	0.1869761217472333
DTXSID5020570	0	0	0.8127074524209403	0.18729254757905986
DTXSID5020576	1	1	0.8059620526275881	0.1940379473724121
DTXSID5020653	1	1	0.7772434622315135	0.22275653776848628
DTXSID5020730	1	1	0.7976869247172873	0.2023130752827128
DTXSID5020815	0	0	0.8125120730240796	0.18748792697592043
DTXSID5020869	1	1	0.7990558346830964	0.2009441653169036
DTXSID5021253	1	0	0.7860275368505453	0.21397246314945453
DTXSID5021209	0	0	0.8221172209115861	0.17788277908841393
DTXSID5021251	1	0	0.7790595322259936	0.22094046777400655
DTXSID5021384	1	0	0.7954567945234624	0.20454320547653765
DTXSID5021332	1	1	0.8068921875308236	0.1931078124691764
DTXSID5021336	0	0	0.8219023095186067	0.1780976904813933
DTXSID5021546	1	0	0.8061907177277327	0.19380928227226724
DTXSID5021590	1	0	0.8110640972390663	0.18893590276093386
DTXSID5021415	1	0	0.810692712564256	0.18930728743574407
DTXSID5021598	1	0	0.8106269213576088	0.18937307864239103
DTXSID5021463	1	1	0.7505627873240569	0.2494372126759432
DTXSID5021754	0	0	0.8258618483610136	0.17413815163898644
DTXSID5021835	0	0	0.8160702243959539	0.18392977560404614
DTXSID5021837	0	0	0.8207034769799347	0.17929652302006527
DTXSID5021916	1	0	0.8085874211218474	0.19141257887815244
DTXSID5022227	1	0	0.8016527911932091	0.19834720880679077
DTXSID5022857	0	0	0.8185497712758676	0.18145022872413244
DTXSID5022643	0	0	0.8240912517029256	0.17590874829707437
DTXSID5022934	0	0	0.8339540950855676	0.16604590491443225
DTXSID5023031	1	0	0.8058672407598053	0.19413275924019463
DTXSID5023037	1	0	0.8053359705949751	0.19466402940502517
DTXSID5023081	1	0	0.810103553598191	0.18989644640180922
DTXSID5023322	0	1	0.8231625340780183	0.17683746592198166
DTXSID5023532	0	0	0.8285063209783848	0.17149367902161528
DTXSID5023588	1	0	0.805352289278467	0.19464771072153292
DTXSID5023667	0	0	0.8138867399008711	0.1861132600991289
DTXSID5023794	0	1	0.8125688260171318	0.18743117398286827
DTXSID5023908	1	0	0.7838784717817967	0.21612152821820305
DTXSID5023902	1	1	0.7838784717817967	0.21612152821820305
DTXSID5023825	1	0	0.8091064565780899	0.19089354342191006
DTXSID5024134	1	1	0.7917759628540787	0.20822403714592141
DTXSID5024554	1	0	0.742079779609321	0.2579202203906791
DTXSID5024504	1	0	0.8034221451657113	0.1965778548342889
DTXSID5025023	1	0	0.7985137152845112	0.20148628471548877
DTXSID5025152	0	0	0.8124815069239295	0.18751849307607044
DTXSID5025100	0	0	0.8199770912643394	0.18002290873566068
DTXSID5025237	1	0	0.7910355822467491	0.20896441775325103
DTXSID5025102	0	0	0.8222100037927105	0.1777899962072894
DTXSID5025364	1	0	0.8108030175527597	0.18919698244724012
DTXSID5025998	1	1	0.793090525895329	0.2069094741046709
DTXSID5025730	1	1	0.6343127123527242	0.3656872876472758
DTXSID5025815	1	0	0.7818164123152473	0.2181835876847528
DTXSID5025811	1	0	0.8112736955340546	0.18872630446594535
DTXSID5026124	1	0	0.8115919335838138	0.18840806641618643
DTXSID5026091	1	0	0.7954567945234624	0.20454320547653765
DTXSID5026178	0	0	0.8258453549611733	0.1741546450388265
DTXSID5026122	0	0	0.8168964271009816	0.18310357289901852
DTXSID5026544	1	0	0.8005141063904804	0.19948589360951952
DTXSID5026889	1	0	0.8112736955340546	0.18872630446594535
DTXSID5027019	1	0	0.8112736955340546	0.18872630446594535
DTXSID5027061	1	1	0.7831300266972941	0.2168699733027061
DTXSID5027148	1	0	0.7954567945234624	0.20454320547653765
DTXSID5027198	0	0	0.8224682225974798	0.17753177740252024
DTXSID5027358	0	0	0.8153997616141813	0.18460023838581857
DTXSID5027229	1	0	0.8005140904905983	0.19948590950940168
DTXSID5027489	1	0	0.7855179755225754	0.21448202447742454
DTXSID5027512	0	0	0.816323466493016	0.1836765335069837
DTXSID5027774	0	0	0.8424693304611095	0.15753066953889042
DTXSID5027641	1	0	0.8054612547031412	0.19453874529685874
DTXSID5027728	1	0	0.8102163980640652	0.1897836019359347
DTXSID5029186	0	0	0.8164591549811311	0.18354084501886886
DTXSID5030955	1	0	0.8096821904316218	0.19031780956837804
DTXSID5032315	0	1	0.8319736525513033	0.16802634744869696
DTXSID5032523	0	1	0.8239875460142043	0.17601245398579565
DTXSID5033701	0	0	0.814508154819202	0.1854918451807983
DTXSID5033179	1	0	0.8104059215005068	0.18959407849949317
DTXSID5033389	0	0	0.8186971395495457	0.18130286045045443
DTXSID5037494	1	0	0.8118115965767683	0.18818840342323165
DTXSID5040704	1	1	0.7994719757064953	0.2005280242935045
DTXSID5041275	1	0	0.8084695298754385	0.1915304701245614
DTXSID5040706	1	0	0.7844728256309348	0.21552717436906535
DTXSID5040750	0	0	0.8140197960894162	0.1859802039105837
DTXSID5041560	1	1	0.8112736955340546	0.18872630446594535
DTXSID5042243	0	0	0.8241731428185771	0.17582685718142282
DTXSID5042320	1	0	0.6418887368529512	0.3581112631470488
DTXSID5044362	1	0	0.8032316802837566	0.19676831971624378
DTXSID5044491	0	0	0.8263250977295429	0.17367490227045723
DTXSID5044368	1	0	0.7952198745003165	0.2047801254996835
DTXSID5044655	0	0	0.8140803778943322	0.1859196221056677
DTXSID5044734	0	0	0.8257457707896457	0.17425422921035422
DTXSID5044603	0	0	0.8250001450073075	0.1749998549926925
DTXSID5044817	1	1	0.8111755011137632	0.18882449888623667
DTXSID5044865	0	1	0.8190176382763643	0.18098236172363566
DTXSID5044815	1	0	0.8065988326888771	0.1934011673111227
DTXSID5044996	1	0	0.800648556312575	0.19935144368742527
DTXSID5044990	1	0	0.7968690902040326	0.2031309097959673
DTXSID5045124	0	0	0.8142334694334582	0.18576653056654174
DTXSID5045170	0	0	0.8233864696751113	0.17661353032488866
DTXSID5045201	1	0	0.8002322513309682	0.19976774866903185
DTXSID5045174	1	0	0.8048538360487765	0.19514616395122375
DTXSID5045883	0	0	0.8151678298564757	0.1848321701435243
DTXSID5045756	1	0	0.7849362833338649	0.2150637166661352
DTXSID5045914	1	0	0.8097323563167039	0.190267643683296
DTXSID5046067	0	0	0.8245229447342026	0.1754770552657973
DTXSID5046190	1	0	0.8064018687993039	0.19359813120069597
DTXSID5046196	1	0	0.8060898148670017	0.1939101851329982
DTXSID5047081	1	0	0.8022461132128621	0.1977538867871377
DTXSID5047168	1	0	0.8062876608525674	0.19371233914743252
DTXSID5047083	0	0	0.8146769210817485	0.18532307891825137
DTXSID5047162	1	0	0.8079032958839408	0.19209670411605925
DTXSID5047164	1	0	0.802289324749057	0.19771067525094313
DTXSID5047243	0	0	0.8168867668722267	0.18311323312777328
DTXSID5047241	0	0	0.8226334706755285	0.1773665293244715
DTXSID5047611	1	0	0.7987036826289858	0.20129631737101408
DTXSID5047459	1	0	0.7847068713043871	0.215293128695613
DTXSID5047582	1	0	0.8083019617932203	0.1916980382067797
DTXSID5047871	1	1	0.7956383839099946	0.20436161609000536
DTXSID5047873	1	1	0.8041092353575994	0.1958907646424005
DTXSID5047877	0	0	0.8132657018569872	0.18673429814301265
DTXSID5048184	1	0	0.8062262175108017	0.1937737824891983
DTXSID5047952	1	1	0.8082983219489239	0.19170167805107624
DTXSID5048421	1	0	0.7854858586139021	0.2145141413860979
DTXSID5048899	0	0	0.8120801488691717	0.1879198511308284
DTXSID5049237	1	1	0.8112130334786183	0.18878696652138163
DTXSID5049285	0	0	0.8374826228982395	0.16251737710176054
DTXSID5049287	1	0	0.8098572883001615	0.19014271169983826
DTXSID5049239	0	0	0.8126641288354377	0.18733587116456243
DTXSID5049231	1	0	0.8094661826334315	0.19053381736656863
DTXSID5049281	1	0	0.8092346598123135	0.1907653401876866
DTXSID5049283	1	1	0.8082983219489239	0.19170167805107624
DTXSID5049289	1	0	0.8026064973234206	0.1973935026765795
DTXSID5049310	1	0	0.7996852447765873	0.20031475522341283
DTXSID5049318	0	0	0.8328165262867808	0.16718347371321918
DTXSID5049314	1	0	0.7897904612295668	0.21020953877043339
DTXSID5052250	1	0	0.8113463514593972	0.18865364854060293
DTXSID5052460	1	0	0.8102713393185588	0.1897286606814412
DTXSID5052884	1	0	0.8021420326054503	0.1978579673945497
DTXSID5057834	0	0	0.8125688260171318	0.18743117398286827
DTXSID5057757	1	0	0.7932229774179157	0.20677702258208427
DTXSID5057838	0	1	0.8185456820420037	0.18145431795799627
DTXSID5057705	0	0	0.8337163932446384	0.16628360675536175
DTXSID6020141	1	0	0.775809196428113	0.22419080357188675
DTXSID6020145	1	0	0.8054140325162154	0.1945859674837845
DTXSID6020224	1	0	0.8046579247357979	0.19534207526420233
DTXSID6020274	1	0	0.8034280952984576	0.19657190470154234
DTXSID6020359	1	0	0.8054411116945794	0.1945588883054206
DTXSID6020276	1	1	0.7918350815430406	0.2081649184569593
DTXSID6020515	0	0	0.8174470499377872	0.18255295006221273
DTXSID6020561	1	1	0.7913598534480805	0.20864014655191937
DTXSID6020513	1	1	0.7952843841318021	0.20471561586819792
DTXSID6020569	1	0	0.7859435817047636	0.21405641829523642
DTXSID6020694	0	0	0.8219961995383773	0.1780038004616227
DTXSID6020696	0	0	0.813578308397929	0.186421691602071
DTXSID6020779	0	0	0.817847488832484	0.1821525111675158
DTXSID6020646	1	0	0.7881706161345813	0.2118293838654189
DTXSID6020802	0	0	0.8165880884173563	0.18341191158264372
DTXSID6020856	0	0	0.827836316174576	0.172163683825424
DTXSID6020983	1	1	0.6343127123527242	0.3656872876472758
DTXSID6020985	1	0	0.7835327394237384	0.21646726057626167
DTXSID6021032	1	0	0.7328050828992112	0.2671949171007888
DTXSID6021036	1	0	0.7190053127062481	0.28099468729375215
DTXSID6021294	0	0	0.8299818581151326	0.17001814188486755
DTXSID6021371	0	0	0.8260419295575595	0.17395807044244077
DTXSID6021373	0	0	0.8184189621328691	0.18158103786713065
DTXSID6021375	1	0	0.802019286952337	0.197980713047663
DTXSID6021240	1	1	0.793167327952372	0.20683267204762815
DTXSID6021377	1	0	0.7954567945234624	0.20454320547653765
DTXSID6021404	1	0	0.8040051434957606	0.1959948565042395
DTXSID6021666	1	0	0.8110640972390663	0.18893590276093386
DTXSID6021585	0	1	0.8119387074928138	0.1880612925071861
DTXSID6021793	1	1	0.7831300266972941	0.2168699733027061
DTXSID6021795	1	0	0.7873803138378602	0.21261968616213966
DTXSID6021799	1	0	0.8101865360237143	0.18981346397628568
DTXSID6021822	1	0	0.807231913507434	0.19276808649256624
DTXSID6022002	1	0	0.8063832352669253	0.19361676473307443
DTXSID6022341	0	0	0.8225500454801075	0.1774499545198925
DTXSID6022688	1	0	0.7998578519929055	0.2001421480070945
DTXSID6022474	0	0	0.8179522743768813	0.18204772562311888
DTXSID6022927	1	0	0.7976693036897304	0.20233069631026954
DTXSID6022977	0	0	0.835423370263451	0.16457662973654913
DTXSID6023024	1	1	0.8079690247792192	0.1920309752207808
DTXSID6022894	1	0	0.8072738448690036	0.19272615513099642
DTXSID6023602	1	0	0.8109072724239937	0.18909272757600631
DTXSID6023999	0	0	0.8200200298737713	0.17997997012622868
DTXSID6023652	0	0	0.8187243738785273	0.1812756261214729
DTXSID6023496	0	0	0.8154153076128062	0.18458469238719383
DTXSID6024204	0	0	0.8218206064973786	0.17817939350262124
DTXSID6024254	1	1	0.7838784717817967	0.21612152821820305
DTXSID6024624	1	0	0.7828048714660398	0.2171951285339602
DTXSID6024838	1	1	0.7884346824828824	0.2115653175171178
DTXSID6024886	1	0	0.806138782866646	0.1938612171333539
DTXSID6024882	0	1	0.8167166176219416	0.18328338237805855
DTXSID6024888	0	0	0.8425231524449471	0.1574768475550528
DTXSID6024961	1	1	0.8091658455719132	0.1908341544280867
DTXSID6025149	0	1	0.8137195353675806	0.18628046463241948
DTXSID6025307	1	0	0.8083019617932203	0.1916980382067797
DTXSID6025301	1	0	0.7872459095299705	0.21275409047002963
DTXSID6025648	1	1	0.783558479074155	0.21644152092584487
DTXSID6025436	0	1	0.8174203393820675	0.18257966061793268
DTXSID6025480	1	0	0.7862918561958983	0.21370814380410164
DTXSID6026084	1	0	0.8104943008254126	0.18950569917458743
DTXSID6026799	1	0	0.8098572883001615	0.19014271169983826
DTXSID6026240	1	0	0.7940102353922251	0.2059897646077748
DTXSID6026537	0	0	0.8126382819509055	0.18736171804909452
DTXSID6026294	1	1	0.8010032241490972	0.19899677585090286
DTXSID6027050	1	1	0.8069427118642722	0.19305728813572795
DTXSID6026955	1	0	0.8093928063448661	0.190607193655134
DTXSID6027137	1	0	0.8105145345563493	0.18948546544365066
DTXSID6027185	1	0	0.8006540375301419	0.1993459624698581
DTXSID6027503	1	0	0.8087927190809765	0.19120728091902353
DTXSID6027713	0	0	0.8120358037196314	0.18796419628036878
DTXSID6027509	0	0	0.8174422925237422	0.18255770747625766
DTXSID6027397	1	0	0.8106311983165669	0.189368801683433
DTXSID6029331	1	0	0.8034613027336919	0.19653869726630804
DTXSID6029626	0	0	0.8226471292214532	0.17735287077854675
DTXSID6029670	1	0	0.7998543768670399	0.2001456231329603
DTXSID6031380	0	0	0.8289123460653939	0.17108765393460607
DTXSID6031461	1	0	0.8033339501275579	0.19666604987244204
DTXSID6032437	1	0	0.7989248422848048	0.2010751577151954
DTXSID6032518	1	1	0.8032093365690223	0.19679066343097762
DTXSID6034186	1	1	0.7939760841475292	0.2060239158524707
DTXSID6032647	1	0	0.805411681892347	0.194588318107653
DTXSID6033538	1	1	0.8045285035832563	0.19547149641674358
DTXSID6034849	0	0	0.8243073993046691	0.1756926006953306
DTXSID6035152	0	0	0.8272718860970313	0.17272811390296858
DTXSID6038326	1	0	0.7990917003810941	0.20090829961890586
DTXSID6040404	1	0	0.7945840743030196	0.20541592569698033
DTXSID6040111	1	0	0.8083019617932203	0.1916980382067797
DTXSID6040115	1	0	0.788871585915366	0.21112841408463384
DTXSID6040668	1	1	0.7968437255784115	0.2031562744215883
DTXSID6040747	0	0	0.8132990046054062	0.18670099539459398
DTXSID6041426	1	0	0.7919420068642559	0.20805799313574402
DTXSID6041688	1	1	0.8031061159758907	0.19689388402410932
DTXSID6041927	0	0	0.8192405128745318	0.1807594871254683
DTXSID6042490	1	0	0.7950205311216753	0.2049794688783249
DTXSID6043709	0	0	0.8232733920996005	0.1767266079003996
DTXSID6043919	1	0	0.8071039413611433	0.1928960586388567
DTXSID6044307	1	0	0.8068436136810754	0.1931563863189247
DTXSID6044309	1	1	0.8040327018348171	0.19596729816518293
DTXSID6043915	1	1	0.8064337453233955	0.19356625467660435
DTXSID6043917	1	0	0.8094146626540776	0.1905853373459223
DTXSID6044511	1	0	0.8065988326888771	0.1934011673111227
DTXSID6044438	1	0	0.8061364744579697	0.19386352554203032
DTXSID6044359	1	0	0.7976003019231719	0.2023996980768282
DTXSID6044644	0	0	0.8194792099284847	0.1805207900715155
DTXSID6044721	1	0	0.8106393187261428	0.1893606812738572
DTXSID6044800	1	0	0.8040186698978057	0.19598133010219435
DTXSID6044802	1	0	0.8102163980640652	0.1897836019359347
DTXSID6045371	0	0	0.8129672141276435	0.1870327858723563
DTXSID6045373	1	0	0.8017321644400232	0.19826783555997693
DTXSID6045375	0	0	0.8141035103829708	0.1858964896170291
DTXSID6045907	0	0	0.8136776692909092	0.18632233070909102
DTXSID6046000	1	0	0.7999216501842776	0.20007834981572234
DTXSID6046260	0	0	0.8210054578087852	0.17899454219121463
DTXSID6046503	0	1	0.8145158130777801	0.18548418692222007
DTXSID6046478	1	0	0.8091046690109873	0.1908953309890125
DTXSID6046553	1	1	0.8059620526275881	0.1940379473724121
DTXSID6046767	1	0	0.80958222887024	0.19041777112975997
DTXSID6047072	1	0	0.7982326256807711	0.20176737431922898
DTXSID6047070	0	0	0.8142265832502559	0.1857734167497441
DTXSID6047155	1	0	0.8069895989236906	0.19301040107630954
DTXSID6047654	1	0	0.8083019617932203	0.1916980382067797
DTXSID6047949	1	1	0.8082983219489239	0.19170167805107624
DTXSID6047941	1	1	0.7985028025057639	0.20149719749423636
DTXSID6047947	1	0	0.7963104094348787	0.20368959056512126
DTXSID6047943	1	1	0.8089565648226272	0.19104343517737274
DTXSID6048383	1	0	0.8084695298754385	0.1915304701245614
DTXSID6049270	1	0	0.7718899131150276	0.22811008688497256
DTXSID6049274	1	0	0.8003651589514044	0.19963484104859588
DTXSID6049276	1	0	0.8046968174403594	0.19530318255964085
DTXSID6049224	1	1	0.7889751638621948	0.21102483613780515
DTXSID6049226	1	1	0.7949681991368803	0.20503180086311948
DTXSID6049228	1	1	0.8041092353575994	0.1958907646424005
DTXSID6049307	1	0	0.7940815328170763	0.2059184671829234
DTXSID6049359	1	1	0.8095296579836354	0.19047034201636437
DTXSID6049309	0	0	0.8159460513526413	0.18405394864735866
DTXSID6051778	0	0	0.8143389539602893	0.18566104603971073
DTXSID6057669	1	0	0.7842452699212674	0.21575473007873253
DTXSID6057823	1	0	0.7998696367547037	0.20013036324529634
DTXSID6057825	0	0	0.8152771425546907	0.18472285744530936
DTXSID6057821	1	1	0.8082120951679069	0.19178790483209296
DTXSID7020213	1	0	0.7451822397685767	0.2548177602314234
DTXSID7020348	1	0	0.7907339489784179	0.20926605102158183
DTXSID7020267	1	1	0.7990917003810941	0.20090829961890586
DTXSID7020421	1	0	0.7920242208144841	0.20797577918551607
DTXSID7020425	1	1	0.8012047751023721	0.19879522489762783
DTXSID7020685	1	0	0.7917759628540787	0.20822403714592141
DTXSID7020687	1	0	0.7917759628540787	0.20822403714592141
DTXSID7020689	1	0	0.7949310631910549	0.2050689368089452
DTXSID7020714	0	0	0.8185497712758676	0.18145022872413244
DTXSID7020899	1	0	0.8023112747288389	0.19768872527116094
DTXSID7020843	1	0	0.8112736955340546	0.18872630446594535
DTXSID7020920	1	0	0.7906237076008773	0.20937629239912262
DTXSID7020922	0	0	0.8173214822348446	0.1826785177651554
DTXSID7021233	0	1	0.8127974087593595	0.1872025912406406
DTXSID7020978	1	0	0.6343127123527242	0.3656872876472758
DTXSID7021027	1	0	0.7473803703635132	0.25261962963648654
DTXSID7021029	1	0	0.7058075507784145	0.29419244922158555
DTXSID7021287	1	0	0.802316469851547	0.1976835301484529
DTXSID7021289	1	1	0.7854628402578593	0.2145371597421406
DTXSID7021239	1	0	0.7945840743030196	0.20541592569698033
DTXSID7021493	1	0	0.7970315178223965	0.20296848217760355
DTXSID7021603	1	0	0.8110640972390663	0.18893590276093386
DTXSID7021605	0	0	0.8145024741838894	0.18549752581611045
DTXSID7021607	0	0	0.8150435590446686	0.18495644095533126
DTXSID7021655	0	0	0.8136842078630557	0.18631579213694427
DTXSID7021992	1	0	0.7860275368505453	0.21397246314945453
DTXSID7021998	1	0	0.8065988326888771	0.1934011673111227
DTXSID7022043	0	0	0.8138413823694511	0.1861586176305488
DTXSID7022910	1	0	0.8094146626540776	0.1905853373459223
DTXSID7023019	0	0	0.8208150072154707	0.1791849927845294
DTXSID7023061	0	0	0.8245229447342026	0.1754770552657973
DTXSID7022679	0	0	0.8249774321284655	0.17502256787153456
DTXSID7022673	0	0	0.8253319062997471	0.17466809370025277
DTXSID7023350	0	0	0.8138867399008711	0.1861132600991289
DTXSID7023352	1	0	0.8078051608004349	0.1921948391995651
DTXSID7023932	1	1	0.8110166295738676	0.18898337042613256
DTXSID7023722	1	0	0.7693182160331108	0.23068178396688904
DTXSID7023300	0	0	0.817218068207485	0.18278193179251498
DTXSID7024081	1	0	0.8005866662682084	0.19941333373179151
DTXSID7024166	1	0	0.8009437194357307	0.19905628056426938
DTXSID7024376	1	0	0.8034159403061549	0.19658405969384496
DTXSID7024457	1	1	0.7998309412512081	0.20016905874879193
DTXSID7024667	1	0	0.791645232582141	0.20835476741785894
DTXSID7024532	1	0	0.8038275130432435	0.19617248695675643
DTXSID7024873	0	0	0.8178044982530617	0.1821955017469381
DTXSID7024875	1	0	0.7937091139274327	0.2062908860725672
DTXSID7025055	1	0	0.8041102277829469	0.19588977221705328
DTXSID7025217	1	0	0.8018126960053491	0.19818730399465084
DTXSID7025138	1	1	0.7843258601550842	0.2156741398449157
DTXSID7025506	1	0	0.8110640972390663	0.18893590276093386
DTXSID7025508	0	0	0.8158724110212597	0.1841275889787402
DTXSID7025922	0	0	0.8707360060563516	0.1292639939436483
DTXSID7025716	1	0	0.8100250937332488	0.18997490626675104
DTXSID7026102	1	0	0.7993209498862219	0.20067905011377768
DTXSID7026231	1	0	0.7831300266972941	0.2168699733027061
DTXSID7026572	0	0	0.8132162040521418	0.18678379594785813
DTXSID7026867	1	0	0.8106269213576088	0.18937307864239103
DTXSID7027047	1	0	0.7948711530679508	0.2051288469320495
DTXSID7027049	0	0	0.8584567420455266	0.14154325795447345
DTXSID7027205	1	0	0.7912168873369735	0.20878311266302635
DTXSID7027099	1	0	0.8083019617932203	0.1916980382067797
DTXSID7027467	1	0	0.797847117522154	0.20215288247784607
DTXSID7027966	0	0	0.819553808866785	0.18044619113321472
DTXSID7029160	1	0	0.8084695298754385	0.1915304701245614
DTXSID7029162	0	0	0.8450316755086676	0.1549683244913325
DTXSID7029617	0	0	0.819553808866785	0.18044619113321472
DTXSID7029249	0	0	0.8194124816607928	0.18058751833920708
DTXSID7031290	1	0	0.7912327403786232	0.20876725962137666
DTXSID7031531	1	0	0.8008680381870213	0.19913196181297857
DTXSID7034549	1	0	0.8078799164860314	0.19212008351396864
DTXSID7035272	1	0	0.7817066111674038	0.21829338883259605
DTXSID7037262	1	1	0.8112442209882273	0.18875577901177265
DTXSID7040154	0	0	0.8197161324809141	0.18028386751908596
DTXSID7038317	1	0	0.8017017885378913	0.19829821146210874
DTXSID7040657	1	0	0.7963340400954427	0.20366595990455724
DTXSID7040289	1	0	0.8079891201693113	0.19201087983068868
DTXSID7040736	0	0	0.8121085510003706	0.18789144899962928
DTXSID7041047	0	0	0.8187347602647274	0.1812652397352727
DTXSID7040738	1	1	0.7852309442611195	0.21476905573888055
DTXSID7041253	1	0	0.8074561679845987	0.19254383201540134
DTXSID7041461	0	1	0.8224596267074414	0.17754037329255853
DTXSID7041209	1	0	0.7981116067923871	0.20188839320761276
DTXSID7041671	0	0	0.8559639748808673	0.14403602511913252
DTXSID7041752	0	1	0.8140229100406461	0.18597708995935394
DTXSID7042011	0	0	0.8241731428185771	0.17582685718142282
DTXSID7042061	0	0	0.8121833070306764	0.1878166929693235
DTXSID7042065	1	0	0.7934839026949758	0.20651609730502415
DTXSID7042514	1	0	0.8013109835402124	0.1986890164597876
DTXSID7043902	0	0	0.815888489878115	0.18411151012188492
DTXSID7044394	1	0	0.8029679909296101	0.19703200907038984
DTXSID7044392	1	0	0.7885015547713333	0.21149844522866668
DTXSID7044425	0	0	0.8126568762522925	0.18734312374770745
DTXSID7044558	1	1	0.79778696215544	0.2022130378445602
DTXSID7044475	1	0	0.8018298937330653	0.19817010626693476
DTXSID7044768	0	0	0.8264157726555859	0.17358422734441423
DTXSID7044762	1	0	0.7786932122465451	0.22130678775345491
DTXSID7044716	0	0	0.8240823117960023	0.17591768820399772
DTXSID7044928	0	0	0.8174472892048904	0.18255271079510973
DTXSID7044845	0	0	0.8120358037196314	0.18796419628036878
DTXSID7044849	0	0	0.8305824295124582	0.16941757048754205
DTXSID7044926	0	0	0.8206904648084798	0.1793095351915204
DTXSID7044922	0	0	0.827788974036678	0.1722110259633219
DTXSID7044974	0	0	0.8211842564529961	0.1788157435470038
DTXSID7045310	0	0	0.8383381559851103	0.16166184401488956
DTXSID7045158	0	0	0.8250647608673078	0.174935239132692
DTXSID7045312	1	0	0.7949853980621059	0.20501460193789414
DTXSID7045572	1	0	0.8021885511051743	0.1978114488948256
DTXSID7045867	0	0	0.8168243311551842	0.18317566884481565
DTXSID7045659	0	0	0.8129471379760466	0.1870528620239534
DTXSID7045788	1	0	0.7925575355981391	0.20744246440186057
DTXSID7046388	1	0	0.8092329340664618	0.1907670659335381
DTXSID7046706	0	0	0.8164537887551375	0.1835462112448624
DTXSID7046465	1	1	0.8028097512074567	0.1971902487925432
DTXSID7046887	0	0	0.8419583192729346	0.15804168072706531
DTXSID7046889	0	1	0.8334979656199986	0.16650203438000144
DTXSID7047142	1	0	0.793090525895329	0.2069094741046709
DTXSID7047190	1	0	0.7987036826289858	0.20129631737101408
DTXSID7047437	1	0	0.8007153249928141	0.19928467500718605
DTXSID7047435	0	0	0.8197611716129118	0.1802388283870883
DTXSID7047433	1	1	0.8058904259433122	0.194109574056688
DTXSID7047560	1	0	0.8083019617932203	0.1916980382067797
DTXSID7047693	1	0	0.8049556461791524	0.19504435382084764
DTXSID7047697	1	0	0.8023880250355175	0.19761197496448255
DTXSID7047938	1	0	0.7985028025057639	0.20149719749423636
DTXSID7048875	1	1	0.7990365715710039	0.20096342842899612
DTXSID7048873	0	0	0.828918758813128	0.1710812411868721
DTXSID7048823	1	0	0.774548823668463	0.22545117633153725
DTXSID7049217	0	0	0.832800864670397	0.1671991353296029
DTXSID7049219	1	0	0.7996852447765873	0.20031475522341283
DTXSID7049269	0	0	0.8132657018569872	0.18673429814301265
DTXSID7049340	1	0	0.783558479074155	0.21644152092584487
DTXSID7049342	1	0	0.8092110089053269	0.1907889910946729
DTXSID7049429	1	0	0.7969194819733006	0.2030805180266994
DTXSID7049394	1	0	0.8077424026880353	0.1922575973119646
DTXSID7049427	1	0	0.7930219311586582	0.20697806884134176
DTXSID7049390	0	0	0.8374826228982395	0.16251737710176054
DTXSID7052288	1	0	0.8101151729227456	0.1898848270772544
DTXSID7052109	1	0	0.8016527911932091	0.19834720880679077
DTXSID7051557	1	0	0.8055722508413741	0.19442774915862604
DTXSID7051890	1	0	0.7907353483117449	0.2092646516882552
DTXSID7052577	1	0	0.8036165692838366	0.19638343071616324
DTXSID7057606	0	0	0.8289658328507924	0.1710341671492077
DTXSID8020040	1	1	0.7934839026949758	0.20651609730502415
DTXSID8020129	0	0	0.8340603869719229	0.1659396130280772
DTXSID8020202	0	0	0.8232593084286934	0.17674069157130645
DTXSID8020250	1	0	0.7949310631910549	0.2050689368089452
DTXSID8020541	0	0	0.8169361734828714	0.18306382651712866
DTXSID8020468	1	0	0.8110116053387972	0.1889883946612026
DTXSID8020624	1	1	0.8093742995196024	0.1906257004803977
DTXSID8020707	0	0	0.8189138004363007	0.18108619956369942
DTXSID8020759	1	0	0.7971462829033739	0.2028537170966264
DTXSID8020915	1	0	0.7950607776465787	0.20493922235342127
DTXSID8020888	1	0	0.795958279584409	0.204041720415591
DTXSID8020913	1	0	0.7838784717817967	0.21612152821820305
DTXSID8020919	1	0	0.7866964582657172	0.21330354173428298
DTXSID8020917	1	1	0.7968745335013631	0.20312546649863675
DTXSID8021195	0	0	0.8215101395137379	0.17848986048626214
DTXSID8021193	1	0	0.7854591892059095	0.21454081079409051
DTXSID8021199	1	0	0.8034159403061549	0.19658405969384496
DTXSID8021145	1	0	0.7839793106114195	0.21602068938858043
DTXSID8021305	1	0	0.8070123539911698	0.19298764600883014
DTXSID8021515	0	0	0.8119169656164279	0.18808303438357207
DTXSID8021640	1	0	0.8106269213576088	0.18937307864239103
DTXSID8021642	1	0	0.8110640972390663	0.18893590276093386
DTXSID8021690	1	0	0.8110640972390663	0.18893590276093386
DTXSID8021644	1	0	0.8106269213576088	0.18937307864239103
DTXSID8021648	1	0	0.8074371681902384	0.19256283180976175
DTXSID8022036	1	0	0.8096821904316218	0.19031780956837804
DTXSID8022117	1	0	0.8051351768675324	0.19486482313246764
DTXSID8022589	0	0	0.8332579327105982	0.16674206728940216
DTXSID8022371	0	0	0.8138867399008711	0.1861132600991289
DTXSID8022377	1	1	0.8059620526275881	0.1940379473724121
DTXSID8022870	0	0	0.855952977228021	0.14404702277197903
DTXSID8022901	0	0	0.8227900444552567	0.17720995554474323
DTXSID8023630	0	0	0.83069330567601	0.16930669432398998
DTXSID8023505	0	0	0.8171211869997581	0.1828788130002418
DTXSID8023260	0	0	0.8130401034731706	0.18695989652682948
DTXSID8024153	1	0	0.7839959702517894	0.21600402974821067
DTXSID8024317	0	0	0.8147757055805593	0.1852242944194406
DTXSID8024286	1	0	0.797018355434313	0.20298164456568685
DTXSID8024739	0	0	0.8587468949566117	0.14125310504338828
DTXSID8024523	1	0	0.8061299875483499	0.19387001245164992
DTXSID8025096	0	0	0.8136266243771566	0.1863733756228433
DTXSID8024993	0	0	0.8292798044962709	0.17072019550372902
DTXSID8025337	1	0	0.8114535119046303	0.18854648809536975
DTXSID8025591	0	0	0.8231007837798804	0.1768992162201196
DTXSID8025703	1	1	0.7742293487465562	0.22577065125344378
DTXSID8025707	1	0	0.7939097792794045	0.20609022072059566
DTXSID8025757	1	1	0.8044400423417275	0.19555995765827275
DTXSID8026147	1	0	0.797371059473728	0.20262894052627217
DTXSID8026563	0	1	0.8251545860058708	0.17484541399412906
DTXSID8026488	1	0	0.801919947906123	0.19808005209387697
DTXSID8026725	1	0	0.809084758500509	0.19091524149949113
DTXSID8026513	0	0	0.8197849383061334	0.18021506169386667
DTXSID8026515	1	0	0.805560839958138	0.194439160041862
DTXSID8026931	1	0	0.8110640972390663	0.18893590276093386
DTXSID8026729	1	0	0.805375411978561	0.194624588021439
DTXSID8026775	0	0	0.813947425505553	0.1860525744944471
DTXSID8027086	0	0	0.8123207317756518	0.1876792682243484
DTXSID8027169	0	0	0.8118887579650329	0.1881112420349669
DTXSID8027246	0	0	0.8231877480559412	0.17681225194405864
DTXSID8027585	1	1	0.7995786119234011	0.200421388076599
DTXSID8027793	0	1	0.8139720536362345	0.1860279463637654
DTXSID8027795	1	1	0.8066614119287886	0.19333858807121163
DTXSID8029230	0	0	0.8186173033124978	0.18138269668750218
DTXSID8029280	0	0	0.8667492024228394	0.13325079757716055
DTXSID8029286	1	0	0.7781082212292475	0.22189177877075245
DTXSID8030423	1	1	0.7911419631391923	0.20885803686080806
DTXSID8032623	1	0	0.810418868920735	0.18958113107926497
DTXSID8033512	0	0	0.8199512501679376	0.18004874983206268
DTXSID8034877	1	0	0.8061251513253814	0.1938748486746185
DTXSID8035001	1	0	0.8106041067113732	0.18939589328862683
DTXSID8035186	1	0	0.8003965668040665	0.19960343319593354
DTXSID8035217	0	0	0.8230648846265195	0.1769351153734805
DTXSID8037594	0	0	0.8253252851155946	0.1746747148844055
DTXSID8037596	0	0	0.812649904393388	0.18735009560661195
DTXSID8040270	0	1	0.8136676181016452	0.18633238189835472
DTXSID8040484	0	1	0.8199117463258959	0.18008825367410405
DTXSID8041373	1	0	0.8018126960053491	0.19818730399465084
DTXSID8040721	1	0	0.8043908436040772	0.19560915639592283
DTXSID8041117	0	0	0.8526450740541845	0.14735492594581542
DTXSID8041298	1	0	0.7987036826289858	0.20129631737101408
DTXSID8041610	1	0	0.8094146626540776	0.1905853373459223
DTXSID8041743	1	0	0.7844728256309348	0.21552717436906535
DTXSID8041955	0	0	0.8190176382763643	0.18098236172363566
DTXSID8041793	1	0	0.8002263219633755	0.19977367803662444
DTXSID8042218	1	0	0.8083019617932203	0.1916980382067797
DTXSID8042399	1	0	0.7991988160314325	0.20080118396856747
DTXSID8044381	0	1	0.8198349263074519	0.18016507369254803
DTXSID8044200	0	0	0.8127451345497346	0.18725486545026518
DTXSID8044252	0	0	0.8136842078630557	0.18631579213694427
DTXSID8044547	1	0	0.8057444793466623	0.19425552065333748
DTXSID8044755	1	0	0.8043450535650298	0.1956549464349699
DTXSID8044759	0	0	0.8198912795245906	0.18010872047540927
DTXSID8044913	0	1	0.8315430693214872	0.16845693067851272
DTXSID8044919	0	0	0.8118927423223716	0.18810725767762831
DTXSID8044886	1	0	0.799781078846642	0.20021892115335804
DTXSID8044967	1	0	0.8076923126490756	0.19230768735092452
DTXSID8045145	1	1	0.7614581035861628	0.23854189641383688
DTXSID8045511	1	0	0.8109273196100976	0.1890726803899024
DTXSID8045307	0	0	0.8217477373032169	0.178252262696783
DTXSID8045642	0	0	0.8185497712758676	0.18145022872413244
DTXSID8045646	0	0	0.821793036972111	0.17820696302788888
DTXSID8045983	0	0	0.8304599991370567	0.16954000086294319
DTXSID8046244	1	0	0.8083095898160049	0.1916904101839952
DTXSID8046321	0	0	0.8200291640951126	0.17997083590488736
DTXSID8045985	0	0	0.8254665190800786	0.17453348091992116
DTXSID8045987	0	0	0.8372660418099915	0.16273395819000872
DTXSID8046458	1	0	0.811727297434311	0.1882727025656889
DTXSID8046664	1	0	0.794973968730609	0.20502603126939098
DTXSID8045804	1	1	0.8093621040413556	0.1906378959586443
DTXSID8047006	0	0	0.825192255341741	0.1748077446582589
DTXSID8046820	1	0	0.8083019617932203	0.1916980382067797
DTXSID8047050	1	1	0.7987694500686775	0.20123054993132272
DTXSID8046828	0	0	0.828135131562281	0.17186486843771914
DTXSID8047137	1	0	0.8085094078751373	0.1914905921248626
DTXSID8047139	1	0	0.8068292241208442	0.1931707758791556
DTXSID8047183	0	0	0.8271802999057459	0.17281970009425401
DTXSID8047133	1	0	0.7789090999162224	0.22109090008377733
DTXSID8047052	1	1	0.7856217496732942	0.21437825032670582
DTXSID8047058	1	0	0.8042644052806825	0.1957355947193174
DTXSID8047399	1	0	0.8046400076020184	0.19535999239798169
DTXSID8047424	1	0	0.8034821655797968	0.19651783442020296
DTXSID8047551	1	0	0.7930243299542193	0.20697567004578057
DTXSID8047472	1	0	0.80740316483718	0.19259683516282006
DTXSID8047559	1	0	0.8083019617932203	0.1916980382067797
DTXSID8047636	1	0	0.8083019617932203	0.1916980382067797
DTXSID8047680	1	0	0.807100241168307	0.19289975883169283
DTXSID8047686	1	1	0.8053250197598301	0.19467498024017
DTXSID8047929	1	1	0.7981715367790797	0.2018284632209203
DTXSID8047921	1	0	0.8094264975417341	0.190573502458266
DTXSID8047923	1	1	0.8041092353575994	0.1958907646424005
DTXSID8047925	1	1	0.8112130334786183	0.18878696652138163
DTXSID8048814	1	0	0.8091046690109873	0.1908953309890125
DTXSID8049252	1	1	0.8089565648226272	0.19104343517737274
DTXSID8049254	1	1	0.8089565648226272	0.19104343517737274
DTXSID8049256	1	1	0.7879680022716145	0.21203199772838538
DTXSID8049333	1	0	0.8112130334786183	0.18878696652138163
DTXSID8049206	1	0	0.8046968174403594	0.19530318255964085
DTXSID8049208	1	0	0.8017903664726387	0.1982096335273613
DTXSID8049385	0	0	0.8162023962575906	0.18379760374240936
DTXSID8049250	1	1	0.8082983219489239	0.19170167805107624
DTXSID8049412	0	1	0.8171927407166075	0.18280725928339245
DTXSID8049387	0	0	0.8485297933971072	0.15147020660289262
DTXSID8051542	1	0	0.8083019617932203	0.1916980382067797
DTXSID8051629	0	0	0.8157245753936583	0.1842754246063416
DTXSID8057645	0	1	0.8262023716117316	0.17379762838826854
DTXSID8052308	0	0	0.8245955684658153	0.17540443153418478
DTXSID8057697	1	1	0.8044954239123364	0.1955045760876634
DTXSID8057774	0	0	0.8436256241155886	0.15637437588441136
DTXSID8057776	0	0	0.8236065559358136	0.17639344406418642
DTXSID8057857	1	1	0.8072486589886709	0.19275134101132915
DTXSID9020081	0	0	0.8291036263845757	0.17089637361542429
DTXSID9020112	1	0	0.8098913281374149	0.19010867186258515
DTXSID9020114	1	1	0.7766328015530074	0.22336719844699232
DTXSID9020089	1	0	0.8005220600524486	0.19947793994755114
DTXSID9020243	0	1	0.8157698409171223	0.18423015908287774
DTXSID9020247	1	0	0.799322354306897	0.20067764569310287
DTXSID9020370	0	0	0.8229197866073624	0.17708021339263758
DTXSID9020409	1	0	0.7838784717817967	0.21612152821820305
DTXSID9020376	1	0	0.7882160893760273	0.21178391062397284
DTXSID9020378	1	0	0.797758406619956	0.20224159338004405
DTXSID9020453	1	1	0.7913598534480805	0.20864014655191937
DTXSID9020669	0	0	0.8123897087400194	0.1876102912599805
DTXSID9020827	1	1	0.7781322977421257	0.22186770225787425
DTXSID9020792	0	0	0.8218578884385902	0.17814211156140985
DTXSID9020902	1	0	0.8092954161116865	0.19070458388831354
DTXSID9020877	1	0	0.783558479074155	0.21644152092584487
DTXSID9021184	0	0	0.8185497712758676	0.18145022872413244
DTXSID9021396	0	0	0.8221324537772234	0.17786754622277676
DTXSID9021392	0	0	0.8189648151886487	0.18103518481135109
DTXSID9021552	1	0	0.7974528390004963	0.2025471609995036
DTXSID9021685	1	0	0.7979768275193387	0.20202317248066107
DTXSID9021683	1	0	0.8106269213576088	0.18937307864239103
DTXSID9021554	1	0	0.8110640972390663	0.18893590276093386
DTXSID9022104	1	0	0.8042721828795434	0.19572781712045662
DTXSID9022364	0	0	0.8148230826416227	0.18517691735837724
DTXSID9022366	1	1	0.8079610667631076	0.19203893323689242
DTXSID9022609	1	0	0.80883662014009	0.19116337985991008
DTXSID9022524	0	0	0.8300232276277045	0.1699767723722954
DTXSID9022603	0	0	0.8196677525511198	0.18033224744888035
DTXSID9023419	1	0	0.7970914194232093	0.20290858057679076
DTXSID9023380	0	0	0.8138867399008711	0.1861132600991289
DTXSID9023706	1	0	0.8047032377491544	0.19529676225084583
DTXSID9024481	1	0	0.8027971297977068	0.19720287020229343
DTXSID9024485	1	0	0.8098757643172054	0.19012423568279457
DTXSID9024487	1	0	0.8049461691540809	0.19505383084591926
DTXSID9024724	1	0	0.7952198745003165	0.2047801254996835
DTXSID9024691	1	0	0.7872459095299705	0.21275409047002963
DTXSID9025164	1	1	0.7215323133192549	0.27846768668074484
DTXSID9025243	1	0	0.7819828617413035	0.21801713825869662
DTXSID9025245	1	0	0.7819828617413035	0.21801713825869662
DTXSID9025249	1	0	0.7819828617413035	0.21801713825869662
DTXSID9025451	1	0	0.7907353483117449	0.2092646516882552
DTXSID9025665	0	0	0.8150924698817367	0.18490753011826339
DTXSID9026132	0	0	0.8219023095186067	0.1780976904813933
DTXSID9026689	0	0	0.8238653701223881	0.1761346298776119
DTXSID9026841	1	0	0.8065988326888771	0.1934011673111227
DTXSID9027104	1	0	0.8034489647005317	0.19655103529946807
DTXSID9026924	1	0	0.8091627592804667	0.19083724071953329
DTXSID9026423	1	0	0.8006049601246812	0.1993950398753187
DTXSID9027281	1	0	0.8054459303484074	0.19455406965159247
DTXSID9027364	0	0	0.8165396328854256	0.18346036711457445
DTXSID9027570	1	0	0.8044832653007608	0.1955167346992393
DTXSID9027520	0	0	0.8226872376614267	0.17731276233857332
DTXSID9027653	1	1	0.8081525947616395	0.19184740523836072
DTXSID9029225	0	0	0.8307677218586305	0.1692322781413694
DTXSID9030258	1	0	0.7914283949146224	0.20857160508537742
DTXSID9033187	1	1	0.7830757665015491	0.21692423349845116
DTXSID9033264	1	0	0.7969635764059784	0.20303642359402194
DTXSID9034286	0	0	0.8358299327358798	0.16417006726412015
DTXSID9033923	0	1	0.8253717384521567	0.17462826154784322
DTXSID9033979	0	0	0.8186971395495457	0.18130286045045443
DTXSID9035753	0	0	0.8171392970935901	0.18286070290640993
DTXSID9035620	0	0	0.8598641365470812	0.14013586345291884
DTXSID9036515	1	0	0.8064337453233955	0.19356625467660435
DTXSID9036690	1	0	0.8041102277829469	0.19588977221705328
DTXSID9037246	1	0	0.7911107964376538	0.20888920356234603
DTXSID9037539	0	1	0.8145363868574664	0.18546361314253354
DTXSID9037616	0	0	0.8310062708842947	0.16899372911570557
DTXSID9040342	1	0	0.8024090174218482	0.1975909825781517
DTXSID9040683	1	0	0.8072486589886709	0.19275134101132915
DTXSID9039238	1	1	0.7966152375150403	0.20338476248495982
DTXSID9040685	0	0	0.8312185168686471	0.16878148313135283
DTXSID9040710	1	0	0.8007964846159833	0.19920351538401646
DTXSID9041368	0	0	0.8311928369278448	0.16880716307215515
DTXSID9042097	1	0	0.7941656788565175	0.20583432114348266
DTXSID9041815	1	0	0.8000374892489079	0.19996251075109192
DTXSID9042209	1	0	0.810843751385557	0.18915624861444313
DTXSID9043853	1	0	0.8111065431866663	0.18889345681333378
DTXSID9044451	0	0	0.816939582116762	0.18306041788323799
DTXSID9044532	1	0	0.8112135848263018	0.18878641517369826
DTXSID9044536	1	0	0.7997076343059588	0.20029236569404124
DTXSID9044740	1	0	0.8040881830804242	0.19591181691957585
DTXSID9044908	0	0	0.8759541360631452	0.12404586393685493
DTXSID9044875	0	0	0.8306688588268659	0.16933114117313422
DTXSID9045633	0	0	0.8200182411777964	0.17998175882220352
DTXSID9045897	1	0	0.8080234697611446	0.19197653023885558
DTXSID9046235	1	1	0.8037185123478777	0.1962814876521222
DTXSID9046100	0	0	0.8176185273060781	0.18238147269392171
DTXSID9046491	0	0	0.8158704141287356	0.1841295858712644
DTXSID9046360	0	0	0.8170958540975569	0.182904145902443
DTXSID9046443	1	1	0.8012259559816076	0.1987740440183922
DTXSID9046651	1	1	0.7978398452376368	0.2021601547623632
DTXSID9046734	1	0	0.8106559477230582	0.18934405227694207
DTXSID9047045	1	0	0.7954812363638204	0.20451876363617955
DTXSID9047178	1	0	0.8057613318470924	0.19423866815290758
DTXSID9047099	1	0	0.802289324749057	0.19771067525094313
DTXSID9047417	1	0	0.8049237640701878	0.1950762359298123
DTXSID9047463	1	0	0.8091051707300763	0.19089482926992368
DTXSID9047465	1	0	0.795958279584409	0.204041720415591
DTXSID9047469	0	0	0.8138650770223271	0.18613492297767292
DTXSID9047592	1	1	0.7831300266972941	0.2168699733027061
DTXSID9047623	1	0	0.8065988326888771	0.1934011673111227
DTXSID9047677	1	0	0.7958442212428021	0.20415577875719798
DTXSID9047675	1	0	0.80114397001585	0.19885602998414983
DTXSID9047706	1	0	0.7941220813638802	0.20587791863611982
DTXSID9047889	1	1	0.7999311491125206	0.20006885088747936
DTXSID9047910	1	0	0.8058455525615124	0.19415444743848775
DTXSID9047912	1	0	0.7984697379252915	0.20153026207470828
DTXSID9047914	1	0	0.8080254865041542	0.19197451349584582
DTXSID9047968	0	0	0.836713559013706	0.16328644098629416
DTXSID9048190	1	0	0.799098755596915	0.200901244403085
DTXSID9048198	1	0	0.802982390478991	0.19701760952100902
DTXSID9047964	1	0	0.8088255997517579	0.19117440024824195
DTXSID9048778	1	0	0.8027117335984241	0.19728826640157565
DTXSID9047916	1	1	0.7956383839099946	0.20436161609000536
DTXSID9047918	1	1	0.8041092353575994	0.1958907646424005
DTXSID9048695	1	0	0.8071214318729156	0.19287856812708443
DTXSID9049039	0	0	0.8389155391433323	0.16108446085666764
DTXSID9048855	0	0	0.8365908214133688	0.16340917858663112
DTXSID9048859	0	0	0.8139056843234236	0.18609431567657625
DTXSID9049243	1	1	0.7875509446225318	0.21244905537746805
DTXSID9049370	1	0	0.8038682980836293	0.19613170191637047
DTXSID9049372	0	0	0.8374826228982395	0.16251737710176054
DTXSID9049245	1	0	0.7838784717817967	0.21612152821820305
DTXSID9049293	1	0	0.8098572883001615	0.19014271169983826
DTXSID9049299	1	1	0.7956383839099946	0.20436161609000536
DTXSID9049320	1	0	0.7985028025057639	0.20149719749423636
DTXSID9049324	1	0	0.804924767216652	0.19507523278334796
DTXSID9049297	1	1	0.7974889176598033	0.20251108234019646
DTXSID9049378	1	0	0.8038682980836293	0.19613170191637047
DTXSID9049407	1	0	0.7858272957015826	0.21417270429841737
DTXSID9049405	0	0	0.8324543212254987	0.1675456787745012
DTXSID9049409	0	0	0.8740963259095649	0.1259036740904351
DTXSID9051662	1	0	0.8076654778154054	0.19233452218459474
DTXSID9057680	1	0	0.8090974630589286	0.19090253694107145
DTXSID9057688	1	0	0.8032733683704646	0.1967266316295354
