compound	predicted	actual	p(0)	p(1)
DTXSID0020076	0	0	0.9461679843114132	0.05383201568858679
DTXSID0020365	0	0	0.9795851791603573	0.0204148208396427
DTXSID0020446	0	0	0.8468436442394953	0.15315635576050468
DTXSID0020573	0	0	0.8722249493581569	0.12777505064184316
DTXSID0020577	0	0	0.9197107004991842	0.08028929950081574
DTXSID0020656	0	0	0.8828205241126776	0.11717947588732236
DTXSID0020814	0	0	0.9706864407248564	0.02931355927514354
DTXSID0021123	0	0	0.8656818243341273	0.1343181756658727
DTXSID0021256	0	0	0.9944418229920351	0.005558177007964868
DTXSID0021757	0	0	0.9801259913448073	0.019874008655192718
DTXSID0022563	0	0	0.9506533196274246	0.049346680372575405
DTXSID0022519	0	0	0.9519692931521159	0.04803070684788417
DTXSID0022777	0	0	0.9909247324217997	0.009075267578200322
DTXSID0022933	0	0	0.8235004243249109	0.1764995756750891
DTXSID0023747	0	0	0.9432248834374083	0.05677511656259173
DTXSID0023826	0	0	0.9391923562310295	0.06080764376897047
DTXSID0023955	0	0	0.9966090100200653	0.003390989979934695
DTXSID0024345	0	0	0.9966634063805316	0.003336593619468337
DTXSID0025527	0	0	0.900630359350787	0.09936964064921308
DTXSID0030162	0	0	0.8382877199002678	0.16171228009973215
DTXSID0032314	0	0	0.944266297219742	0.055733702780257965
DTXSID0032497	0	0	0.8626342430265842	0.1373657569734158
DTXSID0032520	0	0	0.9618315652189082	0.03816843478109174
DTXSID0032572	0	0	0.9914316063525753	0.00856839364742464
DTXSID0032651	0	0	0.9834238929535041	0.016576107046495932
DTXSID0034300	0	0	0.8975659101485417	0.10243408985145831
DTXSID0034192	0	0	0.8856580032769413	0.11434199672305864
DTXSID0034223	0	0	0.9076988370999172	0.09230116290008283
DTXSID0034803	0	0	0.9905726502887643	0.0094273497112357
DTXSID0035160	0	0	0.9213024638429471	0.07869753615705287
DTXSID0035748	0	0	0.9337843982496383	0.06621560175036173
DTXSID0034722	0	0	0.9934013094081223	0.006598690591877706
DTXSID0037570	0	0	0.8878740938323922	0.11212590616760776
DTXSID0040674	0	0	0.9326914053890071	0.06730859461099291
DTXSID0041141	0	0	0.9723149667158313	0.027685033284168676
DTXSID0043765	0	0	0.865793734172307	0.13420626582769307
DTXSID0045254	0	0	0.927738321530386	0.07226167846961398
DTXSID0046488	0	0	0.9185507025440603	0.08144929745593964
DTXSID0047032	0	0	0.9311390527197144	0.06886094728028555
DTXSID0047113	0	0	0.8440487038829585	0.15595129611704148
DTXSID0047082	0	0	0.939381372526067	0.060618627473932936
DTXSID0047088	0	0	0.9483399415095397	0.05166005849046028
DTXSID0047111	0	0	0.8358535534518873	0.16414644654811275
DTXSID0047246	0	0	0.9840994322207298	0.015900567779270174
DTXSID0047248	0	0	0.9229301778086249	0.07706982219137516
DTXSID0047325	0	0	0.9316585206392086	0.0683414793607914
DTXSID0047371	0	0	0.977413604769777	0.02258639523022298
DTXSID0047294	0	0	0.857670205011263	0.14232979498873696
DTXSID0047375	0	0	0.947891407307888	0.052108592692112016
DTXSID0047327	0	0	0.8985072835878528	0.10149271641214716
DTXSID0047377	0	0	0.9866152080021	0.01338479199790003
DTXSID0047379	0	0	0.958877295814459	0.04112270418554096
DTXSID0047454	0	0	0.7568105723740663	0.2431894276259337
DTXSID0048507	0	0	0.9612381962557589	0.03876180374424111
DTXSID0051447	0	0	0.9566670024896229	0.043332997510377155
DTXSID0051493	0	0	0.862979398088119	0.13702060191188106
DTXSID1020308	0	0	0.8579372112019745	0.1420627887980255
DTXSID1020778	0	0	0.9569120129652132	0.043087987034786744
DTXSID1020803	0	0	0.9953869160607361	0.00461308393926389
DTXSID1020932	0	0	0.8356344330350652	0.1643655669649348
DTXSID1020930	0	0	0.8920946372760921	0.10790536272390798
DTXSID1021241	0	0	0.9734556501903983	0.026544349809601714
DTXSID1021328	0	0	0.8197381382928901	0.18026186170710992
DTXSID1024124	0	0	0.9952325636029021	0.004767436397097908
DTXSID1026665	0	0	0.8811965890491001	0.11880341095089986
DTXSID1027344	0	0	0.958767722799493	0.04123227720050708
DTXSID1027479	0	0	0.9261301165576465	0.07386988344235351
DTXSID1032359	0	0	0.9164969350799553	0.08350306492004464
DTXSID1032513	0	0	0.9089840409371934	0.09101595906280652
DTXSID1032519	0	0	0.9622440642114295	0.03775593578857052
DTXSID1032488	0	0	0.9559922846476846	0.044007715352315416
DTXSID1032569	0	0	0.9002957353953275	0.09970426460467251
DTXSID1032642	0	0	0.9932596170914627	0.006740382908537332
DTXSID1033664	0	0	0.8783358309569248	0.12166416904307524
DTXSID1034634	0	0	0.9551382731615385	0.04486172683846147
DTXSID1036541	0	0	0.8783358309569248	0.12166416904307524
DTXSID1038743	0	0	0.8861685632211385	0.1138314367788616
DTXSID1040245	0	0	0.8333987456115202	0.16660125438847984
DTXSID1040326	0	0	0.8746221244003605	0.1253778755996395
DTXSID1040372	0	0	0.8950124258707037	0.10498757412929631
DTXSID1040792	0	0	0.9235429553672586	0.07645704463274142
DTXSID1040794	0	0	0.9065511056616841	0.09344889433831594
DTXSID1040742	0	0	0.9271731632477297	0.07282683675227028
DTXSID1041184	0	0	0.9073973155365275	0.09260268446347251
DTXSID1041970	0	0	0.8756421502339968	0.12435784976600323
DTXSID1044221	0	0	0.9582054069437108	0.04179459305628923
DTXSID1044227	0	0	0.9575861913499103	0.042413808650089715
DTXSID1044568	0	0	0.9181753366972121	0.0818246633027879
DTXSID1044518	0	0	0.9311390527197144	0.06886094728028555
DTXSID1044774	0	0	0.9181753366972121	0.0818246633027879
DTXSID1044720	0	0	0.8713563388558421	0.12864366114415798
DTXSID10461880	0	0	0.9081164214179771	0.09188357858202288
DTXSID1047156	0	0	0.9144807543056758	0.08551924569432423
DTXSID1047102	0	0	0.8965560111527254	0.10344398884727461
DTXSID1047285	0	0	0.8705664598792946	0.12943354012070543
DTXSID1047283	0	0	0.9547236057802514	0.045276394219748585
DTXSID1047289	0	0	0.9886076421190322	0.011392357880967813
DTXSID1047310	0	0	0.929189222321831	0.07081077767816901
DTXSID1047312	0	0	0.9049963025929149	0.09500369740708517
DTXSID1047287	0	0	0.9577327263142124	0.042267273685787685
DTXSID1047366	0	0	0.9136495783599499	0.08635042164005019
DTXSID1047368	0	0	0.9977814366237198	0.00221856337628029
DTXSID1047570	0	0	0.9193353058469331	0.08066469415306682
DTXSID1047576	0	0	0.9005994650071028	0.09940053499289725
DTXSID1048172	0	0	0.9854717871534306	0.014528212846569372
DTXSID1048176	0	0	0.9543268286248301	0.045673171375169894
DTXSID1048178	0	0	0.9324991502297467	0.06750084977025328
DTXSID2020424	0	0	0.8758039221620191	0.12419607783798096
DTXSID2020713	0	0	0.9948580734855363	0.0051419265144636486
DTXSID2020636	0	0	0.8774194843796396	0.12258051562036046
DTXSID2020929	0	0	0.889162079385888	0.11083792061411206
DTXSID2022678	0	0	0.9785646237364511	0.021435376263548828
DTXSID2022880	0	0	0.969155826618702	0.03084417338129794
DTXSID2023224	0	0	0.9317277908417947	0.06827220915820527
DTXSID2023016	0	0	0.980637948077795	0.019362051922204974
DTXSID2023569	0	0	0.9707442534266462	0.029255746573353808
DTXSID2024452	0	0	0.9362029558700364	0.06379704412996362
DTXSID2024163	0	0	0.9079855524120711	0.0920144475879289
DTXSID2025977	0	0	0.8503454567794928	0.14965454322050714
DTXSID2027200	0	0	0.8431481112814381	0.15685188871856187
DTXSID2028985	0	0	0.9276461416519262	0.0723538583480738
DTXSID2029290	0	0	0.9267979056538709	0.07320209434612907
DTXSID2029612	0	0	0.9569120129652132	0.043087987034786744
DTXSID2029616	0	0	0.8669354577380697	0.13306454226193037
DTXSID2032342	0	1	0.9408511722642958	0.059148827735704124
DTXSID2032550	0	0	0.9501017149886006	0.0498982850113994
DTXSID2032502	0	0	0.9920894673023333	0.00791053269766671
DTXSID2032398	0	0	0.900218087517042	0.09978191248295795
DTXSID2032552	0	0	0.9606889462287268	0.03931105377127318
DTXSID2032554	0	0	0.9567289389321058	0.04327106106789422
DTXSID2032556	0	0	0.9595829775068657	0.0404170224931343
DTXSID2032639	0	0	0.9174879672683086	0.08251203273169137
DTXSID2032637	0	0	0.8772512466714772	0.12274875332852277
DTXSID2032500	0	0	0.8501263298353783	0.14987367016462172
DTXSID2034465	0	0	0.9260532910857455	0.07394670891425448
DTXSID2034625	0	0	0.9467993527150509	0.053200647284949144
DTXSID2034590	0	0	0.9076536235326805	0.09234637646731945
DTXSID2034673	0	0	0.9902937403626474	0.009706259637352645
DTXSID2034962	0	0	0.9607694973835651	0.039230502616434904
DTXSID2034627	0	0	0.9144998790153205	0.0855001209846795
DTXSID2036112	0	0	0.9341346158222112	0.06586538417778877
DTXSID2037502	0	0	0.9133439024196253	0.08665609758037478
DTXSID2039336	0	0	0.9680749446759465	0.03192505532405354
DTXSID2042060	0	0	0.8729486092107088	0.12705139078929123
DTXSID2042062	0	0	0.8970752351220797	0.10292476487792038
DTXSID2044428	0	0	0.8970653889418219	0.10293461105817808
DTXSID2044767	0	0	0.8429519994417042	0.1570480005582958
DTXSID2047141	0	0	0.8784768277830332	0.1215231722169668
DTXSID2047270	0	0	0.9812651741518266	0.018734825848173386
DTXSID2047272	0	0	0.990366598787315	0.009633401212684961
DTXSID2047197	0	0	0.8542205083416847	0.14577949165831533
DTXSID2047307	0	0	0.9463179692322815	0.05368203076771852
DTXSID2047278	0	0	0.9282762886209472	0.07172371137905272
DTXSID2047305	0	0	0.9322332776150716	0.0677667223849284
DTXSID2047309	0	0	0.8622603013445952	0.1377396986554048
DTXSID2047355	0	0	0.9809927405410254	0.019007259458974683
DTXSID2047434	0	0	0.9249023040664746	0.07509769593352539
DTXSID2047353	0	0	0.9457282478113848	0.05427175218861529
DTXSID2047357	0	0	0.9322413278632609	0.06775867213673914
DTXSID2047436	0	0	0.9197226532614435	0.08027734673855652
DTXSID2052310	0	0	0.8939274770029794	0.10607252299702062
DTXSID3020625	0	0	0.9184691083304211	0.08153089166957898
DTXSID3020627	0	0	0.8157654031604362	0.1842345968395638
DTXSID3020881	0	0	0.9703993597368639	0.0296006402631361
DTXSID3020912	0	0	0.9190665634096251	0.08093343659037486
DTXSID3021356	0	0	0.795176845590956	0.20482315440904392
DTXSID3021805	0	0	0.878941142781694	0.12105885721830606
DTXSID3022035	0	0	0.8729486092107087	0.12705139078929126
DTXSID3022370	0	0	0.9168799694651346	0.0831200305348654
DTXSID3022588	0	0	0.9266485807560861	0.0733514192439139
DTXSID3022667	0	0	0.9183512919422089	0.08164870805779115
DTXSID3022877	0	0	0.9061318560474415	0.09386814395255853
DTXSID3023556	0	0	0.9246135514588097	0.0753864485411903
DTXSID3024154	0	0	0.9267059239521619	0.0732940760478381
DTXSID3024152	0	0	0.9469773135275996	0.05302268647240039
DTXSID3024287	0	0	0.936422455690421	0.06357754430957893
DTXSID3024316	0	0	0.8971700831024753	0.10282991689752473
DTXSID3024235	0	0	0.9198205652942409	0.08017943470575904
DTXSID3024239	0	0	0.9023651977287992	0.09763480227120085
DTXSID3025253	0	0	0.9593036302213881	0.04069636977861191
DTXSID3027322	0	0	0.8784768277830332	0.1215231722169668
DTXSID3027401	0	0	0.8969260548403392	0.10307394515966084
DTXSID3029154	0	0	0.8931867154548746	0.10681328454512536
DTXSID3030636	0	0	0.9198922487405433	0.08010775125945667
DTXSID3032620	0	0	0.9633523176949225	0.0366476823050775
DTXSID3034113	0	0	0.8999206005882868	0.10007939941171322
DTXSID3034614	0	0	0.988804286737723	0.011195713262277028
DTXSID3034872	0	0	0.9193256580515254	0.08067434194847457
DTXSID3036496	0	0	0.9773397002114533	0.022660299788546636
DTXSID3047477	0	0	0.9773397002114533	0.022660299788546636
DTXSID3034618	0	0	0.9224181134882885	0.07758188651171148
DTXSID3036525	0	0	0.8400529022992486	0.1599470977007514
DTXSID3034664	0	0	0.9069948819446424	0.09300511805535756
DTXSID3041299	0	0	0.9197170249257967	0.08028297507420334
DTXSID3041376	0	0	0.8931434241530325	0.10685657584696748
DTXSID3041794	0	0	0.8783017578387335	0.12169824216126646
DTXSID3044338	0	0	0.9199938179816953	0.08000618201830471
DTXSID3044205	0	0	0.9821699620693198	0.01783003793068019
DTXSID3044201	0	0	0.9088949910855177	0.0911050089144822
DTXSID3044835	0	0	0.8290945399897176	0.17090546001028234
DTXSID3047055	0	0	0.9031470288842884	0.0968529711157116
DTXSID3047263	0	0	0.9344142757800152	0.0655857242199848
DTXSID3047267	0	0	0.8944612985372484	0.10553870146275157
DTXSID3047346	0	0	0.9018969524930369	0.09810304750696314
DTXSID3047429	0	0	0.9589972434427946	0.04100275655720537
DTXSID3048520	0	0	0.9887487673313535	0.011251232668646442
DTXSID3052309	0	0	0.8686642885213192	0.13133571147868087
DTXSID3052228	0	0	0.8692126937482688	0.13078730625173118
DTXSID7041675	0	0	0.8692126937482688	0.13078730625173118
DTXSID3052648	0	0	0.8778679295869649	0.12213207041303503
DTXSID4020240	0	0	0.958767722799493	0.04123227720050708
DTXSID4020290	0	0	0.8894661121388914	0.11053388786110868
DTXSID4020321	0	0	0.9209535344754406	0.07904646552455938
DTXSID4020379	0	0	0.9114519041669401	0.08854809583305993
DTXSID4020616	0	0	0.8009578422368234	0.1990421577631766
DTXSID4020618	0	0	0.9430290104258098	0.05697098957419018
DTXSID4020822	0	0	0.9218169662868542	0.0781830337131458
DTXSID4021185	0	0	0.9271731632477297	0.07282683675227028
DTXSID4021478	0	0	0.9861482027227523	0.013851797277247764
DTXSID4021892	0	0	0.8600273141031084	0.13997268589689163
DTXSID4021769	0	0	0.9212985197939606	0.0787014802060394
DTXSID4021842	0	0	0.8632930036810339	0.13670699631896607
DTXSID4022107	0	0	0.8545532100798996	0.14544678992010046
DTXSID4022367	0	0	0.8608247282332896	0.1391752717667104
DTXSID4022369	0	0	0.9578623361720745	0.04213766382792549
DTXSID4022991	0	0	0.92864702999517	0.07135297000483
DTXSID4023200	0	0	0.9760353011751915	0.023964698824808464
DTXSID4022999	0	0	0.8353973214976039	0.1646026785023961
DTXSID4023202	0	0	0.9042267244902161	0.09577327550978385
DTXSID4023541	0	0	0.9023938180711084	0.09760618192889163
DTXSID4023624	0	0	0.9661611497506609	0.03383885024933906
DTXSID4024270	0	0	0.9522027945906641	0.04779720540933586
DTXSID4024721	0	0	0.8423256842051557	0.15767431579484423
DTXSID4024729	0	0	0.9091869630245297	0.09081303697547029
DTXSID4026501	0	0	0.9267979056538709	0.07320209434612907
DTXSID4029353	0	0	0.9138155748807623	0.0861844251192377
DTXSID4028967	0	0	0.8431212261273415	0.15687877387265842
DTXSID4032532	0	0	0.9425110598212229	0.05748894017877713
DTXSID4032615	0	0	0.9865517910558692	0.013448208944130784
DTXSID4034528	0	0	0.9899870136727111	0.010012986327288836
DTXSID4034364	0	0	0.9897871563226346	0.010212843677365411
DTXSID4034788	0	0	0.9813436052374611	0.018656394762538914
DTXSID4034609	0	0	0.9667040034833578	0.033295996516642154
DTXSID4034869	0	0	0.9387797434805314	0.0612202565194686
DTXSID4038762	0	0	0.9620173963226653	0.0379826036773347
DTXSID4038847	0	0	0.934718081277373	0.06528191872262706
DTXSID4041280	0	0	0.9796720144815664	0.020327985518433588
DTXSID4041284	0	0	0.9965219608994504	0.0034780391005495787
DTXSID4040767	0	0	0.9314537611244401	0.06854623887555987
DTXSID4042121	0	0	0.9924541897826205	0.007545810217379587
DTXSID4044456	0	0	0.9160142821998591	0.0839857178001408
DTXSID4044824	0	0	0.931919458168147	0.06808054183185293
DTXSID4044955	0	0	0.8716702469708806	0.1283297530291194
DTXSID4046448	0	0	0.9093239296341508	0.09067607036584928
DTXSID4047042	0	0	0.9287033223336139	0.07129667766638617
DTXSID4047254	0	0	0.9557489713330249	0.04425102866697504
DTXSID4047333	0	0	0.8629993275163091	0.13700067248369083
DTXSID4047200	0	0	0.938675087348129	0.06132491265187097
DTXSID4047258	0	0	0.9098236010689228	0.0901763989310772
DTXSID4047252	0	0	0.897026327172685	0.1029736728273149
DTXSID4047335	0	0	0.9309720208037612	0.06902797919623879
DTXSID4047381	0	0	0.993038287559879	0.0069617124401210465
DTXSID4047337	0	0	0.9308856607748079	0.06911433922519201
DTXSID4047387	0	0	0.9242104499172157	0.07578955008278437
DTXSID4047385	0	0	0.933697701032717	0.06630229896728305
DTXSID4047339	0	0	0.9284094680288068	0.07159053197119326
DTXSID4047383	0	0	0.9852281944534557	0.014771805546544337
DTXSID4047462	0	0	0.9582448423816796	0.041755157618320354
DTXSID4047464	0	0	0.8648882208571601	0.1351117791428399
DTXSID4047591	0	0	0.9302965348184682	0.06970346518153177
DTXSID4047620	0	0	0.8225320136586585	0.17746798634134156
DTXSID4047672	0	0	0.9578782928999223	0.042121707100077684
DTXSID4047705	0	0	0.9126766045103331	0.0873233954896669
DTXSID4047622	0	0	0.9125225941173204	0.08747740588267963
DTXSID4048519	0	0	0.8934594496161211	0.10654055038387893
DTXSID4048511	0	0	0.9167014464628812	0.08329855353711876
DTXSID4048513	0	0	0.9368570918635333	0.06314290813646671
DTXSID4051580	0	0	0.8693092492188322	0.13069075078116774
DTXSID4051586	0	0	0.9581821206069749	0.041817879393025094
DTXSID5020233	0	0	0.9405970725263205	0.05940292747367943
DTXSID5020366	0	0	0.9526202606769393	0.04737973932306069
DTXSID5020576	0	0	0.981213179436385	0.018786820563615074
DTXSID5021388	0	0	0.794071905945785	0.20592809405421492
DTXSID5021910	0	0	0.8689587229654749	0.13104127703452503
DTXSID5022857	0	0	0.9271731632477297	0.07282683675227028
DTXSID5022934	0	0	0.8235004243249109	0.1764995756750891
DTXSID5023035	0	0	0.807432599045852	0.192567400954148
DTXSID5023039	0	0	0.99278964294526	0.00721035705474003
DTXSID5023324	0	0	0.9119393245407754	0.08806067545922461
DTXSID5023322	0	0	0.9830648990161333	0.01693510098386678
DTXSID5023376	0	0	0.9735982795596396	0.02640172044036036
DTXSID5023900	0	0	0.944675108747941	0.055324891252059014
DTXSID5024845	0	0	0.9408263867265784	0.0591736132734216
DTXSID5024891	0	0	0.9400650068243879	0.05993499317561216
DTXSID5025023	0	0	0.9043995129322442	0.09560048706775584
DTXSID5027142	0	0	0.9032357906317562	0.09676420936824381
DTXSID5032442	0	0	0.9329079967517082	0.06709200324829184
DTXSID5032579	0	0	0.9392342441947675	0.06076575580523246
DTXSID5032573	0	0	0.9331980678802176	0.06680193211978236
DTXSID5034357	0	0	0.9633523176949225	0.0366476823050775
DTXSID5034303	0	0	0.9653588079350921	0.034641192064907886
DTXSID5034270	0	0	0.9411094549371674	0.058890545062832686
DTXSID5034723	0	0	0.9826402090639078	0.017359790936092228
DTXSID5034773	0	0	0.9604511077572746	0.039548892242725404
DTXSID5041190	0	0	0.8927352810598921	0.10726471894010792
DTXSID5041772	0	0	0.9660009739147585	0.03399902608524152
DTXSID5044362	0	0	0.8258759102901347	0.17412408970986532
DTXSID5044493	0	0	0.9629583881159491	0.03704161188405083
DTXSID5044817	0	0	0.8236322739217299	0.17636772607827012
DTXSID5044996	0	0	0.8888677074085255	0.11113229259147454
DTXSID5046801	0	0	0.9052508008134994	0.09474919918650065
DTXSID5047291	0	0	0.9500972816423107	0.04990271835768933
DTXSID5047299	0	0	0.9423697792729242	0.057630220727075784
DTXSID5047249	0	0	0.9884501339119979	0.011549866088002085
DTXSID5047297	0	0	0.9618808716630232	0.03811912833697681
DTXSID5047295	0	0	0.9929090866542126	0.007090913345787382
DTXSID5047324	0	0	0.9629203857297643	0.0370796142702357
DTXSID5047320	0	0	0.8079623470018107	0.19203765299818926
DTXSID5047322	0	0	0.9715999995618905	0.02840000043810948
DTXSID5047328	0	0	0.9412511233975462	0.05874887660245379
DTXSID5047372	0	0	0.9926752302118159	0.007324769788184082
DTXSID5047376	0	0	0.9693665167751182	0.030633483224881793
DTXSID5048184	0	0	0.900630359350787	0.09936964064921308
DTXSID5048506	0	0	0.9933914173543481	0.006608582645651869
DTXSID5049075	0	0	0.9718683330264549	0.02813166697354512
DTXSID5052254	0	0	0.8128502554510649	0.18714974454893507
DTXSID5051446	0	0	0.9166556033816124	0.08334439661838759
DTXSID5052250	0	0	0.8692126937482688	0.13078730625173118
DTXSID5057888	0	0	0.9966613556163693	0.003338644383630728
DTXSID6020197	0	0	0.9890089359936579	0.01099106400634213
DTXSID6020147	0	0	0.8854868826210067	0.11451311737899322
DTXSID6020224	0	0	0.8988406665401655	0.10115933345983448
DTXSID6020359	0	0	0.8702938673170084	0.12970613268299158
DTXSID6020357	0	0	0.9053057785319996	0.09469422146800044
DTXSID6020779	0	0	0.7725944713905426	0.22740552860945737
DTXSID6021244	0	0	0.9332967022839808	0.06670329771601927
DTXSID6021371	0	0	0.9249023040664746	0.07509769593352539
DTXSID6021240	0	0	0.941274618129417	0.058725381870582946
DTXSID6022557	0	0	0.9089378739308994	0.09106212606910062
DTXSID6022474	0	0	0.9355535166560187	0.06444648334398125
DTXSID6022927	0	0	0.8873560042600257	0.11264399573997425
DTXSID6023652	0	0	0.9490046403841631	0.05099535961583686
DTXSID6023868	0	0	0.8960255055521023	0.10397449444789776
DTXSID6023864	0	0	0.994101980408242	0.005898019591757971
DTXSID6027131	0	0	0.865007757370122	0.13499224262987797
DTXSID6027503	0	0	0.9611995699506659	0.03880043004933409
DTXSID6031461	0	0	0.9091108016803018	0.09088919831969824
DTXSID6032645	0	0	0.9892291880906788	0.01077081190932116
DTXSID6032641	0	0	0.908489244503829	0.09151075549617105
DTXSID6032649	0	0	0.9820341824220955	0.017965817577904514
DTXSID6034186	0	0	0.9107222836658364	0.08927771633416358
DTXSID6034712	0	0	0.9923367968083782	0.007663203191621791
DTXSID6034392	0	0	0.8881298141285469	0.11187018587145317
DTXSID6034764	0	0	0.9906505519716147	0.009349448028385289
DTXSID6040747	0	0	0.8839430616585452	0.1160569383414548
DTXSID6041426	0	0	0.8137722232427537	0.18622777675724636
DTXSID6041397	0	0	0.9352920212096363	0.0647079787903637
DTXSID6042440	0	0	0.9706406749002479	0.029359325099752132
DTXSID6042494	0	0	0.9520561078395339	0.04794389216046608
DTXSID6043709	0	0	0.9024652262385087	0.09753477376149135
DTXSID6043915	0	0	0.9200411254920954	0.07995887450790458
DTXSID6044303	0	0	0.9634137675000782	0.03658623249992173
DTXSID6044359	0	0	0.9125225941173204	0.08747740588267963
DTXSID6044517	0	0	0.9234570086614347	0.07654299133856539
DTXSID6045400	0	0	0.9560762966758176	0.04392370332418235
DTXSID6047072	0	0	0.9448600196888495	0.05513998031115053
DTXSID6047078	0	0	0.9569120129652132	0.043087987034786744
DTXSID6047313	0	0	0.988273675014826	0.011726324985174038
DTXSID6047288	0	0	0.9816382730002517	0.0183617269997483
DTXSID6047282	0	0	0.962692257543508	0.03730774245649207
DTXSID6047284	0	0	0.881196039508408	0.11880396049159204
DTXSID6047311	0	0	0.995924863066342	0.004075136933658028
DTXSID6047315	0	0	0.9463289315910359	0.05367106840896408
DTXSID6047319	0	0	0.9446705129946041	0.055329487005395896
DTXSID6047367	0	0	0.9934095631130752	0.006590436886924817
DTXSID6047369	0	0	0.9638168082514025	0.03618319174859753
DTXSID6048171	0	0	0.864087575174671	0.135912424825329
DTXSID6051778	0	0	0.9041786399753446	0.09582136002465538
DTXSID6052291	0	0	0.8513930410529652	0.1486069589470348
DTXSID6051564	0	0	0.8106305460463441	0.1893694539536559
DTXSID7020007	0	0	0.997679515320371	0.0023204846796289784
DTXSID7020344	0	0	0.9320238234144587	0.06797617658554135
DTXSID7020552	0	0	0.8832370747156117	0.11676292528438827
DTXSID7020760	0	0	0.8926775997811409	0.1073224002188591
DTXSID7021239	0	0	0.9091117211000068	0.09088827889999321
DTXSID7022544	0	0	0.9967604543910046	0.0032395456089954556
DTXSID7023194	0	0	0.9597759053260099	0.040224094673990095
DTXSID7023980	0	0	0.9966888073006798	0.003311192699320247
DTXSID7023300	0	0	0.9183512919422089	0.08164870805779115
DTXSID7024164	0	0	0.9949834817639165	0.005016518236083514
DTXSID7024409	0	0	0.767262671248384	0.232737328751616
DTXSID7024586	0	0	0.9162664921361012	0.08373350786389874
DTXSID7025922	0	0	0.8385260303448743	0.1614739696551257
DTXSID7027047	0	0	0.9213024638429471	0.07869753615705287
DTXSID7027334	0	0	0.9361973145468468	0.06380268545315317
DTXSID7029871	0	0	0.86170576654669	0.13829423345331004
DTXSID7029879	0	0	0.9295826520295978	0.07041734797040225
DTXSID7031290	0	0	0.9245148806218103	0.07548511937818968
DTXSID7032630	0	0	0.8623452211771077	0.13765477882289234
DTXSID7032638	0	0	0.9773815259446952	0.022618474055304788
DTXSID7034383	0	0	0.9525174434261569	0.047482556573843156
DTXSID7034624	0	0	0.9191232286459255	0.08087677135407442
DTXSID7034753	0	0	0.9928704161925125	0.007129583807487469
DTXSID7034961	0	0	0.9671301204253138	0.03286987957468629
DTXSID7037185	0	0	0.8875907334383545	0.11240926656164549
DTXSID7037262	0	0	0.8543228771599243	0.14567712284007567
DTXSID7040289	0	0	0.7906281833876783	0.2093718166123217
DTXSID7041097	0	0	0.8547347218917931	0.14526527810820689
DTXSID7041461	0	0	0.9758331204986811	0.02416687950131893
DTXSID7041671	0	0	0.9267979056538709	0.07320209434612907
DTXSID7041544	0	0	0.8657246997171456	0.13427530028285437
DTXSID7041962	0	0	0.9612792716104676	0.03872072838953245
DTXSID7042061	0	0	0.8692126937482688	0.13078730625173118
DTXSID7042437	0	0	0.8518568042082427	0.14814319579175728
DTXSID7044340	0	0	0.9862867803825602	0.013713219617439716
DTXSID7044421	0	0	0.8252811993625494	0.1747188006374506
DTXSID7044471	0	0	0.8413490673794028	0.15865093262059718
DTXSID7044479	0	0	0.9482248488004633	0.0517751511995367
DTXSID7047142	0	0	0.9304670234466236	0.06953297655337638
DTXSID7047271	0	0	0.9939527959243034	0.006047204075696571
DTXSID7047279	0	0	0.8828977188270215	0.11710228117297848
DTXSID7047277	0	0	0.9562876421368435	0.04371235786315655
DTXSID7047356	0	0	0.9206218868924914	0.07937811310750868
DTXSID7047435	0	0	0.8981689657543059	0.10183103424569404
DTXSID7047433	0	0	0.9197543526162368	0.08024564738376318
DTXSID7048168	0	0	0.9273203288484408	0.07267967115155921
DTXSID7048166	0	0	0.9915191600018666	0.008480839998133443
DTXSID7051890	0	0	0.9212985197939606	0.0787014802060394
DTXSID8020202	0	0	0.8976332546907297	0.10236674530927023
DTXSID8020759	0	0	0.9284051420664208	0.07159485793357923
DTXSID8020755	0	0	0.9738550471944803	0.026144952805519633
DTXSID8021195	0	0	0.9809283026300689	0.019071697369931046
DTXSID8021725	0	0	0.9394362213826469	0.06056377861735305
DTXSID8021777	0	0	0.898241256982887	0.10175874301711299
DTXSID8021721	0	0	0.9834589405209162	0.016541059479083752
DTXSID8022036	0	0	0.8423256842051557	0.15767431579484423
DTXSID8022111	0	0	0.902746653169281	0.09725334683071898
DTXSID8022828	0	0	0.925666523152873	0.07433347684712695
DTXSID8022377	0	0	0.8722249493581569	0.12777505064184316
DTXSID8022824	0	0	0.9594888962205387	0.04051110377946128
DTXSID8023474	0	0	0.9341512956387351	0.06584870436126493
DTXSID8024234	0	0	0.9212513993916974	0.07874860060830262
DTXSID8024159	0	0	0.8655486203559889	0.13445137964401108
DTXSID8024739	0	0	0.9341344661837587	0.06586553381624122
DTXSID8024573	0	0	0.8588088618626435	0.14119113813735654
DTXSID8024810	0	0	0.8367145125831289	0.1632854874168711
DTXSID8024523	0	0	0.9338718459368782	0.06612815406312181
DTXSID8026488	0	0	0.9306450641342354	0.06935493586576452
DTXSID8027246	0	0	0.9450147191333007	0.054985280866699245
DTXSID8027373	0	0	0.8930775432418722	0.10692245675812785
DTXSID8029868	0	0	0.9567909452073582	0.04320905479264179
DTXSID8032463	0	0	0.9957636953617028	0.00423630463829711
DTXSID8032544	0	0	0.951647982664754	0.048352017335245974
DTXSID8032673	0	0	0.9716318556878204	0.02836814431217957
DTXSID8034538	0	0	0.926722103308132	0.07327789669186803
DTXSID8034586	0	0	0.9399504518222604	0.060049548177739547
DTXSID8034372	0	0	0.9891859275956242	0.010814072404375829
DTXSID8034665	0	0	0.9411094549371674	0.058890545062832686
DTXSID8034871	0	0	0.9200041619246615	0.07999583807533849
DTXSID8035180	0	0	0.9680749446759465	0.03192505532405354
DTXSID8040222	0	0	0.9871853087334335	0.012814691266566553
DTXSID8038801	0	0	0.8905624134244416	0.10943758657555838
DTXSID8040484	0	0	0.8888040242835178	0.11119597571648222
DTXSID8041117	0	0	0.8959097946143756	0.10409020538562438
DTXSID8041327	0	0	0.8316322151138378	0.16836778488616228
DTXSID8042399	0	0	0.8983250012084708	0.10167499879152915
DTXSID8047050	0	0	0.8740546599627311	0.12594534003726884
DTXSID8047052	0	0	0.9223630868990943	0.07763691310090574
DTXSID8047137	0	0	0.9589972434427946	0.04100275655720537
DTXSID8047139	0	0	0.8784768277830332	0.1215231722169668
DTXSID8047264	0	0	0.8689293466676489	0.13107065333235113
DTXSID8047391	0	0	0.8982526335659325	0.10174736643406747
DTXSID8047349	0	0	0.8866685807248906	0.11333141927510933
DTXSID8047341	0	0	0.9496391535031302	0.05036084649686976
DTXSID8047399	0	0	0.913160038356143	0.086839961643857
DTXSID8047686	0	0	0.8238979969915774	0.17610200300842263
DTXSID8048494	0	0	0.8989638796919981	0.10103612030800196
DTXSID8048521	0	0	0.9309864477079175	0.06901355229208246
DTXSID9020116	0	0	0.9061318560474415	0.09386814395255853
DTXSID9020110	0	0	0.901385886475892	0.09861411352410795
DTXSID9020378	0	0	0.9576586173928006	0.042341382607199454
DTXSID9020902	0	0	0.9548356871340428	0.04516431286595728
DTXSID9021182	0	0	0.9141703624421238	0.08582963755787619
DTXSID9021184	0	0	0.9271731632477297	0.07282683675227028
DTXSID9021215	0	0	0.898522018716448	0.10147798128355197
DTXSID9021843	0	0	0.8571722814177323	0.14282771858226775
DTXSID9021897	0	0	0.8600273141031084	0.13997268589689163
DTXSID9022364	0	0	0.8400529022992486	0.1599470977007514
DTXSID9022366	0	0	0.8479072591811517	0.15209274081884827
DTXSID9022607	0	0	0.8650543787315752	0.13494562126842474
DTXSID9022817	0	0	0.8749411998956902	0.12505880010430978
DTXSID9023201	0	0	0.9048045078623334	0.09519549213766662
DTXSID9023380	0	0	0.98156861509469	0.018431384905310096
DTXSID9023706	0	0	0.9636480730760957	0.03635192692390428
DTXSID9025451	0	0	0.9212985197939606	0.0787014802060394
DTXSID9027281	0	0	0.8444913019504952	0.15550869804950487
DTXSID9027522	0	0	0.9295847171583406	0.07041528284165947
DTXSID9027653	0	0	0.9286869733467211	0.07131302665327888
DTXSID9029221	0	0	0.7966495135082758	0.20335048649172419
DTXSID9032375	0	0	0.9392183810707144	0.06078161892928553
DTXSID9032379	0	0	0.9140402790757647	0.0859597209242353
DTXSID9033058	0	0	0.8756975204573947	0.12430247954260536
DTXSID9034361	0	0	0.994030718696871	0.005969281303128997
DTXSID9034365	0	0	0.9399953049894137	0.0600046950105863
DTXSID9034492	0	0	0.9766495006279747	0.023350499372025258
DTXSID9034573	0	0	0.9934043863973415	0.006595613602658505
DTXSID9034650	0	0	0.9943526534310323	0.0056473465689677255
DTXSID9034818	0	0	0.9545072440479156	0.045492755952084296
DTXSID9035175	0	0	0.8252810171299576	0.17471898287004242
DTXSID9034864	0	0	0.9871786950383779	0.012821304961622194
DTXSID9034868	0	0	0.9958446060928227	0.004155393907177288
DTXSID9036515	0	0	0.9287530169706303	0.07124698302936976
DTXSID9040635	0	0	0.8092654401704419	0.1907345598295581
DTXSID9040760	0	0	0.950543659708821	0.049456340291179
DTXSID9042097	0	0	0.9004420642629442	0.09955793573705589
DTXSID9041815	0	0	0.9193353058469331	0.08066469415306682
DTXSID9041528	0	0	0.8811965890491001	0.11880341095089986
DTXSID9042382	0	0	0.9710715239775412	0.028928476022458897
DTXSID9044536	0	0	0.7995185037720454	0.20048149622795458
DTXSID9044661	0	0	0.937459061584025	0.062540938415975
DTXSID9044744	0	0	0.8649295572990428	0.1350704427009573
DTXSID9047045	0	0	0.9429063520482831	0.057093647951716946
DTXSID9047253	0	0	0.8142484717607092	0.18575152823929073
DTXSID9047330	0	0	0.8577137771414879	0.14228622285851208
DTXSID9047334	0	0	0.8825385353969304	0.11746146460306961
DTXSID9047542	0	0	0.9659959791802788	0.03400402081972125
DTXSID9048190	0	0	0.8919983611575225	0.10800163884247746
DTXSID9048510	0	0	0.7891409543183909	0.21085904568160913
DTXSID9048512	0	0	0.9525333190482366	0.04746668095176346
DTXSID9048518	0	0	0.9969579792096358	0.0030420207903641516
DTXSID9048516	0	0	0.993531666065237	0.00646833393476299
DTXSID9051662	0	0	0.9177131591017542	0.0822868408982458
DTXSID9051907	0	0	0.9344799899388009	0.06552001006119916
