compound	predicted	actual
DTXSID0020074	0	0
DTXSID0020020	0	0
DTXSID0020072	1	0
DTXSID0020022	0	0
DTXSID0020076	0	0
DTXSID0020024	0	0
DTXSID0020070	0	0
DTXSID0020236	0	0
DTXSID0020238	0	0
DTXSID0020107	0	0
DTXSID0020280	0	0
DTXSID0020286	0	0
DTXSID0020288	0	0
DTXSID0020155	0	0
DTXSID0020157	0	0
DTXSID0020232	0	0
DTXSID0020311	0	0
DTXSID0020315	0	0
DTXSID0020365	0	0
DTXSID0020319	0	0
DTXSID0020448	0	0
DTXSID0020151	0	0
DTXSID0020282	0	0
DTXSID0020153	0	0
DTXSID0020284	0	0
DTXSID0020367	0	0
DTXSID0020446	0	0
DTXSID0020442	0	0
DTXSID0020369	0	0
DTXSID0020444	0	0
DTXSID0022307	0	0
DTXSID0024341	0	0
DTXSID0026171	0	0
DTXSID0027856	0	0
DTXSID0027983	0	0
DTXSID0027852	0	0
DTXSID0027858	0	0
DTXSID0027933	0	0
DTXSID0028618	0	0
DTXSID0052124	0	0
DTXSID1025934	0	0
DTXSID1027390	0	0
DTXSID1027924	0	0
DTXSID1027899	0	0
DTXSID1027926	1	0
DTXSID2021446	0	0
DTXSID2025216	0	0
DTXSID2028723	1	0
DTXSID2044894	0	0
DTXSID3024861	1	0
DTXSID3025465	1	0
DTXSID3026302	0	0
DTXSID3032412	0	0
DTXSID3039240	0	0
DTXSID3046742	0	0
DTXSID4021391	1	0
DTXSID4022521	0	0
DTXSID4024858	0	0
DTXSID4025082	0	0
DTXSID4027866	0	0
DTXSID4035708	0	0
DTXSID4047707	0	0
DTXSID4049408	1	0
DTXSID5027932	0	0
DTXSID5041302	0	0
DTXSID6024701	1	0
DTXSID6026292	0	0
DTXSID6027921	0	0
DTXSID6027925	1	0
DTXSID6046896	0	0
DTXSID7020215	1	0
DTXSID7025130	0	0
DTXSID7026314	0	0
DTXSID7027386	0	0
DTXSID7027388	0	0
DTXSID7027837	0	0
DTXSID7041708	1	0
DTXSID8025466	0	0
DTXSID8027377	0	0
DTXSID8047470	0	0
DTXSID9020794	0	0
DTXSID9023833	0	0
DTXSID9026267	1	0
DTXSID9027863	0	0
DTXSID0020498	0	0
DTXSID0020440	0	0
DTXSID0020523	1	0
DTXSID0020529	0	0
DTXSID0020575	0	0
DTXSID0020577	0	0
DTXSID0020602	0	0
DTXSID0020606	0	0
DTXSID0020650	1	0
DTXSID0020652	0	0
DTXSID0020654	0	0
DTXSID0020737	0	0
DTXSID0020810	0	0
DTXSID0020733	0	0
DTXSID0020789	0	0
DTXSID0020818	0	0
DTXSID0020862	1	0
DTXSID0020868	0	0
DTXSID0020941	0	0
DTXSID0021123	0	0
DTXSID0020943	0	0
DTXSID0021125	1	0
DTXSID0021094	1	0
DTXSID0021096	0	0
DTXSID0021121	0	0
DTXSID0021206	0	0
DTXSID0021254	0	0
DTXSID0021127	0	0
DTXSID0021129	0	0
DTXSID0021179	0	0
DTXSID0021256	1	0
DTXSID0021337	1	0
DTXSID0021258	0	0
DTXSID0021331	0	0
DTXSID0021383	0	0
DTXSID0021385	0	0
DTXSID0021387	0	0
DTXSID0021333	0	0
DTXSID0021418	0	0
DTXSID0021545	0	0
DTXSID0021460	1	0
DTXSID0021547	0	0
DTXSID0021597	0	0
DTXSID0021410	0	0
DTXSID0021672	0	0
DTXSID0021462	0	0
DTXSID0021709	0	0
DTXSID0021751	0	0
DTXSID0021464	0	0
DTXSID0021543	0	0
DTXSID0021599	0	0
DTXSID0021626	0	0
DTXSID0021628	0	0
DTXSID0021888	0	0
DTXSID0021759	0	0
DTXSID0021915	0	0
DTXSID0021834	1	0
DTXSID0021832	0	0
DTXSID0021836	0	0
DTXSID0021965	0	0
DTXSID0021961	0	0
DTXSID0021963	0	0
DTXSID0021917	0	0
DTXSID0021969	1	0
DTXSID0022193	0	0
DTXSID0022010	1	0
DTXSID0022012	1	0
DTXSID0022220	1	0
DTXSID0022353	1	0
DTXSID0022301	1	0
DTXSID0022014	0	0
DTXSID0022062	0	0
DTXSID0022640	0	0
DTXSID0022191	0	0
DTXSID0022644	0	0
DTXSID0022646	0	0
DTXSID0022060	0	0
DTXSID0022432	1	0
DTXSID0022480	1	0
DTXSID0022436	1	0
DTXSID0022519	0	0
DTXSID0022563	0	0
DTXSID0022935	0	0
DTXSID0023036	1	0
DTXSID0023038	0	0
DTXSID0022690	0	0
DTXSID0022725	1	0
DTXSID0022854	0	0
DTXSID0022981	0	0
DTXSID0023030	0	0
DTXSID0022777	0	0
DTXSID0022800	0	0
DTXSID0022808	0	0
DTXSID0022850	0	0
DTXSID0023113	1	0
DTXSID0023163	0	0
DTXSID0023169	0	0
DTXSID0023296	0	0
DTXSID0023298	0	0
DTXSID0023329	0	0
DTXSID0023244	0	0
DTXSID0023292	0	0
DTXSID0023371	0	0
DTXSID0023612	0	0
DTXSID0023373	0	0
DTXSID0023377	0	0
DTXSID0023616	1	0
DTXSID0023745	0	0
DTXSID0023618	0	0
DTXSID0023458	0	0
DTXSID0023660	0	0
DTXSID0023581	0	0
DTXSID0023749	0	0
DTXSID0023587	0	0
DTXSID0023870	0	0
DTXSID0023878	1	0
DTXSID0023901	0	0
DTXSID0023907	1	1
DTXSID0023909	1	1
DTXSID0023951	0	0
DTXSID0023955	0	0
DTXSID0024002	1	0
DTXSID0024052	0	0
DTXSID0024183	0	0
DTXSID0024266	1	0
DTXSID0024000	0	0
DTXSID0024185	0	0
DTXSID0024216	0	0
DTXSID0024345	0	0
DTXSID0024399	0	0
DTXSID0024395	0	0
DTXSID0024470	0	0
DTXSID0024397	0	0
DTXSID0024474	1	0
DTXSID0024478	0	0
DTXSID0024501	1	0
DTXSID0024503	0	0
DTXSID0024505	0	0
DTXSID0024507	1	0
DTXSID0024509	0	0
DTXSID0024553	0	0
DTXSID0024555	0	0
DTXSID0024559	1	0
DTXSID0024638	0	0
DTXSID0024715	0	0
DTXSID0024761	0	0
DTXSID0024923	1	0
DTXSID0024971	0	0
DTXSID0024977	0	0
DTXSID0024979	0	0
DTXSID0025070	0	0
DTXSID0025361	0	0
DTXSID0025363	0	0
DTXSID0025367	0	0
DTXSID0025440	0	0
DTXSID0025234	0	0
DTXSID0025315	0	0
DTXSID0025074	1	0
DTXSID0025076	1	0
DTXSID0025078	1	0
DTXSID0025101	1	0
DTXSID0025492	0	0
DTXSID0024896	0	0
DTXSID0025654	1	0
DTXSID0025523	1	0
DTXSID0025733	0	0
DTXSID0025737	0	0
DTXSID0025571	1	0
DTXSID0025812	1	0
DTXSID0025789	0	0
DTXSID0025577	0	0
DTXSID0025600	0	0
DTXSID0025814	1	0
DTXSID0025818	0	0
DTXSID0025816	0	0
DTXSID0025862	0	0
DTXSID0025864	0	0
DTXSID0026040	0	0
DTXSID0025866	0	0
DTXSID0026098	0	0
DTXSID0025991	1	0
DTXSID0026175	0	0
DTXSID0026202	0	0
DTXSID0026204	0	0
DTXSID0026208	1	0
DTXSID0026838	0	0
DTXSID0026258	0	0
DTXSID0026880	0	0
DTXSID0026882	0	0
DTXSID0026676	0	0
DTXSID0026701	0	0
DTXSID0026915	0	0
DTXSID0026252	1	0
DTXSID0026547	1	0
DTXSID0027014	0	0
DTXSID0027066	0	0
DTXSID0026913	0	0
DTXSID0027191	0	0
DTXSID0027195	0	0
DTXSID0026961	1	0
DTXSID0027143	0	0
DTXSID0027197	0	0
DTXSID0026967	0	0
DTXSID0027149	0	0
DTXSID0027222	0	0
DTXSID0027432	0	0
DTXSID0027270	1	0
DTXSID0027438	0	0
DTXSID0027228	0	0
DTXSID0027561	0	0
DTXSID0027565	0	0
DTXSID0027436	0	0
DTXSID0027309	0	0
DTXSID0027513	0	0
DTXSID0027640	0	0
DTXSID0027771	0	0
DTXSID0027773	0	0
DTXSID0027802	0	0
DTXSID0028030	0	0
DTXSID0028038	0	0
DTXSID0027806	0	0
DTXSID0029210	0	0
DTXSID0029218	0	0
DTXSID0029260	0	0
DTXSID0029133	1	0
DTXSID0029187	0	0
DTXSID0029189	1	0
DTXSID0029688	0	0
DTXSID0029761	0	0
DTXSID0029262	1	0
DTXSID0030162	0	0
DTXSID0030588	1	0
DTXSID0029559	0	0
DTXSID0032029	0	0
DTXSID0032077	0	0
DTXSID0032316	1	0
DTXSID0032493	0	0
DTXSID0032497	0	0
DTXSID0032520	1	0
DTXSID0032601	0	0
DTXSID0032578	0	0
DTXSID0032605	0	0
DTXSID0032651	0	0
DTXSID0032869	0	0
DTXSID0032998	0	0
DTXSID0032655	0	0
DTXSID0033047	0	0
DTXSID0033332	1	0
DTXSID0033382	1	0
DTXSID0033754	0	0
DTXSID0034300	0	0
DTXSID0033960	1	0
DTXSID0033673	0	0
DTXSID0034223	0	0
DTXSID0034227	0	0
DTXSID0034518	0	0
DTXSID0034695	0	0
DTXSID0034803	0	0
DTXSID0034851	0	0
DTXSID0034936	0	0
DTXSID0034855	0	0
DTXSID0034722	1	0
DTXSID0034776	0	0
DTXSID0035748	0	0
DTXSID0035790	0	0
DTXSID0037023	1	0
DTXSID0037495	0	0
DTXSID0037570	0	0
DTXSID0037576	0	0
DTXSID0038839	0	0
DTXSID0037730	1	0
DTXSID0038700	0	0
DTXSID0037734	0	0
DTXSID0038881	1	0
DTXSID0038756	1	0
DTXSID0038887	1	0
DTXSID0038831	0	0
DTXSID0040676	0	0
DTXSID0039227	0	0
DTXSID0040127	0	0
DTXSID0040678	0	0
DTXSID0040701	0	0
DTXSID0040705	1	0
DTXSID0037237	0	0
DTXSID0037493	0	0
DTXSID0037231	0	0
DTXSID0040707	0	0
DTXSID0040208	1	0
DTXSID0040751	0	0
DTXSID0040672	0	0
DTXSID0040464	0	0
DTXSID0041197	0	0
DTXSID0040757	0	0
DTXSID0041274	0	0
DTXSID0041357	0	0
DTXSID0041220	0	0
DTXSID0041224	0	0
DTXSID0041270	0	0
DTXSID0041359	1	0
DTXSID0041484	0	0
DTXSID0041513	0	0
DTXSID0041850	0	0
DTXSID0041519	0	0
DTXSID0041852	0	0
DTXSID0041981	0	0
DTXSID0041983	0	0
DTXSID0041985	1	0
DTXSID0041567	0	0
DTXSID0042086	0	0
DTXSID0041987	0	0
DTXSID0041646	0	0
DTXSID0041692	0	0
DTXSID0042169	0	0
DTXSID0042038	0	0
DTXSID0042167	0	0
DTXSID0041698	0	0
DTXSID0042242	0	0
DTXSID0042084	0	0
DTXSID0042325	0	0
DTXSID0042400	0	0
DTXSID0042406	0	0
DTXSID0042454	0	0
DTXSID0043892	0	0
DTXSID0043896	1	0
DTXSID0044107	0	0
DTXSID0042583	0	0
DTXSID0044236	1	0
DTXSID0042614	0	0
DTXSID0044313	0	0
DTXSID0044363	0	0
DTXSID0044280	0	0
DTXSID0044361	0	0
DTXSID0043848	0	0
DTXSID0044315	1	0
DTXSID0043761	0	0
DTXSID0044367	0	0
DTXSID0044446	0	0
DTXSID0044448	0	0
DTXSID0044490	0	0
DTXSID0044494	0	0
DTXSID0044369	0	0
DTXSID0044440	1	0
DTXSID0044521	0	0
DTXSID0044523	0	0
DTXSID0044650	0	0
DTXSID0044654	1	0
DTXSID0044525	0	0
DTXSID0044573	0	0
DTXSID0044604	0	0
DTXSID0044606	0	0
DTXSID0044656	0	0
DTXSID0044575	0	0
DTXSID0044658	0	0
DTXSID0044527	0	0
DTXSID0044571	1	0
DTXSID0044818	0	0
DTXSID0044860	0	0
DTXSID0044862	0	0
DTXSID0044868	0	0
DTXSID0044812	0	0
DTXSID0044816	1	0
DTXSID0044731	0	0
DTXSID0044733	0	0
DTXSID0044781	0	0
DTXSID0044735	1	0
DTXSID0044785	0	0
DTXSID0044941	1	0
DTXSID0044737	0	0
DTXSID0044787	1	0
DTXSID0044949	0	0
DTXSID0044943	0	0
DTXSID0044945	0	0
DTXSID0044995	0	0
DTXSID0044947	0	0
DTXSID0044997	1	0
DTXSID0044999	0	0
DTXSID0045090	0	0
DTXSID0045125	1	0
DTXSID0045127	0	0
DTXSID0045171	0	0
DTXSID0045173	1	0
DTXSID0045175	0	0
DTXSID0045179	0	0
DTXSID0045206	0	0
DTXSID0045208	0	0
DTXSID0045202	0	0
DTXSID0045204	1	0
DTXSID0045383	0	0
DTXSID0045252	1	0
DTXSID0045389	0	0
DTXSID0045410	0	0
DTXSID0045412	1	0
DTXSID0045416	0	0
DTXSID0045670	0	0
DTXSID0045462	0	0
DTXSID0045674	0	0
DTXSID0045464	0	0
DTXSID0045676	0	0
DTXSID0045466	0	0
DTXSID0045701	0	0
DTXSID0045753	0	0
DTXSID0045836	0	0
DTXSID0045703	0	0
DTXSID0045705	0	0
DTXSID0045707	0	0
DTXSID0045709	0	0
DTXSID0045838	1	0
DTXSID0045880	0	0
DTXSID0045886	0	0
DTXSID0045888	0	0
DTXSID0045963	0	0
DTXSID0045595	0	0
DTXSID0045597	0	0
DTXSID0045543	0	0
DTXSID0046016	1	0
DTXSID0046060	0	0
DTXSID0045624	0	0
DTXSID0045626	0	0
DTXSID0045547	0	0
DTXSID0045591	0	0
DTXSID0046066	1	0
DTXSID0046145	0	0
DTXSID0046147	0	0
DTXSID0046193	0	0
DTXSID0046195	0	0
DTXSID0046222	0	0
DTXSID0046226	1	0
DTXSID0046270	0	0
DTXSID0046272	1	0
DTXSID0046309	0	0
DTXSID0046351	0	0
DTXSID0046357	0	0
DTXSID0046430	0	0
DTXSID0046432	0	0
DTXSID0046434	0	0
DTXSID0046565	0	0
DTXSID0046274	0	0
DTXSID0046484	0	0
DTXSID0046276	0	0
DTXSID0046486	0	0
DTXSID0046305	1	0
DTXSID0046488	0	0
DTXSID0046307	0	1
DTXSID0046567	0	0
DTXSID0046569	0	0
DTXSID0046644	0	0
DTXSID0046482	0	0
DTXSID0046480	0	0
DTXSID0046850	0	0
DTXSID0046804	0	0
DTXSID0046698	1	0
DTXSID0046692	0	0
DTXSID0046696	1	0
DTXSID0046727	0	0
DTXSID0046989	0	0
DTXSID0047030	0	0
DTXSID0046640	0	0
DTXSID0046561	0	0
DTXSID0046690	0	0
DTXSID0046563	0	0
DTXSID0046721	0	0
DTXSID0047036	0	0
DTXSID0046725	0	0
DTXSID0047038	1	0
DTXSID0047080	1	0
DTXSID0047086	1	0
DTXSID0047082	0	0
DTXSID0047163	0	0
DTXSID0047115	0	0
DTXSID0047161	0	0
DTXSID0047084	0	0
DTXSID0047165	0	0
DTXSID0047167	0	0
DTXSID0047169	0	0
DTXSID0047244	0	0
DTXSID0047246	1	0
DTXSID0047248	0	0
DTXSID0047290	1	0
DTXSID0047292	0	0
DTXSID0047294	1	0
DTXSID0047325	0	0
DTXSID0047296	0	0
DTXSID0047375	0	0
DTXSID0047327	0	0
DTXSID0047371	0	0
DTXSID0047400	1	0
DTXSID0047404	0	0
DTXSID0047406	0	0
DTXSID0047377	0	1
DTXSID0047379	0	0
DTXSID0047408	0	0
DTXSID0047535	0	0
DTXSID0047533	1	0
DTXSID0047539	0	0
DTXSID0047450	0	0
DTXSID0047581	0	0
DTXSID0047537	0	0
DTXSID0047585	0	0
DTXSID0047587	0	0
DTXSID0047589	0	0
DTXSID0047662	0	0
DTXSID0047874	1	0
DTXSID0047799	0	0
DTXSID0047741	0	0
DTXSID0047745	0	0
DTXSID0047822	0	0
DTXSID0047610	0	0
DTXSID0047870	1	0
DTXSID0047828	0	0
DTXSID0047872	0	0
DTXSID0047614	0	0
DTXSID0047797	1	0
DTXSID0047953	1	1
DTXSID0047905	1	0
DTXSID0047955	0	0
DTXSID0047957	1	0
DTXSID0047907	0	0
DTXSID0047876	1	0
DTXSID0047959	0	0
DTXSID0047878	0	0
DTXSID0047909	0	0
DTXSID0047901	0	0
DTXSID0047903	0	0
DTXSID0047951	0	0
DTXSID0048183	1	0
DTXSID0048189	1	0
DTXSID0048185	0	0
DTXSID0048210	0	0
DTXSID0048509	0	0
DTXSID0048632	0	0
DTXSID0048636	1	0
DTXSID0048680	1	0
DTXSID0048842	0	0
DTXSID0048840	0	0
DTXSID0048844	0	0
DTXSID0048717	0	0
DTXSID0048638	0	0
DTXSID0048684	0	0
DTXSID0048505	0	0
DTXSID0048507	0	0
DTXSID0048846	0	0
DTXSID0049076	0	0
DTXSID0048898	0	0
DTXSID0049022	0	0
DTXSID0048975	0	0
DTXSID0048848	0	0
DTXSID0048894	1	0
DTXSID0048921	0	0
DTXSID0048896	0	0
DTXSID0048890	0	0
DTXSID0048927	0	0
DTXSID0048929	0	0
DTXSID0048892	0	0
DTXSID0049286	0	0
DTXSID0049288	0	0
DTXSID0049311	0	0
DTXSID0049313	0	0
DTXSID0049232	0	0
DTXSID0049234	0	0
DTXSID0049236	0	0
DTXSID0049315	0	0
DTXSID0049317	0	0
DTXSID0049361	0	0
DTXSID0049363	0	0
DTXSID0049367	0	0
DTXSID0049369	0	0
DTXSID0049365	1	0
DTXSID0050423	1	0
DTXSID0051447	1	0
DTXSID0049238	0	0
DTXSID0049078	0	0
DTXSID0051493	0	0
DTXSID0051497	0	0
DTXSID0049280	0	0
DTXSID0051499	0	0
DTXSID0049230	0	0
DTXSID0051570	0	0
DTXSID0051574	0	0
DTXSID0051732	1	0
DTXSID0051738	0	0
DTXSID0051782	1	0
DTXSID0051863	0	0
DTXSID0051944	0	0
DTXSID0051996	1	0
DTXSID0052598	0	0
DTXSID0052621	0	0
DTXSID0052629	0	0
DTXSID0057629	0	0
DTXSID0052594	0	0
DTXSID0052833	0	0
DTXSID0052463	0	0
DTXSID0052542	0	0
DTXSID0057679	0	0
DTXSID0057700	1	0
DTXSID0057671	1	0
DTXSID0052596	0	0
DTXSID0052590	0	0
DTXSID0052837	0	0
DTXSID0057621	0	0
DTXSID0057623	1	0
DTXSID0057627	0	0
DTXSID0057839	0	0
DTXSID0057754	0	0
DTXSID0057756	0	0
DTXSID0057702	0	0
DTXSID0057704	0	0
DTXSID0057708	0	0
DTXSID0057750	1	0
DTXSID0057752	0	0
DTXSID0057835	0	0
DTXSID0057837	0	0
DTXSID1020063	1	0
DTXSID1020140	0	0
DTXSID0057758	0	0
DTXSID0057831	0	0
DTXSID0057833	0	0
DTXSID1020069	1	0
DTXSID1020146	0	0
DTXSID1020194	0	0
DTXSID1020015	0	0
DTXSID1020198	0	0
DTXSID1020148	0	0
DTXSID1020190	1	0
DTXSID1020142	0	0
DTXSID1020144	0	0
DTXSID1020350	0	0
DTXSID1020221	1	0
DTXSID1020275	0	0
DTXSID1020279	0	0
DTXSID1020300	0	0
DTXSID1020306	0	0
DTXSID1020308	0	0
DTXSID1020352	0	0
DTXSID1020354	0	0
DTXSID1020512	0	0
DTXSID1020431	0	0
DTXSID1020516	0	0
DTXSID1020433	1	0
DTXSID1020510	0	0
DTXSID1020439	1	0
DTXSID1020647	0	0
DTXSID1020483	0	0
DTXSID1020485	1	0
DTXSID1020697	1	0
DTXSID1020560	0	0
DTXSID1020699	1	0
DTXSID1020562	0	0
DTXSID1020778	0	0
DTXSID1020728	0	0
DTXSID1020803	0	0
DTXSID1020770	0	0
DTXSID1020807	0	0
DTXSID1020855	0	0
DTXSID1020857	0	0
DTXSID1020809	0	0
DTXSID1020859	0	0
DTXSID1020932	0	0
DTXSID1020980	0	0
DTXSID1021081	0	0
DTXSID1020984	0	0
DTXSID1021031	0	0
DTXSID1020930	0	0
DTXSID1020982	0	0
DTXSID1021087	0	0
DTXSID1021089	0	0
DTXSID1021114	0	0
DTXSID1021116	0	0
DTXSID1021168	0	0
DTXSID1021118	0	0
DTXSID1021162	0	0
DTXSID1021160	0	0
DTXSID1021243	0	0
DTXSID1021166	1	0
DTXSID1021372	1	0
DTXSID1021322	0	0
DTXSID1021374	0	0
DTXSID1021328	0	0
DTXSID1021405	0	0
DTXSID1021409	0	0
DTXSID1021455	0	0
DTXSID1021530	0	0
DTXSID1021584	0	0
DTXSID1021617	0	0
DTXSID1021586	1	0
DTXSID1021247	1	0
DTXSID1021291	0	0
DTXSID1021299	1	0
DTXSID1021320	0	0
DTXSID1021827	0	0
DTXSID1021665	1	0
DTXSID1021871	1	0
DTXSID1021873	0	0
DTXSID1021790	1	0
DTXSID1021740	0	0
DTXSID1021744	0	0
DTXSID1021792	1	0
DTXSID1021798	0	0
DTXSID1021821	0	0
DTXSID1021823	0	0
DTXSID1021956	0	0
DTXSID1022003	0	0
DTXSID1021877	0	0
DTXSID1021904	0	0
DTXSID1021958	1	0
DTXSID1022001	0	0
DTXSID1022007	0	0
DTXSID1022051	0	0
DTXSID1021952	1	0
DTXSID1021902	0	0
DTXSID1022009	0	0
DTXSID1022057	0	0
DTXSID1022130	0	0
DTXSID1022138	0	0
DTXSID1022053	1	0
DTXSID1022396	1	0
DTXSID1022421	0	0
DTXSID1022425	1	1
DTXSID1022217	1	0
DTXSID1022265	0	0
DTXSID1022186	0	0
DTXSID1022188	1	0
DTXSID1022479	1	0
DTXSID1022508	1	0
DTXSID1022267	0	0
DTXSID1022394	1	0
DTXSID1022718	0	0
DTXSID1022843	0	0
DTXSID1023071	0	0
DTXSID1022764	0	0
DTXSID1022926	0	0
DTXSID1022978	0	0
DTXSID1022683	1	0
DTXSID1022556	0	0
DTXSID1023021	0	0
DTXSID1022635	0	0
DTXSID1022681	0	0
DTXSID1023441	0	0
DTXSID1023102	0	0
DTXSID1023150	0	0
DTXSID1023158	0	0
DTXSID1023495	0	0
DTXSID1023235	0	0
DTXSID1023231	0	0
DTXSID1023497	0	0
DTXSID1023572	1	0
DTXSID1023314	0	0
DTXSID1023283	0	0
DTXSID1023362	0	0
DTXSID1023364	0	0
DTXSID1023368	0	0
DTXSID1023815	0	0
DTXSID1023603	0	0
DTXSID1023605	0	0
DTXSID1023607	0	0
DTXSID1023609	0	0
DTXSID1023869	0	0
DTXSID1023730	1	0
DTXSID1023990	0	0
DTXSID1023998	0	0
DTXSID1024049	0	0
DTXSID1024126	0	0
DTXSID1024128	1	0
DTXSID1024091	0	0
DTXSID1024170	0	0
DTXSID1024176	0	0
DTXSID1024097	0	0
DTXSID1024124	0	0
DTXSID1024255	0	0
DTXSID1024334	0	0
DTXSID1024338	0	0
DTXSID1024629	0	0
DTXSID1024835	0	0
DTXSID1024467	0	0
DTXSID1024413	0	0
DTXSID1024837	0	0
DTXSID1024598	1	0
DTXSID1024463	0	0
DTXSID1024465	0	0
DTXSID1024625	0	0
DTXSID1024831	0	0
DTXSID1024881	0	0
DTXSID1024885	0	0
DTXSID1024887	1	0
DTXSID1025148	1	0
DTXSID1024918	0	0
DTXSID1024966	0	0
DTXSID1025013	0	0
DTXSID1025063	0	0
DTXSID1025279	0	0
DTXSID1025431	1	0
DTXSID1025483	0	0
DTXSID1025271	0	0
DTXSID1025306	0	0
DTXSID1025485	0	0
DTXSID1025433	0	0
DTXSID1025437	1	0
DTXSID1025300	0	0
DTXSID1025304	0	0
DTXSID1025308	0	0
DTXSID1025302	0	0
DTXSID1025724	0	0
DTXSID1025770	0	0
DTXSID1025774	0	0
DTXSID1025560	0	0
DTXSID1025722	0	0
DTXSID1025649	0	0
DTXSID1025693	0	0
DTXSID1025776	0	0
DTXSID1025512	1	0
DTXSID1025641	0	0
DTXSID1025726	0	0
DTXSID1025805	0	0
DTXSID1026035	0	0
DTXSID1025807	0	0
DTXSID1026033	0	0
DTXSID1025851	0	0
DTXSID1026112	0	0
DTXSID1026118	0	0
DTXSID1026164	0	0
DTXSID1025809	0	0
DTXSID1026031	0	0
DTXSID1025857	0	0
DTXSID1025930	1	0
DTXSID1026241	1	0
DTXSID1026293	1	0
DTXSID1026536	0	0
DTXSID1026083	0	0
DTXSID1026089	0	0
DTXSID1026615	0	0
DTXSID1026902	1	0
DTXSID1026667	0	0
DTXSID1026740	0	0
DTXSID1026796	0	0
DTXSID1026619	0	0
DTXSID1026665	0	0
DTXSID1026900	0	0
DTXSID1026792	0	0
DTXSID1026904	0	0
DTXSID1027186	0	0
DTXSID1027188	0	0
DTXSID1026906	0	0
DTXSID1026908	0	0
DTXSID1027346	0	0
DTXSID1027471	0	0
DTXSID1027211	0	0
DTXSID1026954	0	0
DTXSID1027007	0	0
DTXSID1027219	0	0
DTXSID1027263	0	0
DTXSID1027134	1	0
DTXSID1027479	1	0
DTXSID1027267	0	0
DTXSID1027504	0	0
DTXSID1027427	0	0
DTXSID1027425	0	0
DTXSID1027269	0	0
DTXSID1027265	0	0
DTXSID1027506	0	0
DTXSID1027342	0	0
DTXSID1027500	0	0
DTXSID1027502	0	0
DTXSID1027550	0	0
DTXSID1027556	0	0
DTXSID1027558	0	0
DTXSID1027633	1	1
DTXSID1027764	0	0
DTXSID1027714	0	1
DTXSID1027716	1	0
DTXSID1027768	0	0
DTXSID1027639	0	0
DTXSID1027920	1	0
DTXSID1027978	1	0
DTXSID1027928	0	0
DTXSID1029120	1	0
DTXSID1029122	0	0
DTXSID1029124	0	0
DTXSID1029201	1	0
DTXSID1029203	0	0
DTXSID1029207	0	0
DTXSID1029170	0	0
DTXSID1029251	0	0
DTXSID1029679	0	0
DTXSID1029338	0	0
DTXSID1029629	0	0
DTXSID1031462	0	0
DTXSID1031591	0	0
DTXSID1031626	0	0
DTXSID1029255	0	0
DTXSID1029677	0	0
DTXSID1029889	1	0
DTXSID1029910	0	0
DTXSID1030317	0	0
DTXSID1032303	1	0
DTXSID1030606	0	0
DTXSID1030319	1	0
DTXSID1032355	0	0
DTXSID1031460	0	0
DTXSID1032278	0	0
DTXSID1032305	0	0
DTXSID1032309	0	0
DTXSID1032513	0	0
DTXSID1032359	0	0
DTXSID1032519	0	0
DTXSID1032488	0	0
DTXSID1032569	0	0
DTXSID1032690	0	0
DTXSID1032640	1	0
DTXSID1032648	0	0
DTXSID1032646	1	0
DTXSID1033163	0	0
DTXSID1032642	0	0
DTXSID1033402	0	0
DTXSID1034187	1	1
DTXSID1034503	1	0
DTXSID1033876	0	0
DTXSID1034181	1	0
DTXSID1034210	0	0
DTXSID1034634	0	0
DTXSID1034260	1	0
DTXSID1034501	1	0
DTXSID1035286	0	0
DTXSID1034929	1	0
DTXSID1035288	1	0
DTXSID1035783	0	0
DTXSID1034844	0	0
DTXSID1036545	1	0
DTXSID1034769	1	0
DTXSID1034973	1	0
DTXSID1037567	0	0
DTXSID1037696	0	0
DTXSID1037806	0	0
DTXSID1037303	1	0
DTXSID1037197	0	0
DTXSID1037272	0	0
DTXSID1037515	0	0
DTXSID1037565	0	0
DTXSID1038743	0	0
DTXSID1038321	0	0
DTXSID1038822	0	0
DTXSID1038298	1	0
DTXSID1038876	1	0
DTXSID1039719	0	0
DTXSID1040110	0	0
DTXSID1040112	0	0
DTXSID1040295	0	0
DTXSID1040320	0	0
DTXSID1040164	0	0
DTXSID1040243	0	0
DTXSID1040326	0	0
DTXSID1040619	1	1
DTXSID1040324	0	0
DTXSID1041132	0	0
DTXSID1040792	0	0
DTXSID1040661	0	0
DTXSID1040740	0	0
DTXSID1040794	0	0
DTXSID1040611	0	0
DTXSID1040372	0	0
DTXSID1041180	0	0
DTXSID1041188	0	0
DTXSID1041261	0	0
DTXSID1041265	0	0
DTXSID1041263	0	0
DTXSID1041506	1	0
DTXSID1041502	1	0
DTXSID1041346	0	0
DTXSID1041508	0	0
DTXSID1041421	0	0
DTXSID1041550	0	0
DTXSID1041639	0	0
DTXSID1041681	1	0
DTXSID1041847	0	0
DTXSID1041683	0	0
DTXSID1041891	0	0
DTXSID1041897	0	0
DTXSID1041920	0	0
DTXSID1041978	0	0
DTXSID1042360	0	0
DTXSID1042364	0	0
DTXSID1042077	0	0
DTXSID1042154	0	0
DTXSID1042281	0	0
DTXSID1042441	0	0
DTXSID1043881	0	0
DTXSID1044223	1	0
DTXSID1044196	0	0
DTXSID1042570	0	0
DTXSID1044227	0	0
DTXSID1044198	0	0
DTXSID1042574	0	0
DTXSID1043839	0	0
DTXSID1044221	0	0
DTXSID1042499	0	0
DTXSID1044352	0	0
DTXSID1044439	0	0
DTXSID1044487	1	0
DTXSID1044435	0	0
DTXSID1044485	0	0
DTXSID1044437	0	0
DTXSID1044354	0	0
DTXSID1044489	0	0
DTXSID1044356	0	0
DTXSID1044514	1	0
DTXSID1044564	0	0
DTXSID1044645	0	0
DTXSID1044697	0	0
DTXSID1044647	0	0
DTXSID1044560	0	0
DTXSID1044691	0	0
DTXSID1044693	0	0
DTXSID1044770	0	0
DTXSID1044772	0	0
DTXSID1044776	0	0
DTXSID1044722	0	0
DTXSID1044724	0	0
DTXSID1044720	0	0
DTXSID1044728	0	0
DTXSID1044807	0	0
DTXSID1045116	0	0
DTXSID1044934	0	0
DTXSID1045118	0	0
DTXSID1044809	0	0
DTXSID1044980	0	0
DTXSID1044936	0	0
DTXSID1044982	0	0
DTXSID1045162	0	0
DTXSID1044851	0	0
DTXSID1044938	0	0
DTXSID1044986	0	0
DTXSID1044853	0	0
DTXSID1045164	0	0
DTXSID1045166	0	0
DTXSID1045245	0	0
DTXSID1045291	1	0
DTXSID1045081	1	0
DTXSID1045083	0	0
DTXSID1045085	0	0
DTXSID1045089	0	0
DTXSID1045293	0	0
DTXSID1045297	0	0
DTXSID1045328	0	0
DTXSID1045370	1	0
DTXSID1045320	0	0
DTXSID1045324	0	0
DTXSID1045372	0	0
DTXSID1045326	1	0
DTXSID1044859	0	0
DTXSID1045615	0	0
DTXSID1045530	0	0
DTXSID1045619	0	0
DTXSID1045536	0	0
DTXSID1045661	0	0
DTXSID1045663	0	0
DTXSID1045538	0	0
DTXSID1045580	1	0
DTXSID1045405	1	0
DTXSID1045407	0	0
DTXSID1045409	0	0
DTXSID1045459	0	0
DTXSID1045376	0	0
DTXSID1044930	0	0
DTXSID1045584	0	0
DTXSID1045748	0	0
DTXSID1045790	0	0
DTXSID1045669	1	0
DTXSID1044932	1	0
DTXSID1045792	0	0
DTXSID1045588	0	0
DTXSID1045794	1	0
DTXSID1045742	0	0
DTXSID1045611	1	0
DTXSID1045744	0	0
DTXSID1045746	0	0
DTXSID1045871	0	0
DTXSID1046003	0	0
DTXSID1045879	0	0
DTXSID1046051	0	0
DTXSID1045798	1	0
DTXSID1046007	0	0
DTXSID1046134	1	0
DTXSID1045952	0	0
DTXSID1046132	0	0
DTXSID1045958	1	0
DTXSID1046130	0	0
DTXSID1045906	0	0
DTXSID1045825	0	0
DTXSID1046136	1	0
DTXSID1046180	0	0
DTXSID1046263	1	0
DTXSID1046267	0	0
DTXSID1046188	0	0
DTXSID1046348	0	0
DTXSID1046390	1	0
DTXSID1046344	1	0
DTXSID1046215	0	0
DTXSID1046392	0	0
DTXSID1046394	0	0
DTXSID1046396	1	0
DTXSID1046398	0	0
DTXSID1046504	0	0
DTXSID1046506	0	0
DTXSID1046558	1	0
DTXSID1046631	0	0
DTXSID1046421	1	0
DTXSID1046423	0	0
DTXSID1046429	0	0
DTXSID1046550	1	0
DTXSID1046427	0	0
DTXSID1046425	0	0
DTXSID1046633	0	0
DTXSID1046475	0	0
DTXSID1046639	0	0
DTXSID1046502	0	0
DTXSID1046685	0	0
DTXSID1046687	1	0
DTXSID1046768	0	0
DTXSID1046714	0	0
DTXSID1046681	0	0
DTXSID1046689	0	0
DTXSID1046847	0	0
DTXSID1046974	0	0
DTXSID1047071	0	0
DTXSID1047075	0	0
DTXSID1046891	0	0
DTXSID1046976	1	0
DTXSID1046970	1	0
DTXSID1047156	0	0
DTXSID1047281	1	0
DTXSID1047285	0	0
DTXSID1047106	0	0
DTXSID1047283	0	0
DTXSID1047150	0	0
DTXSID1047239	1	0
DTXSID1047289	1	0
DTXSID1047152	0	0
DTXSID1047158	0	0
DTXSID1047310	1	0
DTXSID1047318	0	0
DTXSID1047287	1	0
DTXSID1047360	0	0
DTXSID1047312	0	0
DTXSID1047316	0	0
DTXSID1047362	0	0
DTXSID1047366	0	0
DTXSID1047368	1	0
DTXSID1047443	1	0
DTXSID1047447	0	0
DTXSID1047491	0	0
DTXSID1047576	0	0
DTXSID1047493	0	0
DTXSID1047528	0	0
DTXSID1047497	0	0
DTXSID1047520	0	0
DTXSID1047574	0	0
DTXSID1047578	0	0
DTXSID1047607	0	0
DTXSID1047601	0	0
DTXSID1047603	0	0
DTXSID1047655	0	0
DTXSID1047605	0	0
DTXSID1047788	0	0
DTXSID1047651	0	0
DTXSID1047780	0	0
DTXSID1047782	0	0
DTXSID1047659	0	0
DTXSID1047811	0	0
DTXSID1047784	0	0
DTXSID1047786	0	0
DTXSID1047817	1	0
DTXSID1047819	0	0
DTXSID1047942	0	0
DTXSID1047944	1	1
DTXSID1047869	1	0
DTXSID1047940	0	0
DTXSID1047946	0	0
DTXSID1047948	0	0
DTXSID1048170	0	0
DTXSID1048172	0	0
DTXSID1048174	0	0
DTXSID1048176	0	0
DTXSID1048178	1	0
DTXSID1048590	0	0
DTXSID1048592	0	0
DTXSID1048203	0	0
DTXSID1048207	1	0
DTXSID1048596	1	0
DTXSID1048201	0	0
DTXSID1048209	0	0
DTXSID1048627	0	0
DTXSID1048671	1	0
DTXSID1048837	0	0
DTXSID1048839	0	0
DTXSID1048910	1	0
DTXSID1048831	0	0
DTXSID1048679	0	0
DTXSID1048912	0	0
DTXSID1048704	0	0
DTXSID1048914	1	0
DTXSID1048833	0	0
DTXSID1048883	0	0
DTXSID1048916	0	0
DTXSID1048706	0	0
DTXSID1048835	0	0
DTXSID1049227	0	0
DTXSID1048960	0	0
DTXSID1049067	0	0
DTXSID1049273	0	0
DTXSID1048918	0	0
DTXSID1049225	0	0
DTXSID1049065	0	0
DTXSID1049229	0	0
DTXSID1049221	0	0
DTXSID1049223	1	0
DTXSID1049271	0	1
DTXSID1049015	0	0
DTXSID1049304	1	0
DTXSID1049356	0	0
DTXSID1049431	0	0
DTXSID1049433	0	0
DTXSID1049352	1	0
DTXSID1049358	0	0
DTXSID1049275	0	0
DTXSID1049277	0	0
DTXSID1049354	0	0
DTXSID1049279	0	0
DTXSID1049306	0	0
DTXSID1049308	0	0
DTXSID1049350	0	0
DTXSID1049300	0	0
DTXSID1049302	0	0
DTXSID1049697	1	0
DTXSID1051690	0	0
DTXSID1052298	0	0
DTXSID1057610	0	0
DTXSID1057618	0	0
DTXSID1057660	0	0
DTXSID1052585	0	0
DTXSID1057664	0	0
DTXSID1057666	0	0
DTXSID1051939	0	0
DTXSID1052610	0	0
DTXSID1052294	0	0
DTXSID1057826	0	0
DTXSID1051850	0	0
DTXSID1057612	0	0
DTXSID1057662	1	0
DTXSID1052587	0	0
DTXSID1051856	0	0
DTXSID1057799	0	0
DTXSID1057791	0	0
DTXSID1057820	0	0
DTXSID1057797	1	0
DTXSID1057745	0	0
DTXSID1057747	0	0
DTXSID1057822	0	0
DTXSID1057749	0	0
DTXSID1057668	0	0
DTXSID1057741	0	0
DTXSID1057793	0	0
DTXSID1057743	0	0
DTXSID1057795	0	0
DTXSID2020006	1	0
DTXSID2020054	0	0
DTXSID2020058	0	0
DTXSID2020131	0	0
DTXSID2020137	1	0
DTXSID2020139	1	0
DTXSID2020210	0	0
DTXSID2020212	1	0
DTXSID2020266	0	0
DTXSID2020189	1	0
DTXSID2020216	1	0
DTXSID2020262	0	0
DTXSID2020268	0	0
DTXSID2020341	0	0
DTXSID2020349	0	0
DTXSID2020426	0	0
DTXSID2020391	0	0
DTXSID2020428	0	0
DTXSID2020345	0	0
DTXSID2020347	0	0
DTXSID2020399	1	0
DTXSID2020420	0	0
DTXSID2020424	0	0
DTXSID2020507	0	0
DTXSID2020634	0	0
DTXSID2020478	0	0
DTXSID2020557	1	0
DTXSID2020501	0	0
DTXSID2020505	0	0
DTXSID2020474	0	0
DTXSID2020684	0	0
DTXSID2020686	0	0
DTXSID2020636	1	0
DTXSID2020688	0	0
DTXSID2020713	0	0
DTXSID2020682	0	0
DTXSID2020717	1	0
DTXSID2020761	0	0
DTXSID2020892	0	0
DTXSID2020767	0	0
DTXSID2020846	0	0
DTXSID2020890	0	0
DTXSID2020898	0	0
DTXSID2020894	0	0
DTXSID2020844	0	0
DTXSID2020921	0	0
DTXSID2020923	0	0
DTXSID2021028	0	0
DTXSID2020927	0	0
DTXSID2021026	0	0
DTXSID2020929	0	0
DTXSID2021070	1	0
DTXSID2020971	0	0
DTXSID2021103	1	0
DTXSID2020977	0	0
DTXSID2021022	0	0
DTXSID2021105	0	0
DTXSID2021236	0	0
DTXSID2021238	1	0
DTXSID2021159	0	0
DTXSID2021232	1	0
DTXSID2021284	0	0
DTXSID2021234	1	0
DTXSID2021151	1	0
DTXSID2021282	0	0
DTXSID2021315	1	0
DTXSID2021317	0	0
DTXSID2021319	0	0
DTXSID2021367	0	1
DTXSID2021363	0	0
DTXSID2021365	0	0
DTXSID2021440	0	1
DTXSID2021496	0	0
DTXSID2021498	0	0
DTXSID2021577	0	0
DTXSID2021650	0	0
DTXSID2021652	0	0
DTXSID2021654	0	1
DTXSID2021448	0	0
DTXSID2021492	0	0
DTXSID2021656	0	0
DTXSID2021600	0	0
DTXSID2021739	0	0
DTXSID2021602	0	0
DTXSID2021604	0	0
DTXSID2021789	0	0
DTXSID2021810	0	0
DTXSID2021816	0	0
DTXSID2021608	0	0
DTXSID2021731	0	0
DTXSID2021781	0	0
DTXSID2021860	0	0
DTXSID2021866	0	0
DTXSID2021864	1	0
DTXSID2021868	0	0
DTXSID2021941	0	0
DTXSID2021943	0	0
DTXSID2021947	0	0
DTXSID2021997	0	0
DTXSID2022048	1	0
DTXSID2021995	0	0
DTXSID2021993	0	0
DTXSID2022121	1	0
DTXSID2022123	0	0
DTXSID2022256	0	0
DTXSID2022331	1	0
DTXSID2022179	0	0
DTXSID2022333	0	0
DTXSID2022125	0	0
DTXSID2022381	1	1
DTXSID2022127	1	1
DTXSID2022171	0	0
DTXSID2022674	0	0
DTXSID2022462	1	0
DTXSID2022593	0	0
DTXSID2022676	0	0
DTXSID2022541	1	0
DTXSID2022595	0	0
DTXSID2022543	0	0
DTXSID2022628	0	0
DTXSID2022549	0	0
DTXSID2022678	0	0
DTXSID2022707	0	0
DTXSID2022753	0	0
DTXSID2022886	0	0
DTXSID2023195	0	0
DTXSID2023222	0	0
DTXSID2023224	0	0
DTXSID2023270	1	0
DTXSID2023488	0	0
DTXSID2023434	0	0
DTXSID2023519	0	0
DTXSID2023064	0	0
DTXSID2023480	0	0
DTXSID2023307	0	0
DTXSID2023068	0	0
DTXSID2023309	0	0
DTXSID2023143	0	0
DTXSID2023430	0	0
DTXSID2023690	0	0
DTXSID2023723	0	0
DTXSID2023725	0	0
DTXSID2023775	0	0
DTXSID2024030	0	0
DTXSID2023727	1	1
DTXSID2024038	0	0
DTXSID2023569	0	0
DTXSID2023640	1	0
DTXSID2023642	1	0
DTXSID2024585	0	0
DTXSID2024242	0	0
DTXSID2024589	0	0
DTXSID2024452	0	0
DTXSID2024660	0	0
DTXSID2024163	0	0
DTXSID2024454	0	0
DTXSID2024458	1	1
DTXSID2024662	0	0
DTXSID2025133	0	0
DTXSID2024797	0	0
DTXSID2024664	0	0
DTXSID2024747	0	0
DTXSID2025135	0	0
DTXSID2024799	0	0
DTXSID2024791	0	0
DTXSID2024666	0	0
DTXSID2024793	0	0
DTXSID2024822	0	0
DTXSID2025004	1	0
DTXSID2025006	1	0
DTXSID2025137	0	0
DTXSID2024953	0	0
DTXSID2025050	0	0
DTXSID2025058	0	0
DTXSID2025210	1	0
DTXSID2025264	0	0
DTXSID2025345	0	0
DTXSID2025347	0	0
DTXSID2025422	0	0
DTXSID2025424	0	0
DTXSID2025139	1	0
DTXSID2025391	1	0
DTXSID2025478	0	0
DTXSID2025183	0	0
DTXSID2025395	0	0
DTXSID2025680	0	0
DTXSID2025715	0	0
DTXSID2025632	0	1
DTXSID2025688	0	0
DTXSID2025503	0	0
DTXSID2025505	1	0
DTXSID2025761	0	0
DTXSID2025763	0	0
DTXSID2025551	1	0
DTXSID2025634	0	0
DTXSID2025765	1	0
DTXSID2025840	0	0
DTXSID2025842	0	0
DTXSID2026101	1	0
DTXSID2026107	0	0
DTXSID2025846	0	0
DTXSID2025975	0	0
DTXSID2025977	0	0
DTXSID2026022	0	0
DTXSID2026074	0	0
DTXSID2025892	1	0
DTXSID2025896	0	0
DTXSID2025925	0	0
DTXSID2026446	0	0
DTXSID2026448	0	0
DTXSID2026494	0	0
DTXSID2026496	0	0
DTXSID2026157	0	0
DTXSID2026232	1	0
DTXSID2026238	0	0
DTXSID2026523	0	0
DTXSID2026602	1	0
DTXSID2026573	0	0
DTXSID2026525	1	0
DTXSID2026606	0	0
DTXSID2026527	0	0
DTXSID2026529	1	0
DTXSID2026608	0	0
DTXSID2026783	0	0
DTXSID2026943	0	0
DTXSID2026997	1	0
DTXSID2026864	0	0
DTXSID2026652	0	0
DTXSID2026739	0	0
DTXSID2026941	0	0
DTXSID2027094	0	0
DTXSID2027044	0	0
DTXSID2027098	0	0
DTXSID2027048	0	0
DTXSID2027175	0	0
DTXSID2027200	0	0
DTXSID2027092	0	0
DTXSID2027462	0	0
DTXSID2027543	0	0
DTXSID2027418	0	0
DTXSID2027206	0	0
DTXSID2027254	0	0
DTXSID2027412	0	0
DTXSID2027414	1	0
DTXSID2027620	0	0
DTXSID2027624	1	0
DTXSID2027595	0	0
DTXSID2027599	0	0
DTXSID2027830	0	0
DTXSID2027832	0	0
DTXSID2027834	0	0
DTXSID2027886	1	0
DTXSID2028010	0	0
DTXSID2028016	0	0
DTXSID2028985	1	0
DTXSID2029240	0	0
DTXSID2029325	0	0
DTXSID2029167	0	0
DTXSID2029169	0	0
DTXSID2029117	1	0
DTXSID2029298	0	0
DTXSID2030695	1	0
DTXSID2031089	1	0
DTXSID2029668	0	0
DTXSID2029612	0	0
DTXSID2029616	0	0
DTXSID2029662	0	0
DTXSID2029874	0	0
DTXSID2032348	1	0
DTXSID2032390	0	0
DTXSID2031956	0	0
DTXSID2032180	0	0
DTXSID2032342	0	0
DTXSID2032500	0	0
DTXSID2032550	0	0
DTXSID2032552	0	0
DTXSID2032554	0	0
DTXSID2032398	0	0
DTXSID2032421	1	0
DTXSID2032639	0	0
DTXSID2032631	0	0
DTXSID2032683	0	0
DTXSID2032637	0	0
DTXSID2032392	0	0
DTXSID2032556	0	0
DTXSID2032558	0	0
DTXSID2033445	0	0
DTXSID2033447	0	0
DTXSID2033493	0	0
DTXSID2034095	1	0
DTXSID2033736	1	0
DTXSID2034255	0	0
DTXSID2034259	0	0
DTXSID2033863	0	0
DTXSID2034091	0	0
DTXSID2032891	0	0
DTXSID2033281	0	0
DTXSID2033314	0	0
DTXSID2034598	1	0
DTXSID2034625	0	0
DTXSID2034542	0	0
DTXSID2034465	0	0
DTXSID2034338	0	0
DTXSID2034382	0	0
DTXSID2034590	0	0
DTXSID2034540	0	0
DTXSID2034673	0	0
DTXSID2034700	0	0
DTXSID2034885	0	0
DTXSID2034881	0	0
DTXSID2034833	0	0
DTXSID2034627	0	0
DTXSID2034962	0	0
DTXSID2034968	0	0
DTXSID2035481	0	0
DTXSID2036112	0	1
DTXSID2036299	0	0
DTXSID2036588	0	0
DTXSID2037712	1	0
DTXSID2036827	1	0
DTXSID2038732	0	0
DTXSID2037502	1	0
DTXSID2037508	0	0
DTXSID2038788	0	0
DTXSID2037714	1	0
DTXSID2040363	0	0
DTXSID2040656	0	0
DTXSID2038813	0	0
DTXSID2040608	0	0
DTXSID2040234	0	0
DTXSID2040731	0	0
DTXSID2040236	0	0
DTXSID2040284	0	0
DTXSID2040151	0	0
DTXSID2040733	0	0
DTXSID2040361	0	0
DTXSID2041252	1	0
DTXSID2041256	0	0
DTXSID2041206	1	0
DTXSID2041389	0	0
DTXSID2040787	1	0
DTXSID6028492	1	0
DTXSID2041250	1	0
DTXSID2041125	0	0
DTXSID2041200	1	0
DTXSID2041412	0	0
DTXSID2041460	0	0
DTXSID2041464	0	0
DTXSID2041416	0	0
DTXSID2041468	0	0
DTXSID2041418	0	0
DTXSID2041541	0	0
DTXSID2041622	0	0
DTXSID2041709	1	0
DTXSID2041545	1	0
DTXSID2041626	1	0
DTXSID2042220	0	0
DTXSID2042276	1	0
DTXSID2042517	0	0
DTXSID2041759	1	0
DTXSID2041880	0	0
DTXSID2042014	0	0
DTXSID2041886	0	0
DTXSID2041913	0	0
DTXSID2041917	0	0
DTXSID2041547	1	0
DTXSID2042145	0	0
DTXSID2042199	0	0
DTXSID2042143	0	0
DTXSID2043747	0	0
DTXSID2043874	1	0
DTXSID2042191	0	0
DTXSID2042195	0	0
DTXSID2042436	1	0
DTXSID2043903	1	0
DTXSID2044000	0	0
DTXSID2044002	0	0
DTXSID2044131	0	0
DTXSID2044137	0	0
DTXSID2044210	0	0
DTXSID2044420	1	0
DTXSID2044266	0	0
DTXSID2044347	0	0
DTXSID2044268	0	0
DTXSID2044399	0	0
DTXSID2044218	0	0
DTXSID2044395	0	0
DTXSID2044397	0	0
DTXSID2044391	1	0
DTXSID2044393	0	0
DTXSID2044507	1	0
DTXSID2044509	0	0
DTXSID2044422	0	0
DTXSID2044476	0	0
DTXSID2044472	0	0
DTXSID2044470	0	0
DTXSID2044428	0	0
DTXSID2044559	0	0
DTXSID2044553	0	0
DTXSID2044680	0	0
DTXSID2044424	0	0
DTXSID2044503	1	0
DTXSID2044844	0	0
DTXSID2044717	0	0
DTXSID2044713	1	0
DTXSID2044719	0	0
DTXSID2044684	0	0
DTXSID2044686	1	0
DTXSID2044715	0	0
DTXSID2044767	0	0
DTXSID2044840	0	0
DTXSID2044682	0	0
DTXSID2044765	0	0
DTXSID2044763	0	0
DTXSID2044769	0	0
DTXSID2044892	0	0
DTXSID2044896	0	0
DTXSID2044846	0	0
DTXSID2044848	0	0
DTXSID2044921	0	0
DTXSID2044898	0	0
DTXSID2044923	1	0
DTXSID2044925	0	0
DTXSID2044890	1	0
DTXSID2044927	0	0
DTXSID2045151	0	0
DTXSID2044973	0	0
DTXSID2044975	0	0
DTXSID2045232	1	0
DTXSID2045076	1	0
DTXSID2045153	0	0
DTXSID2045157	0	0
DTXSID2044929	0	0
DTXSID2045105	0	0
DTXSID2045107	0	0
DTXSID2045072	0	0
DTXSID2044979	0	0
DTXSID2045361	0	0
DTXSID2045444	0	0
DTXSID2045440	1	0
DTXSID2045496	0	0
DTXSID2045448	0	0
DTXSID2045490	0	0
DTXSID2045492	0	0
DTXSID2045280	0	0
DTXSID2045315	0	0
DTXSID2045575	0	0
DTXSID2045521	0	0
DTXSID2045652	0	0
DTXSID2045868	0	0
DTXSID2045600	0	0
DTXSID2045523	0	0
DTXSID2045656	1	0
DTXSID2045941	0	0
DTXSID2045781	0	0
DTXSID2045527	0	0
DTXSID2045783	0	0
DTXSID2045654	0	0
DTXSID2045943	0	0
DTXSID2045945	0	0
DTXSID2046042	0	0
DTXSID2046090	0	0
DTXSID2046092	0	0
DTXSID2045812	0	0
DTXSID2045810	0	0
DTXSID2045860	0	0
DTXSID2045862	0	0
DTXSID2045864	0	0
DTXSID2046096	1	0
DTXSID2046410	0	0
DTXSID2046412	0	0
DTXSID2046383	0	0
DTXSID2046123	0	0
DTXSID2046127	0	0
DTXSID2046179	0	0
DTXSID2046418	0	0
DTXSID2046385	0	0
DTXSID2046389	0	0
DTXSID2046200	0	0
DTXSID2046464	0	0
DTXSID2046599	0	0
DTXSID2046541	0	0
DTXSID2046543	0	0
DTXSID2046628	0	0
DTXSID2046545	1	0
DTXSID2046670	0	0
DTXSID2046882	0	0
DTXSID2046591	0	0
DTXSID2046888	0	0
DTXSID2046678	0	0
DTXSID2046705	0	0
DTXSID2046755	1	0
DTXSID2047270	0	0
DTXSID2047062	0	0
DTXSID2046911	0	0
DTXSID2047068	0	0
DTXSID2046919	0	0
DTXSID2047064	0	0
DTXSID2047066	0	0
DTXSID2047060	0	0
DTXSID2047145	0	0
DTXSID2047191	0	0
DTXSID2047193	0	0
DTXSID2047272	0	0
DTXSID2047199	1	0
DTXSID2047222	0	0
DTXSID2047274	0	0
DTXSID2047301	0	0
DTXSID2047276	0	0
DTXSID2047303	0	0
DTXSID2047307	0	0
DTXSID2047305	0	0
DTXSID2047278	0	0
DTXSID2047353	0	0
DTXSID2047309	0	0
DTXSID2047357	0	0
DTXSID2047355	0	0
DTXSID2047351	1	0
DTXSID2047359	0	0
DTXSID2047519	0	0
DTXSID2047511	0	0
DTXSID2047565	0	0
DTXSID2047484	0	0
DTXSID2047644	0	0
DTXSID2047567	0	0
DTXSID2047569	1	1
DTXSID2047646	0	0
DTXSID2047642	0	0
DTXSID2047648	0	0
DTXSID2047694	0	0
DTXSID2047773	0	0
DTXSID2047775	0	0
DTXSID2047777	0	0
DTXSID2047779	1	0
DTXSID2047725	0	0
DTXSID2047727	1	0
DTXSID2047804	0	0
DTXSID2047937	0	0
DTXSID2047931	0	0
DTXSID2047806	1	0
DTXSID2047933	0	0
DTXSID2047856	0	0
DTXSID2047935	0	0
DTXSID2048167	0	0
DTXSID2047858	1	0
DTXSID2048161	0	0
DTXSID2048379	0	0
DTXSID2047939	0	0
DTXSID2048581	1	0
DTXSID2048797	0	0
DTXSID2048799	0	0
DTXSID2048793	0	0
DTXSID2048820	1	0
DTXSID2048616	0	0
DTXSID2048822	0	0
DTXSID2048666	1	0
DTXSID2048660	1	0
DTXSID2048795	0	0
DTXSID2048618	0	0
DTXSID2048662	0	0
DTXSID2048745	0	0
DTXSID2048901	0	0
DTXSID2048905	1	1
DTXSID2048907	0	0
DTXSID2048826	0	0
DTXSID2048957	0	0
DTXSID2049216	0	0
DTXSID2048959	0	0
DTXSID2048828	0	0
DTXSID2048870	0	0
DTXSID2049218	0	0
DTXSID2049050	0	0
DTXSID2049002	0	0
DTXSID2049052	0	0
DTXSID2048872	0	0
DTXSID2049135	0	0
DTXSID2049260	1	0
DTXSID2049210	0	0
DTXSID2049262	1	0
DTXSID2049264	0	0
DTXSID2049212	0	0
DTXSID2049214	0	0
DTXSID2049266	0	0
DTXSID2049268	0	0
DTXSID2049391	1	1
DTXSID2049393	0	0
DTXSID2049345	0	0
DTXSID2049341	0	0
DTXSID2049347	0	0
DTXSID2049343	0	0
DTXSID2049349	0	0
DTXSID2049395	0	0
DTXSID2049397	0	0
DTXSID2049426	0	0
DTXSID2049399	0	0
DTXSID2049422	0	0
DTXSID2049420	0	0
DTXSID2049428	0	0
DTXSID2050403	0	0
DTXSID2051477	0	0
DTXSID2051631	0	0
DTXSID2051687	0	0
DTXSID2051895	0	0
DTXSID2052281	0	0
DTXSID2052574	1	0
DTXSID2051764	0	0
DTXSID2051716	0	0
DTXSID2052603	0	0
DTXSID2057609	0	0
DTXSID2052310	1	0
DTXSID2052283	0	0
DTXSID2052289	0	0
DTXSID2052607	1	0
DTXSID2057651	0	0
DTXSID2057653	0	0
DTXSID2057603	0	0
DTXSID2057607	0	0
DTXSID2052447	1	0
DTXSID2057655	0	0
DTXSID2057657	0	0
DTXSID2057736	1	0
DTXSID2057738	0	0
DTXSID2057813	0	0
DTXSID2057815	1	0
DTXSID2057780	0	0
DTXSID2057782	0	0
DTXSID2057784	0	0
DTXSID2057817	0	0
DTXSID2057819	0	0
DTXSID2057732	1	0
DTXSID2057734	0	0
DTXSID2057786	0	0
DTXSID2057788	0	0
DTXSID2057811	0	0
DTXSID3020095	1	0
DTXSID3020043	0	0
DTXSID3020047	0	0
DTXSID3020093	0	0
DTXSID3020091	0	0
DTXSID3020097	0	0
DTXSID3020099	0	0
DTXSID3020120	0	0
DTXSID3020122	0	0
DTXSID3020128	0	0
DTXSID3020207	1	0
DTXSID3020209	1	0
DTXSID3020205	0	0
DTXSID3020257	1	1
DTXSID3020330	0	0
DTXSID3020336	0	0
DTXSID3020415	0	0
DTXSID3020419	0	0
DTXSID3020413	0	0
DTXSID3020332	0	0
DTXSID3020548	0	0
DTXSID3020596	0	0
DTXSID3020465	1	1
DTXSID3020540	0	0
DTXSID3020704	1	0
DTXSID3020752	0	0
DTXSID3020756	0	0
DTXSID3020621	0	0
DTXSID3020546	0	0
DTXSID3020627	0	0
DTXSID3020708	0	0
DTXSID3020629	0	0
DTXSID3020671	1	0
DTXSID3020673	1	0
DTXSID3020881	0	0
DTXSID3020835	0	0
DTXSID3020679	0	0
DTXSID3020887	0	0
DTXSID3020706	0	0
DTXSID3020914	0	0
DTXSID3020916	1	0
DTXSID3020960	0	0
DTXSID3020918	1	0
DTXSID3020889	0	0
DTXSID3020962	0	0
DTXSID3020912	0	0
DTXSID3020964	0	0
DTXSID3020966	0	0
DTXSID3021144	0	0
DTXSID3021196	0	0
DTXSID3021065	0	0
DTXSID3021142	1	0
DTXSID3021148	0	0
DTXSID3021140	0	0
DTXSID3021192	0	0
DTXSID3021277	0	0
DTXSID3021190	0	0
DTXSID3021198	0	0
DTXSID3021221	0	0
DTXSID3021304	0	0
DTXSID3021431	0	0
DTXSID3021223	0	0
DTXSID3021358	0	0
DTXSID3021437	0	0
DTXSID3021483	0	0
DTXSID3021275	0	0
DTXSID3021516	0	0
DTXSID3021641	0	0
DTXSID3021643	0	0
DTXSID3021485	0	0
DTXSID3021562	0	0
DTXSID3021518	0	0
DTXSID3021487	0	0
DTXSID3021645	0	0
DTXSID3021803	1	0
DTXSID3021647	0	0
DTXSID3021807	0	0
DTXSID3021851	0	0
DTXSID3021770	1	0
DTXSID3021853	0	0
DTXSID3021930	0	0
DTXSID3021726	1	0
DTXSID3021778	0	0
DTXSID3021805	0	0
DTXSID3021801	0	0
DTXSID3021774	0	0
DTXSID3022085	0	0
DTXSID3021932	0	0
DTXSID3021938	0	0
DTXSID3021936	0	0
DTXSID3021982	0	0
DTXSID3021984	0	0
DTXSID3021980	0	0
DTXSID3022164	1	0
DTXSID3022089	1	0
DTXSID3022326	1	0
DTXSID3022247	1	0
DTXSID3022160	1	0
DTXSID3022320	0	0
DTXSID3022162	1	0
DTXSID3022403	1	0
DTXSID3022405	1	0
DTXSID3022536	1	0
DTXSID3022409	1	1
DTXSID3022582	0	0
DTXSID3022455	0	0
DTXSID3022584	0	0
DTXSID3022748	0	0
DTXSID3022588	0	0
DTXSID3022663	0	0
DTXSID3022798	0	0
DTXSID3022821	1	0
DTXSID3022825	0	0
DTXSID3022611	1	0
DTXSID3022617	0	0
DTXSID3022871	0	0
DTXSID3022950	0	0
DTXSID3023051	0	0
DTXSID3023180	1	0
DTXSID3022956	0	0
DTXSID3023059	0	0
DTXSID3023188	0	0
DTXSID3023132	0	0
DTXSID3022958	1	0
DTXSID3023427	0	0
DTXSID3023265	0	0
DTXSID3023471	0	0
DTXSID3023479	0	0
DTXSID3023508	0	0
DTXSID3023007	1	0
DTXSID3023550	1	0
DTXSID3023269	0	0
DTXSID3023340	1	0
DTXSID3023342	0	0
DTXSID3023425	1	0
DTXSID3023716	1	0
DTXSID3023718	0	0
DTXSID3023845	1	0
DTXSID3023712	0	0
DTXSID3023764	1	1
DTXSID3023685	1	0
DTXSID3023897	0	0
DTXSID3023687	1	0
DTXSID3023899	0	0
DTXSID3024100	0	0
DTXSID3024152	0	0
DTXSID3024104	1	0
DTXSID3024108	0	0
DTXSID3024154	0	0
DTXSID3024235	0	0
DTXSID3024102	0	0
DTXSID3023974	0	0
DTXSID3024287	0	0
DTXSID3024316	0	0
DTXSID3024366	0	0
DTXSID3024362	0	0
DTXSID3024239	0	0
DTXSID3024441	0	0
DTXSID3024491	0	0
DTXSID3024289	1	0
DTXSID3024497	1	0
DTXSID3024447	0	0
DTXSID3024449	0	0
DTXSID3024499	1	0
DTXSID3024368	0	0
DTXSID3024522	0	0
DTXSID3024736	1	0
DTXSID3024738	0	0
DTXSID3024869	0	0
DTXSID3024574	0	0
DTXSID3024603	0	0
DTXSID3024786	1	0
DTXSID3024780	0	0
DTXSID3024657	0	0
DTXSID3024659	0	0
DTXSID3024815	0	0
DTXSID3024940	0	0
DTXSID3024994	0	0
DTXSID3024998	0	0
DTXSID3024942	0	0
DTXSID3025041	0	0
DTXSID3025091	1	0
DTXSID3025203	1	0
DTXSID3025093	0	0
DTXSID3025178	0	0
DTXSID3025330	0	0
DTXSID3025170	1	0
DTXSID3025338	0	0
DTXSID3025332	0	0
DTXSID3025122	0	0
DTXSID3025461	0	0
DTXSID3025049	0	0
DTXSID3025257	0	0
DTXSID3025045	0	0
DTXSID3025209	1	0
DTXSID3025253	1	0
DTXSID3025469	0	0
DTXSID3025629	0	0
DTXSID3025671	0	0
DTXSID3025758	0	0
DTXSID3025839	0	0
DTXSID3025540	0	0
DTXSID3025542	0	0
DTXSID3026223	0	0
DTXSID3026275	0	0
DTXSID3026279	0	0
DTXSID3026304	0	0
DTXSID3026067	0	0
DTXSID3025889	0	0
DTXSID3026306	0	0
DTXSID3026190	0	0
DTXSID3026308	0	0
DTXSID3026065	1	0
DTXSID3025881	0	0
DTXSID3026514	0	0
DTXSID3026566	0	0
DTXSID3026560	1	0
DTXSID3026641	0	0
DTXSID3026564	0	0
DTXSID3026645	0	0
DTXSID3026512	1	0
DTXSID3026562	0	0
DTXSID3026726	0	0
DTXSID3026647	1	0
DTXSID3026728	0	0
DTXSID3026932	0	0
DTXSID3026691	0	0
DTXSID3026697	0	0
DTXSID3026984	0	0
DTXSID3027039	0	0
DTXSID3027085	0	0
DTXSID3026724	0	0
DTXSID3027116	0	0
DTXSID3027297	0	0
DTXSID3027241	0	0
DTXSID3027320	0	0
DTXSID3027249	0	0
DTXSID3027293	0	0
DTXSID3027403	0	0
DTXSID3027405	0	0
DTXSID3027530	0	0
DTXSID3027536	0	0
DTXSID3027328	0	0
DTXSID3027580	0	0
DTXSID3027401	0	0
DTXSID3027584	0	0
DTXSID3027586	0	0
DTXSID3027617	0	0
DTXSID3027790	0	0
DTXSID3027792	0	0
DTXSID3027798	0	0
DTXSID3027823	1	0
DTXSID3027829	0	0
DTXSID3029237	0	0
DTXSID3029281	0	0
DTXSID3029152	0	0
DTXSID3027950	0	0
DTXSID3029283	0	0
DTXSID3028001	1	0
DTXSID3028005	1	0
DTXSID3029364	0	0
DTXSID3029651	0	0
DTXSID3029158	0	0
DTXSID3029312	1	0
DTXSID3029231	0	0
DTXSID3029572	0	0
DTXSID3029233	0	0
DTXSID3029653	0	0
DTXSID3029235	0	0
DTXSID3029607	0	0
DTXSID3029869	0	0
DTXSID3030056	1	0
DTXSID3030636	1	0
DTXSID3030189	0	0
DTXSID3031492	0	0
DTXSID3031860	1	0
DTXSID3031444	0	0
DTXSID3031521	0	0
DTXSID3031862	0	0
DTXSID3030428	0	0
DTXSID3032337	0	0
DTXSID3032389	1	0
DTXSID3032541	0	0
DTXSID3031864	1	0
DTXSID3032547	0	0
DTXSID3032549	0	0
DTXSID3032591	0	0
DTXSID3032622	0	0
DTXSID3032624	0	0
DTXSID3032759	1	0
DTXSID3032620	0	0
DTXSID3032832	0	0
DTXSID3033307	1	0
DTXSID3032626	0	0
DTXSID3032628	1	0
DTXSID3032670	0	0
DTXSID3032751	0	0
DTXSID3033511	0	0
DTXSID3033519	0	0
DTXSID3034402	0	0
DTXSID3033983	0	0
DTXSID3034531	0	0
DTXSID3034456	1	0
DTXSID3034583	0	0
DTXSID3033989	0	0
DTXSID3034612	0	0
DTXSID3034614	0	0
DTXSID3034618	0	0
DTXSID3034165	0	0
DTXSID3034458	0	0
DTXSID3035266	0	0
DTXSID3035341	0	0
DTXSID3036105	0	0
DTXSID3034903	0	0
DTXSID3034872	1	0
DTXSID3035214	0	0
DTXSID3036286	1	0
DTXSID3036288	1	0
DTXSID3034662	0	0
DTXSID3034664	0	0
DTXSID3037094	1	0
DTXSID3037250	0	0
DTXSID3037545	0	0
DTXSID3037541	0	0
DTXSID3037709	1	0
DTXSID3037757	0	0
DTXSID3037626	0	0
DTXSID3037208	0	0
DTXSID3037707	0	0
DTXSID3038694	0	0
DTXSID3038696	0	0
DTXSID3038725	0	0
DTXSID3039242	0	0
DTXSID3040271	0	0
DTXSID3038800	0	0
DTXSID3038808	0	0
DTXSID3038939	1	1
DTXSID3038852	1	0
DTXSID3038771	0	0
DTXSID3040693	0	0
DTXSID3040697	0	0
DTXSID3040699	0	0
DTXSID3040720	1	0
DTXSID3040643	0	0
DTXSID3040647	0	0
DTXSID3040279	0	0
DTXSID3040691	1	0
DTXSID3040300	0	0
DTXSID3040726	0	0
DTXSID3040728	0	0
DTXSID3040770	1	1
DTXSID3041293	1	0
DTXSID3041085	0	0
DTXSID3041247	1	0
DTXSID3040776	1	0
DTXSID3041370	0	0
DTXSID3040801	0	0
DTXSID3040980	0	0
DTXSID3041372	0	0
DTXSID3040724	0	0
DTXSID3041328	0	0
DTXSID3041376	0	0
DTXSID3041409	0	0
DTXSID3041403	0	0
DTXSID3041405	0	0
DTXSID3041451	0	0
DTXSID3041530	1	0
DTXSID3041611	0	0
DTXSID3041613	0	0
DTXSID3041615	0	0
DTXSID3041873	0	0
DTXSID3041877	0	0
DTXSID3041827	0	0
DTXSID3041665	1	0
DTXSID3041744	1	0
DTXSID3041790	1	0
DTXSID3041794	0	0
DTXSID3041663	0	0
DTXSID3041617	0	0
DTXSID3041619	0	0
DTXSID3041661	1	0
DTXSID3041954	0	0
DTXSID3042051	0	0
DTXSID3042053	0	0
DTXSID3042059	0	0
DTXSID3042130	0	0
DTXSID3042188	0	0
DTXSID3042390	0	0
DTXSID3042261	0	0
DTXSID3042180	0	0
DTXSID3042263	0	0
DTXSID3042394	0	0
DTXSID3042215	0	0
DTXSID3042219	0	0
DTXSID3042423	0	0
DTXSID3044338	0	0
DTXSID3044203	0	0
DTXSID3044380	1	0
DTXSID3044124	0	0
DTXSID3044205	0	0
DTXSID3042477	0	0
DTXSID3042633	0	0
DTXSID3042500	0	0
DTXSID3043782	1	0
DTXSID3044201	0	0
DTXSID3044251	1	0
DTXSID3044413	0	0
DTXSID3044332	0	0
DTXSID3044415	0	0
DTXSID3044461	1	0
DTXSID3044542	0	0
DTXSID3044382	0	0
DTXSID3044384	0	0
DTXSID3044463	0	0
DTXSID3044544	1	0
DTXSID3044590	1	0
DTXSID3044679	0	0
DTXSID3044465	1	0
DTXSID3044700	0	0
DTXSID3044469	0	0
DTXSID3044702	0	0
DTXSID3044621	1	0
DTXSID3044704	1	0
DTXSID3044623	0	0
DTXSID3044883	0	0
DTXSID3044625	0	0
DTXSID3044627	0	0
DTXSID3044706	0	0
DTXSID3044887	0	0
DTXSID3044835	0	0
DTXSID3044758	0	0
DTXSID3044831	0	0
DTXSID3044833	0	0
DTXSID3044752	0	0
DTXSID3044837	0	0
DTXSID3044839	0	0
DTXSID3044966	0	0
DTXSID3045140	0	0
DTXSID3044914	1	0
DTXSID3044916	0	0
DTXSID3044754	0	0
DTXSID3044881	0	0
DTXSID3044750	0	0
DTXSID3044756	1	0
DTXSID3044962	1	0
DTXSID3044918	0	0
DTXSID3044960	0	0
DTXSID3045227	0	0
DTXSID3045196	0	0
DTXSID3045198	0	0
DTXSID3045229	0	0
DTXSID3045221	0	0
DTXSID3045271	0	0
DTXSID3045300	0	0
DTXSID3045190	0	0
DTXSID3045223	0	0
DTXSID3045192	0	0
DTXSID3045304	0	0
DTXSID3045435	0	0
DTXSID3045437	1	0
DTXSID3045485	1	0
DTXSID3045645	1	0
DTXSID3045514	0	0
DTXSID3045649	0	0
DTXSID3045433	0	0
DTXSID3045695	0	0
DTXSID3045697	0	0
DTXSID3045560	0	0
DTXSID3045562	0	0
DTXSID3046081	1	0
DTXSID3045776	0	0
DTXSID3045859	0	0
DTXSID3046083	0	0
DTXSID3045934	0	0
DTXSID3045778	0	0
DTXSID3046110	1	0
DTXSID3045805	0	0
DTXSID3045770	0	0
DTXSID3045807	0	0
DTXSID3045851	1	0
DTXSID3045857	0	0
DTXSID3046320	0	0
DTXSID3046114	0	0
DTXSID3046324	0	0
DTXSID3046162	0	0
DTXSID3046326	0	0
DTXSID3046295	0	0
DTXSID3046401	1	0
DTXSID3046297	1	0
DTXSID3046299	0	0
DTXSID3046403	1	0
DTXSID3046405	0	0
DTXSID3046409	0	0
DTXSID3046534	0	0
DTXSID3046536	0	0
DTXSID3046580	0	0
DTXSID3046619	0	0
DTXSID3046451	0	0
DTXSID3046584	0	0
DTXSID3046663	1	0
DTXSID3046453	0	0
DTXSID3046457	1	0
DTXSID3046459	0	0
DTXSID3046744	0	0
DTXSID3046665	0	0
DTXSID3047003	0	0
DTXSID3046740	0	0
DTXSID3046792	0	0
DTXSID3047001	0	0
DTXSID3046798	0	0
DTXSID3046821	0	0
DTXSID3046908	1	0
DTXSID3047053	1	0
DTXSID3047184	1	0
DTXSID3047136	0	0
DTXSID3047182	0	0
DTXSID3047059	0	0
DTXSID3047134	0	0
DTXSID3047057	0	0
DTXSID3047130	0	0
DTXSID3047186	1	0
DTXSID3047263	0	0
DTXSID3047188	0	0
DTXSID3047348	0	0
DTXSID3047261	0	0
DTXSID3047342	0	0
DTXSID3047267	0	0
DTXSID3047265	0	0
DTXSID3047344	0	0
DTXSID3047423	0	0
DTXSID3047425	1	0
DTXSID3047346	0	0
DTXSID3047471	0	0
DTXSID3047504	0	0
DTXSID3047558	1	0
DTXSID3047554	0	0
DTXSID3047631	0	0
DTXSID3047508	1	0
DTXSID3047556	0	0
DTXSID3047552	0	0
DTXSID3047843	0	0
DTXSID3047637	0	0
DTXSID3047681	0	0
DTXSID3047716	1	0
DTXSID3047639	0	0
DTXSID3047633	0	0
DTXSID3047897	0	0
DTXSID3047899	1	0
DTXSID3047891	1	1
DTXSID3047920	1	0
DTXSID3047924	0	0
DTXSID3047926	1	0
DTXSID3047928	0	0
DTXSID3047922	0	0
DTXSID3048522	0	0
DTXSID3047893	1	1
DTXSID3047970	0	0
DTXSID3047895	0	0
DTXSID3047974	1	1
DTXSID3048732	0	0
DTXSID3048576	0	0
DTXSID3048780	0	0
DTXSID3048520	0	0
DTXSID3048782	0	0
DTXSID3048786	0	0
DTXSID3048653	1	1
DTXSID3048655	0	0
DTXSID3048605	0	0
DTXSID3048657	1	0
DTXSID3048607	0	0
DTXSID3048659	0	0
DTXSID3048788	0	0
DTXSID3048819	0	0
DTXSID3048817	0	0
DTXSID3048992	0	0
DTXSID3048869	0	0
DTXSID3048815	0	0
DTXSID3048944	0	0
DTXSID3048811	0	0
DTXSID3048948	1	0
DTXSID3048998	1	0
DTXSID3049041	0	0
DTXSID3049330	0	0
DTXSID3049209	0	1
DTXSID3049203	0	0
DTXSID3049205	0	0
DTXSID3049332	0	0
DTXSID3049259	0	0
DTXSID3049257	0	0
DTXSID3049334	0	0
DTXSID3049336	0	0
DTXSID3049253	1	0
DTXSID3049047	0	0
DTXSID3049049	0	0
DTXSID3049045	0	0
DTXSID3049207	0	0
DTXSID3049338	0	0
DTXSID3049201	0	0
DTXSID3049251	0	0
DTXSID3049255	0	0
DTXSID3049417	0	0
DTXSID3049388	0	0
DTXSID3049384	0	0
DTXSID3049386	0	0
DTXSID3049419	0	0
DTXSID3049413	0	0
DTXSID3049415	1	0
DTXSID3052060	0	0
DTXSID3052278	0	0
DTXSID3052301	1	0
DTXSID3052307	0	0
DTXSID3052309	0	0
DTXSID3051707	0	0
DTXSID3051836	0	0
DTXSID3052511	0	0
DTXSID3052567	0	0
DTXSID3052648	0	0
DTXSID3057640	0	0
DTXSID3057642	0	0
DTXSID3057698	0	0
DTXSID3057721	1	0
DTXSID3057644	0	0
DTXSID3057723	0	0
DTXSID3057725	0	0
DTXSID3057729	0	0
DTXSID3057646	0	0
DTXSID3057648	0	0
DTXSID3057771	1	0
DTXSID3057773	0	0
DTXSID3057692	0	0
DTXSID3057775	0	0
DTXSID3057777	0	0
DTXSID3057694	0	0
DTXSID3057696	1	0
DTXSID3057800	0	0
DTXSID3057802	0	0
DTXSID3057804	0	0
DTXSID3057806	1	0
DTXSID3057808	0	0
DTXSID3057850	0	0
DTXSID3057858	0	0
DTXSID3057854	0	0
DTXSID4020032	0	0
DTXSID4020161	0	0
DTXSID4020086	0	0
DTXSID4020113	0	0
DTXSID4020119	0	0
DTXSID4020246	0	0
DTXSID4020248	1	0
DTXSID4020290	0	0
DTXSID4020244	0	0
DTXSID4020242	0	0
DTXSID4020294	0	0
DTXSID4020296	0	0
DTXSID4020371	1	0
DTXSID4020298	0	0
DTXSID4020292	0	0
DTXSID4020373	0	0
DTXSID4020325	0	0
DTXSID4020327	0	0
DTXSID4020321	0	0
DTXSID4020329	0	0
DTXSID4020406	0	0
DTXSID4020375	0	0
DTXSID4020587	0	0
DTXSID4020539	0	0
DTXSID4020533	0	0
DTXSID4020581	0	0
DTXSID4020589	0	0
DTXSID4020583	0	0
DTXSID4020612	0	0
DTXSID4020537	0	0
DTXSID4020664	0	0
DTXSID4020400	1	0
DTXSID4020743	0	0
DTXSID4020745	0	0
DTXSID4020402	0	0
DTXSID4020749	1	0
DTXSID4020618	0	0
DTXSID4020959	0	0
DTXSID4020870	1	1
DTXSID4020828	1	0
DTXSID4020957	0	0
DTXSID4020820	0	0
DTXSID4020876	1	0
DTXSID4020878	0	0
DTXSID4020901	0	0
DTXSID4020826	1	0
DTXSID4020822	0	0
DTXSID4021002	0	0
DTXSID4021006	0	0
DTXSID4021131	0	0
DTXSID4021137	0	0
DTXSID4021135	1	0
DTXSID4021139	0	0
DTXSID4021218	1	0
DTXSID4021212	1	0
DTXSID4021393	0	0
DTXSID4021268	0	0
DTXSID4021214	1	0
DTXSID4021181	0	0
DTXSID4021216	0	0
DTXSID4021189	0	0
DTXSID4021395	0	0
DTXSID4021347	0	0
DTXSID4021341	1	1
DTXSID4021343	0	0
DTXSID4021397	1	0
DTXSID4021424	0	0
DTXSID4021472	0	0
DTXSID4021426	0	0
DTXSID4021559	1	0
DTXSID4021634	0	0
DTXSID4021636	0	1
DTXSID4021715	1	0
DTXSID4021688	0	0
DTXSID4021632	0	0
DTXSID4021553	0	0
DTXSID4021503	0	0
DTXSID4021680	0	0
DTXSID4021557	0	0
DTXSID4021684	0	0
DTXSID4021717	1	0
DTXSID4021892	0	0
DTXSID4021925	0	0
DTXSID4021921	0	0
DTXSID4021767	0	0
DTXSID4021929	0	0
DTXSID4021971	0	0
DTXSID4021973	0	0
DTXSID4021977	1	0
DTXSID4021848	0	0
DTXSID4021975	0	0
DTXSID4022107	0	0
DTXSID4022153	1	0
DTXSID4022159	1	0
DTXSID4022020	0	0
DTXSID4021979	0	0
DTXSID4022288	0	0
DTXSID4022070	0	0
DTXSID4022311	1	0
DTXSID4022313	0	0
DTXSID4022315	1	0
DTXSID4022361	0	0
DTXSID4022442	1	0
DTXSID4022446	1	0
DTXSID4022525	1	1
DTXSID4022448	0	0
DTXSID4022523	1	0
DTXSID4022527	1	0
DTXSID4022529	1	0
DTXSID4022579	0	0
DTXSID4022731	0	0
DTXSID4022573	0	0
DTXSID4022602	0	0
DTXSID4022785	0	0
DTXSID4022652	1	0
DTXSID4022810	0	0
DTXSID4022783	0	0
DTXSID4022812	0	0
DTXSID4022658	0	0
DTXSID4022816	1	0
DTXSID4022866	0	0
DTXSID4022868	0	0
DTXSID4023042	0	0
DTXSID4023125	0	0
DTXSID4023175	1	0
DTXSID4022947	0	0
DTXSID4023096	0	0
DTXSID4023179	0	0
DTXSID4022949	0	0
DTXSID4023200	0	0
DTXSID4023202	0	0
DTXSID4023252	0	0
DTXSID4023387	1	0
DTXSID4023412	1	0
DTXSID4023254	0	0
DTXSID4023674	0	0
DTXSID4023541	0	0
DTXSID4023416	0	0
DTXSID4023917	0	0
DTXSID4023549	0	0
DTXSID4023624	0	0
DTXSID4023460	0	0
DTXSID4023676	0	0
DTXSID4023628	0	0
DTXSID4023753	0	0
DTXSID4024012	0	0
DTXSID4023591	0	0
DTXSID4024018	0	0
DTXSID4023678	0	0
DTXSID4023620	0	0
DTXSID4023672	0	0
DTXSID4023622	0	0
DTXSID4023626	0	0
DTXSID4023462	1	0
DTXSID4023385	1	0
DTXSID4024064	1	0
DTXSID4024066	0	0
DTXSID4024145	0	0
DTXSID4024193	0	0
DTXSID4024062	1	0
DTXSID4024222	0	0
DTXSID4024272	0	0
DTXSID4024143	0	0
DTXSID4024195	0	0
DTXSID4024436	1	0
DTXSID4024303	0	0
DTXSID4024488	1	0
DTXSID4024270	0	0
DTXSID4024274	0	0
DTXSID4024276	1	0
DTXSID4024646	0	0
DTXSID4024773	0	0
DTXSID4024515	0	0
DTXSID4024642	0	0
DTXSID4024484	0	0
DTXSID4024359	1	0
DTXSID4024696	0	0
DTXSID4024644	0	0
DTXSID4024640	0	0
DTXSID4024983	0	0
DTXSID4024775	0	0
DTXSID4024931	0	0
DTXSID4024937	1	0
DTXSID4024729	0	0
DTXSID4024981	0	0
DTXSID4025080	0	0
DTXSID4024985	0	0
DTXSID4024800	1	0
DTXSID4024771	0	0
DTXSID4025296	0	0
DTXSID4025240	0	0
DTXSID4025743	0	0
DTXSID4025165	0	0
DTXSID4025298	0	0
DTXSID4025745	0	0
DTXSID4025292	0	0
DTXSID4025371	0	0
DTXSID4025329	0	0
DTXSID4025581	0	0
DTXSID4025662	0	0
DTXSID4025749	0	0
DTXSID4025167	1	0
DTXSID4025402	0	0
DTXSID4025741	0	0
DTXSID4025406	0	0
DTXSID4025454	0	0
DTXSID4025587	0	0
DTXSID4025610	0	0
DTXSID4025404	0	0
DTXSID4025668	0	0
DTXSID4026183	0	0
DTXSID4025903	0	0
DTXSID4026000	1	0
DTXSID4025791	0	0
DTXSID4026050	0	0
DTXSID4025793	0	0
DTXSID4026212	1	0
DTXSID4026137	1	0
DTXSID4026139	0	0
DTXSID4026181	1	0
DTXSID4026214	0	0
DTXSID4026216	1	0
DTXSID4026684	1	0
DTXSID4026505	0	0
DTXSID4026711	0	0
DTXSID4026557	0	0
DTXSID4026715	0	0
DTXSID4026266	0	0
DTXSID4026422	0	0
DTXSID4026472	0	0
DTXSID4026713	0	0
DTXSID4026975	0	0
DTXSID4026894	0	0
DTXSID4027026	0	0
DTXSID4026921	0	0
DTXSID4026842	0	0
DTXSID4027072	0	0
DTXSID4026927	0	0
DTXSID4027153	0	0
DTXSID4027284	0	0
DTXSID4027076	0	0
DTXSID4027103	0	0
DTXSID4027282	0	0
DTXSID4027236	0	0
DTXSID4027280	1	0
DTXSID4027288	0	0
DTXSID4027109	0	0
DTXSID4027490	0	0
DTXSID4027498	0	0
DTXSID4027521	0	0
DTXSID4027494	0	0
DTXSID4027496	0	0
DTXSID4027367	0	0
DTXSID4027525	0	0
DTXSID4027319	0	0
DTXSID4027579	0	0
DTXSID4027781	1	0
DTXSID4027608	0	1
DTXSID4027650	0	0
DTXSID4027656	0	0
DTXSID4027600	1	0
DTXSID4027604	1	0
DTXSID4027652	0	0
DTXSID4027658	0	0
DTXSID4027991	0	0
DTXSID4029145	0	0
DTXSID4029220	0	0
DTXSID4029149	0	0
DTXSID4029224	0	0
DTXSID4028967	0	0
DTXSID4028040	0	0
DTXSID4029690	0	0
DTXSID4029692	0	0
DTXSID4029698	1	0
DTXSID4027997	0	0
DTXSID4031980	1	1
DTXSID4032372	0	0
DTXSID4030047	1	0
DTXSID4030336	0	0
DTXSID4032374	1	0
DTXSID4030384	0	0
DTXSID4032378	1	0
DTXSID4032405	0	0
DTXSID4032536	1	0
DTXSID4032532	0	0
DTXSID4032580	0	0
DTXSID4032376	0	0
DTXSID4032613	0	0
DTXSID4032615	0	0
DTXSID4032619	0	0
DTXSID4034102	0	0
DTXSID4032667	1	0
DTXSID4034150	0	0
DTXSID4034497	0	0
DTXSID4034528	0	0
DTXSID4034576	1	0
DTXSID4033390	0	0
DTXSID4034609	0	0
DTXSID4035592	0	0
DTXSID4034948	0	0
DTXSID4035209	1	0
DTXSID4035839	0	0
DTXSID4034788	0	0
DTXSID4034869	0	0
DTXSID4034653	0	0
DTXSID4036229	0	0
DTXSID4037617	0	0
DTXSID4036435	0	0
DTXSID4038346	0	0
DTXSID4038762	0	0
DTXSID4037584	0	0
DTXSID4039233	0	0
DTXSID4040268	0	0
DTXSID4039235	1	0
DTXSID4038926	0	0
DTXSID4039231	0	0
DTXSID4040343	0	0
DTXSID4038924	1	0
DTXSID4040713	1	0
DTXSID4040002	0	0
DTXSID4040715	0	0
DTXSID4041317	0	0
DTXSID4040264	0	0
DTXSID4040476	0	0
DTXSID4040682	0	1
DTXSID4040711	0	0
DTXSID4040686	0	0
DTXSID4041070	1	0
DTXSID4040719	0	0
DTXSID4041361	0	0
DTXSID4041234	0	0
DTXSID4040765	0	0
DTXSID4041232	1	0
DTXSID4041363	0	0
DTXSID4041367	0	0
DTXSID4041230	0	0
DTXSID4041440	0	0
DTXSID4040767	1	0
DTXSID4040979	0	0
DTXSID4041529	0	0
DTXSID4041490	0	0
DTXSID4041442	0	0
DTXSID4041492	0	0
DTXSID4041494	0	0
DTXSID4041575	0	0
DTXSID4041444	0	0
DTXSID4041446	1	0
DTXSID4041600	0	0
DTXSID4041604	0	0
DTXSID4041783	0	0
DTXSID4042123	0	0
DTXSID4042090	0	0
DTXSID4042094	1	0
DTXSID4042129	0	0
DTXSID4042096	0	0
DTXSID4041654	0	0
DTXSID4042121	0	0
DTXSID4041656	1	0
DTXSID4041818	0	0
DTXSID4041995	1	0
DTXSID4042171	0	0
DTXSID4042206	0	0
DTXSID4041997	0	0
DTXSID4042416	0	0
DTXSID4042335	0	0
DTXSID4042418	0	0
DTXSID4042208	0	0
DTXSID4042252	0	0
DTXSID4042254	0	0
DTXSID4042256	0	0
DTXSID4042337	0	0
DTXSID4042462	0	0
DTXSID4044379	0	1
DTXSID4044400	0	0
DTXSID4044375	0	0
DTXSID4044373	0	0
DTXSID4044161	0	0
DTXSID4044371	0	0
DTXSID4042622	0	0
DTXSID4043777	1	0
DTXSID4044458	0	0
DTXSID4044533	0	0
DTXSID4044402	0	0
DTXSID4044581	1	0
DTXSID4044535	1	0
DTXSID4044404	0	0
DTXSID4044585	0	0
DTXSID4044662	0	0
DTXSID4044664	0	0
DTXSID4044452	0	0
DTXSID4044668	1	0
DTXSID4044793	0	0
DTXSID4044743	1	0
DTXSID4044454	0	0
DTXSID4044747	0	0
DTXSID4044456	0	0
DTXSID4044791	0	0
DTXSID4044878	0	0
DTXSID4044901	0	0
DTXSID4044820	0	0
DTXSID4044822	0	0
DTXSID4044826	0	0
DTXSID4044828	0	0
DTXSID4044870	0	0
DTXSID4044587	0	0
DTXSID4044589	0	0
DTXSID4044616	1	0
DTXSID4044618	0	0
DTXSID4044953	0	0
DTXSID4044955	0	0
DTXSID4044903	0	0
DTXSID4045183	0	0
DTXSID4044909	0	0
DTXSID4045187	0	0
DTXSID4045189	0	0
DTXSID4045210	0	0
DTXSID4045632	0	0
DTXSID4045347	0	0
DTXSID4045391	1	0
DTXSID4045478	0	0
DTXSID4045636	0	0
DTXSID4045638	0	0
DTXSID4045551	0	0
DTXSID4045393	0	0
DTXSID4045555	0	0
DTXSID4045680	1	0
DTXSID4045420	0	0
DTXSID4045686	0	0
DTXSID4045472	1	0
DTXSID4045422	0	0
DTXSID4045682	0	0
DTXSID4045688	0	0
DTXSID4045262	0	0
DTXSID4045424	0	0
DTXSID4045763	1	0
DTXSID4045341	0	0
DTXSID4045343	1	0
DTXSID4045345	0	0
DTXSID4045002	0	0
DTXSID4045927	0	0
DTXSID4045131	0	0
DTXSID4045973	1	0
DTXSID4045133	1	0
DTXSID4045139	0	0
DTXSID4045181	1	0
DTXSID4045975	1	0
DTXSID4045892	1	0
DTXSID4045765	0	0
DTXSID4045898	0	0
DTXSID4046020	0	0
DTXSID4045767	0	0
DTXSID4045921	0	0
DTXSID4045769	0	0
DTXSID4046024	0	0
DTXSID4046076	0	0
DTXSID4046101	0	0
DTXSID4046107	0	0
DTXSID4046109	0	0
DTXSID4046151	0	0
DTXSID4046153	0	0
DTXSID4046157	0	0
DTXSID4046159	0	0
DTXSID4046313	1	0
DTXSID4046282	0	0
DTXSID4046284	1	0
DTXSID4046286	0	0
DTXSID4046288	0	0
DTXSID4046442	0	0
DTXSID4046315	0	0
DTXSID4046448	1	0
DTXSID4046490	1	0
DTXSID4046440	0	0
DTXSID4046739	0	0
DTXSID4046523	0	0
DTXSID4046604	0	0
DTXSID4046606	1	0
DTXSID4046600	0	0
DTXSID4046525	1	0
DTXSID4046652	0	0
DTXSID4046492	0	0
DTXSID4046529	0	0
DTXSID4047044	0	0
DTXSID4046810	0	0
DTXSID4047046	0	0
DTXSID4047092	1	0
DTXSID4047094	0	0
DTXSID4047090	0	0
DTXSID4046864	1	0
DTXSID4046999	0	0
DTXSID4046949	0	0
DTXSID4047125	0	0
DTXSID4047098	0	0
DTXSID4047121	0	0
DTXSID4047123	0	0
DTXSID4047129	0	0
DTXSID4047177	0	0
DTXSID4047252	0	0
DTXSID4047254	0	0
DTXSID4047202	1	0
DTXSID4047258	0	0
DTXSID4047331	0	0
DTXSID4047206	1	0
DTXSID4047333	0	0
DTXSID4047337	0	0
DTXSID4047389	1	0
DTXSID4047410	0	0
DTXSID4047385	0	0
DTXSID4047381	0	0
DTXSID4047387	0	0
DTXSID4047339	0	0
DTXSID4047335	0	0
DTXSID4047383	0	1
DTXSID4047412	0	0
DTXSID4047414	0	0
DTXSID4047545	0	0
DTXSID4047464	0	0
DTXSID4047416	0	0
DTXSID4047549	0	0
DTXSID4047466	0	0
DTXSID4047468	1	0
DTXSID4047543	0	0
DTXSID4047593	1	0
DTXSID4047599	0	0
DTXSID4047624	0	0
DTXSID4047674	0	0
DTXSID4047620	0	0
DTXSID4047678	0	0
DTXSID4047703	0	0
DTXSID4047670	0	0
DTXSID4047672	0	0
DTXSID4047965	0	0
DTXSID4047880	1	0
DTXSID4047915	0	0
DTXSID4047888	1	0
DTXSID4047917	0	0
DTXSID4047967	0	0
DTXSID4047911	0	0
DTXSID4047919	0	0
DTXSID4047913	0	0
DTXSID4047884	0	0
DTXSID4047886	1	0
DTXSID4047969	0	0
DTXSID4047838	0	0
DTXSID4047882	1	0
DTXSID4047961	1	0
DTXSID4047963	1	0
DTXSID4048511	0	0
DTXSID4048513	0	0
DTXSID4048191	1	0
DTXSID4048519	0	0
DTXSID4048195	1	0
DTXSID4048199	0	0
DTXSID4048644	0	0
DTXSID4048690	0	0
DTXSID4048692	0	0
DTXSID4048694	0	0
DTXSID4048696	0	0
DTXSID4048698	0	0
DTXSID4048721	0	0
DTXSID4048725	0	0
DTXSID4048773	1	0
DTXSID4048777	0	0
DTXSID4048800	0	0
DTXSID4048858	0	0
DTXSID4048933	0	0
DTXSID4048935	0	0
DTXSID4048937	0	0
DTXSID4048852	0	0
DTXSID4048806	0	0
DTXSID4048808	0	0
DTXSID4048804	0	0
DTXSID4048850	0	0
DTXSID4048802	0	0
DTXSID4048854	0	0
DTXSID4048856	0	0
DTXSID4049032	0	0
DTXSID4049298	1	0
DTXSID4049082	0	0
DTXSID4049290	0	0
DTXSID4049246	0	0
DTXSID4049321	0	0
DTXSID4049323	0	0
DTXSID4049240	0	0
DTXSID4049325	0	0
DTXSID4049327	1	1
DTXSID4049036	0	0
DTXSID4049248	1	0
DTXSID4049292	0	0
DTXSID4049296	0	0
DTXSID4049242	0	0
DTXSID4049038	0	0
DTXSID4049080	0	0
DTXSID4049373	0	0
DTXSID4049402	0	0
DTXSID4049406	0	0
DTXSID4049375	0	0
DTXSID4049377	0	0
DTXSID4049329	0	0
DTXSID4049404	0	0
DTXSID4049379	0	0
DTXSID4049371	0	0
DTXSID4049400	1	0
DTXSID4051536	0	0
DTXSID4051580	1	0
DTXSID4051619	0	0
DTXSID4051900	0	0
DTXSID4052132	0	0
DTXSID4052186	1	0
DTXSID4052213	0	0
DTXSID4052267	0	0
DTXSID4052269	0	0
DTXSID4057687	0	0
DTXSID4057633	0	0
DTXSID4052342	0	0
DTXSID4052502	1	0
DTXSID4057710	1	0
DTXSID4052506	0	0
DTXSID4052550	0	0
DTXSID4057683	0	0
DTXSID4057685	0	0
DTXSID4052554	0	0
DTXSID4057635	0	0
DTXSID4057637	1	0
DTXSID4057639	0	0
DTXSID4057681	0	0
DTXSID4057714	0	0
DTXSID4057716	0	0
DTXSID4057768	0	0
DTXSID4057841	0	0
DTXSID4057843	0	0
DTXSID4057764	0	0
DTXSID4057766	0	0
DTXSID4057845	0	0
DTXSID4057762	0	0
DTXSID4057718	0	0
DTXSID4057760	0	0
DTXSID4058655	1	0
DTXSID4057849	1	0
DTXSID5020021	0	0
DTXSID5020079	0	0
DTXSID5020108	0	0
DTXSID5020023	0	0
DTXSID5020152	0	0
DTXSID5020154	1	0
DTXSID5020156	0	0
DTXSID5020231	1	0
DTXSID5020027	0	0
DTXSID5020239	0	0
DTXSID5020283	0	0
DTXSID5020029	0	0
DTXSID5020071	1	0
DTXSID5020287	0	0
DTXSID5020310	0	0
DTXSID5020312	0	0
DTXSID5020443	0	0
DTXSID5020441	0	0
DTXSID5020491	0	0
DTXSID5020445	0	0
DTXSID5020447	0	0
DTXSID5020281	0	0
DTXSID5020368	0	0
DTXSID5020528	0	0
DTXSID5020314	0	0
DTXSID5020520	0	0
DTXSID5020360	0	0
DTXSID5020497	0	0
DTXSID5020499	0	0
DTXSID5020605	0	0
DTXSID5020607	0	0
DTXSID5020603	0	0
DTXSID5020653	1	0
DTXSID5020601	0	0
DTXSID5020730	1	0
DTXSID5020738	0	0
DTXSID5020732	0	0
DTXSID5020782	0	0
DTXSID5020784	0	0
DTXSID5020861	1	0
DTXSID5020867	1	0
DTXSID5020815	0	0
DTXSID5020865	1	0
DTXSID5020946	0	0
DTXSID5020948	1	0
DTXSID5021093	0	0
DTXSID5020863	1	0
DTXSID5021097	1	0
DTXSID5021124	1	0
DTXSID5020869	0	0
DTXSID5021120	0	0
DTXSID5021126	0	0
DTXSID5020944	0	0
DTXSID5021128	0	0
DTXSID5021170	0	0
DTXSID5021122	0	0
DTXSID5021201	1	0
DTXSID5021251	1	0
DTXSID5021255	0	0
DTXSID5021253	0	0
DTXSID5021209	0	0
DTXSID5021330	0	0
DTXSID5021332	0	0
DTXSID5021338	0	0
DTXSID5021380	0	0
DTXSID5021334	0	0
DTXSID5021386	1	0
DTXSID5021336	0	0
DTXSID5021388	0	0
DTXSID5021546	0	0
DTXSID5021590	0	0
DTXSID5021621	0	0
DTXSID5021627	0	0
DTXSID5021598	0	0
DTXSID5021415	0	0
DTXSID5021463	0	0
DTXSID5021629	0	0
DTXSID5021544	1	0
DTXSID5021461	0	0
DTXSID5021419	0	0
DTXSID5021679	0	0
DTXSID5021708	0	0
DTXSID5021831	0	0
DTXSID5021835	0	0
DTXSID5021883	0	0
DTXSID5021837	0	0
DTXSID5021839	0	0
DTXSID5021881	0	0
DTXSID5022061	0	0
DTXSID5022194	0	0
DTXSID5022198	0	0
DTXSID5022227	0	0
DTXSID5021916	0	0
DTXSID5021962	0	0
DTXSID5021889	0	0
DTXSID5021910	0	0
DTXSID5021968	1	0
DTXSID5021914	0	0
DTXSID5022308	1	1
DTXSID5022437	1	0
DTXSID5022439	1	0
DTXSID5022271	1	0
DTXSID5022279	0	0
DTXSID5022485	1	0
DTXSID5022851	0	0
DTXSID5022641	0	0
DTXSID5022643	0	0
DTXSID5022855	0	0
DTXSID5022932	1	0
DTXSID5022647	0	0
DTXSID5022699	0	0
DTXSID5022649	0	0
DTXSID5022489	0	0
DTXSID5022510	1	0
DTXSID5022980	1	0
DTXSID5022982	0	0
DTXSID5022724	1	0
DTXSID5022774	0	0
DTXSID5022984	0	0
DTXSID5022986	1	0
DTXSID5022801	1	0
DTXSID5023114	0	0
DTXSID5023243	0	0
DTXSID5023247	1	0
DTXSID5023031	0	0
DTXSID5023033	0	0
DTXSID5023039	0	0
DTXSID5023081	0	0
DTXSID5023293	0	0
DTXSID5023295	1	0
DTXSID5023370	0	0
DTXSID5023324	0	0
DTXSID5023089	0	0
DTXSID5023110	0	0
DTXSID5023372	0	0
DTXSID5023376	0	0
DTXSID5023378	1	0
DTXSID5023453	1	0
DTXSID5023611	0	0
DTXSID5023536	0	0
DTXSID5023586	1	0
DTXSID5023613	0	0
DTXSID5023615	0	0
DTXSID5023588	0	0
DTXSID5023665	0	0
DTXSID5023792	0	0
DTXSID5023740	0	0
DTXSID5023742	1	0
DTXSID5023796	1	0
DTXSID5023744	1	0
DTXSID5023825	0	0
DTXSID5023746	1	0
DTXSID5023669	0	0
DTXSID5023748	0	0
DTXSID5023900	0	0
DTXSID5023877	0	0
DTXSID5023908	1	0
DTXSID5023902	1	0
DTXSID5023950	0	0
DTXSID5023871	1	0
DTXSID5023875	0	0
DTXSID5024182	0	0
DTXSID5024059	1	1
DTXSID5024134	0	0
DTXSID5024211	0	0
DTXSID5024261	0	0
DTXSID5024269	0	1
DTXSID5024344	0	0
DTXSID5024346	0	0
DTXSID5024683	0	0
DTXSID5024392	0	0
DTXSID5024508	0	0
DTXSID5024687	1	0
DTXSID5024473	1	0
DTXSID5024479	0	0
DTXSID5024500	1	0
DTXSID5024554	0	0
DTXSID5024637	0	0
DTXSID5024394	0	0
DTXSID5024639	0	0
DTXSID5024504	1	0
DTXSID5024471	1	0
DTXSID5024506	1	0
DTXSID5024845	1	0
DTXSID5024710	0	0
DTXSID5024978	0	0
DTXSID5025021	0	0
DTXSID5024764	0	0
DTXSID5024926	1	0
DTXSID5024970	0	0
DTXSID5024922	0	0
DTXSID5024976	0	0
DTXSID5025156	0	0
DTXSID5025100	0	0
DTXSID5025102	0	0
DTXSID5025231	1	0
DTXSID5025152	0	0
DTXSID5025310	0	0
DTXSID5025364	0	0
DTXSID5025607	0	0
DTXSID5025318	0	0
DTXSID5025447	0	0
DTXSID5025449	0	0
DTXSID5025572	0	0
DTXSID5025570	0	0
DTXSID5025574	0	0
DTXSID5025578	0	0
DTXSID5025603	0	0
DTXSID5025863	0	0
DTXSID5025653	0	0
DTXSID5025732	0	0
DTXSID5025657	0	0
DTXSID5025948	0	0
DTXSID5025861	0	0
DTXSID5025811	0	0
DTXSID5026049	0	0
DTXSID5025659	1	0
DTXSID5025730	0	0
DTXSID5025738	0	0
DTXSID5025815	0	0
DTXSID5025819	0	0
DTXSID5026251	0	0
DTXSID5026124	0	0
DTXSID5026097	0	0
DTXSID5026174	0	0
DTXSID5026178	0	0
DTXSID5026120	1	0
DTXSID5026122	0	0
DTXSID5026544	0	0
DTXSID5026548	1	0
DTXSID5026912	0	0
DTXSID5026203	0	0
DTXSID5026837	0	0
DTXSID5026889	0	0
DTXSID5026205	0	0
DTXSID5026207	1	0
DTXSID5026209	1	0
DTXSID5026914	0	0
DTXSID5026702	0	0
DTXSID5026706	0	0
DTXSID5026918	0	0
DTXSID5027063	0	0
DTXSID5027069	0	0
DTXSID5027019	0	0
DTXSID5027061	1	0
DTXSID5027142	0	0
DTXSID5027198	0	0
DTXSID5027352	0	0
DTXSID5027300	0	0
DTXSID5027223	0	0
DTXSID5027227	0	0
DTXSID5027358	0	0
DTXSID5027356	0	0
DTXSID5027302	0	0
DTXSID5027229	0	0
DTXSID5027308	0	0
DTXSID5027279	0	0
DTXSID5027304	0	0
DTXSID5027433	0	0
DTXSID5027647	0	0
DTXSID5027728	1	0
DTXSID5027512	0	0
DTXSID5027774	0	0
DTXSID5027803	0	0
DTXSID5027641	0	0
DTXSID5027518	0	0
DTXSID5027772	0	0
DTXSID5027805	0	0
DTXSID5029136	1	0
DTXSID5029182	0	0
DTXSID5028114	0	0
DTXSID5029184	0	0
DTXSID5029186	0	0
DTXSID5029211	0	0
DTXSID5029683	0	0
DTXSID5029762	1	0
DTXSID5029263	0	0
DTXSID5029265	0	0
DTXSID5032498	1	0
DTXSID5031133	0	0
DTXSID5032361	0	0
DTXSID5031131	0	0
DTXSID5032365	0	0
DTXSID5032315	0	0
DTXSID5032442	0	0
DTXSID5032525	0	0
DTXSID5032577	0	0
DTXSID5032523	0	0
DTXSID5032579	0	0
DTXSID5032600	0	0
DTXSID5033595	0	0
DTXSID5033674	0	0
DTXSID5033701	0	0
DTXSID5033468	0	0
DTXSID5032573	0	0
DTXSID5032654	0	0
DTXSID5033096	0	0
DTXSID5033757	0	0
DTXSID5033179	0	0
DTXSID5033098	0	0
DTXSID5033836	1	0
DTXSID5034357	0	0
DTXSID5034698	0	0
DTXSID5034270	0	0
DTXSID5034303	0	0
DTXSID5034729	0	0
DTXSID5034723	0	0
DTXSID5034355	0	0
DTXSID5035163	0	0
DTXSID5035957	0	0
DTXSID5037494	0	0
DTXSID5035589	0	0
DTXSID5035616	0	0
DTXSID5036684	1	0
DTXSID5037028	1	0
DTXSID5034773	0	0
DTXSID5037072	0	0
DTXSID5034981	0	0
DTXSID5037731	1	0
DTXSID5037579	0	0
DTXSID5037739	1	0
DTXSID5037527	0	0
DTXSID5037571	0	0
DTXSID5040679	1	0
DTXSID5040702	0	0
DTXSID5039721	0	0
DTXSID5040675	0	0
DTXSID5038919	0	0
DTXSID5040540	0	0
DTXSID5038830	0	0
DTXSID5038888	1	0
DTXSID5040700	0	0
DTXSID5041275	0	0
DTXSID5040704	1	0
DTXSID5040706	1	0
DTXSID5040758	1	0
DTXSID5041148	0	0
DTXSID5040708	0	0
DTXSID5041273	0	0
DTXSID5041308	0	0
DTXSID5041190	1	0
DTXSID5041306	1	1
DTXSID5041514	1	0
DTXSID5041516	0	0
DTXSID5041518	0	0
DTXSID5041439	1	0
DTXSID5041431	1	0
DTXSID5041641	1	0
DTXSID5041512	0	0
DTXSID5041356	0	0
DTXSID5041560	0	0
DTXSID5041643	0	0
DTXSID5041691	0	0
DTXSID5041699	0	0
DTXSID5041772	0	0
DTXSID5041726	1	0
DTXSID5041728	1	0
DTXSID5041809	0	0
DTXSID5041851	0	0
DTXSID5042324	0	0
DTXSID5042089	0	0
DTXSID5042243	0	0
DTXSID5042378	0	0
DTXSID5042584	0	0
DTXSID5042451	0	0
DTXSID5042459	1	0
DTXSID5042613	0	0
DTXSID5041778	0	0
DTXSID5042247	0	0
DTXSID5042299	1	0
DTXSID5042083	0	0
DTXSID5041803	0	0
DTXSID5043714	0	0
DTXSID5044029	0	0
DTXSID5044154	0	0
DTXSID5042249	0	0
DTXSID5043895	1	0
DTXSID5042320	0	0
DTXSID5044233	1	0
DTXSID5044289	0	0
DTXSID5044360	0	0
DTXSID5044314	0	0
DTXSID5044316	0	0
DTXSID5044441	0	0
DTXSID5044491	0	0
DTXSID5044366	0	0
DTXSID5044443	0	0
DTXSID5044495	1	0
DTXSID5044522	0	0
DTXSID5044445	0	0
DTXSID5044520	1	0
DTXSID5044493	0	0
DTXSID5044447	1	0
DTXSID5044368	0	0
DTXSID5044364	0	0
DTXSID5044574	1	0
DTXSID5044526	0	0
DTXSID5044528	1	0
DTXSID5044572	1	0
DTXSID5044570	0	0
DTXSID5044576	0	0
DTXSID5044607	1	0
DTXSID5044734	0	0
DTXSID5044609	0	0
DTXSID5044815	0	0
DTXSID5044738	0	0
DTXSID5044578	0	0
DTXSID5044603	0	0
DTXSID5044605	1	0
DTXSID5044863	0	0
DTXSID5044655	0	0
DTXSID5044732	0	0
DTXSID5044865	0	0
DTXSID5044819	0	0
DTXSID5044869	0	0
DTXSID5044780	0	0
DTXSID5044782	1	0
DTXSID5044788	1	0
DTXSID5044994	1	0
DTXSID5044811	0	0
DTXSID5044940	0	0
DTXSID5044867	0	0
DTXSID5044786	0	0
DTXSID5044784	0	0
DTXSID5044948	0	0
DTXSID5044992	1	0
DTXSID5045122	0	0
DTXSID5045124	1	0
DTXSID5045176	0	0
DTXSID5045128	0	0
DTXSID5045209	0	0
DTXSID5045093	0	0
DTXSID5045201	0	0
DTXSID5045099	0	0
DTXSID5045205	0	0
DTXSID5045170	0	0
DTXSID5045380	0	0
DTXSID5045382	1	0
DTXSID5044998	0	0
DTXSID5045623	0	0
DTXSID5045625	0	0
DTXSID5045677	0	0
DTXSID5045590	0	0
DTXSID5045594	0	0
DTXSID5045388	0	0
DTXSID5045469	0	0
DTXSID5045673	1	0
DTXSID5045461	0	0
DTXSID5045417	0	0
DTXSID5045419	1	0
DTXSID5045598	0	0
DTXSID5045413	0	0
DTXSID5045540	0	0
DTXSID5045756	0	0
DTXSID5045704	0	0
DTXSID5045752	0	0
DTXSID5045889	1	1
DTXSID5045835	0	0
DTXSID5045881	1	0
DTXSID5045883	0	0
DTXSID5045700	1	0
DTXSID5045702	0	0
DTXSID5045914	0	0
DTXSID5045916	1	0
DTXSID5045887	0	0
DTXSID5045960	1	1
DTXSID5045964	0	0
DTXSID5046017	0	0
DTXSID5046069	0	0
DTXSID5046190	0	0
DTXSID5046275	0	0
DTXSID5046140	0	0
DTXSID5046221	0	0
DTXSID5046277	0	0
DTXSID5046142	0	0
DTXSID5046279	0	0
DTXSID5046300	0	0
DTXSID5046148	0	0
DTXSID5046225	1	0
DTXSID5046227	1	0
DTXSID5046229	0	0
DTXSID5046271	0	0
DTXSID5046273	0	0
DTXSID5046510	0	0
DTXSID5046512	0	0
DTXSID5046487	0	0
DTXSID5046485	0	0
DTXSID5046439	1	0
DTXSID5046433	1	0
DTXSID5046481	1	0
DTXSID5046483	0	0
DTXSID5046770	0	0
DTXSID5046641	0	0
DTXSID5046772	1	0
DTXSID5046699	0	0
DTXSID5046776	0	0
DTXSID5046695	0	0
DTXSID5046724	0	0
DTXSID5046697	0	0
DTXSID5046560	1	0
DTXSID5046691	0	0
DTXSID5046726	0	0
DTXSID5046693	0	0
DTXSID5047035	0	0
DTXSID5046988	0	0
DTXSID5046801	0	0
DTXSID5046938	0	0
DTXSID5047037	1	0
DTXSID5046980	1	0
DTXSID5046803	0	0
DTXSID5046986	0	0
DTXSID5047039	0	0
DTXSID5046851	1	0
DTXSID5046853	1	0
DTXSID5047031	1	0
DTXSID5047160	0	0
DTXSID5047116	0	0
DTXSID5047087	0	0
DTXSID5047110	1	0
DTXSID5047166	0	0
DTXSID5047112	1	0
DTXSID5047118	0	0
DTXSID5047162	0	0
DTXSID5047083	0	0
DTXSID5047085	0	0
DTXSID5047320	1	0
DTXSID5047241	0	0
DTXSID5047249	0	0
DTXSID5047291	0	0
DTXSID5047299	0	0
DTXSID5047295	0	0
DTXSID5047297	0	0
DTXSID5047324	1	0
DTXSID5047328	0	0
DTXSID5047322	0	0
DTXSID5047372	0	0
DTXSID5047582	0	0
DTXSID5047451	0	0
DTXSID5047530	0	0
DTXSID5047538	0	0
DTXSID5047617	0	0
DTXSID5047459	1	0
DTXSID5047584	0	0
DTXSID5047374	1	0
DTXSID5047376	0	0
DTXSID5047405	0	0
DTXSID5047871	0	0
DTXSID5047790	0	0
DTXSID5047663	0	0
DTXSID5047661	0	0
DTXSID5047665	0	0
DTXSID5047879	1	0
DTXSID5047900	1	1
DTXSID5047667	0	0
DTXSID5047744	0	0
DTXSID5047873	0	0
DTXSID5047877	0	0
DTXSID5047875	0	0
DTXSID5047902	0	0
DTXSID5047904	1	0
DTXSID5047825	1	0
DTXSID5048180	0	0
DTXSID5047954	0	0
DTXSID5048182	0	0
DTXSID5048211	0	0
DTXSID5047956	1	1
DTXSID5048506	0	0
DTXSID5048186	1	0
DTXSID5047906	0	0
DTXSID5047908	0	0
DTXSID5047950	1	1
DTXSID5047952	0	0
DTXSID5048637	0	0
DTXSID5048710	1	0
DTXSID5048421	0	0
DTXSID5048716	0	0
DTXSID5048685	1	0
DTXSID5048635	0	0
DTXSID5048188	0	0
DTXSID5048841	0	0
DTXSID5048843	0	0
DTXSID5048847	0	0
DTXSID5048849	0	0
DTXSID5048891	0	0
DTXSID5048893	0	0
DTXSID5048845	0	0
DTXSID5048920	0	0
DTXSID5048928	0	0
DTXSID5048895	1	0
DTXSID5048897	0	0
DTXSID5048899	1	0
DTXSID5048922	0	0
DTXSID5048924	1	0
DTXSID5049237	0	0
DTXSID5049021	1	1
DTXSID5049283	0	0
DTXSID5049285	0	0
DTXSID5048974	0	0
DTXSID5049287	0	0
DTXSID5049231	0	0
DTXSID5049239	0	0
DTXSID5049281	0	0
DTXSID5048978	0	0
DTXSID5049233	0	0
DTXSID5049235	0	0
DTXSID5049364	0	0
DTXSID5049366	0	0
DTXSID5049289	0	0
DTXSID5049310	0	0
DTXSID5049316	0	0
DTXSID5049368	0	0
DTXSID5049318	0	0
DTXSID5049360	0	0
DTXSID5049362	0	0
DTXSID5049312	1	1
DTXSID5049314	0	0
DTXSID5051575	0	0
DTXSID5051999	0	0
DTXSID5051440	0	0
DTXSID5052595	0	0
DTXSID5052254	0	0
DTXSID5052460	1	0
DTXSID5051444	1	0
DTXSID5051446	0	0
DTXSID5052597	0	0
DTXSID5052620	0	0
DTXSID5052591	0	0
DTXSID5051525	0	0
DTXSID5052593	0	0
DTXSID5051529	1	0
DTXSID5052832	1	0
DTXSID5052042	0	0
DTXSID5052125	1	0
DTXSID5050426	0	0
DTXSID5052838	0	0
DTXSID5052884	0	0
DTXSID5057620	0	0
DTXSID5057622	0	0
DTXSID5057678	0	0
DTXSID5057753	1	0
DTXSID5057624	0	0
DTXSID5057626	0	0
DTXSID5057832	0	0
DTXSID5057755	0	0
DTXSID5057628	0	0
DTXSID5057836	1	0
DTXSID5057751	0	0
DTXSID5057701	0	0
DTXSID5057670	0	0
DTXSID5057672	0	0
DTXSID5057838	0	0
DTXSID5057674	0	0
DTXSID5057676	0	0
DTXSID5057757	0	0
DTXSID5057759	0	0
DTXSID5057703	0	0
DTXSID5057705	0	0
DTXSID5057830	0	0
DTXSID5057707	0	0
DTXSID5057709	0	0
DTXSID6020014	1	0
DTXSID6020062	1	0
DTXSID6020064	1	0
DTXSID6020068	1	0
DTXSID6020066	0	0
DTXSID6020141	0	0
DTXSID6020222	0	0
DTXSID6020143	0	0
DTXSID6020149	0	0
DTXSID6020147	0	0
DTXSID6020197	1	0
DTXSID6020193	0	0
DTXSID6020145	1	1
DTXSID6020220	1	0
DTXSID6020309	0	0
DTXSID6020307	0	0
DTXSID6020430	0	0
DTXSID6020278	0	0
DTXSID6020303	0	0
DTXSID6020432	1	0
DTXSID6020434	0	0
DTXSID6020438	0	0
DTXSID6020513	0	0
DTXSID6020515	0	0
DTXSID6020561	0	0
DTXSID6020484	0	0
DTXSID6020511	1	0
DTXSID6020690	1	0
DTXSID6020771	0	0
DTXSID6020694	0	0
DTXSID6020696	0	0
DTXSID6020777	0	0
DTXSID6020721	0	0
DTXSID6020648	0	0
DTXSID6020802	0	0
DTXSID6020804	0	0
DTXSID6020856	0	0
DTXSID6020933	0	0
DTXSID6020937	0	0
DTXSID6020939	0	0
DTXSID6020981	0	0
DTXSID6020983	0	0
DTXSID6020985	0	0
DTXSID6021030	0	0
DTXSID6021080	1	0
DTXSID6021082	1	0
DTXSID6021032	0	0
DTXSID6021117	0	0
DTXSID6021086	0	0
DTXSID6021244	1	0
DTXSID6021294	0	0
DTXSID6021321	1	0
DTXSID6021373	1	1
DTXSID6021246	1	0
DTXSID6021375	0	0
DTXSID6021296	0	0
DTXSID6021248	0	0
DTXSID6021290	0	0
DTXSID6021292	1	0
DTXSID6021036	0	0
DTXSID6021404	0	0
DTXSID6021379	0	0
DTXSID6021408	0	0
DTXSID6021450	1	0
DTXSID6021402	0	0
DTXSID6021458	0	0
DTXSID6021583	0	0
DTXSID6021660	0	0
DTXSID6021666	0	0
DTXSID6021741	0	0
DTXSID6021610	1	0
DTXSID6021793	1	0
DTXSID6021668	0	0
DTXSID6021618	0	0
DTXSID6021456	1	0
DTXSID6021795	0	0
DTXSID6021799	0	0
DTXSID6021820	0	0
DTXSID6021822	0	0
DTXSID6021901	0	0
DTXSID6021907	0	0
DTXSID6021824	1	0
DTXSID6021957	1	0
DTXSID6021872	0	0
DTXSID6021828	0	0
DTXSID6021959	1	0
DTXSID6022004	0	0
DTXSID6022050	0	0
DTXSID6022187	1	0
DTXSID6022133	0	0
DTXSID6022000	0	0
DTXSID6022131	0	0
DTXSID6022218	0	0
DTXSID6022008	0	0
DTXSID6022006	0	0
DTXSID6022137	0	0
DTXSID6022391	1	0
DTXSID6022056	0	0
DTXSID6022393	1	1
DTXSID6022341	0	0
DTXSID6022399	1	1
DTXSID6022420	1	0
DTXSID6022422	1	0
DTXSID6022058	0	0
DTXSID6022345	0	0
DTXSID6022472	0	0
DTXSID6022688	0	0
DTXSID6022557	1	0
DTXSID6022715	0	0
DTXSID6022719	0	0
DTXSID6022636	0	0
DTXSID6022684	0	0
DTXSID6022842	0	0
DTXSID6022844	0	0
DTXSID6022973	0	0
DTXSID6022975	0	0
DTXSID6022977	0	0
DTXSID6023078	0	0
DTXSID6022846	0	0
DTXSID6023101	0	0
DTXSID6022892	0	0
DTXSID6023103	0	0
DTXSID6023109	0	0
DTXSID6023153	1	0
DTXSID6023313	0	0
DTXSID6023315	1	0
DTXSID6023155	1	0
DTXSID6023317	0	0
DTXSID6023157	0	0
DTXSID6023159	0	0
DTXSID6023367	0	0
DTXSID6023363	0	0
DTXSID6023652	0	0
DTXSID6023286	0	0
DTXSID6023656	0	0
DTXSID6023369	0	0
DTXSID6023440	0	0
DTXSID6023999	0	0
DTXSID6024046	0	0
DTXSID6023606	0	0
DTXSID6023442	0	0
DTXSID6023608	1	0
DTXSID6023490	0	0
DTXSID6023496	0	0
DTXSID6023523	1	0
DTXSID6023868	0	0
DTXSID6023529	0	0
DTXSID6023602	0	0
DTXSID6023947	0	0
DTXSID6023997	0	0
DTXSID6023864	0	0
DTXSID6023733	0	0
DTXSID6023737	0	0
DTXSID6023810	0	0
DTXSID6024127	0	0
DTXSID6024175	0	0
DTXSID6024206	0	0
DTXSID6024200	1	0
DTXSID6024254	1	0
DTXSID6024412	0	0
DTXSID6024414	0	0
DTXSID6024331	0	0
DTXSID6024048	1	0
DTXSID6024337	0	0
DTXSID6024460	1	0
DTXSID6024462	0	0
DTXSID6024123	0	0
DTXSID6024466	0	0
DTXSID6024591	0	0
DTXSID6024628	0	0
DTXSID6024597	0	0
DTXSID6024670	0	0
DTXSID6024674	0	0
DTXSID6024676	0	0
DTXSID6024599	0	0
DTXSID6024834	0	0
DTXSID6024836	1	0
DTXSID6024882	0	0
DTXSID6024838	1	0
DTXSID6024911	1	0
DTXSID6024913	0	0
DTXSID6024888	0	0
DTXSID6024832	1	0
DTXSID6024915	0	0
DTXSID6025012	0	0
DTXSID6024961	1	0
DTXSID6024965	0	0
DTXSID6025014	0	0
DTXSID6025064	0	0
DTXSID6025010	0	0
DTXSID6024967	0	0
DTXSID6025220	0	0
DTXSID6025226	0	0
DTXSID6025278	0	0
DTXSID6025272	0	0
DTXSID6025276	0	0
DTXSID6025068	0	0
DTXSID6025141	0	0
DTXSID6025149	0	0
DTXSID6025143	1	0
DTXSID6025145	1	0
DTXSID6025436	1	0
DTXSID6025438	0	0
DTXSID6025648	0	0
DTXSID6025640	0	0
DTXSID6025690	0	0
DTXSID6025642	0	0
DTXSID6025305	0	0
DTXSID6025303	0	0
DTXSID6025307	0	0
DTXSID6025565	1	0
DTXSID6025692	0	0
DTXSID6025567	0	0
DTXSID6025569	0	0
DTXSID6025355	0	0
DTXSID6025486	1	0
DTXSID6025513	1	0
DTXSID6025939	0	0
DTXSID6025983	1	0
DTXSID6026080	0	0
DTXSID6026088	0	0
DTXSID6025725	0	0
DTXSID6025696	1	0
DTXSID6025723	0	0
DTXSID6025775	0	0
DTXSID6026115	0	0
DTXSID6025804	0	0
DTXSID6026119	1	0
DTXSID6026161	0	0
DTXSID6026797	0	0
DTXSID6026612	0	0
DTXSID6026664	0	0
DTXSID6026169	0	0
DTXSID6026799	0	0
DTXSID6026824	0	0
DTXSID6026872	0	0
DTXSID6026878	0	0
DTXSID6026901	0	0
DTXSID6026905	0	0
DTXSID6026535	0	0
DTXSID6026167	0	0
DTXSID6026298	0	0
DTXSID6026325	0	0
DTXSID6026373	0	0
DTXSID6026955	0	0
DTXSID6027050	0	0
DTXSID6027052	1	0
DTXSID6027131	0	0
DTXSID6027218	0	0
DTXSID6027137	0	0
DTXSID6027268	0	0
DTXSID6027181	0	0
DTXSID6027262	0	0
DTXSID6027266	0	0
DTXSID6027341	0	0
DTXSID6027214	0	0
DTXSID6027397	0	0
DTXSID6027507	0	0
DTXSID6027345	1	0
DTXSID6027713	0	0
DTXSID6027509	0	0
DTXSID6027551	0	0
DTXSID6028022	1	0
DTXSID6028028	0	0
DTXSID6027975	0	0
DTXSID6029202	0	0
DTXSID6029250	0	0
DTXSID6029121	1	0
DTXSID6029127	0	0
DTXSID6029707	0	0
DTXSID6029331	0	0
DTXSID6029626	0	0
DTXSID6029703	0	0
DTXSID6032352	0	0
DTXSID6032354	0	0
DTXSID6031461	0	0
DTXSID6032061	0	0
DTXSID6032192	1	0
DTXSID6032356	0	0
DTXSID6032431	0	0
DTXSID6032358	0	0
DTXSID6032437	0	0
DTXSID6032514	0	0
DTXSID6032516	0	0
DTXSID6032641	0	0
DTXSID6032518	0	0
DTXSID6032562	0	0
DTXSID6032647	0	0
DTXSID6032645	0	0
DTXSID6032649	0	0
DTXSID6033825	0	0
DTXSID6032722	0	0
DTXSID6033241	0	0
DTXSID6033401	0	0
DTXSID6033247	0	0
DTXSID6034005	0	0
DTXSID6034265	0	0
DTXSID6034849	0	0
DTXSID6034762	0	0
DTXSID6034764	0	0
DTXSID6034392	0	0
DTXSID6034928	0	0
DTXSID6034972	1	0
DTXSID6035152	0	0
DTXSID6035784	0	0
DTXSID6035156	0	0
DTXSID6035285	0	0
DTXSID6036467	1	1
DTXSID6037015	0	0
DTXSID6038326	0	0
DTXSID6038798	0	0
DTXSID6037697	0	0
DTXSID6038827	0	0
DTXSID6037728	1	0
DTXSID6037483	0	0
DTXSID6037564	0	0
DTXSID6038875	1	1
DTXSID6038877	1	0
DTXSID6037568	0	0
DTXSID6037649	0	0
DTXSID6040373	0	0
DTXSID6040375	0	0
DTXSID6040583	0	0
DTXSID6040246	0	0
DTXSID6040111	0	0
DTXSID6040290	0	0
DTXSID6040115	0	0
DTXSID6040296	0	0
DTXSID6040371	0	0
DTXSID6040743	1	0
DTXSID6040614	0	0
DTXSID6040662	1	0
DTXSID6041185	0	0
DTXSID6040664	0	0
DTXSID6041056	0	0
DTXSID6041133	0	0
DTXSID6040668	0	0
DTXSID6040745	1	0
DTXSID6041210	1	0
DTXSID6040795	0	0
DTXSID6041268	0	0
DTXSID6041347	0	0
DTXSID6041420	0	0
DTXSID6041349	0	0
DTXSID6041503	0	0
DTXSID6041422	0	1
DTXSID6041682	1	0
DTXSID6041636	0	0
DTXSID6041551	1	0
DTXSID6041680	0	0
DTXSID6041507	0	0
DTXSID6041715	1	0
DTXSID6041719	0	0
DTXSID6041761	1	0
DTXSID6041638	0	0
DTXSID6041688	1	0
DTXSID6041892	1	0
DTXSID6042074	1	0
DTXSID6042280	0	0
DTXSID6042151	0	0
DTXSID6042157	0	0
DTXSID6041927	1	0
DTXSID6041973	0	0
DTXSID6041925	0	0
DTXSID6041977	0	0
DTXSID6042072	0	0
DTXSID6042440	0	0
DTXSID6042448	0	0
DTXSID6042579	0	0
DTXSID6042602	0	0
DTXSID6042365	0	0
DTXSID6042369	0	0
DTXSID6043919	0	0
DTXSID6044303	1	0
DTXSID6043913	0	0
DTXSID6044199	1	0
DTXSID6042498	0	0
DTXSID6042521	0	0
DTXSID6043917	0	0
DTXSID6044309	0	0
DTXSID6044226	1	0
DTXSID6044511	0	0
DTXSID6044515	0	0
DTXSID6044480	0	0
DTXSID6044430	0	0
DTXSID6044353	0	0
DTXSID6044355	0	0
DTXSID6044486	0	0
DTXSID6044357	0	0
DTXSID6044517	0	0
DTXSID6044561	0	0
DTXSID6044519	1	0
DTXSID6044563	0	0
DTXSID6044565	0	0
DTXSID6044642	0	0
DTXSID6044644	0	0
DTXSID6044723	0	0
DTXSID6044646	0	0
DTXSID6044779	0	0
DTXSID6044648	0	0
DTXSID6044725	0	0
DTXSID6044690	1	0
DTXSID6044771	0	0
DTXSID6044773	0	0
DTXSID6044777	0	0
DTXSID6044692	0	0
DTXSID6044696	0	0
DTXSID6044852	0	0
DTXSID6044985	0	0
DTXSID6044939	0	0
DTXSID6044856	0	0
DTXSID6044858	0	0
DTXSID6044931	0	0
DTXSID6044800	0	0
DTXSID6044802	0	0
DTXSID6044804	0	0
DTXSID6045084	0	0
DTXSID6045088	0	0
DTXSID6044983	0	0
DTXSID6044989	0	0
DTXSID6044981	0	0
DTXSID6044854	0	0
DTXSID6045321	0	0
DTXSID6045323	0	0
DTXSID6045248	0	0
DTXSID6045163	0	0
DTXSID6045117	1	0
DTXSID6045161	0	0
DTXSID6045292	0	0
DTXSID6045119	0	0
DTXSID6045165	0	0
DTXSID6045373	0	0
DTXSID6045296	0	0
DTXSID6045167	0	0
DTXSID6045169	0	0
DTXSID6045583	0	0
DTXSID6045616	0	0
DTXSID6045452	0	0
DTXSID6045587	0	0
DTXSID6045377	0	0
DTXSID6045531	0	0
DTXSID6045662	0	0
DTXSID6045533	0	0
DTXSID6045400	0	0
DTXSID6045614	0	0
DTXSID6045618	0	0
DTXSID6045660	0	0
DTXSID6045666	0	0
DTXSID6045791	0	0
DTXSID6045668	0	0
DTXSID6045878	0	0
DTXSID6045741	0	0
DTXSID6045828	0	0
DTXSID6045745	1	0
DTXSID6045870	0	0
DTXSID6045909	0	0
DTXSID6045901	1	0
DTXSID6045874	0	0
DTXSID6045953	0	0
DTXSID6045820	0	0
DTXSID6046137	0	0
DTXSID6045955	0	0
DTXSID6046181	0	0
DTXSID6046216	0	0
DTXSID6046260	0	0
DTXSID6045957	1	0
DTXSID6046131	1	0
DTXSID6046395	0	0
DTXSID6046399	0	0
DTXSID6046420	1	0
DTXSID6046422	1	0
DTXSID6046264	0	0
DTXSID6046266	0	0
DTXSID6046341	1	0
DTXSID6046343	0	0
DTXSID6046424	0	0
DTXSID6046345	0	0
DTXSID6046347	0	0
DTXSID6046426	0	0
DTXSID6046349	1	0
DTXSID6046391	0	0
DTXSID6046428	0	0
DTXSID6046470	0	0
DTXSID6046472	0	0
DTXSID6046715	0	0
DTXSID6046634	1	0
DTXSID6046474	0	0
DTXSID6046638	1	0
DTXSID6046505	0	0
DTXSID6046507	0	0
DTXSID6046501	0	0
DTXSID6046555	0	0
DTXSID6046688	1	0
DTXSID6046557	0	1
DTXSID6046767	0	0
DTXSID6046890	0	0
DTXSID6046979	0	0
DTXSID6046892	0	0
DTXSID6047074	0	0
DTXSID6047101	0	0
DTXSID6047103	1	0
DTXSID6047070	0	0
DTXSID6046925	0	0
DTXSID6046977	0	0
DTXSID6047078	0	0
DTXSID6047105	1	0
DTXSID6047157	0	0
DTXSID6047159	0	0
DTXSID6047236	0	0
DTXSID6047109	0	0
DTXSID6047155	0	0
DTXSID6047280	0	0
DTXSID6047286	0	0
DTXSID6047288	0	0
DTXSID6047282	0	0
DTXSID6047311	0	0
DTXSID6047284	0	0
DTXSID6047363	0	0
DTXSID6047490	0	0
DTXSID6047444	0	0
DTXSID6047440	0	0
DTXSID6047313	1	0
DTXSID6047315	0	0
DTXSID6047319	0	0
DTXSID6047498	0	1
DTXSID6047523	0	0
DTXSID6047446	0	0
DTXSID6047656	0	0
DTXSID6047606	0	0
DTXSID6047608	0	0
DTXSID6047781	0	0
DTXSID6047783	0	0
DTXSID6047654	0	0
DTXSID6047604	0	0
DTXSID6047525	0	0
DTXSID6047369	1	0
DTXSID6047529	0	0
DTXSID6047785	0	0
DTXSID6047787	0	0
DTXSID6047579	0	0
DTXSID6047789	0	0
DTXSID6047602	0	0
DTXSID6047947	0	0
DTXSID6047949	0	0
DTXSID6047818	0	0
DTXSID6047941	0	0
DTXSID6048175	0	0
DTXSID6048171	0	0
DTXSID6047945	1	0
DTXSID6048206	0	0
DTXSID6048208	0	0
DTXSID6047943	0	0
DTXSID6048202	0	0
DTXSID6048200	0	0
DTXSID6048676	0	0
DTXSID6048597	0	0
DTXSID6048620	1	0
DTXSID6048383	0	0
DTXSID6048830	0	0
DTXSID6048834	0	0
DTXSID6048591	0	0
DTXSID6048672	0	0
DTXSID6048674	1	0
DTXSID6048886	0	0
DTXSID6048836	0	0
DTXSID6049272	0	0
DTXSID6049274	0	0
DTXSID6049276	0	0
DTXSID6049278	0	0
DTXSID6048915	1	0
DTXSID6049060	0	0
DTXSID6048882	0	0
DTXSID6048965	0	0
DTXSID6048967	0	0
DTXSID6048884	0	0
DTXSID6049222	0	0
DTXSID6049224	1	0
DTXSID6049226	0	0
DTXSID6049064	0	0
DTXSID6049066	1	0
DTXSID6048961	1	0
DTXSID6048919	0	0
DTXSID6049018	0	0
DTXSID6048888	0	0
DTXSID6048880	0	0
DTXSID6048838	0	0
DTXSID6049228	0	0
DTXSID6049068	0	0
DTXSID6049270	0	0
DTXSID6049220	0	0
DTXSID6049301	0	0
DTXSID6049303	0	0
DTXSID6049305	0	0
DTXSID6049307	1	0
DTXSID6049351	1	1
DTXSID6049353	0	0
DTXSID6049359	0	0
DTXSID6049355	0	0
DTXSID6049430	1	0
DTXSID6049357	0	0
DTXSID6049432	0	0
DTXSID6049309	0	0
DTXSID6050386	0	0
DTXSID6052291	0	0
DTXSID6052295	0	0
DTXSID6052299	0	0
DTXSID6051306	1	1
DTXSID6051560	0	0
DTXSID6051564	0	0
DTXSID6051566	1	0
DTXSID6051695	0	0
DTXSID6051724	1	0
DTXSID6057667	0	0
DTXSID6057611	0	0
DTXSID6052619	0	0
DTXSID6057669	0	0
DTXSID6057740	0	0
DTXSID6052740	0	0
DTXSID6052328	0	0
DTXSID6057742	0	0
DTXSID6057744	0	0
DTXSID6057746	0	0
DTXSID6057613	0	0
DTXSID6057615	0	0
DTXSID6057617	0	0
DTXSID6057619	1	0
DTXSID6057661	0	0
DTXSID6057663	0	0
DTXSID6057665	0	0
DTXSID6057748	0	0
DTXSID6057790	0	0
DTXSID6057794	0	0
DTXSID6057796	0	0
DTXSID6057798	0	0
DTXSID6057829	0	0
DTXSID7020007	0	0
DTXSID7020009	0	0
DTXSID7020053	0	0
DTXSID7020057	0	0
DTXSID7020184	1	0
DTXSID7020182	1	0
DTXSID7020138	1	0
DTXSID7020211	1	0
DTXSID7020005	0	0
DTXSID7020348	0	0
DTXSID7020263	0	0
DTXSID7020213	0	0
DTXSID7020265	0	0
DTXSID7020340	0	0
DTXSID7020390	0	0
DTXSID7020392	0	0
DTXSID7020267	0	0
DTXSID7020344	1	0
DTXSID7020550	1	0
DTXSID7020504	0	0
DTXSID7020427	1	0
DTXSID7020425	0	0
DTXSID7020398	1	0
DTXSID7020508	0	0
DTXSID7020423	0	0
DTXSID7020681	0	0
DTXSID7020552	0	0
DTXSID7020683	0	0
DTXSID7020558	1	0
DTXSID7020631	1	0
DTXSID7020687	0	1
DTXSID7020685	0	1
DTXSID7020635	0	0
DTXSID7020760	0	0
DTXSID7020716	1	0
DTXSID7020710	0	0
DTXSID7020768	1	0
DTXSID7020764	0	0
DTXSID7020766	0	0
DTXSID7020899	0	0
DTXSID7020920	0	0
DTXSID7020847	0	0
DTXSID7020893	0	0
DTXSID7020843	0	0
DTXSID7020928	1	0
DTXSID7020970	0	1
DTXSID7020895	0	0
DTXSID7020922	1	0
DTXSID7020972	0	0
DTXSID7021106	1	0
DTXSID7021150	0	0
DTXSID7021156	0	0
DTXSID7020976	0	0
DTXSID7021158	0	0
DTXSID7021152	1	0
DTXSID7021231	1	0
DTXSID7021233	1	0
DTXSID7021235	1	0
DTXSID7021100	0	0
DTXSID7020978	0	0
DTXSID7021027	0	0
DTXSID7021102	0	0
DTXSID7021029	0	0
DTXSID7021318	0	0
DTXSID7021360	0	0
DTXSID7021362	0	0
DTXSID7021364	0	0
DTXSID7021366	0	0
DTXSID7021289	0	0
DTXSID7021312	1	0
DTXSID7021314	1	0
DTXSID7021237	0	0
DTXSID7021495	0	0
DTXSID7021520	0	0
DTXSID7021316	0	0
DTXSID7021524	0	0
DTXSID7021491	0	0
DTXSID7021526	0	0
DTXSID7021576	0	0
DTXSID7021605	0	0
DTXSID7021603	0	0
DTXSID7021861	0	0
DTXSID7021607	0	0
DTXSID7021784	1	0
DTXSID7021863	0	0
DTXSID7021653	0	0
DTXSID7021788	1	0
DTXSID7021867	0	0
DTXSID7021869	1	0
DTXSID7021657	1	0
DTXSID7021655	0	0
DTXSID7021815	0	0
DTXSID7021659	0	0
DTXSID7021780	0	0
DTXSID7021817	0	0
DTXSID7021946	0	0
DTXSID7021940	0	0
DTXSID7021994	1	0
DTXSID7021996	0	0
DTXSID7021992	0	0
DTXSID7021998	0	0
DTXSID7022043	0	0
DTXSID7022093	0	0
DTXSID7022124	0	0
DTXSID7022128	0	0
DTXSID7022170	0	0
DTXSID7021948	0	0
DTXSID7022049	1	0
DTXSID7022384	1	1
DTXSID7022253	0	0
DTXSID7022411	1	0
DTXSID7022332	1	0
DTXSID7022413	1	0
DTXSID7022382	1	1
DTXSID7022415	0	0
DTXSID7022417	0	0
DTXSID7022546	0	0
DTXSID7022540	0	0
DTXSID7022590	0	0
DTXSID7022592	1	0
DTXSID7022544	0	0
DTXSID7022598	0	0
DTXSID7022172	0	0
DTXSID7022174	0	0
DTXSID7022883	1	0
DTXSID7022910	0	0
DTXSID7022912	0	0
DTXSID7022914	0	0
DTXSID7022918	0	0
DTXSID7022968	0	0
DTXSID7023011	0	0
DTXSID7023019	0	0
DTXSID7022833	0	0
DTXSID7023063	0	0
DTXSID7022679	0	0
DTXSID7022835	0	0
DTXSID7023067	0	0
DTXSID7022837	1	0
DTXSID7022704	0	0
DTXSID7022629	1	0
DTXSID7023192	0	0
DTXSID7023221	0	0
DTXSID7023227	1	0
DTXSID7023140	0	0
DTXSID7023437	0	0
DTXSID7023148	0	0
DTXSID7023481	0	0
DTXSID7023485	0	0
DTXSID7023190	0	0
DTXSID7023487	0	0
DTXSID7023356	0	0
DTXSID7023853	0	0
DTXSID7023697	0	0
DTXSID7023510	0	0
DTXSID7023512	0	0
DTXSID7023516	0	0
DTXSID7023518	0	0
DTXSID7023568	1	0
DTXSID7023645	1	0
DTXSID7023691	0	0
DTXSID7023699	0	0
DTXSID7023722	0	0
DTXSID7023932	0	0
DTXSID7023724	0	0
DTXSID7023938	0	0
DTXSID7024035	0	0
DTXSID7024087	0	0
DTXSID7023271	0	0
DTXSID7023277	0	0
DTXSID7023980	0	0
DTXSID7024031	0	0
DTXSID7024164	0	0
DTXSID7024110	0	0
DTXSID7024245	0	0
DTXSID7024112	0	0
DTXSID7024247	0	0
DTXSID7024166	0	0
DTXSID7024376	0	0
DTXSID7024409	0	0
DTXSID7024455	0	0
DTXSID7024160	0	0
DTXSID7024457	0	1
DTXSID7024532	0	0
DTXSID7024299	0	0
DTXSID7024661	0	0
DTXSID7024320	0	0
DTXSID7024241	0	0
DTXSID7024873	1	0
DTXSID7024821	0	0
DTXSID7024904	1	0
DTXSID7024950	0	0
DTXSID7024827	0	0
DTXSID7024956	0	0
DTXSID7024952	0	0
DTXSID7025001	1	0
DTXSID7025003	1	0
DTXSID7024902	0	0
DTXSID7025005	1	0
DTXSID7025053	0	0
DTXSID7024538	1	0
DTXSID7024580	0	0
DTXSID7024586	0	0
DTXSID7025269	1	0
DTXSID7025215	1	0
DTXSID7025217	0	0
DTXSID7025134	0	0
DTXSID7025342	0	0
DTXSID7025136	0	0
DTXSID7025180	0	0
DTXSID7025138	0	0
DTXSID7025055	0	0
DTXSID7025132	0	0
DTXSID7025346	0	0
DTXSID7025390	0	0
DTXSID7025394	0	0
DTXSID7025421	0	0
DTXSID7025502	0	0
DTXSID7025423	0	0
DTXSID7025425	0	0
DTXSID7025506	1	0
DTXSID7025508	0	0
DTXSID7025429	1	0
DTXSID7025479	0	0
DTXSID7025849	0	0
DTXSID7025895	0	0
DTXSID7025764	0	0
DTXSID7025558	0	0
DTXSID7025633	0	0
DTXSID7026102	0	0
DTXSID7025924	0	0
DTXSID7025635	0	0
DTXSID7026108	0	0
DTXSID7025639	0	0
DTXSID7025689	0	0
DTXSID7025768	0	0
DTXSID7025637	0	0
DTXSID7025716	1	0
DTXSID7026235	0	0
DTXSID7026285	1	0
DTXSID7026231	1	0
DTXSID7025926	0	0
DTXSID7026156	0	0
DTXSID7026029	0	0
DTXSID7025972	0	0
DTXSID7026368	1	0
DTXSID7026520	1	0
DTXSID7026526	0	0
DTXSID7026528	0	0
DTXSID7026609	0	0
DTXSID7026653	0	0
DTXSID7026499	1	0
DTXSID7026655	0	0
DTXSID7026572	0	0
DTXSID7026811	0	0
DTXSID7027043	0	0
DTXSID7026946	0	0
DTXSID7026998	0	0
DTXSID7026867	0	0
DTXSID7026994	1	0
DTXSID7027174	1	0
DTXSID7027259	0	0
DTXSID7027338	0	0
DTXSID7027201	0	0
DTXSID7027253	0	0
DTXSID7027097	0	0
DTXSID7027099	0	0
DTXSID7027120	0	0
DTXSID7027546	0	0
DTXSID7027594	1	0
DTXSID7027413	0	0
DTXSID7027540	0	0
DTXSID7027544	0	0
DTXSID7027461	0	0
DTXSID7027467	0	0
DTXSID7027542	1	0
DTXSID7027756	0	0
DTXSID7027625	0	0
DTXSID7027833	0	0
DTXSID7027887	1	0
DTXSID7027966	0	0
DTXSID7027835	0	0
DTXSID7028300	0	0
DTXSID7029162	0	0
DTXSID7028011	1	0
DTXSID7028013	0	0
DTXSID7028015	0	0
DTXSID7029160	0	0
DTXSID7029164	0	0
DTXSID7029166	1	0
DTXSID7029534	0	0
DTXSID7029241	1	1
DTXSID7029249	0	0
DTXSID7029299	0	0
DTXSID7029320	0	0
DTXSID7029617	0	0
DTXSID7029619	0	0
DTXSID7029611	0	0
DTXSID7029665	0	0
DTXSID7029871	0	1
DTXSID7030307	0	0
DTXSID7029879	0	0
DTXSID7029904	1	0
DTXSID7031248	0	0
DTXSID7031797	0	0
DTXSID7031458	0	0
DTXSID7032004	0	0
DTXSID7031903	0	0
DTXSID7031531	1	0
DTXSID7032345	1	0
DTXSID7032393	0	0
DTXSID7032424	1	0
DTXSID7032470	0	0
DTXSID7032553	0	0
DTXSID7032474	0	0
DTXSID7032555	0	0
DTXSID7032551	0	0
DTXSID7034250	0	0
DTXSID7032559	0	0
DTXSID7034042	1	1
DTXSID7032630	0	0
DTXSID7032688	0	0
DTXSID7034252	0	0
DTXSID7032638	0	0
DTXSID7034383	0	0
DTXSID7034460	0	0
DTXSID7034545	0	0
DTXSID7034624	0	0
DTXSID7034672	0	0
DTXSID7034549	0	0
DTXSID7034674	0	0
DTXSID7034836	0	0
DTXSID7035272	1	0
DTXSID7035010	0	0
DTXSID7035305	0	0
DTXSID7034961	0	0
DTXSID7037131	0	0
DTXSID7037185	1	0
DTXSID7037478	0	0
DTXSID7037551	0	0
DTXSID7037715	0	0
DTXSID7037555	0	0
DTXSID7037553	0	0
DTXSID7037717	1	0
DTXSID7037680	0	0
DTXSID7038864	1	1
DTXSID7040154	0	0
DTXSID7040285	1	0
DTXSID7038317	1	0
DTXSID7038814	0	0
DTXSID7038810	1	0
DTXSID7040289	0	0
DTXSID7040657	1	0
DTXSID7040732	0	0
DTXSID7040362	1	0
DTXSID7040526	0	0
DTXSID7040287	0	0
DTXSID7040734	1	0
DTXSID7040360	0	0
DTXSID7040653	1	0
DTXSID7040948	0	0
DTXSID7040738	0	0
DTXSID7041178	0	0
DTXSID7040990	0	0
DTXSID7041336	0	0
DTXSID7041047	0	0
DTXSID7040784	1	0
DTXSID7040788	1	0
DTXSID7041097	0	0
DTXSID7041126	0	0
DTXSID7041413	0	0
DTXSID7041417	0	0
DTXSID7041201	0	0
DTXSID7041388	0	0
DTXSID7041411	0	0
DTXSID7041625	0	0
DTXSID7041621	0	0
DTXSID7041467	0	0
DTXSID7041627	0	0
DTXSID7041756	0	0
DTXSID7041623	0	0
DTXSID7041540	0	0
DTXSID7041629	0	0
DTXSID7041544	1	0
DTXSID7041883	1	0
DTXSID7041887	0	0
DTXSID7041916	0	0
DTXSID7041966	0	0
DTXSID7042011	0	0
DTXSID7041918	0	0
DTXSID7041889	0	0
DTXSID7042140	0	0
DTXSID7042146	0	0
DTXSID7042190	0	0
DTXSID7042273	1	0
DTXSID7042063	0	0
DTXSID7042065	0	0
DTXSID7042279	0	0
DTXSID7042352	0	0
DTXSID7042356	0	0
DTXSID7042196	0	0
DTXSID7042437	0	0
DTXSID7042198	0	0
DTXSID7042514	0	0
DTXSID7042019	0	0
DTXSID7043829	0	0
DTXSID7043873	1	0
DTXSID7043902	0	0
DTXSID7044132	0	0
DTXSID7043908	0	0
DTXSID7044215	0	0
DTXSID7043950	1	0
DTXSID7044217	0	0
DTXSID7044267	0	0
DTXSID7044340	0	0
DTXSID7044342	0	0
DTXSID7044346	0	0
DTXSID7044390	0	0
DTXSID7044398	0	0
DTXSID7044421	0	0
DTXSID7044423	0	0
DTXSID7044425	0	0
DTXSID7044392	0	0
DTXSID7044429	0	0
DTXSID7044500	0	0
DTXSID7044506	0	0
DTXSID7044558	0	0
DTXSID7044631	0	0
DTXSID7044471	0	0
DTXSID7044633	0	0
DTXSID7044473	0	0
DTXSID7044502	0	0
DTXSID7044504	0	0
DTXSID7044552	0	0
DTXSID7044475	0	0
DTXSID7044635	0	0
DTXSID7044639	0	0
DTXSID7044554	1	0
DTXSID7044718	1	0
DTXSID7044768	0	0
DTXSID7044764	0	0
DTXSID7044712	0	0
DTXSID7044841	0	0
DTXSID7044760	0	0
DTXSID7044843	1	0
DTXSID7044681	1	0
DTXSID7044714	0	0
DTXSID7044685	0	0
DTXSID7044716	0	0
DTXSID7044689	0	0
DTXSID7044710	0	0
DTXSID7044922	0	0
DTXSID7044928	0	0
DTXSID7044845	0	0
DTXSID7044849	0	0
DTXSID7044893	0	0
DTXSID7044970	0	0
DTXSID7044895	1	1
DTXSID7044897	0	0
DTXSID7044972	0	0
DTXSID7045364	0	0
DTXSID7044974	0	0
DTXSID7044976	0	0
DTXSID7045366	0	0
DTXSID7045368	0	0
DTXSID7045287	0	0
DTXSID7045029	1	0
DTXSID7045316	0	0
DTXSID7045152	0	0
DTXSID7045158	0	0
DTXSID7045281	0	0
DTXSID7045441	0	0
DTXSID7045447	0	0
DTXSID7045493	0	0
DTXSID7045497	0	0
DTXSID7045522	0	0
DTXSID7045576	0	0
DTXSID7045578	0	0
DTXSID7045526	0	0
DTXSID7045570	0	0
DTXSID7045574	0	0
DTXSID7045996	1	0
DTXSID7045942	0	0
DTXSID7045788	0	0
DTXSID7045948	0	0
DTXSID7045940	0	0
DTXSID7045815	0	0
DTXSID7045813	1	0
DTXSID7045863	0	0
DTXSID7045946	0	0
DTXSID7045811	0	0
DTXSID7045607	0	0
DTXSID7045651	0	0
DTXSID7045659	0	0
DTXSID7045655	0	0
DTXSID7045653	0	0
DTXSID7046093	0	0
DTXSID7046128	1	0
DTXSID7046332	0	0
DTXSID7046386	1	0
DTXSID7046388	1	0
DTXSID7046041	0	0
DTXSID7046091	0	0
DTXSID7046045	1	0
DTXSID7046095	0	0
DTXSID7046126	0	0
DTXSID7046047	0	0
DTXSID7046384	0	0
DTXSID7046201	0	0
DTXSID7046207	0	0
DTXSID7046174	1	0
DTXSID7046417	0	0
DTXSID7046706	0	0
DTXSID7046673	0	0
DTXSID7046623	0	0
DTXSID7046415	0	0
DTXSID7046463	0	0
DTXSID7046677	0	0
DTXSID7046594	0	0
DTXSID7046675	1	0
DTXSID7046176	0	0
DTXSID7046461	0	0
DTXSID7046627	1	0
DTXSID7046467	0	0
DTXSID7047144	1	0
DTXSID7047065	0	0
DTXSID7047146	1	1
DTXSID7047067	0	0
DTXSID7046910	0	0
DTXSID7047061	1	0
DTXSID7046912	0	0
DTXSID7046831	0	0
DTXSID7046914	0	0
DTXSID7046966	0	0
DTXSID7047271	0	0
DTXSID7047196	0	0
DTXSID7047198	0	0
DTXSID7047279	0	0
DTXSID7047192	0	0
DTXSID7047304	0	0
DTXSID7047306	1	0
DTXSID7047277	0	0
DTXSID7047308	1	0
DTXSID7047510	0	0
DTXSID7047562	0	0
DTXSID7047512	0	0
DTXSID7047356	0	0
DTXSID7047358	0	0
DTXSID7047439	0	0
DTXSID7047568	0	0
DTXSID7047641	0	0
DTXSID7047643	0	0
DTXSID7047487	0	0
DTXSID7047518	0	0
DTXSID7047560	0	0
DTXSID7047645	0	0
DTXSID7047647	0	0
DTXSID7047649	0	0
DTXSID7047693	0	0
DTXSID7047774	0	0
DTXSID7047807	0	0
DTXSID7047697	0	0
DTXSID7047726	1	0
DTXSID7047772	0	0
DTXSID7047691	0	0
DTXSID7047776	0	0
DTXSID7047930	0	0
DTXSID7047803	0	0
DTXSID7047934	0	0
DTXSID7048669	0	0
DTXSID7047938	0	0
DTXSID7048619	1	0
DTXSID7048166	0	0
DTXSID7048580	1	0
DTXSID7048582	0	0
DTXSID7047936	0	0
DTXSID7048661	0	0
DTXSID7048740	0	0
DTXSID7048168	0	0
DTXSID7048744	0	0
DTXSID7048746	0	0
DTXSID7048790	0	0
DTXSID7048792	0	0
DTXSID7048794	0	0
DTXSID7048875	0	0
DTXSID7048827	0	0
DTXSID7048879	0	0
DTXSID7048829	0	0
DTXSID7048871	0	0
DTXSID7048900	0	0
DTXSID7048902	0	0
DTXSID7048873	0	0
DTXSID7048908	1	0
DTXSID7048825	0	0
DTXSID7048796	0	0
DTXSID7048798	0	0
DTXSID7048821	0	0
DTXSID7048904	0	0
DTXSID7049003	0	0
DTXSID7049007	0	0
DTXSID7049213	0	0
DTXSID7049215	0	0
DTXSID7049217	0	0
DTXSID7049051	0	0
DTXSID7049219	0	0
DTXSID7049055	0	0
DTXSID7049261	1	0
DTXSID7049263	0	0
DTXSID7049269	0	0
DTXSID7049340	1	1
DTXSID7049265	1	0
DTXSID7049267	0	0
DTXSID7049342	0	0
DTXSID7049059	1	0
DTXSID7049211	0	0
DTXSID7049344	0	0
DTXSID7049423	1	0
DTXSID7049429	0	0
DTXSID7049346	0	0
DTXSID7049348	0	0
DTXSID7049390	0	0
DTXSID7049421	0	0
DTXSID7049425	0	0
DTXSID7049392	0	0
DTXSID7049427	0	0
DTXSID7052288	0	0
DTXSID7052109	0	0
DTXSID7052319	0	0
DTXSID7051474	0	0
DTXSID7051557	0	0
DTXSID7052284	0	0
DTXSID7051715	0	0
DTXSID7052446	1	0
DTXSID7052577	1	0
DTXSID7052571	0	0
DTXSID7052602	0	0
DTXSID7052529	1	0
DTXSID7052652	0	0
DTXSID7057602	0	0
DTXSID7057604	0	0
DTXSID7052735	0	0
DTXSID7052654	0	0
DTXSID7052860	0	0
DTXSID7052573	0	0
DTXSID7057781	0	0
DTXSID7057783	0	0
DTXSID7057816	0	0
DTXSID7057818	0	0
DTXSID7057658	1	0
DTXSID7057737	1	0
DTXSID7057785	0	0
DTXSID7057608	1	0
DTXSID7057739	0	0
DTXSID7057787	0	0
DTXSID7057789	0	0
DTXSID7057735	0	0
DTXSID7057606	0	0
DTXSID7057731	0	0
DTXSID7057733	0	0
DTXSID7057650	0	0
DTXSID7057652	0	0
DTXSID7057810	0	0
DTXSID7057812	0	0
DTXSID7057654	0	0
DTXSID7057656	0	0
DTXSID8020040	0	1
DTXSID8020044	0	0
DTXSID8020090	0	0
DTXSID8020123	0	0
DTXSID8020092	0	0
DTXSID8020094	0	0
DTXSID8020121	0	1
DTXSID8020129	0	0
DTXSID8020175	1	0
DTXSID8020173	0	0
DTXSID8020200	0	0
DTXSID8020206	0	0
DTXSID8020331	0	0
DTXSID8020256	0	0
DTXSID8020252	0	0
DTXSID8020337	1	0
DTXSID8020381	0	0
DTXSID8020545	0	0
DTXSID8020541	0	0
DTXSID8020468	0	0
DTXSID8020464	0	0
DTXSID8020591	0	0
DTXSID8020410	1	0
DTXSID8020543	0	0
DTXSID8020462	0	0
DTXSID8020593	0	0
DTXSID8020707	0	0
DTXSID8020624	0	0
DTXSID8020626	0	0
DTXSID8020597	0	1
DTXSID8020674	1	0
DTXSID8020703	0	0
DTXSID8020620	0	0
DTXSID8020678	1	0
DTXSID8020628	0	0
DTXSID8020757	0	0
DTXSID8020830	1	0
DTXSID8020834	0	0
DTXSID8020838	0	0
DTXSID8020709	0	0
DTXSID8020880	0	0
DTXSID8020886	0	0
DTXSID8020755	0	0
DTXSID8020965	0	0
DTXSID8020915	0	0
DTXSID8020888	0	0
DTXSID8020961	0	0
DTXSID8020913	0	0
DTXSID8020969	0	0
DTXSID8020919	0	0
DTXSID8020917	0	0
DTXSID8020963	0	0
DTXSID8020967	0	0
DTXSID8021147	0	0
DTXSID8021193	0	0
DTXSID8021199	0	0
DTXSID8021141	0	0
DTXSID8021222	0	0
DTXSID8021224	1	0
DTXSID8021270	0	0
DTXSID8021359	0	0
DTXSID8021301	0	1
DTXSID8021484	0	0
DTXSID8021515	0	0
DTXSID8021438	0	0
DTXSID8021488	0	0
DTXSID8021309	0	0
DTXSID8021482	0	0
DTXSID8021519	0	0
DTXSID8021561	0	0
DTXSID8021563	1	0
DTXSID8021517	0	0
DTXSID8021278	0	0
DTXSID8021565	0	0
DTXSID8021640	0	0
DTXSID8021642	0	0
DTXSID8021721	1	0
DTXSID8021725	0	0
DTXSID8021729	1	0
DTXSID8021771	1	0
DTXSID8021775	1	0
DTXSID8021777	0	0
DTXSID8021800	0	0
DTXSID8021644	0	0
DTXSID8021646	0	0
DTXSID8021648	0	0
DTXSID8021690	0	0
DTXSID8021939	0	0
DTXSID8021937	0	0
DTXSID8021854	0	0
DTXSID8022080	1	0
DTXSID8022082	1	0
DTXSID8021804	0	0
DTXSID8021856	0	0
DTXSID8021808	1	0
DTXSID8022084	0	0
DTXSID8021931	0	0
DTXSID8022086	0	0
DTXSID8022113	0	0
DTXSID8022325	1	0
DTXSID8022246	0	0
DTXSID8022292	0	0
DTXSID8022111	0	0
DTXSID8022161	1	0
DTXSID8022589	0	0
DTXSID8022610	0	0
DTXSID8022666	0	0
DTXSID8022404	1	0
DTXSID8022406	1	0
DTXSID8022614	1	0
DTXSID8022408	1	0
DTXSID8022749	0	0
DTXSID8022822	0	0
DTXSID8022741	0	0
DTXSID8022872	0	0
DTXSID8022959	0	0
DTXSID8023050	0	0
DTXSID8023054	0	0
DTXSID8023137	0	0
DTXSID8023470	0	0
DTXSID8023393	0	0
DTXSID8023472	1	0
DTXSID8023474	0	0
DTXSID8023395	0	0
DTXSID8023551	0	0
DTXSID8023426	1	0
DTXSID8023476	0	0
DTXSID8023630	0	0
DTXSID8023632	0	0
DTXSID8023713	0	0
DTXSID8023636	1	0
DTXSID8023719	1	0
DTXSID8023688	0	0
DTXSID8023846	0	0
DTXSID8023848	0	0
DTXSID8023890	0	0
DTXSID8023262	0	0
DTXSID8023977	0	0
DTXSID8023216	1	0
DTXSID8023927	0	0
DTXSID8023347	1	0
DTXSID8024072	0	0
DTXSID8024101	0	0
DTXSID8023349	1	0
DTXSID8023214	1	0
DTXSID8024105	1	0
DTXSID8024107	0	0
DTXSID8024109	0	0
DTXSID8023971	0	0
DTXSID8023973	0	0
DTXSID8024153	1	0
DTXSID8024157	0	0
DTXSID8024159	0	0
DTXSID8024151	0	0
DTXSID8024234	0	0
DTXSID8024315	0	0
DTXSID8024442	0	0
DTXSID8024448	0	0
DTXSID8024238	0	0
DTXSID8024280	0	0
DTXSID8024311	0	0
DTXSID8024529	0	0
DTXSID8024781	0	0
DTXSID8024573	0	0
DTXSID8024787	0	0
DTXSID8024652	0	0
DTXSID8024814	0	0
DTXSID8024810	0	0
DTXSID8024658	0	0
DTXSID8024733	0	0
DTXSID8024498	1	0
DTXSID8024600	0	0
DTXSID8024602	1	0
DTXSID8024608	0	0
DTXSID8024866	0	0
DTXSID8024941	0	0
DTXSID8024991	0	0
DTXSID8025258	1	0
DTXSID8024999	0	0
DTXSID8025331	0	0
DTXSID8025040	0	0
DTXSID8025046	0	0
DTXSID8025096	0	0
DTXSID8024993	0	0
DTXSID8025337	0	0
DTXSID8025094	0	0
DTXSID8024997	0	0
DTXSID8025628	0	0
DTXSID8025591	0	0
DTXSID8025670	1	0
DTXSID8025703	0	0
DTXSID8025751	0	0
DTXSID8025593	0	0
DTXSID8025757	0	0
DTXSID8025595	0	0
DTXSID8025759	0	0
DTXSID8025886	0	0
DTXSID8025961	0	0
DTXSID8025963	0	0
DTXSID8025969	0	0
DTXSID8026018	1	0
DTXSID8026060	0	0
DTXSID8026064	1	0
DTXSID8026068	0	0
DTXSID8026193	0	0
DTXSID8025599	0	0
DTXSID8026195	0	0
DTXSID8026220	1	0
DTXSID8026303	1	0
DTXSID8026141	0	0
DTXSID8026305	0	0
DTXSID8026145	0	0
DTXSID8026147	0	0
DTXSID8026307	0	0
DTXSID8026563	0	0
DTXSID8026513	0	0
DTXSID8026698	0	0
DTXSID8026640	1	0
DTXSID8026309	0	0
DTXSID8026725	0	0
DTXSID8026694	0	0
DTXSID8026519	0	0
DTXSID8026931	1	0
DTXSID8026729	0	0
DTXSID8026935	1	0
DTXSID8026981	0	0
DTXSID8027034	0	0
DTXSID8026933	0	0
DTXSID8026773	0	0
DTXSID8026727	1	0
DTXSID8026775	0	0
DTXSID8027086	0	0
DTXSID8027169	0	0
DTXSID8027240	0	0
DTXSID8027294	0	0
DTXSID8027321	1	0
DTXSID8027454	0	0
DTXSID8027537	0	0
DTXSID8027329	0	0
DTXSID8027323	0	0
DTXSID8027246	0	0
DTXSID8027402	0	0
DTXSID8027292	0	0
DTXSID8027452	0	0
DTXSID8027589	0	0
DTXSID8027797	0	0
DTXSID8027826	1	0
DTXSID8027793	0	0
DTXSID8027795	0	0
DTXSID8028008	1	0
DTXSID8029072	0	0
DTXSID8029105	0	0
DTXSID8029232	1	0
DTXSID8029234	0	0
DTXSID8029230	0	0
DTXSID8029236	0	0
DTXSID8029315	1	0
DTXSID8029153	0	0
DTXSID8029280	0	0
DTXSID8029282	1	0
DTXSID8029606	0	0
DTXSID8029157	0	0
DTXSID8027959	0	0
DTXSID8029575	0	0
DTXSID8029608	0	0
DTXSID8029600	0	0
DTXSID8029602	1	1
DTXSID8029604	0	0
DTXSID8030423	1	0
DTXSID8029652	0	0
DTXSID8029739	0	0
DTXSID8031077	1	0
DTXSID8029868	0	0
DTXSID8030138	1	0
DTXSID8032417	0	0
DTXSID8032544	0	0
DTXSID8032548	0	0
DTXSID8031863	1	0
DTXSID8031865	0	0
DTXSID8032386	0	0
DTXSID8032623	0	0
DTXSID8032627	0	0
DTXSID8032671	0	0
DTXSID8033566	0	0
DTXSID8034538	0	0
DTXSID8033562	0	0
DTXSID8033564	0	0
DTXSID8034580	1	0
DTXSID8033433	0	0
DTXSID8032673	0	0
DTXSID8034087	1	0
DTXSID8034401	0	0
DTXSID8034586	0	0
DTXSID8034376	0	0
DTXSID8034089	0	0
DTXSID8034588	0	0
DTXSID8033649	0	0
DTXSID8033803	1	0
DTXSID8034241	0	0
DTXSID8034085	0	0
DTXSID8034324	0	0
DTXSID8034372	0	0
DTXSID8034665	0	0
DTXSID8034792	0	0
DTXSID8034823	0	0
DTXSID8034871	0	0
DTXSID8034956	0	0
DTXSID8034877	0	0
DTXSID8035001	0	0
DTXSID8035186	0	0
DTXSID8035217	0	0
DTXSID8035423	0	0
DTXSID8037207	0	0
DTXSID8037752	0	0
DTXSID8037596	0	0
DTXSID8037708	1	0
DTXSID8037754	0	0
DTXSID8037756	0	0
DTXSID8037750	1	0
DTXSID8037706	1	0
DTXSID8038770	0	0
DTXSID8038801	0	0
DTXSID8040270	1	0
DTXSID8040278	0	0
DTXSID8040222	0	0
DTXSID8040694	0	0
DTXSID8038855	0	0
DTXSID8038857	0	0
DTXSID8039241	0	0
DTXSID8040723	0	0
DTXSID8040725	0	0
DTXSID8040721	0	0
DTXSID8040779	0	0
DTXSID8041032	0	0
DTXSID8041034	0	0
DTXSID8041080	0	0
DTXSID8040727	0	0
DTXSID8041242	0	0
DTXSID8041327	0	0
DTXSID8041246	0	0
DTXSID8041379	1	0
DTXSID8041329	0	0
DTXSID8041404	1	0
DTXSID8041452	1	0
DTXSID8041248	1	0
DTXSID8041610	0	0
DTXSID8041668	0	0
DTXSID8041371	0	0
DTXSID8041373	0	0
DTXSID8041743	1	0
DTXSID8042052	0	0
DTXSID8041745	1	0
DTXSID8041951	0	0
DTXSID8041955	0	0
DTXSID8041959	0	0
DTXSID8041793	1	0
DTXSID8042002	0	0
DTXSID8042137	0	0
DTXSID8042181	0	0
DTXSID8041797	1	0
DTXSID8042187	0	0
DTXSID8042264	0	0
DTXSID8042266	0	0
DTXSID8042218	0	0
DTXSID8042260	0	0
DTXSID8042189	0	0
DTXSID8041799	1	0
DTXSID8041828	0	0
DTXSID8042632	0	0
DTXSID8042503	0	0
DTXSID8042424	0	0
DTXSID8043814	1	0
DTXSID8042559	0	0
DTXSID8042422	0	0
DTXSID8042507	0	0
DTXSID8042509	1	0
DTXSID8042426	0	0
DTXSID8042478	0	0
DTXSID8044206	0	0
DTXSID8044208	0	0
DTXSID8044381	0	0
DTXSID8044252	0	0
DTXSID8044200	0	0
DTXSID8044383	0	0
DTXSID8044202	0	0
DTXSID8044385	0	0
DTXSID8044204	0	0
DTXSID8044416	0	0
DTXSID8044462	0	0
DTXSID8044410	1	0
DTXSID8044543	1	0
DTXSID8044547	0	0
DTXSID8044593	0	0
DTXSID8044549	0	0
DTXSID8044464	1	0
DTXSID8044595	0	0
DTXSID8044412	0	0
DTXSID8044591	0	0
DTXSID8044545	1	1
DTXSID8044466	0	0
DTXSID8044414	0	0
DTXSID8044622	0	0
DTXSID8044624	0	0
DTXSID8044597	1	0
DTXSID8044599	0	0
DTXSID8044626	0	0
DTXSID8044670	0	0
DTXSID8044620	0	0
DTXSID8044676	0	0
DTXSID8044709	0	0
DTXSID8044751	1	0
DTXSID8044753	1	0
DTXSID8044757	0	0
DTXSID8044755	0	0
DTXSID8044832	0	0
DTXSID8044834	0	0
DTXSID8044830	0	0
DTXSID8044836	1	1
DTXSID8044913	0	0
DTXSID8044919	0	0
DTXSID8044961	0	0
DTXSID8044678	0	0
DTXSID8044701	0	0
DTXSID8044703	0	0
DTXSID8044880	0	0
DTXSID8044963	0	0
DTXSID8044882	0	0
DTXSID8044886	0	0
DTXSID8044967	0	0
DTXSID8045141	0	0
DTXSID8045228	0	0
DTXSID8045357	0	0
DTXSID8044888	0	0
DTXSID8045149	0	1
DTXSID8045145	0	0
DTXSID8045147	0	0
DTXSID8044884	0	0
DTXSID8045191	0	0
DTXSID8045193	0	0
DTXSID8045195	0	0
DTXSID8045220	0	0
DTXSID8045486	0	0
DTXSID8045565	0	0
DTXSID8045488	0	0
DTXSID8045567	0	0
DTXSID8045640	0	0
DTXSID8045359	0	0
DTXSID8045513	0	0
DTXSID8045515	0	0
DTXSID8045434	0	0
DTXSID8045351	0	0
DTXSID8045519	0	0
DTXSID8045850	0	0
DTXSID8045698	0	0
DTXSID8045852	0	0
DTXSID8045854	0	0
DTXSID8045771	0	0
DTXSID8045933	0	0
DTXSID8045935	0	0
DTXSID8045937	0	0
DTXSID8045939	0	0
DTXSID8045648	0	0
DTXSID8045690	0	0
DTXSID8045692	0	0
DTXSID8046163	0	0
DTXSID8046244	1	0
DTXSID8046038	0	0
DTXSID8046321	0	0
DTXSID8045983	0	0
DTXSID8046117	0	0
DTXSID8045987	0	0
DTXSID8046088	0	0
DTXSID8046113	0	0
DTXSID8046119	0	0
DTXSID8045989	0	0
DTXSID8046086	0	0
DTXSID8046161	0	0
DTXSID8046404	0	0
DTXSID8046296	0	0
DTXSID8046242	1	0
DTXSID8046402	0	0
DTXSID8046454	1	0
DTXSID8046531	0	0
DTXSID8046539	0	0
DTXSID8046406	1	0
DTXSID8046456	0	0
DTXSID8046450	0	0
DTXSID8046662	0	0
DTXSID8046664	0	0
DTXSID8045779	0	0
DTXSID8045802	0	0
DTXSID8045804	0	0
DTXSID8045806	1	0
DTXSID8046585	0	0
DTXSID8046589	0	0
DTXSID8046610	0	0
DTXSID8047000	0	0
DTXSID8046743	0	0
DTXSID8046799	0	0
DTXSID8046903	0	0
DTXSID8046820	1	0
DTXSID8047058	0	0
DTXSID8046951	0	0
DTXSID8047131	0	0
DTXSID8046828	0	0
DTXSID8047183	0	0
DTXSID8047185	0	0
DTXSID8047187	0	0
DTXSID8047189	0	0
DTXSID8047264	1	0
DTXSID8047135	0	0
DTXSID8047056	1	0
DTXSID8047266	0	0
DTXSID8047391	0	0
DTXSID8047341	0	0
DTXSID8047262	1	0
DTXSID8047268	0	0
DTXSID8047347	0	1
DTXSID8047420	1	0
DTXSID8047422	1	0
DTXSID8047349	1	0
DTXSID8047397	0	0
DTXSID8047424	0	0
DTXSID8047426	0	0
DTXSID8047428	0	0
DTXSID8047553	1	0
DTXSID8047472	0	0
DTXSID8047474	0	0
DTXSID8047476	0	0
DTXSID8047636	0	0
DTXSID8047505	1	0
DTXSID8047559	0	0
DTXSID8047680	0	0
DTXSID8047846	0	0
DTXSID8047890	1	0
DTXSID8047684	0	0
DTXSID8047848	0	0
DTXSID8047894	1	0
DTXSID8047842	0	1
DTXSID8047713	0	0
DTXSID8047844	0	0
DTXSID8047717	0	0
DTXSID8047769	0	0
DTXSID8047840	0	0
DTXSID8047927	0	0
DTXSID8047929	0	0
DTXSID8048494	0	0
DTXSID8048650	0	0
DTXSID8047971	0	0
DTXSID8047921	0	0
DTXSID8047973	1	0
DTXSID8048600	0	0
DTXSID8048521	0	0
DTXSID8047923	1	0
DTXSID8047925	0	0
DTXSID8048737	0	0
DTXSID8048783	1	0
DTXSID8048606	0	0
DTXSID8048733	0	0
DTXSID8048785	0	0
DTXSID8048787	0	0
DTXSID8048789	0	0
DTXSID8048781	0	0
DTXSID8048656	0	0
DTXSID8048735	0	0
DTXSID8049040	0	0
DTXSID8048860	0	0
DTXSID8048818	0	0
DTXSID8049044	0	0
DTXSID8049042	0	0
DTXSID8049046	0	0
DTXSID8048866	0	0
DTXSID8048810	1	0
DTXSID8048999	0	0
DTXSID8048868	0	0
DTXSID8048941	0	0
DTXSID8049048	0	0
DTXSID8048812	0	0
DTXSID8049204	0	0
DTXSID8049252	0	0
DTXSID8049254	1	0
DTXSID8049339	0	0
DTXSID8049381	0	0
DTXSID8049256	0	0
DTXSID8049333	0	0
DTXSID8049335	0	0
DTXSID8049200	0	0
DTXSID8049202	0	0
DTXSID8049258	0	0
DTXSID8049331	0	0
DTXSID8049383	0	0
DTXSID8048943	0	0
DTXSID8049206	0	0
DTXSID8049337	0	0
DTXSID8049208	0	0
DTXSID8049385	0	0
DTXSID8049250	1	0
DTXSID8049416	1	0
DTXSID8049418	0	0
DTXSID8049389	0	0
DTXSID8049410	0	0
DTXSID8049412	0	0
DTXSID8049414	0	0
DTXSID8048945	0	0
DTXSID8051540	0	0
DTXSID8049387	0	0
DTXSID8051542	0	0
DTXSID8048947	0	0
DTXSID8051708	0	0
DTXSID8051754	0	0
DTXSID8051704	0	0
DTXSID8051914	1	0
DTXSID8057643	0	0
DTXSID8057724	0	0
DTXSID8057645	0	1
DTXSID8052641	1	0
DTXSID8057695	0	0
DTXSID8057699	0	0
DTXSID8057720	0	0
DTXSID8057722	0	0
DTXSID8057726	0	0
DTXSID8057728	1	0
DTXSID8052300	0	0
DTXSID8052308	0	0
DTXSID8057693	0	0
DTXSID8057647	0	0
DTXSID8057649	1	0
DTXSID8052724	1	1
DTXSID8057641	0	0
DTXSID8057772	0	0
DTXSID8057774	0	0
DTXSID8057770	0	0
DTXSID8057691	0	0
DTXSID8057776	0	0
DTXSID8057778	0	0
DTXSID8057853	0	0
DTXSID8057803	0	0
DTXSID8057805	1	0
DTXSID8057855	0	0
DTXSID8057851	0	0
DTXSID9020031	1	0
DTXSID9020081	0	0
DTXSID9020083	0	0
DTXSID9020087	0	0
DTXSID9020110	0	1
DTXSID9020118	0	0
DTXSID9020112	0	0
DTXSID9020160	0	0
DTXSID9020114	0	0
DTXSID9020089	0	0
DTXSID9020164	0	0
DTXSID9020166	1	0
DTXSID9020168	0	0
DTXSID9020249	0	0
DTXSID9020295	0	0
DTXSID9020241	1	0
DTXSID9020247	0	0
DTXSID9020243	0	0
DTXSID9020293	0	0
DTXSID9020245	0	0
DTXSID9020322	0	0
DTXSID9020370	0	0
DTXSID9020299	0	0
DTXSID9020374	0	0
DTXSID9020372	0	0
DTXSID9020376	1	0
DTXSID9020409	1	0
DTXSID9020538	1	0
DTXSID9020401	1	0
DTXSID9020453	0	0
DTXSID9020582	1	0
DTXSID9020584	0	0
DTXSID9020580	0	0
DTXSID9020615	0	0
DTXSID9020663	0	0
DTXSID9020617	1	0
DTXSID9020667	0	0
DTXSID9020740	0	0
DTXSID9020742	0	0
DTXSID9020796	0	0
DTXSID9020827	1	0
DTXSID9020792	0	0
DTXSID9020829	0	0
DTXSID9020825	1	0
DTXSID9020958	0	0
DTXSID9021053	0	0
DTXSID9020956	1	0
DTXSID9021130	0	0
DTXSID9020875	0	0
DTXSID9021134	0	0
DTXSID9020877	0	0
DTXSID9021059	0	0
DTXSID9021136	0	0
DTXSID9021138	0	0
DTXSID9021182	0	0
DTXSID9021188	0	0
DTXSID9021342	1	0
DTXSID9021217	0	0
DTXSID9021344	1	0
DTXSID9021340	0	0
DTXSID9021346	0	0
DTXSID9021219	1	0
DTXSID9021267	1	0
DTXSID9021215	0	0
DTXSID9021390	0	0
DTXSID9021396	0	0
DTXSID9021398	1	0
DTXSID9021348	0	0
DTXSID9021427	0	0
DTXSID9021392	0	0
DTXSID9021477	0	0
DTXSID9021550	0	0
DTXSID9021479	0	0
DTXSID9021639	0	0
DTXSID9021683	0	0
DTXSID9021554	0	0
DTXSID9021689	0	0
DTXSID9021631	0	0
DTXSID9021633	0	0
DTXSID9021922	0	0
DTXSID9021718	0	0
DTXSID9021710	0	0
DTXSID9021899	0	0
DTXSID9021924	0	0
DTXSID9021843	0	0
DTXSID9021841	0	0
DTXSID9021847	0	0
DTXSID9021897	0	0
DTXSID9021716	1	0
DTXSID9022104	0	0
DTXSID9022027	0	0
DTXSID9022079	1	0
DTXSID9022310	1	1
DTXSID9022312	1	0
DTXSID9022360	1	0
DTXSID9022100	1	0
DTXSID9021976	0	0
DTXSID9022445	1	1
DTXSID9022520	0	0
DTXSID9022522	0	0
DTXSID9021928	0	0
DTXSID9021974	0	0
DTXSID9022607	0	0
DTXSID9022655	0	0
DTXSID9022657	0	0
DTXSID9022730	0	0
DTXSID9022526	1	0
DTXSID9022524	0	0
DTXSID9022528	1	0
DTXSID9022603	1	0
DTXSID9022944	1	0
DTXSID9023128	0	0
DTXSID9022948	0	0
DTXSID9022780	0	0
DTXSID9023170	0	0
DTXSID9023095	0	0
DTXSID9022940	0	0
DTXSID9022813	0	0
DTXSID9023122	0	0
DTXSID9022734	0	0
DTXSID9022736	0	0
DTXSID9022738	0	0
DTXSID9023201	0	0
DTXSID9023205	1	0
DTXSID9023041	0	0
DTXSID9023388	0	0
DTXSID9023043	0	0
DTXSID9023411	0	0
DTXSID9023540	0	0
DTXSID9023542	0	0
DTXSID9023546	0	0
DTXSID9023548	0	0
DTXSID9023590	0	0
DTXSID9023621	1	0
DTXSID9023255	0	0
DTXSID9023677	0	0
DTXSID9023386	1	0
DTXSID9023679	0	0
DTXSID9023702	0	0
DTXSID9023889	0	0
DTXSID9023881	1	0
DTXSID9023752	0	0
DTXSID9023756	0	0
DTXSID9024304	0	0
DTXSID9024194	0	0
DTXSID9024063	1	0
DTXSID9024065	0	0
DTXSID9024300	0	0
DTXSID9023914	0	0
DTXSID9024437	0	0
DTXSID9024481	0	0
DTXSID9024483	1	0
DTXSID9024485	0	0
DTXSID9024015	1	0
DTXSID9024489	1	0
DTXSID9024512	0	0
DTXSID9024487	0	0
DTXSID9024568	0	0
DTXSID9024809	0	0
DTXSID9024724	0	0
DTXSID9024726	0	0
DTXSID9024770	0	0
DTXSID9024855	0	0
DTXSID9024772	0	0
DTXSID9024774	0	0
DTXSID9024641	0	0
DTXSID9024699	0	0
DTXSID9024930	0	0
DTXSID9024934	1	0
DTXSID9025114	0	0
DTXSID9025164	0	0
DTXSID9024980	0	0
DTXSID9025037	1	0
DTXSID9025087	0	0
DTXSID9024986	0	0
DTXSID9025035	0	1
DTXSID9025291	0	0
DTXSID9025293	0	0
DTXSID9025297	0	0
DTXSID9025299	0	0
DTXSID9025536	0	0
DTXSID9025403	0	0
DTXSID9025538	0	0
DTXSID9025409	1	0
DTXSID9025401	0	0
DTXSID9025580	0	0
DTXSID9025588	0	0
DTXSID9025370	0	0
DTXSID9025740	0	0
DTXSID9025453	0	0
DTXSID9025744	0	0
DTXSID9025742	0	0
DTXSID9025746	0	0
DTXSID9025794	0	0
DTXSID9026132	0	0
DTXSID9025796	0	0
DTXSID9025825	1	0
DTXSID9025873	0	0
DTXSID9025617	0	0
DTXSID9025879	0	0
DTXSID9026059	0	0
DTXSID9025661	0	0
DTXSID9025665	0	0
DTXSID9026558	0	0
DTXSID9026631	0	0
DTXSID9026689	0	0
DTXSID9026710	0	0
DTXSID9026265	1	0
DTXSID9026841	0	0
DTXSID9026714	0	0
DTXSID9026849	0	0
DTXSID9026716	0	0
DTXSID9026718	0	0
DTXSID9026899	0	0
DTXSID9027104	0	0
DTXSID9027158	0	0
DTXSID9027233	0	0
DTXSID9027239	1	0
DTXSID9026922	0	0
DTXSID9026342	0	0
DTXSID9026924	1	0
DTXSID9026423	0	0
DTXSID9027281	0	0
DTXSID9027310	0	0
DTXSID9026926	0	0
DTXSID9027312	0	0
DTXSID9026974	1	0
DTXSID9027360	0	0
DTXSID9027368	0	0
DTXSID9027443	0	0
DTXSID9027021	0	0
DTXSID9027364	0	0
DTXSID9027522	1	0
DTXSID9027603	0	0
DTXSID9027449	0	0
DTXSID9027520	0	0
DTXSID9027441	1	0
DTXSID9029221	0	0
DTXSID9029192	0	0
DTXSID9029223	1	0
DTXSID9029225	0	0
DTXSID9029691	0	0
DTXSID9031800	0	0
DTXSID9032113	0	0
DTXSID9029275	0	0
DTXSID9030048	1	0
DTXSID9029277	1	0
DTXSID9029279	0	0
DTXSID9029302	0	0
DTXSID9029649	0	0
DTXSID9032329	0	0
DTXSID9032531	0	0
DTXSID9032533	0	0
DTXSID9032327	0	0
DTXSID9032375	0	0
DTXSID9032535	1	0
DTXSID9032610	1	0
DTXSID9032581	0	0
DTXSID9032379	0	0
DTXSID9032614	0	0
DTXSID9032589	1	0
DTXSID9032537	1	0
DTXSID9033058	0	0
DTXSID9033187	0	0
DTXSID9033264	0	0
DTXSID9033896	0	0
DTXSID9034232	0	0
DTXSID9034282	0	0
DTXSID9034361	0	0
DTXSID9034286	0	0
DTXSID9033923	0	0
DTXSID9034365	0	0
DTXSID9034490	0	0
DTXSID9034492	0	0
DTXSID9035753	0	0
DTXSID9036226	0	0
DTXSID9036438	1	0
DTXSID9035204	1	0
DTXSID9035206	0	0
DTXSID9034816	0	0
DTXSID9034818	0	0
DTXSID9034997	1	1
DTXSID9035175	0	0
DTXSID9034864	0	0
DTXSID9036646	0	0
DTXSID9036690	0	0
DTXSID9037745	1	0
DTXSID9037539	0	0
DTXSID9037248	1	0
DTXSID9037741	0	0
DTXSID9036933	0	0
DTXSID9037038	0	0
DTXSID9037246	0	0
DTXSID9040134	0	0
DTXSID9040269	0	0
DTXSID9040215	0	0
DTXSID9037749	1	0
DTXSID9039238	0	0
DTXSID9040554	0	0
DTXSID9040001	0	0
DTXSID9040635	0	0
DTXSID9040265	0	0
DTXSID9040130	0	0
DTXSID9040502	0	0
DTXSID9040718	0	0
DTXSID9040760	0	0
DTXSID9041075	0	0
DTXSID9041152	1	0
DTXSID9041233	1	0
DTXSID9040714	0	0
DTXSID9040685	0	0
DTXSID9041237	1	0
DTXSID9040687	0	0
DTXSID9041289	0	0
DTXSID9041368	0	0
DTXSID9041362	0	0
DTXSID9041441	0	0
DTXSID9041366	0	0
DTXSID9041491	0	0
DTXSID9041520	0	0
DTXSID9042124	0	0
DTXSID9041524	0	0
DTXSID9041528	0	0
DTXSID9041570	0	0
DTXSID9042209	1	0
DTXSID9041607	0	0
DTXSID9043853	0	0
DTXSID9043855	1	0
DTXSID9043938	0	0
DTXSID9042203	0	0
DTXSID9042336	0	0
DTXSID9041653	1	0
DTXSID9042415	0	0
DTXSID9041659	0	0
DTXSID9042592	0	0
DTXSID9044378	0	0
DTXSID9042259	0	0
DTXSID9042594	0	0
DTXSID9044112	0	0
DTXSID9044401	0	0
DTXSID9044164	1	0
DTXSID9044403	0	0
DTXSID9044241	0	0
DTXSID9044370	0	0
DTXSID9044299	0	0
DTXSID9044405	0	0
DTXSID9044407	0	0
DTXSID9044534	0	0
DTXSID9044409	0	0
DTXSID9044459	1	0
DTXSID9044451	0	0
DTXSID9044455	0	0
DTXSID9044532	1	0
DTXSID9044322	0	0
DTXSID9044374	0	0
DTXSID9044538	0	0
DTXSID9044582	0	0
DTXSID9044740	0	0
DTXSID9044615	0	1
DTXSID9044584	0	0
DTXSID9044619	0	0
DTXSID9044611	1	0
DTXSID9044661	1	0
DTXSID9044617	0	0
DTXSID9044663	0	0
DTXSID9044744	0	0
DTXSID9044746	0	0
DTXSID9044748	0	0
DTXSID9044790	0	0
DTXSID9044794	0	0
DTXSID9044796	0	0
DTXSID9044873	0	0
DTXSID9044950	1	0
DTXSID9044877	0	0
DTXSID9044871	0	0
DTXSID9044827	0	0
DTXSID9044879	0	0
DTXSID9044829	1	0
DTXSID9044875	0	0
DTXSID9044825	1	0
DTXSID9044821	0	0
DTXSID9044823	0	0
DTXSID9045182	0	0
DTXSID9045184	0	0
DTXSID9045188	0	0
DTXSID9045215	1	0
DTXSID9045003	0	0
DTXSID9045005	0	0
DTXSID9045007	0	0
DTXSID9045217	0	0
DTXSID9045053	0	0
DTXSID9045267	1	0
DTXSID9045342	0	0
DTXSID9045132	0	0
DTXSID9045136	0	0
DTXSID9045138	0	0
DTXSID9045508	0	0
DTXSID9045348	0	0
DTXSID9045556	0	0
DTXSID9045425	0	0
DTXSID9045506	0	0
DTXSID9045346	0	0
DTXSID9045394	0	0
DTXSID9045390	0	0
DTXSID9045500	0	0
DTXSID9045635	0	0
DTXSID9045558	1	0
DTXSID9045392	0	0
DTXSID9045849	1	0
DTXSID9045897	1	0
DTXSID9045768	0	0
DTXSID9045845	1	0
DTXSID9045683	0	0
DTXSID9045899	0	0
DTXSID9045922	0	0
DTXSID9045685	0	0
DTXSID9045847	1	0
DTXSID9045762	0	0
DTXSID9045687	0	0
DTXSID9045843	1	0
DTXSID9046235	1	0
DTXSID9046152	1	0
DTXSID9046281	0	0
DTXSID9046100	1	0
DTXSID9046283	0	0
DTXSID9046285	0	0
DTXSID9046158	0	0
DTXSID9046104	0	0
DTXSID9046491	0	0
DTXSID9046108	0	0
DTXSID9046495	0	0
DTXSID9046150	0	0
DTXSID9046023	0	0
DTXSID9046029	0	0
DTXSID9046071	0	0
DTXSID9046445	1	0
DTXSID9046289	1	0
DTXSID9046073	0	0
DTXSID9046499	0	0
DTXSID9046449	0	0
DTXSID9046287	0	0
DTXSID9046360	0	0
DTXSID9046443	0	0
DTXSID9046651	0	0
DTXSID9046572	0	0
DTXSID9046526	0	0
DTXSID9046813	0	0
DTXSID9046570	0	0
DTXSID9046786	0	0
DTXSID9046817	0	0
DTXSID9046576	1	0
DTXSID9046734	0	0
DTXSID9046738	0	0
DTXSID9046780	0	0
DTXSID9046992	0	0
DTXSID9047041	0	0
DTXSID9047091	0	0
DTXSID9046994	0	0
DTXSID9046861	0	0
DTXSID9046998	0	0
DTXSID9047043	0	0
DTXSID9046942	0	0
DTXSID9047049	1	0
DTXSID9047047	0	0
DTXSID9047093	0	0
DTXSID9046946	0	0
DTXSID9047201	0	0
DTXSID9047203	0	0
DTXSID9047176	0	0
DTXSID9047126	0	0
DTXSID9047178	0	0
DTXSID9047128	0	0
DTXSID9047205	0	0
DTXSID9047174	0	0
DTXSID9047259	0	0
DTXSID9047253	1	0
DTXSID9047255	1	0
DTXSID9047257	1	0
DTXSID9047095	0	0
DTXSID9047120	1	0
DTXSID9047251	0	0
DTXSID9047124	0	0
DTXSID9047413	0	0
DTXSID9047417	0	0
DTXSID9047330	1	0
DTXSID9047419	1	0
DTXSID9047461	0	0
DTXSID9047338	0	0
DTXSID9047334	0	0
DTXSID9047411	0	0
DTXSID9047465	0	0
DTXSID9047546	1	0
DTXSID9047592	1	0
DTXSID9047540	1	0
DTXSID9047548	1	0
DTXSID9047467	0	0
DTXSID9047469	0	0
DTXSID9047542	0	0
DTXSID9047590	0	0
DTXSID9047594	1	0
DTXSID9047598	1	0
DTXSID9047623	0	0
DTXSID9047629	0	0
DTXSID9047673	0	0
DTXSID9047702	1	0
DTXSID9047704	0	0
DTXSID9047675	0	0
DTXSID9047833	0	0
DTXSID9047679	0	0
DTXSID9047700	0	0
DTXSID9047889	0	0
DTXSID9047881	1	0
DTXSID9047883	1	0
DTXSID9047885	1	0
DTXSID9047910	0	0
DTXSID9047912	0	0
DTXSID9047835	1	0
DTXSID9047887	1	0
DTXSID9047837	0	0
DTXSID9047914	0	0
DTXSID9047839	0	0
DTXSID9047968	0	0
DTXSID9048192	0	0
DTXSID9048194	0	0
DTXSID9047966	0	0
DTXSID9047964	0	0
DTXSID9048198	0	0
DTXSID9048510	0	0
DTXSID9048512	1	0
DTXSID9048514	0	0
DTXSID9048516	0	0
DTXSID9048518	0	0
DTXSID9047960	1	1
DTXSID9047962	1	0
DTXSID9048778	0	0
DTXSID9048647	0	0
DTXSID9048649	0	0
DTXSID9047916	0	0
DTXSID9048695	0	0
DTXSID9048803	0	0
DTXSID9048805	0	0
DTXSID9048851	0	0
DTXSID9047918	0	0
DTXSID9048691	0	0
DTXSID9048693	0	0
DTXSID9048807	0	0
DTXSID9048801	0	0
DTXSID9048809	1	0
DTXSID9049035	0	0
DTXSID9049037	0	0
DTXSID9048722	0	0
DTXSID9048728	0	0
DTXSID9048774	0	0
DTXSID9049039	0	0
DTXSID9048853	0	0
DTXSID9048855	0	0
DTXSID9049083	0	0
DTXSID9048932	0	0
DTXSID9048859	0	0
DTXSID9049241	0	0
DTXSID9048930	0	0
DTXSID9048934	0	0
DTXSID9048936	0	0
DTXSID9049243	0	0
DTXSID9048938	0	0
DTXSID9049370	0	0
DTXSID9049322	0	0
DTXSID9049297	1	0
DTXSID9049326	0	0
DTXSID9049372	0	0
DTXSID9049245	1	0
DTXSID9049374	0	0
DTXSID9049293	0	0
DTXSID9049295	0	0
DTXSID9049299	0	0
DTXSID9049376	1	0
DTXSID9049247	0	0
DTXSID9049320	0	0
DTXSID9049324	0	0
DTXSID9049291	0	0
DTXSID9049378	0	0
DTXSID9051454	0	0
DTXSID9049405	0	0
DTXSID9049401	0	0
DTXSID9049403	0	0
DTXSID9049409	1	0
DTXSID9049407	0	0
DTXSID9051581	0	0
DTXSID9052509	1	0
DTXSID9057630	0	0
DTXSID9051618	0	0
DTXSID9051662	0	0
DTXSID9051824	0	0
DTXSID9051907	0	0
DTXSID9057634	0	0
DTXSID9057636	0	0
DTXSID9052505	0	0
DTXSID9057846	0	0
DTXSID9057711	0	0
DTXSID9057713	0	0
DTXSID9057848	0	0
DTXSID9057767	0	0
DTXSID9057638	0	0
DTXSID9057761	0	0
DTXSID9057769	0	0
DTXSID9057765	0	0
DTXSID9057898	0	0
DTXSID9057680	0	0
DTXSID9057682	0	0
DTXSID9058654	1	0
DTXSID9057840	0	1
DTXSID9057763	0	0
DTXSID9057684	1	0
DTXSID9057686	0	0
DTXSID9057715	0	0
DTXSID9057842	0	0
DTXSID9057844	0	0
DTXSID9057717	1	0
DTXSID9057719	0	0
