compound	predicted	actual	p(0)	p(1)
DTXSID0020072	1	1	0.32469615287978165	0.6753038471202181
DTXSID0020236	0	0	0.707214125163182	0.2927858748368183
DTXSID0020151	0	0	0.8958770267174446	0.10412297328255514
DTXSID0020153	0	0	0.8872556300548623	0.11274436994513776
DTXSID0020155	0	1	0.8054800522952709	0.19451994770472927
DTXSID0020523	1	1	0.42566965763102954	0.5743303423689705
DTXSID0020529	0	0	0.6021197569694947	0.3978802430305053
DTXSID0020606	0	0	0.76756710752155	0.23243289247845078
DTXSID0020650	0	0	0.6554846853365529	0.3445153146634474
DTXSID0020652	0	0	0.5296032266327588	0.4703967733672413
DTXSID0020737	0	0	0.7087885542037459	0.29121144579625446
DTXSID0020862	0	0	0.6719213140818266	0.3280786859181738
DTXSID0021123	0	0	0.6912811592540106	0.30871884074598976
DTXSID0021254	0	0	0.7292858393789123	0.27071416062108794
DTXSID0021129	0	0	0.7383575856873132	0.2616424143126872
DTXSID0021418	0	0	0.7553489141896477	0.2446510858103526
DTXSID0021547	0	0	0.8472343793655044	0.15276562063449595
DTXSID0021462	1	0	0.28518584412326836	0.7148141558767317
DTXSID0021709	0	0	0.8308423446608145	0.16915765533918592
DTXSID0021626	0	0	0.86975468322871	0.13024531677129017
DTXSID0021888	0	0	0.8227808502335551	0.17721914976644476
DTXSID0021834	1	1	0.4099002205326836	0.590099779467317
DTXSID0021915	0	0	0.7354663648305387	0.2645336351694618
DTXSID0021832	0	0	0.7906335363009159	0.20936646369908454
DTXSID0021961	0	0	0.5703950132823752	0.4296049867176251
DTXSID0022193	0	0	0.8287088325003403	0.17129116749966003
DTXSID0022062	0	0	0.805117451723137	0.194882548276863
DTXSID0022191	0	0	0.7856712720041376	0.2143287279958623
DTXSID0022644	0	0	0.54545927560198	0.4545407243980203
DTXSID0022060	0	0	0.6334981711156739	0.36650182888432614
DTXSID0022432	0	0	0.7238650822333212	0.276134917766679
DTXSID0022480	0	0	0.618092810374703	0.3819071896252971
DTXSID0022777	1	1	0.4755454444654788	0.5244545555345215
DTXSID0023329	0	0	0.6431532490115316	0.35684675098846896
DTXSID0023660	0	0	0.6162733379953693	0.38372666200463085
DTXSID0023581	1	1	0.3877935099032378	0.612206490096762
DTXSID0023907	0	0	0.6817886442348382	0.31821135576516213
DTXSID0024507	0	0	0.5548254150943462	0.44517458490565437
DTXSID0024395	0	0	0.8256547357768315	0.17434526422316868
DTXSID0024399	0	0	0.7183680430281011	0.2816319569718991
DTXSID0024553	0	0	0.8671687656065901	0.13283123439340994
DTXSID0024555	1	0	0.3391343849813307	0.6608656150186696
DTXSID0024559	1	1	0.2596058123684106	0.7403941876315893
DTXSID0024638	1	0	0.400903294825946	0.5990967051740534
DTXSID0025070	0	0	0.5897110793085045	0.41028892069149575
DTXSID0025361	0	0	0.8206829267037098	0.17931707329628988
DTXSID0025101	0	0	0.6883573594962076	0.311642640503793
DTXSID0025315	1	0	0.4845458137115927	0.5154541862884072
DTXSID0025074	0	0	0.618301866293109	0.3816981337068914
DTXSID0025076	1	1	0.35846515167888204	0.641534848321118
DTXSID0024921	0	0	0.6413675668719431	0.3586324331280575
DTXSID0025733	0	0	0.6053980407692171	0.3946019592307829
DTXSID0025737	0	0	0.6225264023622888	0.3774735976377116
DTXSID0025812	0	1	0.5182289051923437	0.48177109480765645
DTXSID0025789	0	0	0.6738465477291431	0.32615345227085707
DTXSID0025571	0	0	0.5783607689341815	0.42163923106581863
DTXSID0025654	0	0	0.7368875190460262	0.26311248095397394
DTXSID0025818	0	0	0.5512746974831525	0.44872530251684745
DTXSID0026040	0	1	0.661872778470924	0.338127221529077
DTXSID0025866	0	0	0.6988669263934522	0.30113307360654784
DTXSID0025991	0	0	0.5179860102594153	0.482013989740585
DTXSID0026838	0	0	0.8355552592792915	0.164444740720709
DTXSID0026880	0	0	0.8286500479797865	0.17134995202021397
DTXSID0026888	0	0	0.7964176278559933	0.203582372144007
DTXSID0026701	0	0	0.8444655953892688	0.1555344046107311
DTXSID0026547	0	0	0.561074129361031	0.43892587063896904
DTXSID0027066	0	0	0.6497701888186987	0.35022981118130125
DTXSID0027191	0	0	0.8810543348857237	0.11894566511427652
DTXSID0026967	0	0	0.6559759593677323	0.34402404063226777
DTXSID0027143	0	1	0.6102444870039866	0.38975551299601446
DTXSID0026961	1	0	0.48033492553962875	0.5196650744603714
DTXSID0027222	0	0	0.8339095382268329	0.16609046177316716
DTXSID0027438	0	0	0.7295113374703625	0.2704886625296377
DTXSID0027436	0	0	0.8261534628285038	0.17384653717149598
DTXSID0027515	0	0	0.8432535036740235	0.15674649632597656
DTXSID0027309	0	0	0.7971449688840496	0.20285503111595027
DTXSID0027773	0	1	0.6493649580556161	0.35063504194438416
DTXSID0027802	0	0	0.5887112497402729	0.41128875025972716
DTXSID0029218	0	0	0.8550000701692587	0.14499992983074153
DTXSID0029133	0	0	0.7448107948583979	0.25518920514160176
DTXSID0032578	0	0	0.783566122606332	0.21643387739366834
DTXSID0032869	0	0	0.6227927007002058	0.37720729929979385
DTXSID0033047	0	0	0.893776323113164	0.10622367688683589
DTXSID0033332	1	0	0.43065375587455207	0.5693462441254478
DTXSID0033382	1	1	0.41389956165111086	0.5861004383488885
DTXSID0033469	1	0	0.46312913089741264	0.5368708691025874
DTXSID0037730	1	1	0.2969177017643699	0.7030822982356297
DTXSID0037734	0	1	0.710083642891023	0.2899163571089778
DTXSID0038756	0	0	0.8102646584274974	0.1897353415725029
DTXSID0038881	0	0	0.7123352082578901	0.28766479174211024
DTXSID0038831	0	0	0.8146486095509027	0.1853513904490978
DTXSID0040701	0	0	0.7902712956485825	0.2097287043514181
DTXSID0040707	0	0	0.7736908926945161	0.22630910730548423
DTXSID0037231	1	0	0.4188573721648008	0.581142627835199
DTXSID0040705	0	0	0.6063606467617632	0.3936393532382372
DTXSID0041357	0	1	0.8221943406564756	0.17780565934352466
DTXSID0041270	0	0	0.8906939223364089	0.10930607766359164
DTXSID0041484	0	0	0.7778460380989255	0.22215396190107464
DTXSID0042038	0	0	0.841526889607604	0.15847311039239623
DTXSID0042242	0	0	0.8208797620683104	0.17912023793168988
DTXSID0042167	0	0	0.7702138798415538	0.22978612015844652
DTXSID0042248	0	1	0.5037454088867809	0.496254591113219
DTXSID0044107	0	0	0.898415241746628	0.10158475825337233
DTXSID0042454	0	0	0.8096634022261403	0.19033659777385994
DTXSID0044236	1	0	0.38615415270812187	0.613845847291878
DTXSID0044315	0	0	0.6427041389463799	0.3572958610536201
DTXSID0044363	0	0	0.841526889607604	0.15847311039239623
DTXSID0044494	0	0	0.6597532497171538	0.34024675028284673
DTXSID0044440	0	0	0.5824235702357842	0.41757642976421605
DTXSID0044523	0	0	0.7314242346651445	0.26857576533485533
DTXSID0044600	0	0	0.8014214518652591	0.19857854813474074
DTXSID0044525	0	1	0.8252847622032904	0.17471523779670994
DTXSID0044527	0	0	0.7195847621783122	0.280415237821688
DTXSID0044571	0	0	0.6522033976333355	0.3477966023666644
DTXSID0044573	0	0	0.7291486337008994	0.27085136629910084
DTXSID0044650	0	0	0.8041526663238284	0.19584733367617121
DTXSID0044733	0	0	0.6357158516986828	0.3642841483013175
DTXSID0044941	0	0	0.5077898526390012	0.4922101473609988
DTXSID0044995	0	1	0.5151089978592295	0.4848910021407707
DTXSID0045252	0	0	0.5061477403546861	0.4938522596453141
DTXSID0045389	0	0	0.6301594865073408	0.36984051349266
DTXSID0045832	0	0	0.6179364952028105	0.38206350479718976
DTXSID0045836	0	0	0.5762843942732666	0.42371560572673345
DTXSID0045838	0	0	0.76633675775224	0.23366324224776028
DTXSID0045880	0	0	0.5512348306764974	0.44876516932350263
DTXSID0045886	0	0	0.5354905131908955	0.4645094868091044
DTXSID0045961	0	0	0.7316905178901355	0.26830948210986466
DTXSID0045967	1	0	0.3873287197099911	0.6126712802900088
DTXSID0045543	0	0	0.6494909509697028	0.35050904903029767
DTXSID0046066	0	0	0.6206367710859468	0.379363228914054
DTXSID0046224	0	0	0.6754511464031336	0.3245488535968669
DTXSID0046270	0	0	0.749819715450475	0.2501802845495245
DTXSID0046565	1	1	0.37942024097950033	0.6205797590204992
DTXSID0046484	0	0	0.5788516920300038	0.4211483079699962
DTXSID0046486	1	0	0.4790830769189168	0.5209169230810835
DTXSID0046309	1	1	0.3096116376351232	0.6903883623648776
DTXSID0046488	1	1	0.4186238619936939	0.581376138006306
DTXSID0046569	0	0	0.6486733856922274	0.35132661430777273
DTXSID0046644	1	0	0.4930158112243503	0.5069841887756497
DTXSID0046858	0	1	0.5276367666509025	0.4723632333490981
DTXSID0046989	0	0	0.7553489141896477	0.2446510858103526
DTXSID0046561	1	0	0.4877295217604753	0.512270478239525
DTXSID0047163	0	0	0.7097409593338008	0.2902590406661995
DTXSID0047080	0	0	0.8695937870809453	0.13040621291905477
DTXSID0047161	0	0	0.7332708411599427	0.2667291588400576
DTXSID0047084	0	0	0.8462852988437001	0.1537147011563001
DTXSID0047169	0	0	0.8482670213271124	0.15173297867288804
DTXSID0047535	0	0	0.7449397889215585	0.2550602110784418
DTXSID0047539	0	0	0.6629204511750703	0.33707954882492985
DTXSID0047537	0	0	0.7526231616924293	0.24737683830757148
DTXSID0047533	0	0	0.7664861817238277	0.233513818276173
DTXSID0047581	0	0	0.841526889607604	0.15847311039239623
DTXSID0047585	0	0	0.8098559344880385	0.19014406551196145
DTXSID0047589	0	0	0.6960584069185732	0.30394159308142693
DTXSID0047741	0	0	0.6020126547416226	0.39798734525837753
DTXSID0047820	0	0	0.6559262670202403	0.3440737329797603
DTXSID0047822	0	0	0.6579102497759646	0.3420897502240358
DTXSID0047828	0	0	0.5161924167383057	0.48380758326169465
DTXSID0047745	1	0	0.34062828746892115	0.659371712531079
DTXSID0047870	0	0	0.5681610420953014	0.4318389579046992
DTXSID0047610	0	0	0.8692290856571075	0.13077091434289292
DTXSID0047797	1	1	0.4198117191508129	0.5801882808491865
DTXSID0047905	1	0	0.37181749354383836	0.6281825064561617
DTXSID0047957	0	1	0.5683939364313699	0.4316060635686304
DTXSID0047876	1	1	0.32221158655870363	0.6777884134412963
DTXSID0047909	0	0	0.5918264512888509	0.40817354871114975
DTXSID0047901	0	0	0.7563695719280538	0.24363042807194607
DTXSID0048189	0	1	0.5790148990073002	0.4209851009927002
DTXSID0048183	1	0	0.33005485031629966	0.6699451496837006
DTXSID0048210	1	0	0.44140242816536984	0.55859757183463
DTXSID0048638	0	0	0.5084641084781442	0.4915358915218559
DTXSID0048680	0	0	0.6861323108683373	0.31386768913166296
DTXSID0048767	0	0	0.5649124798022118	0.43508752019778874
DTXSID0048898	0	0	0.610049348667803	0.389950651332197
DTXSID0048894	0	0	0.6590691354371401	0.34093086456286
DTXSID0048896	0	0	0.7517441015175396	0.2482558984824612
DTXSID0049078	1	0	0.4454898092908498	0.5545101907091503
DTXSID0049022	0	0	0.7184105910639498	0.28158940893605144
DTXSID0049288	0	0	0.8524684400816593	0.1475315599183407
DTXSID0049311	0	0	0.826655831950362	0.17334416804963812
DTXSID0049363	0	0	0.5959861149725302	0.4040138850274703
DTXSID0050423	1	0	0.34590995929294843	0.6540900407070513
DTXSID0049238	0	1	0.6479527011883183	0.35204729881168184
DTXSID1020063	1	0	0.4633696401294938	0.5366303598705063
DTXSID1020140	0	0	0.7827859115423879	0.21721408845761278
DTXSID1020144	0	0	0.5340731086459539	0.4659268913540464
DTXSID1020279	0	0	0.9098995096344176	0.09010049036558243
DTXSID1020352	0	0	0.5839213077649549	0.4160786922350457
DTXSID1020510	0	1	0.7400443238025809	0.25995567619741916
DTXSID1020647	0	0	0.8261897597591226	0.17381024024087757
DTXSID1020697	0	0	0.5192251053318664	0.48077489466813356
DTXSID1020699	1	1	0.49321736490402307	0.5067826350959772
DTXSID1020778	0	0	0.8439359174467542	0.1560640825532461
DTXSID1020805	0	0	0.7719048442023382	0.22809515579766185
DTXSID1022180	0	0	0.7719048442023382	0.22809515579766185
DTXSID1020980	0	0	0.7737575835450042	0.22624241645499563
DTXSID1020859	0	0	0.8132447167925773	0.1867552832074226
DTXSID1021114	0	1	0.7677809082137785	0.23221909178622135
DTXSID1021243	1	1	0.39755003456557203	0.6024499654344279
DTXSID1021247	1	1	0.3155565716496917	0.6844434283503081
DTXSID1021166	0	0	0.5919763731728117	0.40802362682718857
DTXSID1021168	0	1	0.5439321960055818	0.4560678039944184
DTXSID1021409	0	1	0.5912133769984365	0.40878662300156376
DTXSID1021455	0	0	0.6067842626202696	0.3932157373797309
DTXSID1021617	0	0	0.9351783121413968	0.06482168785860341
DTXSID1021827	0	0	0.9426069206493183	0.05739307935068171
DTXSID1021873	0	0	0.8866537229990058	0.11334627700099463
DTXSID1021790	1	0	0.4516591244375984	0.5483408755624015
DTXSID1021792	0	0	0.625646804994881	0.3743531950051189
DTXSID1021823	0	0	0.6095561890664865	0.39044381093351355
DTXSID1021956	0	0	0.7758005058870112	0.22419949411298926
DTXSID1021958	0	0	0.74403036773079	0.25596963226921027
DTXSID1022001	0	0	0.8903513012291353	0.10964869877086528
DTXSID1022051	0	0	0.8669216754462432	0.1330783245537564
DTXSID1022053	1	1	0.45524517246429413	0.5447548275357057
DTXSID1022425	1	1	0.32488015362417066	0.6751198463758296
DTXSID1022186	0	0	0.7872439456455107	0.21275605435448905
DTXSID1022265	0	1	0.6354144024421625	0.36458559755783776
DTXSID1022479	0	0	0.6032587293135941	0.39674127068640613
DTXSID1022508	1	1	0.4963814189811451	0.503618581018855
DTXSID1022396	1	1	0.2698864169778774	0.7301135830221225
DTXSID1022926	0	0	0.6706141983639404	0.3293858016360598
DTXSID1022685	1	0	0.4240198118757408	0.5759801881242583
DTXSID1022978	0	0	0.5762050079162081	0.42379499208379184
DTXSID1022718	0	0	0.5920254925207771	0.4079745074792234
DTXSID1023495	0	0	0.6633896999862173	0.33661030001378267
DTXSID1023572	1	0	0.42891954793876597	0.571080452061234
DTXSID1023576	1	0	0.4597564832277221	0.5402435167722782
DTXSID1023603	0	0	0.5722171669955863	0.42778283300441367
DTXSID1023730	0	0	0.807358083081274	0.1926419169187263
DTXSID1023734	0	0	0.8285436377192859	0.17145636228071456
DTXSID1024835	0	0	0.8808025096887675	0.11919749031123336
DTXSID1024598	1	0	0.3639757820285439	0.6360242179714558
DTXSID1024463	0	0	0.7497264976809128	0.25027350231908707
DTXSID1024625	0	0	0.6421431527482552	0.3578568472517454
DTXSID1024887	0	0	0.7025310059062613	0.2974689940937387
DTXSID1025148	0	0	0.6598169286998538	0.34018307130014624
DTXSID1025063	0	0	0.8125365576298065	0.1874634423701936
DTXSID1025279	0	0	0.8719254379404267	0.12807456205957377
DTXSID1025300	1	0	0.34704298414203316	0.6529570158579665
DTXSID1025483	0	0	0.8782633054606462	0.12173669453935444
DTXSID1025304	0	0	0.8384416737289277	0.16155832627107253
DTXSID1025306	0	0	0.8728204834885277	0.12717951651147225
DTXSID1025437	0	0	0.67821196184925	0.3217880381507505
DTXSID1025308	0	0	0.8705019513405928	0.12949804865940748
DTXSID1025724	0	0	0.5647898593063965	0.43521014069360386
DTXSID1025770	0	0	0.6386695383130045	0.3613304616869957
DTXSID1025722	0	0	0.5647898593063965	0.43521014069360386
DTXSID1025641	0	0	0.6550562056773693	0.3449437943226312
DTXSID1025649	0	0	0.7368875190460262	0.26311248095397394
DTXSID1025726	0	0	0.6367397776347671	0.3632602223652331
DTXSID1026033	0	0	0.7054776359433169	0.29452236405668314
DTXSID1025930	1	1	0.49857331822175505	0.501426681778245
DTXSID1025853	0	0	0.8667223468822751	0.13327765311772505
DTXSID1026118	0	0	0.767332398237495	0.23266760176250495
DTXSID1026241	1	0	0.3574440941800796	0.6425559058199198
DTXSID1026615	0	0	0.7401553829906359	0.2598446170093643
DTXSID1026619	0	0	0.7648718070162143	0.23512819298378593
DTXSID1026661	0	0	0.759516384655233	0.2404836153447676
DTXSID1026792	0	0	0.8366606473559751	0.16333935264402524
DTXSID1026796	0	0	0.9256099080156226	0.07439009198437768
DTXSID1027186	0	0	0.8265416649140398	0.1734583350859608
DTXSID1026904	0	0	0.7714859876957153	0.2285140123042849
DTXSID1027188	0	0	0.8446272301568986	0.1553727698431016
DTXSID1027342	0	0	0.6727230699936747	0.327276930006326
DTXSID1027007	0	0	0.8322305074271259	0.16776949257287418
DTXSID1027219	0	0	0.7827859115423879	0.21721408845761278
DTXSID1027263	0	0	0.8803786904241976	0.11962130957580243
DTXSID1027504	0	0	0.8709078022554815	0.12909219774451897
DTXSID1027479	1	0	0.41536411312520516	0.5846358868747944
DTXSID1027550	0	0	0.7775098737977811	0.22249012620221933
DTXSID1027556	0	0	0.7592665985429702	0.24073340145702996
DTXSID1027558	0	0	0.7993716167981629	0.20062838320183699
DTXSID1027764	0	0	0.7048958921671659	0.295104107832834
DTXSID1027716	0	0	0.6485164793008099	0.3514835206991906
DTXSID1027928	0	0	0.6438877339458157	0.35611226605418445
DTXSID1029120	1	1	0.25394743992762714	0.7460525600723731
DTXSID1029122	0	0	0.638030298687867	0.3619697013121334
DTXSID1029124	0	0	0.9067648498962226	0.09323515010377757
DTXSID1029207	0	0	0.6350853218057045	0.36491467819429513
DTXSID1029629	0	0	0.8831188185817118	0.11688118141828811
DTXSID1031462	0	0	0.5114485359159693	0.4885514640840311
DTXSID1031626	0	0	0.8451735234143776	0.1548264765856227
DTXSID1029889	1	0	0.3354188630854615	0.6645811369145385
DTXSID1030317	0	0	0.7756601473211099	0.2243398526788905
DTXSID1030319	0	0	0.5678897049012721	0.4321102950987279
DTXSID1033163	1	1	0.33466814255864286	0.6653318574413573
DTXSID1033402	0	0	0.5529212868883813	0.4470787131116189
DTXSID1033876	0	0	0.8688105201998051	0.13118947980019544
DTXSID1034210	0	1	0.5137645692181058	0.48623543078189424
DTXSID1034260	0	0	0.5685769127388565	0.4314230872611436
DTXSID1034929	1	0	0.45864195481252473	0.5413580451874753
DTXSID1034973	1	0	0.427176176646065	0.5728238233539352
DTXSID1035286	0	0	0.7778460380989255	0.22215396190107464
DTXSID1038822	0	0	0.5494062038968723	0.4505937961031279
DTXSID1038298	1	0	0.3662637983103525	0.633736201689647
DTXSID1038876	1	0	0.3603729224844719	0.639627077515528
DTXSID1040245	0	0	0.6303335238528273	0.3696664761471729
DTXSID1040110	0	0	0.8742922278201058	0.12570777217989423
DTXSID1040112	0	0	0.841526889607604	0.15847311039239623
DTXSID1040619	1	0	0.48162631615705814	0.5183736838429418
DTXSID1041188	0	1	0.6522804484006667	0.34771955159933343
DTXSID1041689	1	0	0.40266854140067176	0.5973314585993285
DTXSID1041639	0	0	0.7208695456817384	0.2791304543182611
DTXSID1041847	0	0	0.7496502677913754	0.2503497322086253
DTXSID1041891	0	0	0.6352025512033784	0.3647974487966218
DTXSID1041897	1	1	0.4618087483047799	0.5381912516952201
DTXSID1042281	0	0	0.8667927269466691	0.1332072730533312
DTXSID1042154	1	1	0.45111948717979733	0.5488805128202026
DTXSID1042499	1	1	0.4339494084056178	0.5660505915943819
DTXSID1044439	0	0	0.8196922747073162	0.18030772529268443
DTXSID1044435	0	0	0.7790697187766736	0.22093028122332678
DTXSID1044437	0	0	0.8276475797158582	0.1723524202841422
DTXSID1044489	0	0	0.7792509279537866	0.22074907204621377
DTXSID1044514	0	1	0.5683939364313699	0.4316060635686304
DTXSID1044485	0	0	0.7484386813641015	0.25156131863589865
DTXSID1044697	0	0	0.8375973245154231	0.1624026754845765
DTXSID1044693	0	0	0.634574857973823	0.36542514202617715
DTXSID1044647	0	0	0.772643973687348	0.22735602631265267
DTXSID1044728	0	0	0.7255001787469998	0.2744998212530005
DTXSID1044936	0	1	0.6352311104013181	0.3647688895986818
DTXSID1044851	0	1	0.7101093247121054	0.289890675287895
DTXSID1044982	0	1	0.5893063817684835	0.4106936182315168
DTXSID1045164	0	0	0.7476418101623312	0.25235818983766856
DTXSID1045033	0	0	0.5445143501217959	0.4554856498782042
DTXSID1045291	1	1	0.42776699252446104	0.5722330074755391
DTXSID1045089	0	0	0.7867370151717504	0.2132629848282499
DTXSID1045370	0	0	0.6894127268736246	0.3105872731263759
DTXSID1045320	0	0	0.7217973988687859	0.2782026011312147
DTXSID1045405	0	0	0.545292320142777	0.4547076798572231
DTXSID1045580	0	0	0.7224173151099104	0.27758268489008947
DTXSID1045582	0	0	0.6011001613375618	0.39889983866243817
DTXSID1044930	1	0	0.45695064613135494	0.543049353868645
DTXSID1044932	0	0	0.8218153849876045	0.17818461501239555
DTXSID1045792	1	0	0.4729630843667536	0.5270369156332462
DTXSID1046003	1	0	0.4657277778508491	0.534272222149151
DTXSID1045956	0	0	0.6343860646156834	0.36561393538431713
DTXSID1046134	1	0	0.30781686374256445	0.6921831362574358
DTXSID1046261	0	0	0.740923278180947	0.25907672181905317
DTXSID1046263	1	0	0.3867323993869399	0.6132676006130601
DTXSID1046265	0	0	0.6800970200639809	0.3199029799360193
DTXSID1046346	0	0	0.9348184561228308	0.06518154387716957
DTXSID1046421	0	1	0.5452799347206558	0.45472006527934467
DTXSID1046429	1	0	0.4929956255325801	0.5070043744674199
DTXSID1046637	1	0	0.4629321287138677	0.5370678712861322
DTXSID1046764	0	1	0.6903899991388485	0.30961000086115137
DTXSID1046710	0	0	0.7931526284176388	0.20684737158236113
DTXSID1046768	1	0	0.37637770888713606	0.6236222911128638
DTXSID1046974	0	0	0.8612763580444304	0.13872364195556944
DTXSID1047071	0	0	0.8239697461964609	0.1760302538035396
DTXSID1046976	1	0	0.36990368199082274	0.6300963180091773
DTXSID1047150	0	0	0.6809869865400259	0.319013013459975
DTXSID1047362	1	1	0.39570577689400127	0.6042942231059992
DTXSID1047312	0	1	0.6482839580172701	0.3517160419827303
DTXSID1047524	0	0	0.6697796514386354	0.3302203485613654
DTXSID1047528	0	0	0.772110959957235	0.2278890400427655
DTXSID1047497	0	1	0.7758005058870112	0.22419949411298926
DTXSID1047603	0	0	0.8834722717595392	0.11652772824046101
DTXSID1047651	0	0	0.841526889607604	0.15847311039239623
DTXSID1047605	0	0	0.6397295514718633	0.36027044852813717
DTXSID1048207	1	0	0.2858279898776666	0.7141720101223331
DTXSID1048209	0	0	0.851952903375294	0.14804709662470633
DTXSID1048201	0	0	0.850528731947808	0.14947126805219169
DTXSID1048671	1	0	0.3377464224088602	0.6622535775911399
DTXSID1048912	0	0	0.5483308056327233	0.4516691943672769
DTXSID1048700	0	1	0.5908281441704204	0.40917185582957943
DTXSID1048916	1	0	0.4998638522894574	0.5001361477105428
DTXSID1049225	0	0	0.6864341445359676	0.31356585546403276
DTXSID1049069	0	0	0.5428543253246273	0.457145674675373
DTXSID1049275	0	0	0.6220066888448741	0.3779933111551263
DTXSID1049017	0	0	0.7770204882961883	0.22297951170381158
DTXSID1048966	0	0	0.5558513328179715	0.44414866718202917
DTXSID1049221	0	0	0.6324673840849933	0.3675326159150071
DTXSID1049223	1	1	0.3751504861298382	0.624849513870162
DTXSID1049227	0	0	0.5126349224368051	0.4873650775631951
DTXSID1049304	1	1	0.4445648797575498	0.55543512024245
DTXSID1049356	0	0	0.5412527719839433	0.45874722801605716
DTXSID1049279	0	0	0.6796541806558378	0.3203458193441622
DTXSID1049352	1	1	0.3422762351692377	0.6577237648307622
DTXSID2020054	0	1	0.506883754797359	0.493116245202641
DTXSID2020137	1	0	0.2825679042905099	0.7174320957094905
DTXSID2020139	0	0	0.7238650822333212	0.276134917766679
DTXSID2020399	1	0	0.26526555740757546	0.7347344425924254
DTXSID2020391	0	0	0.7148325055310433	0.28516749446895706
DTXSID2020501	0	0	0.5273209890052594	0.47267901099474074
DTXSID2020507	0	0	0.7932835168382548	0.20671648316174582
DTXSID2020894	1	1	0.4668066946033404	0.5331933053966598
DTXSID2020921	1	0	0.366438166071705	0.6335618339282956
DTXSID2020971	1	0	0.4025346405416127	0.597465359458388
DTXSID2021022	0	0	0.8126634038610859	0.18733659613891393
DTXSID2020927	1	0	0.28518584412326836	0.7148141558767317
DTXSID2021151	1	0	0.2609602869636921	0.7390397130363078
DTXSID2021238	0	0	0.6525272912484016	0.34747270875159836
DTXSID2021284	0	0	0.9164065363213632	0.08359346367863707
DTXSID2021234	0	0	0.6938841950442297	0.3061158049557707
DTXSID2021286	0	0	0.8081763203186343	0.1918236796813656
DTXSID2021288	0	0	0.6798674157777624	0.32013258422223806
DTXSID2021363	0	0	0.8011273881991945	0.19887261180080532
DTXSID2021365	0	0	0.8011273881991945	0.19887261180080532
DTXSID2021577	0	0	0.8353592261549838	0.1646407738450162
DTXSID2021492	0	0	0.8809640603018893	0.11903593969811072
DTXSID2021656	0	0	0.9144481314389312	0.08555186856106874
DTXSID2021789	0	0	0.753638622491021	0.2463613775089793
DTXSID2021816	0	0	0.8568018529625446	0.1431981470374555
DTXSID2021608	0	0	0.7750919800188896	0.2249080199811107
DTXSID2021781	0	0	0.8291817074763355	0.17081829252366493
DTXSID2021864	0	0	0.6218651333648727	0.3781348666351272
DTXSID2021866	0	0	0.7496502677913754	0.2503497322086253
DTXSID2021868	0	0	0.948993537365385	0.051006462634615064
DTXSID2021943	0	0	0.7408355832995506	0.2591644167004498
DTXSID2021993	0	0	0.5897993060510595	0.4102006939489406
DTXSID2021995	0	0	0.7963218602830396	0.20367813971696047
DTXSID2022121	0	0	0.6055504247540394	0.39444957524596075
DTXSID2022331	0	0	0.591399022679463	0.4086009773205371
DTXSID2022381	1	1	0.30430946953518584	0.6956905304648139
DTXSID2022541	1	0	0.40664697952318235	0.5933530204768177
DTXSID2022595	0	0	0.5450243405451594	0.4549756594548407
DTXSID2022676	0	0	0.7888763200451293	0.2111236799548708
DTXSID2022624	0	0	0.6684775861743685	0.33152241382563136
DTXSID2023149	0	0	0.6640756960837917	0.3359243039162085
DTXSID2023193	0	0	0.672017209062709	0.32798279093729127
DTXSID2022915	0	0	0.7675660329032931	0.23243396709670686
DTXSID2023519	1	0	0.48405062736006405	0.5159493726399363
DTXSID2023480	0	0	0.5825549683467923	0.41744503165320773
DTXSID2023567	1	0	0.48429878708888774	0.5157012129111123
DTXSID2023640	0	0	0.6131347010020319	0.38686529899796906
DTXSID2024589	0	0	0.7851734578898791	0.21482654211012103
DTXSID2024660	0	0	0.8140705278334079	0.18592947216659236
DTXSID2024458	1	0	0.366438166071705	0.6335618339282956
DTXSID2024664	0	0	0.8806915510752747	0.119308448924725
DTXSID2025135	0	0	0.673122929902056	0.3268770700979442
DTXSID2025137	0	0	0.673122929902056	0.3268770700979442
DTXSID2025058	0	1	0.7849459334714862	0.2150540665285143
DTXSID2025133	0	0	0.673122929902056	0.3268770700979442
DTXSID2025345	0	0	0.8245447486837908	0.1754552513162095
DTXSID2025347	0	0	0.8649152827418328	0.13508471725816742
DTXSID2025422	0	0	0.8099475701081628	0.1900524298918371
DTXSID2025478	0	0	0.8012428860161135	0.19875711398388668
DTXSID2025680	0	1	0.7481549118861934	0.251845088113807
DTXSID2025503	0	0	0.6202129900510227	0.3797870099489771
DTXSID2025761	1	0	0.4052711161010058	0.5947288838989943
DTXSID2025763	0	0	0.7359145842327892	0.2640854157672113
DTXSID2025632	0	0	0.6590658984194044	0.3409341015805957
DTXSID2025634	0	0	0.6590658984194044	0.3409341015805957
DTXSID2025765	1	0	0.4247122243066594	0.575287775693341
DTXSID2026022	0	0	0.7034765590134474	0.29652344098655276
DTXSID2026446	0	0	0.7449397889215585	0.2550602110784418
DTXSID2025896	0	0	0.8047573712258469	0.19524262877415277
DTXSID2025925	0	0	0.7133091946140198	0.2866908053859805
DTXSID2026496	0	0	0.7285247802180791	0.27147521978192085
DTXSID2026157	0	0	0.7689569775838777	0.23104302241612285
DTXSID2026232	0	0	0.6581765017524754	0.34182349824752467
DTXSID2026739	0	0	0.5986313723217439	0.4013686276782565
DTXSID2027044	0	0	0.6739469816054178	0.3260530183945829
DTXSID2027092	0	0	0.8416091276425324	0.15839087235746768
DTXSID2027094	0	0	0.6688702140039837	0.3311297859960167
DTXSID2027466	0	0	0.7160086992176954	0.28399130078230445
DTXSID2027254	0	0	0.9290149842324752	0.07098501576752507
DTXSID2027414	1	0	0.498978513411081	0.5010214865889191
DTXSID2027599	0	0	0.7763013259661148	0.22369867403388555
DTXSID2027832	0	0	0.7486616253618013	0.2513383746381991
DTXSID2028010	0	0	0.7467002816521754	0.2532997183478248
DTXSID2029117	0	1	0.6368341381207849	0.3631658618792151
DTXSID2028016	0	0	0.7490477418742327	0.25095225812576755
DTXSID2029298	0	0	0.6872770549897561	0.3127229450102443
DTXSID2029612	0	0	0.8439359174467542	0.1560640825532461
DTXSID2032398	1	1	0.40134286274908193	0.5986571372509183
DTXSID2032639	1	0	0.3470260475604719	0.6529739524395282
DTXSID2033493	0	0	0.8662661806523996	0.13373381934760067
DTXSID2034255	0	0	0.8350866215393954	0.16491337846060494
DTXSID2034091	0	0	0.7763605716475132	0.22363942835248712
DTXSID2033281	0	1	0.7218314557679006	0.2781685442320994
DTXSID2034382	1	0	0.4834676221418715	0.5165323778581282
DTXSID2034540	0	0	0.7096991056814042	0.2903008943185961
DTXSID2034833	0	0	0.6524306947396356	0.34756930526036484
DTXSID2036409	0	0	0.6818656142570848	0.3181343857429153
DTXSID2036827	1	0	0.27741122125659234	0.7225887787434082
DTXSID2038732	0	0	0.7354663648305387	0.2645336351694618
DTXSID2037714	1	1	0.4963814189811451	0.503618581018855
DTXSID2040608	0	0	0.6391028151019621	0.3608971848980383
DTXSID2040731	0	0	0.8232012904513442	0.17679870954865565
DTXSID2041206	0	0	0.6762579135130238	0.323742086486977
DTXSID2041208	0	1	0.6790170852950357	0.32098291470496415
DTXSID2041389	0	0	0.6688162282575227	0.33118377174247776
DTXSID2041200	1	0	0.3979249780360368	0.6020750219639627
DTXSID2041460	0	0	0.7544177579013438	0.24558224209865656
DTXSID2041541	0	0	0.8357895654280818	0.16421043457191845
DTXSID2041626	0	0	0.8859855351636391	0.114014464836361
DTXSID2042276	0	0	0.6776653102482324	0.322334689751767
DTXSID2041880	0	0	0.7466671621830933	0.2533328378169068
DTXSID2043874	0	0	0.7247302025070437	0.27526979749295655
DTXSID2044002	0	0	0.7031986273088231	0.29680137269117707
DTXSID2044214	1	0	0.4915875288291469	0.5084124711708533
DTXSID2044420	1	0	0.4329776299642626	0.5670223700357373
DTXSID2044399	0	0	0.8109561081174419	0.18904389188255794
DTXSID2044397	0	0	0.7987918936783667	0.20120810632163377
DTXSID2044391	0	0	0.6059207937557928	0.39407920624420745
DTXSID2044474	0	0	0.8015876303687238	0.19841236963127587
DTXSID2044470	0	0	0.8107331001610952	0.18926689983890493
DTXSID2044472	0	0	0.796727783876262	0.2032722161237383
DTXSID2044553	0	0	0.7269453041202701	0.27305469587972964
DTXSID2044559	1	0	0.48081725642662526	0.5191827435733749
DTXSID2044503	1	0	0.4411080740239521	0.558891925976048
DTXSID2044765	0	0	0.8715165010561092	0.12848349894389094
DTXSID2044713	0	0	0.6089990124152478	0.3910009875847529
DTXSID2044719	0	0	0.7558664584154485	0.24413354158455206
DTXSID2044715	0	0	0.6296331950366189	0.3703668049633814
DTXSID2044769	0	0	0.8789104153233759	0.12108958467662423
DTXSID2044840	0	0	0.8392673484727939	0.16073265152720626
DTXSID2044763	0	0	0.7896129319313546	0.21038706806864538
DTXSID2044892	1	0	0.21048473865994405	0.7895152613400562
DTXSID2044921	0	0	0.6780990580245866	0.3219009419754135
DTXSID2044925	1	0	0.4225547759373063	0.577445224062694
DTXSID2044890	1	1	0.24907569437731344	0.7509243056226864
DTXSID2044927	0	0	0.6101590610074494	0.38984093899255046
DTXSID2045076	1	1	0.49131064529782453	0.5086893547021754
DTXSID2045105	1	0	0.4397024317910125	0.5602975682089869
DTXSID2045101	0	0	0.6272150148365285	0.3727849851634719
DTXSID2044973	0	0	0.8177065412747683	0.1822934587252321
DTXSID2045103	0	0	0.6596261212363902	0.34037387876361064
DTXSID2045280	0	0	0.555127377786094	0.4448726222139061
DTXSID2045496	0	0	0.5017648079261806	0.49823519207381933
DTXSID2045783	0	0	0.772343582909633	0.22765641709036724
DTXSID2045785	0	0	0.5264310280509428	0.4735689719490571
DTXSID2045814	0	0	0.5131932414974952	0.4868067585025049
DTXSID2046250	0	0	0.591393582416248	0.40860641758375227
DTXSID2046096	0	0	0.7229501482290078	0.2770498517709926
DTXSID2046385	0	0	0.6521491467441097	0.3478508532558903
DTXSID2046464	0	0	0.8448123287801064	0.15518767121989402
DTXSID2046755	1	1	0.45936605905751654	0.5406339409424836
DTXSID2046757	0	0	0.5424672324788024	0.4575327675211978
DTXSID2046543	0	0	0.6792402074033976	0.3207597925966019
DTXSID2046832	1	0	0.487616221652945	0.5123837783470546
DTXSID2046834	1	1	0.25824722200253875	0.741752777997461
DTXSID2046882	0	0	0.9348184561228308	0.06518154387716957
DTXSID2047066	0	0	0.850514035844702	0.14948596415529827
DTXSID2047145	0	0	0.851538387657798	0.14846161234220226
DTXSID2047191	0	0	0.764599279140409	0.23540072085959124
DTXSID2047193	0	0	0.8064504248446254	0.19354957515537463
DTXSID2047519	0	0	0.8652950463766195	0.13470495362338106
DTXSID2047511	0	0	0.841526889607604	0.15847311039239623
DTXSID2047567	0	0	0.8193672915803651	0.1806327084196353
DTXSID2047569	1	1	0.35852177558591175	0.6414782244140877
DTXSID2047646	0	0	0.8666587286412437	0.13334127135875667
DTXSID2047648	0	0	0.8821054174801183	0.11789458251988201
DTXSID2047725	0	0	0.7366178122117759	0.2633821877882245
DTXSID2047931	0	0	0.6115674408091438	0.38843255919085634
DTXSID2047933	0	0	0.5178074173677433	0.48219258263225706
DTXSID2048167	0	0	0.7433123862513753	0.2566876137486245
DTXSID2047806	0	0	0.7919893534807158	0.20801064651928433
DTXSID2048585	0	0	0.5491074550883904	0.4508925449116096
DTXSID2048820	1	0	0.43519997058715365	0.564800029412846
DTXSID2048668	0	0	0.5346313869765136	0.46536861302348703
DTXSID2048795	0	0	0.5362588333641263	0.46374116663587417
DTXSID2048797	0	0	0.5705752739034468	0.42942472609655313
DTXSID2048876	0	0	0.6972485945118798	0.3027514054881202
DTXSID2048901	0	0	0.614615971664858	0.3853840283351424
DTXSID2049260	1	1	0.37347990506706497	0.6265200949329353
DTXSID2049058	0	0	0.7699997257680571	0.23000027423194283
DTXSID2049210	0	1	0.6172054978195052	0.3827945021804952
DTXSID2049212	1	0	0.4981447414653021	0.5018552585346981
DTXSID2049214	0	0	0.5345613747244395	0.46543862527556096
DTXSID2049266	0	0	0.6360172823620455	0.3639827176379551
DTXSID2049345	0	0	0.5274277989714171	0.4725722010285834
DTXSID2049393	0	0	0.7267337007247883	0.2732662992752121
DTXSID2049391	0	1	0.581456134636964	0.4185438653630364
DTXSID2049426	0	0	0.8067696206335528	0.19323037936644763
DTXSID3020091	0	0	0.7740096731172682	0.2259903268827316
DTXSID3020207	1	1	0.47482344707318874	0.5251765529268111
DTXSID3020205	0	0	0.6201366035215091	0.37986339647849104
DTXSID3020209	0	1	0.677440353704171	0.3225596462958297
DTXSID3020257	0	1	0.5310204446929734	0.4689795553070267
DTXSID3020419	0	1	0.5151254730372832	0.48487452696271693
DTXSID3020330	1	1	0.3954183204901189	0.6045816795098808
DTXSID3020596	0	0	0.9164298520601282	0.08357014793987168
DTXSID3020465	1	1	0.32098359743783494	0.6790164025621649
DTXSID3020540	1	0	0.4475247283746105	0.5524752716253895
DTXSID3020889	0	0	0.9396597515548987	0.06034024844510172
DTXSID3020914	0	0	0.5843780409770879	0.41562195902291243
DTXSID3020916	1	0	0.35271662321191843	0.6472833767880818
DTXSID3020960	1	1	0.39940862162430735	0.6005913783756931
DTXSID3020964	0	0	0.6138910979838966	0.3861089020161038
DTXSID3020966	0	0	0.6225264023622888	0.3774735976377116
DTXSID3021065	0	0	0.7479348191409941	0.25206518085900603
DTXSID3021140	0	0	0.6648199313848594	0.33518006861514116
DTXSID3021304	0	0	0.8924000344885118	0.10759996551148873
DTXSID3021431	0	0	0.8316263447070469	0.16837365529295356
DTXSID3021483	0	1	0.8750189802875816	0.12498101971241844
DTXSID3021487	0	0	0.8430925648075279	0.1569074351924722
DTXSID3021516	0	0	0.7967938980980935	0.20320610190190647
DTXSID3021485	0	0	0.8972144433056793	0.10278555669432085
DTXSID3021801	0	0	0.7850289308719349	0.21497106912806524
DTXSID3021774	0	0	0.6927098386960064	0.3072901613039939
DTXSID3021726	0	0	0.6416850152529712	0.358314984747029
DTXSID3021778	1	1	0.4533727886002957	0.546627211399704
DTXSID3021807	0	0	0.9128519130697881	0.08714808693021203
DTXSID3021980	0	0	0.841526889607604	0.15847311039239623
DTXSID3021982	0	0	0.9114198471344105	0.08858015286558975
DTXSID3022164	0	0	0.5329465646539409	0.4670534353460592
DTXSID3022320	0	0	0.6388186161723676	0.36118138382763265
DTXSID3022160	1	1	0.2299204799133228	0.7700795200866779
DTXSID3022326	1	0	0.4095291827666283	0.5904708172333724
DTXSID3022409	1	1	0.43011769021097906	0.569882309789021
DTXSID3022742	1	1	0.4230896300429158	0.5769103699570841
DTXSID3023051	1	1	0.45711913059297976	0.5428808694070199
DTXSID3023132	0	0	0.7438019711428459	0.25619802885715437
DTXSID3023508	1	0	0.44599964705331047	0.5540003529466895
DTXSID3023764	0	0	0.7238650822333212	0.276134917766679
DTXSID3023845	0	0	0.6867817362483093	0.3132182637516907
DTXSID3023685	1	1	0.3369121325777383	0.6630878674222616
DTXSID3023687	1	0	0.43590238219049876	0.5640976178095013
DTXSID3023899	1	0	0.46843072428786625	0.5315692757121336
DTXSID3024152	0	0	0.5122315886955783	0.48776841130442194
DTXSID3024104	0	0	0.6817886442348382	0.31821135576516213
DTXSID3024100	0	0	0.8317411655074423	0.16825883449255769
DTXSID3024289	0	0	0.7238650822333212	0.276134917766679
DTXSID3024441	0	0	0.7461425194809669	0.2538574805190335
DTXSID3024447	0	0	0.7451565043300086	0.25484349566999154
DTXSID3024497	0	0	0.5741404471166557	0.42585955288334487
DTXSID3024499	0	1	0.5532544697974575	0.4467455302025426
DTXSID3024736	0	0	0.7352738732484542	0.2647261267515461
DTXSID3024738	0	0	0.7054196180511513	0.29458038194884945
DTXSID3024786	1	0	0.44743426316687523	0.5525657368331245
DTXSID3024659	0	0	0.8490262559186434	0.15097374408135672
DTXSID3025041	0	0	0.8237819943056406	0.17621800569435994
DTXSID3025203	0	1	0.5780997054842949	0.42190029451570493
DTXSID3025257	0	1	0.6814707145480215	0.31852928545197867
DTXSID3025332	0	0	0.807481607920711	0.19251839207928934
DTXSID3025461	0	0	0.9219199948784126	0.07808000512158784
DTXSID3025330	0	0	0.7928296856781593	0.207170314321841
DTXSID3025540	0	1	0.6918554863762747	0.30814451362372575
DTXSID3025629	0	1	0.6314670980379458	0.3685329019620543
DTXSID3025542	0	0	0.8507926983579437	0.1492073016420566
DTXSID3025881	0	0	0.7345450053896702	0.26545499461033034
DTXSID3026223	0	0	0.7146819951445965	0.2853180048554041
DTXSID3026304	0	0	0.8442486923542231	0.15575130764577738
DTXSID3026306	0	0	0.8442486923542231	0.15575130764577738
DTXSID3026308	0	0	0.8442486923542231	0.15575130764577738
DTXSID3026641	0	0	0.8112278152248854	0.1887721847751151
DTXSID3026512	0	0	0.7758005058870112	0.22419949411298926
DTXSID3026560	1	0	0.31766789979357934	0.6823321002064204
DTXSID3026564	0	0	0.7163647703889245	0.2836352296110765
DTXSID3026645	0	0	0.9354404771047307	0.06455952289526912
DTXSID3026691	0	0	0.8615188459554199	0.13848115404458045
DTXSID3026647	0	0	0.7476602165136859	0.2523397834863139
DTXSID3026697	0	0	0.76756710752155	0.23243289247845078
DTXSID3026724	0	0	0.7585805862745642	0.24141941372543627
DTXSID3027085	0	0	0.700100123071495	0.2998998769285054
DTXSID3027320	1	0	0.4249251268723685	0.5750748731276321
DTXSID3027293	0	0	0.8150073191009849	0.18499268089901533
DTXSID3027249	0	0	0.9031024873871951	0.09689751261280516
DTXSID3027530	0	0	0.723094809158372	0.2769051908416284
DTXSID3027586	0	0	0.7397167537887005	0.2602832462112998
DTXSID3027792	0	0	0.763362382177365	0.23663761782263512
DTXSID3029281	0	0	0.8181827000768659	0.18181729992313408
DTXSID3027950	0	1	0.5380428085695567	0.46195719143044317
DTXSID3029283	0	0	0.7281458112924849	0.2718541887075153
DTXSID3029312	1	0	0.41505948100970824	0.5849405189902916
DTXSID3029607	0	0	0.5862268464200769	0.413773153579923
DTXSID3029651	0	0	0.6570835738449002	0.34291642615510026
DTXSID3029572	0	1	0.5168062544640397	0.4831937455359603
DTXSID3031492	0	0	0.7636242606066265	0.2363757393933738
DTXSID3030189	1	0	0.28692349843081044	0.7130765015691899
DTXSID3030428	0	0	0.8583510999217581	0.14164890007824235
DTXSID3030636	1	1	0.4553603462099417	0.5446396537900582
DTXSID3031521	0	0	0.7218314557679006	0.2781685442320994
DTXSID3032624	0	0	0.8382237573746576	0.16177624262534226
DTXSID3032759	1	0	0.3234231414864505	0.6765768585135494
DTXSID3033511	0	0	0.7859828348005321	0.21401716519946837
DTXSID3033519	0	0	0.6837342991370241	0.31626570086297645
DTXSID3034165	0	1	0.5941348637086513	0.4058651362913492
DTXSID3034402	0	1	0.6221838630586616	0.37781613694133864
DTXSID3034583	0	0	0.6524848332197064	0.3475151667802944
DTXSID3034456	1	0	0.3690529084088258	0.6309470915911735
DTXSID3036105	0	0	0.7562192101134348	0.2437807898865654
DTXSID3035214	0	0	0.8594057655932439	0.14059423440675595
DTXSID3035266	0	0	0.7778460380989255	0.22215396190107464
DTXSID3037672	0	0	0.7424942661706829	0.25750573382931774
DTXSID3038696	0	0	0.8766447748270324	0.12335522517296747
DTXSID3038800	0	0	0.8323634072427647	0.16763659275723602
DTXSID3040693	0	0	0.7426817363713504	0.2573182636286498
DTXSID3040770	1	0	0.32098359743783494	0.6790164025621649
DTXSID3041293	0	0	0.7345200369433029	0.2654799630566977
DTXSID3041328	0	0	0.7652952399029486	0.23470476009705132
DTXSID3041530	0	0	0.6688350092231866	0.33116499077681383
DTXSID3041611	0	0	0.5099951657499368	0.4900048342500636
DTXSID3041877	0	0	0.8210824337049584	0.17891756629504182
DTXSID3041663	0	0	0.6204166798116575	0.3795833201883433
DTXSID3041619	0	1	0.5134397314168571	0.48656026858314294
DTXSID3041661	0	0	0.5167266476418285	0.48327335235817137
DTXSID3042053	0	0	0.6848729971082353	0.3151270028917648
DTXSID3042059	0	0	0.8652742324727583	0.13472576752724197
DTXSID3042130	0	1	0.6477978117481389	0.3522021882518614
DTXSID3042390	0	1	0.5450506792115392	0.4549493207884609
DTXSID3042219	0	0	0.8850643137821127	0.11493568621788758
DTXSID3042394	0	0	0.6193189515600382	0.38068104843996164
DTXSID3044332	0	0	0.6966844330995069	0.30331556690049344
DTXSID3042423	0	0	0.5869730908755025	0.413026909124498
DTXSID3044380	0	0	0.5563394860267389	0.44366051397326156
DTXSID3042500	1	1	0.46389959568004246	0.5361004043199574
DTXSID3044465	0	0	0.7517858919101331	0.24821410808986688
DTXSID3044469	0	0	0.8624759453660215	0.13752405463397915
DTXSID3044702	0	0	0.5900153924933256	0.40998460750667487
DTXSID3044704	1	0	0.3802264686915972	0.6197735313084024
DTXSID3044887	0	0	0.5536820636103988	0.4463179363896012
DTXSID3044835	1	1	0.4063964358002035	0.5936035641997967
DTXSID3044831	0	0	0.8819179912477587	0.1180820087522418
DTXSID3044833	0	0	0.7537826250405127	0.24621737495948756
DTXSID3044754	0	0	0.7451565043300086	0.25484349566999154
DTXSID3044960	0	1	0.5601991467352432	0.4398008532647567
DTXSID3044962	0	0	0.5474013958168691	0.4525986041831304
DTXSID3044966	1	1	0.39891687491666594	0.6010831250833343
DTXSID3044916	0	0	0.6786487006927016	0.3213512993072989
DTXSID3045144	1	1	0.4766680043082214	0.5233319956917788
DTXSID3045300	0	0	0.7895495801565053	0.2104504198434949
DTXSID3045356	0	0	0.6581633317906247	0.3418366682093751
DTXSID3045562	0	0	0.579195457137712	0.4208045428622879
DTXSID3045859	0	0	0.6701310770909903	0.32986892290900965
DTXSID3045938	0	0	0.5932634510589684	0.40673654894103217
DTXSID3045772	0	0	0.6207137388938864	0.379286261106114
DTXSID3045851	0	0	0.6389078744869003	0.36109212551310016
DTXSID3046247	1	0	0.35086178713021493	0.6491382128697845
DTXSID3046160	0	0	0.6306813284890154	0.36931867151098524
DTXSID3046299	0	0	0.7746445712343448	0.22535542876565554
DTXSID3046403	0	0	0.7601957542948964	0.2398042457051037
DTXSID3046536	0	0	0.8504428242183718	0.14955717578162805
DTXSID3046586	0	0	0.6444559813867963	0.35554401861320384
DTXSID3046588	0	0	0.5487546714471638	0.45124532855283633
DTXSID3046580	0	0	0.8268790555585187	0.1731209444414814
DTXSID3046615	0	0	0.5704560382132364	0.429543961786764
DTXSID3046617	0	0	0.504634217097901	0.49536578290209915
DTXSID3046530	0	0	0.9348184561228308	0.06518154387716957
DTXSID3046790	0	0	0.7289300763813152	0.2710699236186851
DTXSID3047001	0	0	0.9492005925693233	0.05079940743067679
DTXSID3046796	1	0	0.4471922436866786	0.5528077563133212
DTXSID3046821	0	0	0.8492663330849771	0.15073366691502318
DTXSID3047053	0	0	0.9117822386604496	0.08821776133955052
DTXSID3047059	0	0	0.8176342623532648	0.18236573764673525
DTXSID3047186	0	0	0.7657985138168809	0.23420148618311923
DTXSID3047182	0	0	0.819991214190533	0.18000878580946753
DTXSID3047134	0	0	0.804412861742021	0.19558713825797897
DTXSID3047057	0	0	0.9075739532757486	0.09242604672425166
DTXSID3047130	0	0	0.8381508868270718	0.16184911317292822
DTXSID3047184	0	0	0.6068214142988382	0.3931785857011619
DTXSID3047188	0	0	0.8696311739368999	0.13036882606310024
DTXSID3047261	0	0	0.5308617546917523	0.469138245308248
DTXSID3047423	1	0	0.46220391243882936	0.5377960875611707
DTXSID3047425	0	0	0.5931032988031836	0.40689670119681653
DTXSID3047558	0	0	0.7551371102421363	0.2448628897578636
DTXSID3047554	0	0	0.7603010747049365	0.23969892529506334
DTXSID3047508	1	0	0.33634093300044055	0.6636590669995595
DTXSID3047552	0	0	0.841526889607604	0.15847311039239623
DTXSID3047845	0	0	0.6518284980899359	0.34817150191006413
DTXSID3047681	0	0	0.8040120974919398	0.19598790250805995
DTXSID3047633	0	0	0.7836118305846768	0.21638816941532335
DTXSID3047899	0	0	0.6961143843767231	0.3038856156232772
DTXSID3047920	0	0	0.5066053125693522	0.4933946874306482
DTXSID3047891	1	1	0.26506350788191724	0.7349364921180829
DTXSID3047924	0	0	0.7365881367737334	0.26341186322626703
DTXSID3047972	0	0	0.6727572374470465	0.3272427625529538
DTXSID3047895	0	1	0.5579852807979506	0.44201471920204966
DTXSID3047974	1	1	0.2943347262520831	0.7056652737479169
DTXSID3048784	1	0	0.43754252430442087	0.5624574756955789
DTXSID3048655	0	0	0.6114222480530884	0.38857775194691185
DTXSID3048996	1	1	0.33522822851337103	0.6647717714866285
DTXSID3048861	0	0	0.8216544714375752	0.1783455285624253
DTXSID3048815	0	0	0.7319942072469161	0.26800579275308395
DTXSID3048867	0	0	0.80209508605417	0.19790491394582968
DTXSID3048946	0	0	0.6139007645902057	0.38609923540979435
DTXSID3048990	0	0	0.8123039965387743	0.1876960034612256
DTXSID3049209	0	0	0.6811246926181731	0.31887530738182696
DTXSID3049205	0	0	0.5213459461603976	0.4786540538396027
DTXSID3049330	0	0	0.8145958503956542	0.18540414960434637
DTXSID3049257	0	0	0.5034987755459218	0.49650122445407824
DTXSID3049334	0	0	0.8817619109671507	0.11823808903284933
DTXSID3049259	0	0	0.5034987755459218	0.49650122445407824
DTXSID3049388	0	0	0.5826307563961397	0.41736924360386074
DTXSID3049413	0	0	0.6620332081533031	0.33796679184669703
DTXSID4020248	0	0	0.6142177605008932	0.3857822394991071
DTXSID4020161	0	0	0.6368341381207849	0.3631658618792151
DTXSID4020371	0	0	0.5474013958168691	0.4525986041831304
DTXSID4020327	0	0	0.7281458112924849	0.2718541887075153
DTXSID4020587	0	0	0.8439569171240031	0.15604308287599683
DTXSID4020539	0	0	0.6254033856782274	0.37459661432177305
DTXSID4020581	0	0	0.734440055454959	0.26555994454504117
DTXSID4020589	1	1	0.4912099065029389	0.5087900934970612
DTXSID4020583	0	0	0.8442637602337082	0.15573623976629214
DTXSID4020537	0	0	0.556755207718003	0.4432447922819969
DTXSID4020402	0	0	0.7582214131306432	0.24177858686935744
DTXSID4020749	0	1	0.7584904105459371	0.24150958945406317
DTXSID4020959	0	0	0.6333526488406339	0.36664735115936614
DTXSID4020957	0	0	0.6386695383130045	0.3613304616869957
DTXSID4020876	0	1	0.5604829600475237	0.43951703995247643
DTXSID4020878	0	0	0.7368875190460262	0.26311248095397394
DTXSID4021002	0	0	0.6233110118022909	0.3766889881977092
DTXSID4021006	0	0	0.862709483551926	0.13729051644807422
DTXSID4021135	1	0	0.30184271543295466	0.6981572845670453
DTXSID4021137	0	0	0.7700260895793335	0.22997391042066714
DTXSID4021139	0	0	0.7516139798444416	0.2483860201555583
DTXSID4021212	0	0	0.6526101807276047	0.34738981927239543
DTXSID4021395	1	0	0.4781299693728429	0.5218700306271573
DTXSID4021426	0	0	0.857075886677757	0.14292411332224286
DTXSID4021634	0	0	0.8374561480874199	0.16254385191258022
DTXSID4021680	0	1	0.7957445810384403	0.2042554189615599
DTXSID4021977	0	0	0.6210374390952275	0.3789625609047727
DTXSID4022070	0	0	0.7408355832995506	0.2591644167004498
DTXSID4022525	0	0	0.5903616635983345	0.4096383364016659
DTXSID4022446	1	1	0.24907569437731344	0.7509243056226864
DTXSID4022523	0	1	0.5683939364313699	0.4316060635686304
DTXSID4022527	0	0	0.6982961902247959	0.3017038097752045
DTXSID4022448	0	1	0.6378548281219859	0.36214517187801465
DTXSID4022731	0	0	0.5828404229092611	0.4171595770907388
DTXSID4022652	1	0	0.30781686374256445	0.6921831362574358
DTXSID4022816	0	1	0.5953639906212544	0.4046360093787454
DTXSID4022862	0	0	0.5379738561109406	0.4620261438890597
DTXSID4022949	0	0	0.5844801496606657	0.4155198503393344
DTXSID4023252	0	0	0.5861820189763015	0.41381798102369854
DTXSID4023412	0	0	0.5768912316432602	0.4231087683567401
DTXSID4023254	0	0	0.7190990160897865	0.2809009839102131
DTXSID4023545	1	1	0.42698398049390723	0.5730160195060932
DTXSID4023622	0	0	0.773904867107295	0.22609513289270514
DTXSID4023624	1	0	0.4726842230326621	0.5273157769673379
DTXSID4024012	0	0	0.81400272342107	0.18599727657893003
DTXSID4023701	0	0	0.5227638175209439	0.4772361824790562
DTXSID4023670	0	0	0.5364362317548945	0.46356376824510565
DTXSID4023672	0	0	0.5431950358237632	0.45680496417623656
DTXSID4023462	0	0	0.5947906356602659	0.4052093643397338
DTXSID4024064	1	1	0.4218055111070595	0.5781944888929407
DTXSID4024066	0	1	0.5987962816351617	0.40120371836483826
DTXSID4024062	0	0	0.6218651333648727	0.3781348666351272
DTXSID4024274	0	1	0.6901842568273693	0.3098157431726312
DTXSID4024303	0	0	0.7953748380728167	0.2046251619271835
DTXSID4024646	1	1	0.4794678701482876	0.5205321298517126
DTXSID4024488	0	1	0.5585611685874899	0.44143883141251045
DTXSID4024696	0	0	0.8978384282394446	0.10216157176055571
DTXSID4024640	1	0	0.4296270422333148	0.5703729577666851
DTXSID4024937	1	0	0.4829206971301112	0.5170793028698888
DTXSID4025080	0	0	0.8925512671052779	0.10744873289472201
DTXSID4025167	0	0	0.5908080309909867	0.40919196900901356
DTXSID4025404	0	0	0.6336471644116641	0.3663528355883361
DTXSID4025741	0	0	0.5610146945455896	0.4389853054544105
DTXSID4025743	0	0	0.6267131794175707	0.3732868205824298
DTXSID4025662	0	0	0.8451735234143776	0.1548264765856227
DTXSID4025165	1	0	0.4307868033756171	0.5692131966243833
DTXSID4025298	0	0	0.9149888040939014	0.08501119590609878
DTXSID4025329	0	0	0.81400272342107	0.18599727657893003
DTXSID4025745	0	0	0.6267131794175707	0.3732868205824298
DTXSID4025406	0	0	0.8073077035460107	0.19269229645398936
DTXSID4025454	0	0	0.8623942816107095	0.13760571838929084
DTXSID4025587	0	0	0.8618909330950337	0.13810906690496705
DTXSID4026000	1	0	0.49763302737745296	0.502366972622547
DTXSID4025791	0	0	0.6695926673702963	0.33040733262970406
DTXSID4026050	0	0	0.6466369570556826	0.3533630429443176
DTXSID4025793	0	0	0.5522604573277246	0.44773954267227556
DTXSID4026684	0	0	0.6573569898913867	0.34264301010861353
DTXSID4026711	0	0	0.911222256324186	0.08877774367581409
DTXSID4026715	0	0	0.8492915066941512	0.15070849330584862
DTXSID4026268	0	0	0.6570395690466262	0.3429604309533745
DTXSID4026472	0	0	0.819263439290193	0.18073656070980706
DTXSID4026713	0	0	0.7840049163925616	0.2159950836074383
DTXSID4027072	0	0	0.589522497620856	0.4104775023791442
DTXSID4026975	0	0	0.6467480027229736	0.3532519972770263
DTXSID4027153	0	0	0.81400272342107	0.18599727657893003
DTXSID4027076	0	0	0.6500281917864215	0.3499718082135783
DTXSID4027103	0	0	0.8073077035460107	0.19269229645398936
DTXSID4027282	0	0	0.7889624665431666	0.21103753345683407
DTXSID4027236	0	0	0.6268291205202969	0.37317087947970284
DTXSID4027525	0	0	0.6428649008663407	0.3571350991336595
DTXSID4027521	0	0	0.8102646584274974	0.1897353415725029
DTXSID4027494	0	0	0.7712441396590299	0.2287558603409704
DTXSID4027319	0	0	0.7582214131306432	0.24177858686935744
DTXSID4027600	0	0	0.6248795191395	0.3751204808605005
DTXSID4027604	0	1	0.5009360606513348	0.49906393934866516
DTXSID4027656	0	0	0.8099589423525178	0.19004105764748222
DTXSID4029224	0	0	0.7295366666261401	0.27046333337386036
DTXSID4031980	1	1	0.2778356185519131	0.7221643814480875
DTXSID4031356	0	0	0.789581505689943	0.2104184943100572
DTXSID4032378	1	0	0.46070190159088875	0.5392980984091109
DTXSID4032376	0	1	0.6786300651349422	0.32136993486505844
DTXSID4034576	0	0	0.6848539331332525	0.31514606686674757
DTXSID4035592	0	0	0.7836118305846768	0.21638816941532335
DTXSID4039233	0	0	0.8589103460913011	0.14108965390869868
DTXSID4038924	0	0	0.5821686001600563	0.41783139983994405
DTXSID4038926	0	0	0.6434773673588783	0.3565226326411221
DTXSID4040268	1	1	0.46652641521939897	0.5334735847806009
DTXSID4040002	0	0	0.8084315494864116	0.19156845051358873
DTXSID4040343	0	0	0.8365827195532924	0.16341728044670767
DTXSID4040395	0	0	0.8483601010868904	0.15163989891310933
DTXSID4040711	0	0	0.8576249309820125	0.14237506901798733
DTXSID4040715	0	0	0.739521331608798	0.2604786683912024
DTXSID4041317	0	0	0.7873525284301082	0.21264747156989242
DTXSID4040684	1	1	0.3804290389629926	0.619570961037007
DTXSID4040713	0	1	0.5790148990073002	0.4209851009927002
DTXSID4041232	0	0	0.9354404771047307	0.06455952289526912
DTXSID4041367	0	1	0.5574571034795651	0.44254289652043505
DTXSID4041238	0	0	0.8469887409226102	0.15301125907738952
DTXSID4041070	1	1	0.3847678674797158	0.615232132520285
DTXSID4041492	0	0	0.8544503453730558	0.14554965462694425
DTXSID4041440	0	0	0.9109306735146945	0.08906932648530566
DTXSID4041446	0	0	0.5740638791144609	0.4259361208855393
DTXSID4041490	0	0	0.836542334188625	0.16345766581137494
DTXSID4042123	0	1	0.7022571122117042	0.2977428877882962
DTXSID4042129	0	1	0.8695438117794743	0.1304561882205259
DTXSID4041604	0	0	0.841526889607604	0.15847311039239623
DTXSID4041654	0	0	0.8015875300909278	0.19841246990907235
DTXSID4041656	0	0	0.5596321824129181	0.4403678175870821
DTXSID4042335	0	0	0.8914471324563872	0.10855286754361297
DTXSID4042252	0	0	0.6479573294910721	0.352042670508928
DTXSID4042337	0	0	0.8378146700017947	0.16218532999820529
DTXSID4044793	0	0	0.7847165924709545	0.21528340752904648
DTXSID4044587	0	0	0.7291983745569733	0.2708016254430276
DTXSID4044743	0	0	0.612556717557753	0.38744328244224685
DTXSID4044668	1	1	0.4598833078855231	0.5401166921144771
DTXSID4044791	0	0	0.8551751423816859	0.14482485761831412
DTXSID4044878	0	0	0.853881611332501	0.1461183886674994
DTXSID4044822	0	0	0.801539702790887	0.19846029720911348
DTXSID4044826	0	0	0.787005170595008	0.2129948294049925
DTXSID4044828	0	0	0.726956178266293	0.2730438217337067
DTXSID4044870	0	0	0.6981987346440953	0.3018012653559046
DTXSID4044901	0	0	0.7416089703764563	0.2583910296235442
DTXSID4044903	0	0	0.6956005829396195	0.30439941706038076
DTXSID4045632	0	0	0.526199563293698	0.4738004367063022
DTXSID4045216	0	0	0.5482731863391959	0.4517268136608042
DTXSID4045133	1	0	0.32149645634859486	0.6785035436514052
DTXSID4046236	1	1	0.48219229048158	0.51780770951842
DTXSID4046238	0	0	0.631324709647071	0.3686752903529295
DTXSID4046282	1	0	0.41335935290810705	0.5866406470918926
DTXSID4046442	0	0	0.517096379001433	0.4829036209985671
DTXSID4046448	1	1	0.46984165697588937	0.5301583430241105
DTXSID4046523	0	0	0.8754004211385497	0.12459957886145041
DTXSID4046608	0	0	0.749819715450475	0.2501802845495245
DTXSID4046785	0	0	0.6466781011572774	0.3533218988427231
DTXSID4046527	0	0	0.8464604716262867	0.1535395283737135
DTXSID4046529	0	0	0.7789838880444518	0.22101611195554857
DTXSID4046571	0	0	0.8265693186077169	0.17343068139228315
DTXSID4046573	1	0	0.38572478332105237	0.614275216678948
DTXSID4046654	0	0	0.5953942170985518	0.4046057829014482
DTXSID4047044	0	0	0.841526889607604	0.15847311039239623
DTXSID4047046	0	0	0.8884857495097087	0.11151425049029196
DTXSID4046812	0	0	0.5957508573606188	0.40424914263938155
DTXSID4046816	0	0	0.6165809860469381	0.3834190139530619
DTXSID4046818	0	0	0.8189044662667944	0.1810955337332052
DTXSID4047094	0	0	0.7995633427783071	0.20043665722169304
DTXSID4047098	0	0	0.871961914225293	0.1280380857747069
DTXSID4047125	0	0	0.7504912218603893	0.2495087781396104
DTXSID4046866	0	0	0.5520982370597092	0.4479017629402916
DTXSID4047121	0	0	0.6820474286479619	0.3179525713520384
DTXSID4047123	0	0	0.841526889607604	0.15847311039239623
DTXSID4047177	0	0	0.6477482609571731	0.3522517390428272
DTXSID4047410	0	1	0.764599279140409	0.23540072085959124
DTXSID4047414	0	0	0.9153568970619111	0.08464310293808953
DTXSID4047549	0	0	0.7536842930590463	0.24631570694095367
DTXSID4047593	0	0	0.9117822386604496	0.08821776133955052
DTXSID4047599	0	0	0.8634627435480414	0.13653725645195897
DTXSID4047703	0	0	0.725632375954496	0.2743676240455044
DTXSID4047624	0	0	0.7470018183484948	0.25299818165150556
DTXSID4047670	0	0	0.7794370162642735	0.2205629837357263
DTXSID4047838	0	0	0.7575967581314625	0.24240324186853718
DTXSID4047880	1	1	0.3401176710421048	0.659882328957895
DTXSID4047888	0	0	0.6030736293175443	0.39692637068245623
DTXSID4047882	1	1	0.4125276307026436	0.5874723692973561
DTXSID4047969	0	0	0.7071397006037934	0.29286029939620656
DTXSID4047963	1	1	0.246446306226011	0.7535536937739894
DTXSID4048191	1	1	0.28904487803291357	0.7109551219670869
DTXSID4048852	1	0	0.4817413467884977	0.5182586532115023
DTXSID4049034	0	0	0.5810751410380366	0.4189248589619632
DTXSID4048987	0	0	0.7424081096460335	0.2575918903539668
DTXSID4049030	0	0	0.8045030614045211	0.19549693859547876
DTXSID4049032	0	0	0.8330854884670991	0.16691451153290118
DTXSID4049321	0	0	0.5494146940967346	0.4505853059032656
DTXSID4049325	0	0	0.617072569680285	0.3829274303197155
DTXSID4049292	0	0	0.6030259600987515	0.396974039901249
DTXSID4049296	0	0	0.6220066888448741	0.3779933111551263
DTXSID4049371	0	0	0.673341230087983	0.32665876991201703
DTXSID4049373	0	0	0.7789142917998755	0.22108570820012483
DTXSID5020152	0	0	0.8595810490128853	0.14041895098711468
DTXSID5020108	0	0	0.7300749386820459	0.2699250613179544
DTXSID5020156	0	0	0.8515550339380508	0.14844496606194924
DTXSID5020231	0	0	0.6363714116441453	0.3636285883558548
DTXSID5020071	1	0	0.29589096914643476	0.7041090308535658
DTXSID5020491	1	0	0.3857249568563958	0.6142750431436044
DTXSID5020499	0	0	0.8765818199518947	0.12341818004810572
DTXSID5020528	0	0	0.6021197569694947	0.3978802430305053
DTXSID5020607	0	0	0.7574349765088282	0.24256502349117245
DTXSID5020653	1	1	0.3528864779192593	0.6471135220807404
DTXSID5020784	1	1	0.3804290389629926	0.619570961037007
DTXSID5020738	0	0	0.7410448427066023	0.2589551572933977
DTXSID5020732	0	0	0.8882629250894027	0.11173707491059776
DTXSID5020861	0	1	0.5941697712350826	0.40583022876491737
DTXSID5020863	0	0	0.5384412166187883	0.4615587833812116
DTXSID5020946	0	1	0.5575107173229467	0.4424892826770537
DTXSID5021124	0	0	0.6177780002422104	0.3822219997577895
DTXSID5020869	1	0	0.4214457416545927	0.5785542583454074
DTXSID5021097	0	1	0.545292320142777	0.4547076798572231
DTXSID5021120	0	0	0.8035685102676275	0.19643148973237276
DTXSID5021128	0	0	0.7559261786342047	0.24407382136579575
DTXSID5021201	0	0	0.7069215510903627	0.29307844890963763
DTXSID5021627	0	0	0.8459176345199125	0.15408236548008758
DTXSID5021419	0	0	0.7553489141896477	0.2446510858103526
DTXSID5021461	0	0	0.7218314557679006	0.2781685442320994
DTXSID5021708	0	0	0.6560605338642995	0.34393946613570114
DTXSID5021831	0	0	0.6257169573392043	0.3742830426607961
DTXSID5021835	0	0	0.824812850714267	0.17518714928573356
DTXSID5021839	0	0	0.8726693021521582	0.12733069784784215
DTXSID5022061	0	0	0.6026544792996975	0.3973455207003029
DTXSID5022194	0	0	0.7451565043300086	0.25484349566999154
DTXSID5021916	0	1	0.7750919800188896	0.2249080199811107
DTXSID5021962	0	0	0.8040508447515012	0.19594915524849826
DTXSID5021889	0	0	0.8862414059032325	0.11375859409676758
DTXSID5021914	0	0	0.9042288913865297	0.0957711086134702
DTXSID5022437	1	1	0.32295631216070336	0.6770436878392968
DTXSID5022439	1	0	0.28586246588423736	0.7141375341157625
DTXSID5022279	0	0	0.8334307956771897	0.16656920432281036
DTXSID5022485	1	1	0.2203614262667216	0.7796385737332788
DTXSID5022489	0	0	0.8957505206110034	0.10424947938899708
DTXSID5022932	1	0	0.2801338142855418	0.7198661857144582
DTXSID5022647	0	0	0.7092302062229741	0.29076979377702594
DTXSID5023247	1	0	0.2907936455122678	0.7092063544877323
DTXSID5023033	0	0	0.6672621199366456	0.33273788006335453
DTXSID5023370	1	1	0.32690621514726037	0.67309378485274
DTXSID5023295	0	0	0.6939756780534222	0.30602432194657825
DTXSID5023089	0	0	0.5407918295697852	0.4592081704302148
DTXSID5023372	0	0	0.6019295632981939	0.3980704367018059
DTXSID5023110	1	1	0.42182395598931843	0.5781760440106816
DTXSID5023378	0	0	0.7475530318520474	0.2524469681479528
DTXSID5023792	0	0	0.6257169573392043	0.3742830426607961
DTXSID5023665	0	0	0.6555040131702233	0.34449598682977683
DTXSID5023742	1	0	0.4825941281456718	0.5174058718543283
DTXSID5023908	0	0	0.7238650822333212	0.276134917766679
DTXSID5023871	1	0	0.427497609860114	0.5725023901398864
DTXSID5024211	1	1	0.47704795200791295	0.5229520479920868
DTXSID5024683	0	0	0.7768151242239043	0.2231848757760961
DTXSID5024479	1	1	0.43874824290737413	0.5612517570926256
DTXSID5024500	0	0	0.5003241569584245	0.49967584304157564
DTXSID5024637	0	0	0.81400272342107	0.18599727657893003
DTXSID5024639	1	0	0.4296270422333148	0.5703729577666851
DTXSID5024506	0	0	0.6173702332954718	0.38262976670452875
DTXSID5024926	0	0	0.5940281196663028	0.40597188033369713
DTXSID5024710	0	0	0.7834732863007564	0.21652671369924378
DTXSID5025021	0	1	0.6035384835094365	0.39646151649056366
DTXSID5025100	0	0	0.8718306372935261	0.12816936270647433
DTXSID5025318	0	0	0.7727012557958424	0.2272987442041576
DTXSID5025447	0	0	0.8688105201998051	0.13118947980019544
DTXSID5025449	0	0	0.6219891926059217	0.37801080739407783
DTXSID5025491	0	0	0.6086981007767075	0.3913018992232928
DTXSID5025574	0	0	0.8726350430446187	0.1273649569553812
DTXSID5025730	1	0	0.4023828286898719	0.5976171713101288
DTXSID5025732	0	0	0.5901462538467043	0.4098537461532958
DTXSID5025861	1	1	0.4481508138561157	0.5518491861438842
DTXSID5025863	0	0	0.63830064370563	0.3616993562943703
DTXSID5025738	0	0	0.6382662082122179	0.3617337917877825
DTXSID5026049	0	0	0.6466369570556826	0.3533630429443176
DTXSID5025815	0	0	0.5150640541959707	0.48493594580402943
DTXSID5025819	0	0	0.6269985728439036	0.37300142715609735
DTXSID5026251	0	0	0.6479704769818194	0.3520295230181809
DTXSID5026124	0	0	0.7795966853703427	0.22040331462965795
DTXSID5026120	1	1	0.25581612232617923	0.7441838776738209
DTXSID5026548	0	0	0.7326373046009035	0.2673626953990968
DTXSID5026837	0	0	0.9361021980045738	0.06389780199542634
DTXSID5026881	0	0	0.7196496958214057	0.2803503041785942
DTXSID5027063	0	0	0.6649246403726213	0.33507535962737856
DTXSID5027061	1	1	0.3662637983103525	0.633736201689647
DTXSID5027223	0	0	0.841526889607604	0.15847311039239623
DTXSID5027279	0	0	0.7022571122117042	0.2977428877882962
DTXSID5027308	0	0	0.6404960718489752	0.3595039281510257
DTXSID5027728	0	0	0.7369791834136143	0.2630208165863864
DTXSID5027803	0	0	0.807457199501296	0.19254280049870418
DTXSID5027774	0	0	0.6818656142570848	0.3181343857429153
DTXSID5029136	0	0	0.6271920668977106	0.3728079331022892
DTXSID5028114	0	0	0.774115645134359	0.22588435486564137
DTXSID5029184	0	0	0.7566424782000766	0.24335752179992298
DTXSID5029683	0	0	0.8122341824530928	0.18776581754690772
DTXSID5029762	0	1	0.5369417277933021	0.46305827220669804
DTXSID5031133	0	0	0.8357423097754408	0.16425769022455944
DTXSID5032361	0	0	0.6984421905604673	0.30155780943953264
DTXSID5031131	0	0	0.8043081295814067	0.19569187041859357
DTXSID5032577	0	0	0.5706065428165428	0.4293934571834574
DTXSID5032579	0	0	0.6324149200238939	0.3675850799761069
DTXSID5033836	1	1	0.4963814189811451	0.503618581018855
DTXSID5033098	0	0	0.8506610035822249	0.1493389964177751
DTXSID5034723	1	0	0.47709814509499343	0.5229018549050063
DTXSID5037236	0	0	0.789581505689943	0.2104184943100572
DTXSID5035616	1	0	0.4648136464385114	0.5351863535614887
DTXSID5036684	1	1	0.3401176710421048	0.659882328957895
DTXSID5037072	0	0	0.6532318611224135	0.34676813887758673
DTXSID5034981	0	1	0.6475922557484026	0.3524077442515982
DTXSID5037731	1	1	0.22559260295294056	0.7744073970470596
DTXSID5037579	0	0	0.5711602485072115	0.4288397514927885
DTXSID5038830	0	0	0.7661612922330405	0.2338387077669599
DTXSID5041275	0	0	0.8096634022261403	0.19033659777385994
DTXSID5041306	1	1	0.2285965119720707	0.7714034880279291
DTXSID5040708	0	1	0.7546525565836465	0.24534744341635364
DTXSID5041190	0	0	0.7340969517204143	0.26590304827958644
DTXSID5041487	0	0	0.8102110785254527	0.18978892147454776
DTXSID5041431	0	0	0.7219784320360007	0.27802156796399935
DTXSID5041641	0	0	0.7525809071607125	0.24741909283928745
DTXSID5041643	0	0	0.7160110485782082	0.28398895142179176
DTXSID5041691	0	0	0.7982202771157908	0.20177972288420942
DTXSID5041697	0	0	0.7036457804970158	0.29635421950298513
DTXSID5041851	0	1	0.6235085840547809	0.37649141594521895
DTXSID5042324	0	0	0.5098978054758831	0.490102194524117
DTXSID5042083	1	1	0.45824998610323725	0.5417500138967627
DTXSID5042299	0	0	0.6522033976333355	0.3477966023666644
DTXSID5042249	0	1	0.8816241664075714	0.11837583359242876
DTXSID5042322	0	1	0.7398095473904223	0.26019045260957757
DTXSID5044316	0	0	0.8087415109841313	0.19125848901586895
DTXSID5044441	0	0	0.8389720432399493	0.16102795676005097
DTXSID5044495	0	0	0.7004153320236783	0.2995846679763214
DTXSID5044445	0	0	0.8244552634905173	0.17554473650948274
DTXSID5044520	1	1	0.352849887131035	0.6471501128689644
DTXSID5044576	0	0	0.7558467307663457	0.24415326923365435
DTXSID5044578	0	0	0.7208695456817384	0.2791304543182611
DTXSID5044574	0	0	0.741123767463365	0.25887623253663544
DTXSID5044607	0	1	0.7233956406593625	0.27660435934063765
DTXSID5044732	0	0	0.7426217647303345	0.2573782352696656
DTXSID5044609	0	0	0.7019735341737697	0.29802646582623066
DTXSID5044863	0	0	0.8516193589113779	0.14838064108862262
DTXSID5044655	0	0	0.6762843139929917	0.3237156860070081
DTXSID5044815	0	0	0.7496502677913754	0.2503497322086253
DTXSID5044738	0	0	0.713018677848484	0.2869813221515163
DTXSID5044940	0	1	0.6521848997299506	0.3478151002700489
DTXSID5044819	0	0	0.7531884111396029	0.24681158886039753
DTXSID5044788	0	0	0.6271716254740687	0.37282837452593154
DTXSID5044782	0	0	0.5755246825584278	0.42447531744157263
DTXSID5044784	0	0	0.8178595609887362	0.1821404390112639
DTXSID5045178	1	0	0.32295631216070336	0.6770436878392968
DTXSID5045382	0	0	0.5539814039718014	0.4460185960281987
DTXSID5045384	0	0	0.6098982868430237	0.3901017131569767
DTXSID5045594	0	1	0.667632422521193	0.3323675774788074
DTXSID5045596	0	1	0.5130683851455498	0.48693161485445047
DTXSID5045469	0	0	0.6555040131702233	0.34449598682977683
DTXSID5045883	0	0	0.6623138272241484	0.3376861727758512
DTXSID5045833	0	0	0.7110781968837819	0.2889218031162187
DTXSID5046146	0	0	0.8346419655559558	0.1653580344440442
DTXSID5046308	0	1	0.7230428720505173	0.2769571279494829
DTXSID5046439	0	0	0.5707372722384186	0.4292627277615813
DTXSID5046772	1	0	0.453041170202065	0.546958829797935
DTXSID5046691	0	0	0.5150456377988316	0.48495436220116855
DTXSID5046776	1	0	0.42344943627934795	0.5765505637206514
DTXSID5046720	0	0	0.6165809860469381	0.3834190139530619
DTXSID5046518	0	0	0.7471121161865841	0.2528878838134163
DTXSID5046564	0	0	0.8684046725913264	0.13159532740867347
DTXSID5046726	1	1	0.4752040631545688	0.5247959368454312
DTXSID5046980	0	0	0.6248795191395	0.3751204808605005
DTXSID5046851	1	0	0.3724057209597901	0.6275942790402097
DTXSID5047037	1	0	0.39849067367074087	0.6015093263292587
DTXSID5047031	0	0	0.6110213896165818	0.3889786103834186
DTXSID5047118	0	0	0.7686189288308388	0.23138107116916137
DTXSID5047116	0	0	0.6565887034475715	0.34341129655242836
DTXSID5047162	0	0	0.7237122709486047	0.27628772905139537
DTXSID5047582	0	0	0.841526889607604	0.15847311039239623
DTXSID5047538	0	0	0.6629204511750703	0.33707954882492985
DTXSID5047584	0	0	0.7833651314400077	0.21663486855999253
DTXSID5047790	1	0	0.4642291265578834	0.5357708734421167
DTXSID5047663	0	0	0.6964006788915272	0.30359932110847304
DTXSID5047661	0	0	0.8238491985241568	0.17615080147584364
DTXSID5047665	0	0	0.826983974613201	0.1730160253867992
DTXSID5047744	1	0	0.400903294825946	0.5990967051740534
DTXSID5047879	1	0	0.2713182061106409	0.7286817938893585
DTXSID5047875	0	0	0.6796541806558378	0.3203458193441622
DTXSID5048180	0	0	0.7884042453516115	0.2115957546483891
DTXSID5047954	0	0	0.5987751119794269	0.40122488802057354
DTXSID5048211	0	0	0.8903098109628388	0.10969018903716121
DTXSID5047956	1	0	0.2943347262520831	0.7056652737479169
DTXSID5048182	0	0	0.7241080006614944	0.2758919993385058
DTXSID5047906	0	0	0.5845962577113103	0.41540374228869015
DTXSID5047908	0	0	0.6115674408091438	0.38843255919085634
DTXSID5048188	0	0	0.8930433380082712	0.10695666199172905
DTXSID5048760	0	0	0.5949954993589021	0.405004500641098
DTXSID5048849	0	1	0.589189006204608	0.4108109937953922
DTXSID5048897	0	0	0.5942055256212591	0.40579447437874083
DTXSID5048895	0	0	0.5733793911511507	0.4266206088488497
DTXSID5048899	0	0	0.6547134131497873	0.34528658685021285
DTXSID5049235	0	0	0.5513878041058817	0.4486121958941182
DTXSID5049077	0	1	0.6206179370818209	0.37938206291818016
DTXSID5049027	0	0	0.5449387089654966	0.45506129103450366
DTXSID5049071	1	1	0.4393160336860285	0.5606839663139715
DTXSID5049233	0	0	0.5807276428383714	0.41927235716162875
DTXSID5048978	0	0	0.7461810762755111	0.25381892372448905
DTXSID5049364	0	0	0.6479527011883183	0.35204729881168184
DTXSID5049366	0	0	0.5178074173677433	0.48219258263225706
DTXSID5049368	0	0	0.5968551260007049	0.4031448739992955
DTXSID5049360	0	0	0.617072569680285	0.3829274303197155
DTXSID5049312	0	0	0.5494146940967346	0.4505853059032656
DTXSID6020062	1	0	0.4489467101984718	0.5510532898015282
DTXSID6020064	1	0	0.46010602724616234	0.5398939727538379
DTXSID6020141	0	0	0.6854311903832576	0.31456880961674244
DTXSID6020143	0	0	0.9250611557950297	0.07493884420497085
DTXSID6020480	0	0	0.7839066357410164	0.21609336425898362
DTXSID6020771	0	0	0.6002713763853499	0.3997286236146505
DTXSID6020696	0	0	0.8774897584948798	0.12251024150512047
DTXSID6020804	0	1	0.8259655716750618	0.1740344283249383
DTXSID6020983	1	0	0.4023828286898719	0.5976171713101288
DTXSID6021030	1	0	0.3701256353900492	0.6298743646099508
DTXSID6021327	1	0	0.38740324590599545	0.6125967540940045
DTXSID6021296	1	0	0.48554737957293476	0.5144526204270652
DTXSID6021375	0	0	0.7976145398472245	0.20238546015277584
DTXSID6021321	0	1	0.5287255967600406	0.47127440323995967
DTXSID6021163	0	0	0.5863557562946178	0.41364424370538333
DTXSID6021082	0	0	0.7123352082578901	0.28766479174211024
DTXSID6021402	0	0	0.9067648498962226	0.09323515010377757
DTXSID6021408	0	1	0.5935123827155051	0.4064876172844955
DTXSID6021793	1	1	0.3662637983103525	0.633736201689647
DTXSID6021583	0	0	0.7479079965002787	0.25209200349972166
DTXSID6021610	0	0	0.7476602165136859	0.2523397834863139
DTXSID6021618	0	0	0.9351783121413968	0.06482168785860341
DTXSID6021820	0	0	0.793650591314998	0.20634940868500196
DTXSID6021872	0	0	0.8366606473559751	0.16333935264402524
DTXSID6021957	1	0	0.3311568019229539	0.6688431980770462
DTXSID6021828	0	0	0.8512564393470119	0.1487435606529881
DTXSID6021901	0	0	0.9114198471344105	0.08858015286558975
DTXSID6022218	0	0	0.8292199519952932	0.17078004800470664
DTXSID6022131	0	0	0.6166929594070552	0.38330704059294507
DTXSID6022006	0	0	0.841526889607604	0.15847311039239623
DTXSID6022050	0	0	0.8855631437123672	0.11443685628763312
DTXSID6022393	1	1	0.29955649402165446	0.7004435059783456
DTXSID6022187	0	0	0.6068214142988382	0.3931785857011619
DTXSID6022420	0	0	0.7136227544249387	0.2863772455750611
DTXSID6022422	1	0	0.2842173756914046	0.7157826243085957
DTXSID6022472	0	0	0.8849551900498449	0.11504480995015524
DTXSID6022630	0	0	0.5150862153200064	0.4849137846799936
DTXSID6022632	0	0	0.6241649450920093	0.3758350549079912
DTXSID6023078	0	0	0.6708956792320011	0.3291043207679991
DTXSID6023109	0	0	0.6966085879396997	0.30339141206030107
DTXSID6023315	0	0	0.7282918631535586	0.2717081368464415
DTXSID6023159	0	0	0.639480522664272	0.3605194773357278
DTXSID6023523	0	0	0.589857949177722	0.4101420508222781
DTXSID6023735	0	0	0.5491017181727357	0.4508982818272649
DTXSID6024254	0	0	0.7238650822333212	0.276134917766679
DTXSID6024200	0	0	0.6559570429433981	0.3440429570566019
DTXSID6024331	0	1	0.6739469816054178	0.3260530183945829
DTXSID6024460	1	1	0.2644232752508383	0.7355767247491625
DTXSID6024462	0	0	0.7962275289188228	0.20377247108117716
DTXSID6024466	0	0	0.8242040199637103	0.17579598003628993
DTXSID6024591	0	0	0.6289663489524228	0.3710336510475774
DTXSID6024597	0	0	0.6422597518863703	0.3577402481136303
DTXSID6024674	0	0	0.8007928298721926	0.19920717012780761
DTXSID6024676	0	0	0.8681975392102017	0.13180246078979857
DTXSID6024599	0	0	0.637765873803542	0.3622341261964584
DTXSID6024834	0	0	0.8808025096887675	0.11919749031123336
DTXSID6025068	0	0	0.7758005058870112	0.22419949411298926
DTXSID6025012	0	0	0.8206909077918288	0.17930909220817168
DTXSID6024915	0	0	0.8073077035460107	0.19269229645398936
DTXSID6025014	0	0	0.8532857078350842	0.14671429216491616
DTXSID6024961	0	0	0.5151254730372832	0.48487452696271693
DTXSID6024965	0	0	0.7099590997741154	0.29004090022588425
DTXSID6025064	0	0	0.6433518291064708	0.35664817089352974
DTXSID6025272	0	0	0.792360957743999	0.20763904225600122
DTXSID6025149	0	1	0.8202873461382733	0.17971265386172733
DTXSID6025145	0	0	0.6218651333648727	0.3781348666351272
DTXSID6025143	0	0	0.6218651333648727	0.3781348666351272
DTXSID6025301	0	0	0.869350445963396	0.1306495540366041
DTXSID6025303	0	0	0.8288386401464627	0.17116135985353798
DTXSID6025640	0	0	0.664300614357285	0.3356993856427153
DTXSID6025642	0	0	0.6550562056773693	0.3449437943226312
DTXSID6025307	0	1	0.7633099716264033	0.23669002837359662
DTXSID6025696	1	1	0.35271662321191843	0.6472833767880818
DTXSID6025569	0	0	0.8203535599468906	0.17964644005310948
DTXSID6025355	0	0	0.8178344674802936	0.18216553251970655
DTXSID6025513	1	1	0.4772726186738995	0.5227273813261006
DTXSID6025983	0	0	0.5586293408552571	0.44137065914474316
DTXSID6026080	0	0	0.8972144433056793	0.10278555669432085
DTXSID6025723	0	0	0.59376565718944	0.40623434281056015
DTXSID6025725	0	0	0.5874585884576137	0.4125414115423867
DTXSID6026115	0	0	0.7289222883723079	0.271077711627692
DTXSID6026161	0	0	0.8880507005729098	0.11194929942709028
DTXSID6026797	0	0	0.9404372502457283	0.059562749754271636
DTXSID6026612	0	0	0.9277708068878102	0.07222919311219013
DTXSID6026664	0	0	0.8646841889391395	0.1353158110608604
DTXSID6026169	0	0	0.9349658923230438	0.06503410767695611
DTXSID6026535	0	0	0.7336550396945646	0.26634496030543603
DTXSID6026167	0	0	0.9349658923230438	0.06503410767695611
DTXSID6026298	0	0	0.948993537365385	0.051006462634615064
DTXSID6026373	0	0	0.7022571122117042	0.2977428877882962
DTXSID6026905	0	0	0.7243811645848197	0.2756188354151804
DTXSID6027137	0	0	0.8358809418126608	0.1641190581873394
DTXSID6027181	0	0	0.9102492343353302	0.0897507656646697
DTXSID6027214	0	0	0.689693850419684	0.3103061495803165
DTXSID6027218	0	0	0.8043470194228179	0.19565298057718247
DTXSID6027713	0	0	0.6774961768709411	0.3225038231290585
DTXSID6027345	0	0	0.6479704769818194	0.3520295230181809
DTXSID6027397	0	0	0.5715407090229493	0.4284592909770505
DTXSID6027975	0	0	0.8073077035460107	0.19269229645398936
DTXSID6029121	0	0	0.6368341381207849	0.3631658618792151
DTXSID6029127	0	0	0.8558001473069968	0.1441998526930031
DTXSID6032192	1	1	0.26328270678456106	0.7367172932154388
DTXSID6032356	0	0	0.7257142827790101	0.2742857172209901
DTXSID6032431	0	1	0.6378548281219859	0.36214517187801465
DTXSID6032514	0	1	0.8359381388087955	0.16406186119120403
DTXSID6033241	0	0	0.8522070173984465	0.1477929826015533
DTXSID6033401	0	0	0.5775138565226073	0.4224861434773927
DTXSID6033247	0	0	0.6738465477291431	0.32615345227085707
DTXSID6034005	0	0	0.8390866528387658	0.1609133471612342
DTXSID6034972	0	0	0.589857949177722	0.4101420508222781
DTXSID6035784	0	0	0.8278736383016174	0.17212636169838277
DTXSID6035156	0	0	0.8166713254333774	0.18332867456662238
DTXSID6035285	0	1	0.7880281921373924	0.21197180786260758
DTXSID6036467	0	0	0.5627175766474742	0.437282423352526
DTXSID6037728	1	0	0.2943347262520831	0.7056652737479169
DTXSID6040246	1	0	0.47619192365623264	0.5238080763437674
DTXSID6040111	0	0	0.8378146700017947	0.16218532999820529
DTXSID6040614	0	0	0.6922136871974524	0.30778631280254815
DTXSID6040371	0	1	0.7040778215690454	0.2959221784309545
DTXSID6041210	0	0	0.8858782794277174	0.11412172057228269
DTXSID6040664	0	0	0.7321874524537287	0.2678125475462717
DTXSID6040795	0	0	0.748109835475881	0.2518901645241186
DTXSID6041420	0	0	0.8321651108531207	0.16783488914687958
DTXSID6041636	0	0	0.8765405870798068	0.12345941292019387
DTXSID6041682	1	0	0.3594160800538904	0.6405839199461093
DTXSID6041638	0	0	0.8826483366818817	0.1173516633181184
DTXSID6041892	0	1	0.6051846424670564	0.3948153575329438
DTXSID6042234	0	0	0.6790170852950357	0.32098291470496415
DTXSID6042280	0	0	0.7770823104964021	0.22291768950359844
DTXSID6042074	0	0	0.589857949177722	0.4101420508222781
DTXSID6042521	0	0	0.6125630080939218	0.3874369919060781
DTXSID6042369	1	1	0.45000485317631084	0.5499951468236891
DTXSID6042498	0	1	0.6479704769818194	0.3520295230181809
DTXSID6044226	0	1	0.5749669776488939	0.42503302235110607
DTXSID6044353	0	0	0.8551751423816859	0.14482485761831412
DTXSID6044511	0	0	0.7454033067121905	0.2545966932878102
DTXSID6044430	0	0	0.5682057538171711	0.4317942461828294
DTXSID6044515	0	0	0.5862268464200769	0.413773153579923
DTXSID6044519	0	0	0.6321886626092914	0.36781133739070865
DTXSID6044642	0	1	0.5031113351565044	0.49688866484349553
DTXSID6044723	0	0	0.7983582439646798	0.2016417560353201
DTXSID6044773	0	0	0.6971828323955853	0.30281716760441524
DTXSID6044800	1	0	0.3240580665489482	0.6759419334510521
DTXSID6044725	0	0	0.7403256442944236	0.2596743557055763
DTXSID6044802	0	0	0.700100123071495	0.2998998769285054
DTXSID6044983	0	0	0.5930076605162983	0.4069923394837019
DTXSID6044933	0	0	0.815150921107406	0.18484907889259358
DTXSID6044981	0	0	0.5103374690691508	0.4896625309308496
DTXSID6045325	0	0	0.7310921782400603	0.26890782175994055
DTXSID6045373	0	0	0.52605787014103	0.47394212985897005
DTXSID6045296	0	0	0.7429325771640449	0.25706742283595435
DTXSID6045408	0	0	0.6126156887382475	0.3873843112617526
DTXSID6045533	0	0	0.5232930831718431	0.4767069168281571
DTXSID6045878	1	0	0.47227096889339665	0.5277290311066036
DTXSID6045901	0	0	0.8068522088976744	0.1931477911023258
DTXSID6046137	0	1	0.5385760851203275	0.4614239148796728
DTXSID6046181	1	0	0.46253162533620107	0.5374683746637985
DTXSID6046131	1	0	0.2711360962559693	0.7288639037440307
DTXSID6046422	0	0	0.6866567267217627	0.3133432732782378
DTXSID6046349	0	0	0.6525112596673384	0.3474887403326621
DTXSID6046551	0	0	0.537346370638463	0.462653629361537
DTXSID6046557	0	0	0.595075877597617	0.4049241224023831
DTXSID6046892	1	0	0.4753850345242423	0.5246149654757576
DTXSID6047074	0	0	0.8957360955795942	0.10426390442040617
DTXSID6046925	0	0	0.6263611873412642	0.37363881265873633
DTXSID6047078	0	0	0.8439359174467542	0.1560640825532461
DTXSID6047157	0	0	0.7225172179214704	0.27748278207852956
DTXSID6047444	0	0	0.6825910454003554	0.31740895459964463
DTXSID6047440	0	0	0.9359360581464915	0.0640639418535085
DTXSID6047498	0	1	0.5935123827155051	0.4064876172844955
DTXSID6047781	0	0	0.7583867480291007	0.24161325197089975
DTXSID6047608	0	0	0.8703745863155855	0.12962541368441466
DTXSID6047654	0	0	0.841526889607604	0.15847311039239623
DTXSID6047525	1	0	0.42364115597246527	0.5763588440275345
DTXSID6047604	0	0	0.8080472960112434	0.19195270398875683
DTXSID6047606	0	0	0.8224206549928459	0.17757934500715403
DTXSID6047523	0	0	0.7547198586955055	0.24528014130449424
DTXSID6047579	0	0	0.7633099716264033	0.23669002837359662
DTXSID6048204	0	0	0.8120154671907562	0.1879845328092434
DTXSID6048202	0	0	0.8553424667324365	0.1446575332675637
DTXSID6048200	0	0	0.8769166812922848	0.12308331870771527
DTXSID6048670	0	0	0.5155810602381666	0.48441893976183337
DTXSID6048703	0	0	0.6165809860469381	0.3834190139530619
DTXSID6048383	0	0	0.8096634022261403	0.19033659777385994
DTXSID6048709	0	0	0.7395936029742296	0.260406397025771
DTXSID6048753	1	0	0.4552860806693142	0.5447139193306859
DTXSID6048832	0	0	0.6255017525021895	0.3744982474978106
DTXSID6048624	1	0	0.47353782467665817	0.5264621753233414
DTXSID6048595	0	0	0.6408084685017611	0.35919153149823907
DTXSID6048597	0	1	0.5038563395715241	0.49614366042847585
DTXSID6048917	1	0	0.4998638522894574	0.5001361477105428
DTXSID6049224	0	0	0.5494146940967346	0.4505853059032656
DTXSID6048913	1	0	0.4986710891228134	0.5013289108771868
DTXSID6048963	0	0	0.693419472636134	0.306580527363866
DTXSID6049068	0	0	0.6481014014811134	0.3518985985188868
DTXSID6049303	1	0	0.38270205364203874	0.6172979463579612
DTXSID6049430	1	1	0.4924935429053417	0.5075064570946584
DTXSID6049309	0	0	0.8296464131303009	0.17035358686969912
DTXSID6049357	0	0	0.6277345239030379	0.372265476096963
DTXSID6050386	0	0	0.9029377372222603	0.09706226277773988
DTXSID7020184	0	0	0.6576028999414465	0.3423971000585541
DTXSID7020005	0	0	0.8810947142786794	0.1189052857213212
DTXSID7020138	1	0	0.31621589211574774	0.6837841078842519
DTXSID7020344	0	1	0.5060217384791172	0.493978261520883
DTXSID7020550	0	0	0.7400313277353472	0.2599686722646529
DTXSID7020392	0	0	0.7416089703764563	0.2583910296235442
DTXSID7020631	1	1	0.2922474710316824	0.7077525289683176
DTXSID7020716	0	1	0.6349948381828644	0.3650051618171354
DTXSID7020920	1	0	0.366438166071705	0.6335618339282956
DTXSID7020847	1	1	0.42450626405832187	0.5754937359416783
DTXSID7020922	0	0	0.6162343178749146	0.38376568212508555
DTXSID7021152	1	1	0.2944488480503728	0.7055511519496275
DTXSID7020978	1	0	0.4023828286898719	0.5976171713101288
DTXSID7021150	0	1	0.9026433718812954	0.09735662811870482
DTXSID7021158	0	0	0.7828134054440602	0.21718659455593964
DTXSID7021360	0	0	0.9486879477541822	0.05131205224581757
DTXSID7021362	0	0	0.7287996389267889	0.2712003610732111
DTXSID7021312	1	1	0.24581139176378072	0.7541886082362187
DTXSID7021491	0	0	0.911193147255557	0.088806852744443
DTXSID7021576	0	0	0.6823557337452547	0.3176442662547454
DTXSID7021867	0	0	0.7207288845075499	0.2792711154924506
DTXSID7021657	0	0	0.8539625925898633	0.14603740741013727
DTXSID7021788	1	1	0.33592132342454756	0.6640786765754526
DTXSID7021780	0	0	0.845706339453935	0.1542936605460652
DTXSID7021869	0	0	0.6559570429433981	0.3440429570566019
DTXSID7021996	0	0	0.7270088014159551	0.2729911985840454
DTXSID7021998	0	0	0.7496502677913754	0.2503497322086253
DTXSID7022093	0	0	0.8300626160380216	0.16993738396197847
DTXSID7021994	1	0	0.31152739866643825	0.6884726013335619
DTXSID7022049	0	0	0.6068214142988382	0.3931785857011619
DTXSID7022124	0	0	0.862729744550589	0.13727025544941038
DTXSID7022128	0	0	0.8640219118434712	0.13597808815652862
DTXSID7022253	1	1	0.4834676221418715	0.5165323778581282
DTXSID7022332	0	0	0.6041605587026272	0.39583944129737275
DTXSID7022382	1	1	0.2851754206262845	0.7148245793737156
DTXSID7022415	0	0	0.7400443238025809	0.25995567619741916
DTXSID7022417	0	1	0.7755483676402429	0.2244516323597574
DTXSID7022592	1	0	0.36177207211910367	0.6382279278808963
DTXSID7022883	1	1	0.40447394957643645	0.5955260504235637
DTXSID7023011	0	0	0.7458342307523633	0.2541657692476374
DTXSID7022835	0	0	0.6250397376001847	0.3749602623998152
DTXSID7023724	0	0	0.5616653502499166	0.43833464975008324
DTXSID7023697	1	0	0.40354201362382897	0.5964579863761708
DTXSID7023645	0	0	0.5512336500938071	0.44876634990619285
DTXSID7023722	0	0	0.6664973052934879	0.33350269470651195
DTXSID7023932	0	1	0.6774530694012513	0.3225469305987488
DTXSID7023938	0	0	0.7982882777832777	0.20171172221672257
DTXSID7023271	0	0	0.7791065017907153	0.22089349820928528
DTXSID7023277	1	0	0.4555363400182186	0.544463659981782
DTXSID7024661	0	0	0.8490262559186434	0.15097374408135672
DTXSID7024875	0	1	0.7467760814890129	0.2532239185109871
DTXSID7024580	0	0	0.5985438394305903	0.4014561605694103
DTXSID7025132	0	0	0.673122929902056	0.3268770700979442
DTXSID7025134	0	0	0.673122929902056	0.3268770700979442
DTXSID7025136	0	0	0.6356937159564988	0.36430628404350135
DTXSID7025138	0	1	0.7589211011182497	0.2410788988817508
DTXSID7025180	1	0	0.4307097627995673	0.5692902372004328
DTXSID7025055	0	0	0.76756710752155	0.23243289247845078
DTXSID7025215	0	0	0.7758005058870112	0.22419949411298926
DTXSID7025346	0	0	0.8704957254875385	0.12950427451246177
DTXSID7025768	0	0	0.630867345958219	0.369132654041781
DTXSID7025633	0	0	0.6333526488406339	0.36664735115936614
DTXSID7025924	0	0	0.7443395301019268	0.25566046989807345
DTXSID7025639	0	0	0.664300614357285	0.3356993856427153
DTXSID7025637	0	1	0.6550562056773693	0.3449437943226312
DTXSID7025764	0	0	0.7333734362587409	0.2666265637412597
DTXSID7026235	0	0	0.6905491363249473	0.3094508636750525
DTXSID7026231	1	0	0.3234231414864505	0.6765768585135494
DTXSID7025926	0	1	0.7499216184963787	0.2500783815036216
DTXSID7026156	0	0	0.7689569775838777	0.23104302241612285
DTXSID7026368	0	0	0.6410863755204236	0.35891362447957675
DTXSID7026526	0	0	0.7622269369231481	0.23777306307685164
DTXSID7026520	0	1	0.561074129361031	0.43892587063896904
DTXSID7026653	0	0	0.8112278152248854	0.1887721847751151
DTXSID7026811	0	0	0.8780457738573644	0.12195422614263568
DTXSID7026605	0	0	0.7852679301661041	0.21473206983389606
DTXSID7026609	0	0	0.8716523791924753	0.12834762080752488
DTXSID7026998	0	0	0.8569855279881318	0.14301447201186837
DTXSID7027043	0	0	0.6739469816054178	0.3260530183945829
DTXSID7026994	0	0	0.8181827000768659	0.18181729992313408
DTXSID7027174	0	0	0.5783910494766947	0.4216089505233057
DTXSID7027259	0	0	0.885341246736741	0.1146587532632594
DTXSID7027253	0	0	0.7368779231019539	0.2631220768980464
DTXSID7027097	0	0	0.7022571122117042	0.2977428877882962
DTXSID7027099	0	0	0.7836118305846768	0.21638816941532335
DTXSID7027594	0	0	0.7033892991927035	0.2966107008072971
DTXSID7027546	0	0	0.9082518934945343	0.09174810650546625
DTXSID7027542	0	0	0.5775419347561086	0.42245806524389157
DTXSID7027625	0	0	0.7688471037816745	0.23115289621832597
DTXSID7027833	0	0	0.8019131236875735	0.19808687631242705
DTXSID7027887	0	0	0.7041304331028655	0.2958695668971351
DTXSID7027835	0	0	0.705786149513582	0.2942138504864184
DTXSID7029160	0	0	0.8096634022261403	0.19033659777385994
DTXSID7028015	0	1	0.7676130661114012	0.23238693388859916
DTXSID7029164	0	0	0.6784774550544463	0.32152254494555405
DTXSID7029320	0	0	0.731655310395869	0.26834468960413155
DTXSID7029665	0	0	0.6633905914007654	0.33660940859923477
DTXSID7029611	0	0	0.6559759593677323	0.34402404063226777
DTXSID7031458	0	1	0.6918531100574681	0.3081468899425322
DTXSID7031248	0	1	0.5300487443607961	0.46995125563920404
DTXSID7031531	1	1	0.4161276002546157	0.5838723997453844
DTXSID7032424	1	0	0.499107634241869	0.500892365758131
DTXSID7034252	0	0	0.5105561628903694	0.4894438371096307
DTXSID7032688	1	0	0.31740160888076424	0.6825983911192354
DTXSID7035010	0	0	0.5098978054758831	0.490102194524117
DTXSID7037185	1	1	0.34796938574072894	0.6520306142592709
DTXSID7037717	1	1	0.1571296147625227	0.8428703852374783
DTXSID7037715	0	0	0.5361432853142544	0.46385671468574574
DTXSID7040285	0	0	0.6964215177216024	0.30357848227839784
DTXSID7038814	0	0	0.8131603619417067	0.18683963805829357
DTXSID7040152	0	0	0.5610610613810972	0.43893893861890265
DTXSID7040526	0	0	0.7414453439321138	0.2585546560678864
DTXSID7040360	1	0	0.4521146853931245	0.5478853146068754
DTXSID7040734	0	0	0.5963970608845696	0.403602939115431
DTXSID7040948	0	0	0.799745878916715	0.20025412108328552
DTXSID7041097	1	1	0.36854573601745944	0.6314542639825398
DTXSID7041388	0	0	0.6597686176050784	0.34023138239492157
DTXSID7041621	1	0	0.4056936573590116	0.5943063426409876
DTXSID7041540	0	0	0.6336533974916001	0.3663466025084001
DTXSID7041544	0	0	0.5801899508709994	0.4198100491290009
DTXSID7041916	0	0	0.8202087158928059	0.17979128410719458
DTXSID7042273	0	0	0.589857949177722	0.4101420508222781
DTXSID7042063	0	0	0.5316850035076458	0.4683149964923542
DTXSID7042279	0	0	0.7630904211030928	0.23690957889690736
DTXSID7042352	1	1	0.43516104870889244	0.5648389512911078
DTXSID7042196	0	0	0.8914471324563872	0.10855286754361297
DTXSID7043873	0	0	0.7894187592234728	0.21058124077652718
DTXSID7043908	0	0	0.7467531170688709	0.2532468829311295
DTXSID7043902	0	0	0.6748573430069077	0.32514265699309197
DTXSID7043950	0	0	0.5163256147380869	0.48367438526191325
DTXSID7044342	1	1	0.39118501542002876	0.6088149845799711
DTXSID7044429	0	0	0.8008500489638162	0.1991499510361846
DTXSID7044506	0	0	0.8821054174801183	0.11789458251988201
DTXSID7044504	0	1	0.6756297187042604	0.3243702812957405
DTXSID7044552	0	0	0.7908887068724068	0.20911129312759358
DTXSID7044635	0	0	0.7703617816985368	0.22963821830146278
DTXSID7044554	1	0	0.49968493840520645	0.5003150615947938
DTXSID7044764	0	0	0.8898904425078933	0.11010955749210699
DTXSID7044845	0	0	0.7785909156201217	0.22140908437987827
DTXSID7044895	0	1	0.6834469562352634	0.31655304376473736
DTXSID7044972	0	0	0.6263942872768475	0.3736057127231525
DTXSID7045158	0	0	0.6494475977972365	0.35055240220276357
DTXSID7045318	1	0	0.43225071143328336	0.5677492885667169
DTXSID7045996	0	0	0.8656713947641564	0.1343286052358439
DTXSID7045992	0	0	0.8328717718357558	0.16712822816424433
DTXSID7045946	0	0	0.5471209743977371	0.45287902560226323
DTXSID7045655	0	0	0.6383651009893333	0.36163489901066687
DTXSID7046041	0	0	0.8375399498405023	0.16246005015949774
DTXSID7046172	0	0	0.6096382970990855	0.39036170290091515
DTXSID7046174	1	0	0.3274452233615879	0.672554776638412
DTXSID7046677	0	0	0.5815282848105692	0.4184717151894314
DTXSID7046463	0	0	0.7327662690238772	0.26723373097612246
DTXSID7046831	0	0	0.8104319852336141	0.18956801476638613
DTXSID7046835	1	0	0.4190562192314241	0.5809437807685759
DTXSID7046837	1	1	0.4659226001870091	0.5340773998129911
DTXSID7046918	0	0	0.7025138667393613	0.2974861332606388
DTXSID7047198	0	0	0.8779556493820614	0.12204435061793897
DTXSID7047279	1	1	0.3925438321533361	0.6074561678466638
DTXSID7047510	0	0	0.8080472960112434	0.19195270398875683
DTXSID7047562	0	0	0.8072557534058241	0.1927442465941757
DTXSID7047308	1	1	0.27154316039221094	0.7284568396077898
DTXSID7047439	0	0	0.8586042920464172	0.1413957079535832
DTXSID7047641	0	0	0.841526889607604	0.15847311039239623
DTXSID7047560	0	0	0.7836118305846768	0.21638816941532335
DTXSID7047647	0	0	0.6204166798116575	0.3795833201883433
DTXSID7047930	0	0	0.5126349224368051	0.4873650775631951
DTXSID7047778	1	0	0.42399586914120707	0.5760041308587927
DTXSID7048291	1	1	0.3409196662052663	0.6590803337947333
DTXSID7048665	0	0	0.5582230631935616	0.4417769368064388
DTXSID7049215	0	0	0.9161225899892174	0.08387741001078289
DTXSID7049261	0	0	0.5585611685874899	0.44143883141251045
DTXSID7049263	0	0	0.5896219508667876	0.4103780491332129
DTXSID7049340	0	0	0.7368875190460262	0.26311248095397394
DTXSID7049211	1	0	0.36944691392484835	0.6305530860751521
DTXSID7049265	1	1	0.4680232895035681	0.531976710496432
DTXSID7049267	0	0	0.5274277989714171	0.4725722010285834
DTXSID7049427	0	0	0.6619165291690622	0.3380834708309384
DTXSID7049392	0	0	0.6130892439612023	0.3869107560387984
DTXSID8020090	0	0	0.8093114694793625	0.19068853052063783
DTXSID8020123	1	0	0.26051372497047653	0.7394862750295241
DTXSID8020094	0	0	0.794761375567095	0.20523862443290522
DTXSID8020464	0	0	0.7368779231019539	0.2631220768980464
DTXSID8020591	0	0	0.7062521602406323	0.2937478397593685
DTXSID8020593	0	0	0.8653562853997149	0.13464371460028524
DTXSID8020410	0	0	0.5211034808705309	0.4788965191294693
DTXSID8020703	0	0	0.8141337303213284	0.18586626967867154
DTXSID8020678	1	0	0.26762474638212125	0.7323752536178787
DTXSID8020838	1	0	0.38188918726111337	0.6181108127388868
DTXSID8020915	0	0	0.6742428446742766	0.3257571553257243
DTXSID8020913	0	0	0.7238650822333212	0.276134917766679
DTXSID8020961	0	0	0.5817477978332076	0.418252202166793
DTXSID8020963	0	0	0.6506705545544623	0.34932944544553773
DTXSID8020967	0	0	0.7572983879270571	0.24270161207294288
DTXSID8021199	0	0	0.6265641410666757	0.3734358589333242
DTXSID8021222	0	0	0.7783160715810088	0.22168392841899157
DTXSID8021484	0	0	0.8430925648075279	0.1569074351924722
DTXSID8021488	0	0	0.8972144433056793	0.10278555669432085
DTXSID8021482	0	0	0.7103349661016671	0.2896650338983334
DTXSID8021561	0	0	0.7328427060099597	0.26715729399004035
DTXSID8021800	0	0	0.7553012496774778	0.24469875032252275
DTXSID8021775	0	0	0.7287249912145984	0.27127500878540173
DTXSID8021856	0	0	0.7885199396443361	0.21148006035566458
DTXSID8021854	0	0	0.842517667090295	0.15748233290970529
DTXSID8021804	0	0	0.7877999609142651	0.21220003908573487
DTXSID8021808	0	0	0.592222087308399	0.4077779126916013
DTXSID8022086	0	0	0.5901462538467043	0.4098537461532958
DTXSID8022325	1	1	0.16126518794677303	0.8387348120532281
DTXSID8022292	1	0	0.2724789394671895	0.727521060532811
DTXSID8022161	1	1	0.335684339454748	0.6643156605452523
DTXSID8022612	0	0	0.6409277914206455	0.3590722085793549
DTXSID8022404	1	0	0.24440308829408247	0.7555969117059173
DTXSID8022406	1	1	0.24440308829408247	0.7555969117059173
DTXSID8022408	1	0	0.37338573107346473	0.6266142689265352
DTXSID8022959	0	0	0.682628891002664	0.3173711089973362
DTXSID8023185	0	0	0.7811774076612276	0.2188225923387725
DTXSID8023472	1	0	0.41276169471355945	0.5872383052864408
DTXSID8023426	0	0	0.6884010658775801	0.31159893412242
DTXSID8023680	0	0	0.7773624948771096	0.22263750512289054
DTXSID8023688	0	0	0.6650468805473704	0.33495311945262984
DTXSID8023848	0	1	0.6079417654860692	0.39205823451393085
DTXSID8024072	0	0	0.5923913579548677	0.40760864204513236
DTXSID8024105	0	0	0.6817886442348382	0.31821135576516213
DTXSID8024157	0	0	0.6210461729113491	0.3789538270886505
DTXSID8024238	0	1	0.6756411952317227	0.32435880476827744
DTXSID8024311	0	0	0.759008899555624	0.24099110044437627
DTXSID8024658	0	0	0.8796219490276104	0.12037805097238992
DTXSID8024862	0	0	0.6581358285682377	0.341864171431762
DTXSID8024498	0	1	0.5082384746261496	0.49176152537385076
DTXSID8024600	0	0	0.6685785662060828	0.33142143379391714
DTXSID8024608	0	0	0.5580961426789839	0.4419038573210163
DTXSID8025258	1	1	0.47854938296782934	0.521450617032171
DTXSID8025337	0	0	0.8633328358747019	0.13666716412529833
DTXSID8025040	0	1	0.553860689939179	0.4461393100608209
DTXSID8025331	1	1	0.46229165154172897	0.5377083484582714
DTXSID8025046	0	0	0.7992293823156286	0.2007706176843715
DTXSID8025094	0	0	0.8614236380733943	0.13857636192660616
DTXSID8025628	0	0	0.6333526488406339	0.36664735115936614
DTXSID8025670	1	0	0.42645974742941833	0.5735402525705819
DTXSID8025703	1	1	0.3542760435993635	0.6457239564006368
DTXSID8025886	0	0	0.7808624645322414	0.21913753546775908
DTXSID8025963	0	0	0.7699665201504163	0.2300334798495838
DTXSID8026018	1	1	0.33179974237697263	0.6682002576230274
DTXSID8026303	1	0	0.3362529497015476	0.6637470502984518
DTXSID8026145	0	0	0.8865250699667325	0.11347493003326758
DTXSID8026307	0	0	0.8442486923542231	0.15575130764577738
DTXSID8026563	0	1	0.5956138212037962	0.40438617879620364
DTXSID8026309	0	0	0.8379565314552295	0.16204346854477086
DTXSID8026640	0	0	0.9354404771047307	0.06455952289526912
DTXSID8026694	0	0	0.8502627452922815	0.14973725470771876
DTXSID8026519	0	0	0.7664861817238277	0.233513818276173
DTXSID8026729	0	0	0.8286655445322357	0.17133445546776455
DTXSID8027321	0	0	0.524908637711314	0.4750913622886862
DTXSID8027240	0	1	0.6268291205202969	0.37317087947970284
DTXSID8027581	0	0	0.7964176278559933	0.203582372144007
DTXSID8027797	0	0	0.7163647703889245	0.2836352296110765
DTXSID8027589	0	0	0.7833361816264203	0.21666381837357998
DTXSID8027826	0	0	0.5947890510112552	0.40521094898874493
DTXSID8029153	0	0	0.6337595080186126	0.36624049198138797
DTXSID8029105	0	0	0.7824030306589403	0.21759696934105946
DTXSID8029236	0	0	0.8073077035460107	0.19269229645398936
DTXSID8027959	0	0	0.7914710482760241	0.20852895172397612
DTXSID8029157	0	0	0.7120418661510193	0.28795813384898095
DTXSID8029600	0	0	0.8749099982094833	0.1250900017905172
DTXSID8029650	0	0	0.7719048442023382	0.22809515579766185
DTXSID8029604	0	0	0.8129056730446138	0.18709432695538636
DTXSID8030138	0	0	0.8701751634636412	0.1298248365363589
DTXSID8029733	0	0	0.7719048442023382	0.22809515579766185
DTXSID8032544	0	0	0.8259699889572287	0.1740300110427717
DTXSID8032386	0	0	0.5201248283995072	0.4798751716004929
DTXSID8033564	0	0	0.6162361724686131	0.3837638275313868
DTXSID8033433	0	0	0.6381020099441167	0.3618979900558834
DTXSID8034087	0	0	0.7265364334720801	0.2734635665279202
DTXSID8034089	0	1	0.6865618726792772	0.3134381273207226
DTXSID8033803	0	0	0.7931526284176388	0.20684737158236113
DTXSID8035423	0	0	0.7400443238025809	0.25995567619741916
DTXSID8037207	0	0	0.6731738385662391	0.3268261614337611
DTXSID8037752	0	0	0.5097474608983458	0.49025253910165467
DTXSID8037750	0	0	0.5838109835406355	0.41618901645936435
DTXSID8037756	0	0	0.8645771693114626	0.13542283068853733
DTXSID8038770	0	0	0.7022571122117042	0.2977428877882962
DTXSID8040694	0	0	0.8526599269482557	0.1473400730517448
DTXSID8039241	0	0	0.8947323390615349	0.10526766093846554
DTXSID8040725	0	1	0.8555809866201837	0.1444190133798167
DTXSID8041242	1	0	0.48699853002925325	0.5130014699707468
DTXSID8041329	0	0	0.7732151336768572	0.2267848663231429
DTXSID8041452	0	0	0.5840859246858963	0.41591407531410385
DTXSID8041668	0	0	0.6484034979493255	0.35159650205067444
DTXSID8041743	1	0	0.332091653792636	0.6679083462073638
DTXSID8042052	0	0	0.8349450655354843	0.16505493446451594
DTXSID8041951	0	0	0.843286345781406	0.15671365421859443
DTXSID8041959	0	0	0.7636976169683681	0.23630238303163195
DTXSID8041797	1	0	0.45829653125034164	0.5417034687496584
DTXSID8042218	0	0	0.841526889607604	0.15847311039239623
DTXSID8042189	0	0	0.7578396987010755	0.24216030129892502
DTXSID8042422	0	0	0.8683201144138752	0.13167988558612487
DTXSID8042509	0	1	0.6578884250760637	0.34211157492393646
DTXSID8042478	0	1	0.6167688459861251	0.3832311540138748
DTXSID8042503	0	0	0.8059243751197507	0.1940756248802497
DTXSID8044206	1	0	0.45846239518712933	0.5415376048128705
DTXSID8044383	0	0	0.6181703333573805	0.38182966664261986
DTXSID8044202	0	0	0.841526889607604	0.15847311039239623
DTXSID8044204	1	1	0.3500196223805847	0.6499803776194143
DTXSID8044462	0	0	0.7386302719142931	0.26136972808570746
DTXSID8044410	1	0	0.48678546414678786	0.513214535853212
DTXSID8044593	1	1	0.49506762724161407	0.504932372758386
DTXSID8044545	0	0	0.518943907626509	0.48105609237349106
DTXSID8044466	0	0	0.8430925648075279	0.1569074351924722
DTXSID8044624	0	0	0.7451565043300086	0.25484349566999154
DTXSID8044597	0	0	0.5185040815364256	0.48149591846357465
DTXSID8044622	0	0	0.7621050599705732	0.23789494002942674
DTXSID8044751	0	0	0.738529037007464	0.26147096299253614
DTXSID8044755	0	0	0.7778660469526416	0.22213395304735817
DTXSID8044757	0	0	0.8784004371325639	0.12159956286743653
DTXSID8044830	0	0	0.8071035595620754	0.1928964404379253
DTXSID8044836	1	1	0.2285965119720707	0.7714034880279291
DTXSID8044915	0	0	0.6034545983410661	0.3965454016589345
DTXSID8044919	0	0	0.7203534164148554	0.2796465835851449
DTXSID8044678	0	0	0.527637642360697	0.47236235763930323
DTXSID8044884	0	0	0.7802542056953768	0.21974579430462285
DTXSID8044888	0	0	0.6649246403726213	0.33507535962737856
DTXSID8045145	1	0	0.46348681837891204	0.5365131816210876
DTXSID8045147	0	0	0.5790907338851852	0.42090926611481533
DTXSID8044882	0	0	0.5862268464200769	0.413773153579923
DTXSID8045195	0	0	0.7340979823410443	0.2659020176589559
DTXSID8045220	0	0	0.6532912899043172	0.34670871009568327
DTXSID8045480	0	0	0.6198032448339182	0.38019675516608215
DTXSID8045488	0	1	0.5286839971585316	0.47131600284146846
DTXSID8045640	0	0	0.7883517708853742	0.21164822911462602
DTXSID8045563	0	0	0.5327351256392555	0.467264874360745
DTXSID8045850	0	0	0.7977217190559224	0.20227828094407796
DTXSID8045856	1	1	0.44664134262317684	0.5533586573768234
DTXSID8045933	0	0	0.7000918818056046	0.2999081181943955
DTXSID8046117	0	0	0.5037655911338792	0.49623440886612097
DTXSID8046165	0	0	0.5123594445274525	0.4876405554725476
DTXSID8046119	1	0	0.44709738742825333	0.5529026125717462
DTXSID8046169	0	0	0.7976145398472245	0.20238546015277584
DTXSID8046402	0	0	0.5185462081632525	0.4814537918367476
DTXSID8046539	0	0	0.7992671409571308	0.2007328590428691
DTXSID8046618	0	0	0.6774683808198436	0.32253161918015644
DTXSID8046589	0	0	0.6838886683992536	0.31611133160074684
DTXSID8046791	0	0	0.5486948978975985	0.45130510210240116
DTXSID8046820	0	0	0.7836118305846768	0.21638816941532335
DTXSID8046822	1	0	0.4803070137517854	0.5196929862482147
DTXSID8046872	0	1	0.5456274068684359	0.4543725931315642
DTXSID8047131	0	0	0.8466107464365649	0.15338925356343527
DTXSID8047135	0	0	0.8651880522340345	0.1348119477659656
DTXSID8047185	0	0	0.894650936546784	0.10534906345321664
DTXSID8047189	0	0	0.841526889607604	0.15847311039239623
DTXSID8047058	0	0	0.833375875365204	0.16662412463479673
DTXSID8047262	1	0	0.4387730508963556	0.5612269491036446
DTXSID8047422	0	0	0.7461514466230235	0.25384855337697676
DTXSID8047636	0	0	0.841526889607604	0.15847311039239623
DTXSID8047476	0	1	0.6829729135783397	0.31702708642166094
DTXSID8047559	0	0	0.841526889607604	0.15847311039239623
DTXSID8047684	0	0	0.8318963476077296	0.16810365239227054
DTXSID8047717	0	0	0.8218791092213422	0.17812089077865761
DTXSID8047840	0	0	0.7578481815530508	0.24215181844694925
DTXSID8047927	0	0	0.7785507685144861	0.22144923148551363
DTXSID8048600	1	0	0.436952968087811	0.563047031912189
DTXSID8047971	0	0	0.6874651374537392	0.31253486254626156
DTXSID8048783	1	0	0.4964984912041883	0.5035015087958116
DTXSID8048739	0	0	0.6697796514386354	0.3302203485613654
DTXSID8048781	0	0	0.5328300144988326	0.46716998550116745
DTXSID8048787	0	0	0.6485923639342472	0.3514076360657527
DTXSID8048658	0	0	0.5053886643253179	0.4946113356746821
DTXSID8048866	0	0	0.80209508605417	0.19790491394582968
DTXSID8049256	0	1	0.6811246926181731	0.31887530738182696
DTXSID8049335	1	0	0.44385430301479384	0.5561456969852058
DTXSID8049204	0	0	0.5124529297141687	0.4875470702858317
DTXSID8049258	0	0	0.5345613747244395	0.46543862527556096
DTXSID8049383	0	0	0.6026544792996975	0.3973455207003029
DTXSID8049416	0	0	0.6649295085516671	0.3350704914483328
DTXSID8049418	0	0	0.8799992460835481	0.12000075391645201
DTXSID8049389	0	0	0.5896219508667876	0.4103780491332129
DTXSID8049414	0	1	0.5133322862915202	0.48666771370847983
DTXSID8049337	0	0	0.8306323811806066	0.16936761881939325
DTXSID9020160	1	1	0.3450876949894619	0.654912305010538
DTXSID9020114	1	1	0.3880080995653585	0.6119919004346415
DTXSID9020293	0	0	0.805212567567927	0.19478743243207336
DTXSID9020409	0	0	0.7238650822333212	0.276134917766679
DTXSID9020401	0	0	0.5084147523730465	0.4915852476269537
DTXSID9020615	1	0	0.4804345510881711	0.519565448911829
DTXSID9020742	0	0	0.8350866215393954	0.16491337846060494
DTXSID9020829	0	0	0.8947886062034455	0.10521139379655518
DTXSID9020958	0	0	0.6233544355508511	0.37664556444914904
DTXSID9020956	1	0	0.3841840269198949	0.6158159730801048
DTXSID9021053	0	0	0.7260981881222942	0.2739018118777063
DTXSID9021136	1	0	0.4937456343410394	0.5062543656589605
DTXSID9020877	0	0	0.7368875190460262	0.26311248095397394
DTXSID9021138	0	0	0.7820865621734602	0.2179134378265403
DTXSID9021267	0	0	0.6381638508725964	0.3618361491274037
DTXSID9021188	0	0	0.6738466758117961	0.3261533241882047
DTXSID9021344	1	0	0.28508393744182015	0.7149160625581802
DTXSID9021398	0	0	0.8376971958027135	0.16230280419728685
DTXSID9021427	0	0	0.8709099337214028	0.12909006627859765
DTXSID9022027	0	0	0.7207288845075499	0.2792711154924506
DTXSID9022079	1	1	0.34062828746892115	0.659371712531079
DTXSID9022312	1	1	0.4963814189811451	0.503618581018855
DTXSID9022100	0	0	0.59873775850936	0.40126224149063994
DTXSID9022520	0	0	0.8471030347081	0.15289696529190008
DTXSID9022445	1	1	0.272093697038674	0.7279063029613259
DTXSID9021928	0	0	0.8344918378174168	0.165508162182583
DTXSID9021974	0	0	0.9066770405762158	0.09332295942378434
DTXSID9022526	1	1	0.42611831289014446	0.5738816871098551
DTXSID9022730	0	0	0.7852628821941641	0.21473711780583563
DTXSID9022522	0	0	0.8366924328745483	0.1633075671254519
DTXSID9022601	0	1	0.5152895394940618	0.4847104605059386
DTXSID9022528	0	0	0.73698998454112	0.2630100154588806
DTXSID9022948	0	0	0.5578884183921787	0.44211158160782116
DTXSID9022734	0	0	0.726369080125764	0.2736309198742365
DTXSID9023170	0	1	0.807163717381473	0.19283628261852712
DTXSID9022815	0	0	0.6570395690466262	0.3429604309533745
DTXSID9022817	1	0	0.4689433050021454	0.5310566949978549
DTXSID9022736	0	0	0.7066697218537225	0.29333027814627805
DTXSID9023176	0	0	0.6750311985548644	0.32496880144513574
DTXSID9023209	0	0	0.766914966796893	0.23308503320310744
DTXSID9023041	0	0	0.8477453450218833	0.15225465497811685
DTXSID9023463	0	0	0.9115052560096778	0.08849474399032241
DTXSID9023540	0	0	0.7470558005363502	0.2529441994636495
DTXSID9023621	1	0	0.42726634006085445	0.5727336599391455
DTXSID9023752	0	0	0.508745936801656	0.49125406319834414
DTXSID9024304	0	0	0.5228146791095676	0.4771853208904325
DTXSID9024063	0	0	0.6218651333648727	0.3781348666351272
DTXSID9024300	0	0	0.8346730768334975	0.16532692316650277
DTXSID9024065	0	0	0.5725857368389259	0.42741426316107467
DTXSID9024437	0	0	0.8625226513777864	0.13747734862221403
DTXSID9024489	0	0	0.5453146333099325	0.45468536669006804
DTXSID9024512	0	0	0.7136397576342801	0.2863602423657207
DTXSID9024568	0	0	0.8363383771285684	0.1636616228714316
DTXSID9024699	0	0	0.7857292518796487	0.21427074812035155
DTXSID9024930	0	0	0.7712441396590299	0.2287558603409704
DTXSID9025164	1	0	0.4389491887381796	0.5610508112618208
DTXSID9025037	0	0	0.6308262872728159	0.36917371272718447
DTXSID9025035	0	0	0.5133521322058936	0.4866478677941065
DTXSID9025291	0	0	0.6724021132198721	0.32759788678012836
DTXSID9025299	0	1	0.5846793510920204	0.41532064890798026
DTXSID9025536	1	0	0.4935025921184564	0.5064974078815437
DTXSID9025403	0	0	0.7833651314400077	0.21663486855999253
DTXSID9025370	0	0	0.6607095670255227	0.33929043297447764
DTXSID9025293	0	0	0.7825531755461558	0.21744682445384395
DTXSID9025297	0	0	0.7630187415274053	0.23698125847259477
DTXSID9025580	0	0	0.802119925014032	0.19788007498596777
DTXSID9025453	0	0	0.9537723763500384	0.04622762364996187
DTXSID9025740	0	0	0.5753801985832869	0.42461980141671346
DTXSID9025744	0	1	0.6416282840006028	0.3583717159993975
DTXSID9025742	0	0	0.5753801985832869	0.42461980141671346
DTXSID9025534	0	0	0.7055640258073045	0.2944359741926953
DTXSID9025746	1	0	0.3552971725674269	0.6447028274325736
DTXSID9025794	0	0	0.587909102580271	0.41209089741972915
DTXSID9025661	0	0	0.9072875367164547	0.09271246328354571
DTXSID9025879	0	0	0.8493088611338712	0.15069113886612887
DTXSID9026265	0	1	0.7574349765088282	0.24256502349117245
DTXSID9026631	0	0	0.8335333804065344	0.16646661959346626
DTXSID9026841	0	0	0.7526231616924293	0.24737683830757148
DTXSID9026718	0	0	0.8610100798636574	0.13898992013634254
DTXSID9027104	0	0	0.8355552592792915	0.164444740720709
DTXSID9027158	0	0	0.8254747126792433	0.174525287320757
DTXSID9027239	1	0	0.45524517246429413	0.5447548275357057
DTXSID9026342	0	0	0.8756174190482898	0.12438258095171041
DTXSID9027281	0	0	0.5934618487303664	0.40653815126963366
DTXSID9027021	0	0	0.717507903058738	0.2824920969412625
DTXSID9027360	0	0	0.76139671762034	0.2386032823796601
DTXSID9027364	0	0	0.7048958921671659	0.295104107832834
DTXSID9027441	1	0	0.35811701382420985	0.6418829861757895
DTXSID9029223	0	0	0.5703175447175292	0.4296824552824714
DTXSID9029279	0	0	0.7531884111396029	0.24681158886039753
DTXSID9029649	0	1	0.8381193783417267	0.16188062165827324
DTXSID9032535	0	0	0.5851622299899372	0.4148377700100632
DTXSID9032614	1	0	0.46420440668715507	0.535795593312845
DTXSID9032589	1	1	0.33768939882760163	0.6623106011723986
DTXSID9033187	1	1	0.4397024317910125	0.5602975682089869
DTXSID9035753	0	0	0.7307897061704071	0.2692102938295927
DTXSID9035204	0	1	0.5558470282902074	0.4441529717097933
DTXSID9037038	0	1	0.589492634055922	0.4105073659440785
DTXSID9037741	0	0	0.5738112242232749	0.4261887757767256
DTXSID9037745	1	0	0.25821701017972515	0.7417829898202745
DTXSID9040269	1	1	0.4671109113979723	0.5328890886020278
DTXSID9040265	0	1	0.5522116036010967	0.44778839639890367
DTXSID9041075	0	1	0.6670469782840611	0.3329530217159389
DTXSID9041237	0	0	0.8809747553742006	0.11902524462579994
DTXSID9041441	0	0	0.7703167960269393	0.22968320397306097
DTXSID9041491	0	0	0.8429837667198031	0.1570162332801972
DTXSID9041524	0	1	0.603557113636677	0.396442886363323
DTXSID9042415	0	0	0.7872400763995441	0.2127599236004555
DTXSID9042203	0	1	0.604844461200529	0.3951555387994708
DTXSID9041659	0	0	0.9142048048720343	0.08579519512796623
DTXSID9044378	0	0	0.8603395100151467	0.13966048998485364
DTXSID9043938	0	0	0.6064901309749708	0.39350986902502944
DTXSID9044401	0	0	0.8168250269019243	0.18317497309807562
DTXSID9043988	1	1	0.4115066779063257	0.5884933220936748
DTXSID9044241	0	0	0.8920753514761931	0.10792464852380687
DTXSID9044407	0	0	0.7814234966002546	0.2185765033997455
DTXSID9044455	0	0	0.6263942872768475	0.3736057127231525
DTXSID9044459	1	0	0.3479456622744547	0.6520543377255449
DTXSID9044374	0	0	0.855000217541824	0.14499978245817627
DTXSID9044538	1	1	0.3284329030237711	0.6715670969762294
DTXSID9044584	0	0	0.7053719565461879	0.2946280434538128
DTXSID9044740	0	0	0.8587063052111376	0.14129369478886278
DTXSID9044617	0	0	0.7554185152816082	0.2445814847183922
DTXSID9044746	0	0	0.8736366040040703	0.12636339599593024
DTXSID9044748	0	0	0.5762996278942905	0.42370037210570977
DTXSID9044796	0	1	0.5477778818682176	0.4522221181317829
DTXSID9044871	0	0	0.7868124042002825	0.21318759579971763
DTXSID9044827	0	0	0.8844597912695398	0.11554020873046085
DTXSID9044950	1	1	0.2943347262520831	0.7056652737479169
DTXSID9044873	0	0	0.7451565043300086	0.25484349566999154
DTXSID9044821	0	1	0.5939074891640249	0.4060925108359756
DTXSID9044823	0	0	0.7049683970487426	0.29503160295125797
DTXSID9045215	0	0	0.5285436025090192	0.4714563974909807
DTXSID9045007	0	0	0.6161417512021077	0.3838582487978926
DTXSID9045550	0	0	0.5688593287461724	0.4311406712538274
DTXSID9045394	1	0	0.4931667382329486	0.5068332617670515
DTXSID9045556	0	0	0.6019973047236821	0.398002695276318
DTXSID9045346	0	0	0.5463363602952656	0.45366363970473494
DTXSID9045390	0	0	0.6949982121049734	0.30500178789502697
DTXSID9045845	0	0	0.8091961359424289	0.19080386405757122
DTXSID9045899	0	1	0.5873953322922385	0.4126046677077619
DTXSID9045685	0	0	0.508924504132756	0.4910754958672442
DTXSID9045895	1	1	0.2763029653671207	0.7236970346328797
DTXSID9045843	0	0	0.586272497554538	0.4137275024454621
DTXSID9045928	1	0	0.47638691015089873	0.523613089849101
DTXSID9045976	0	0	0.7577491350948663	0.24225086490513392
DTXSID9046108	0	0	0.7954175818213082	0.20458241817869202
DTXSID9046023	0	0	0.6438326209974308	0.35616737900256995
DTXSID9046360	0	0	0.8224102542342053	0.1775897457657947
DTXSID9046499	1	0	0.40724462730725125	0.592755372692748
DTXSID9046289	0	0	0.5330378379295192	0.4669621620704809
DTXSID9046601	0	0	0.634213973726219	0.36578602627378193
DTXSID9046603	0	0	0.701659951383295	0.2983400486167057
DTXSID9047091	0	0	0.8382381193308237	0.16176188066917635
DTXSID9046946	0	0	0.7505959225942159	0.2494040774057848
DTXSID9047095	0	0	0.8166713254333774	0.18332867456662238
DTXSID9047176	0	0	0.7272377815104072	0.2727622184895931
DTXSID9047126	0	0	0.7581231570827367	0.2418768429172636
DTXSID9047178	0	0	0.8634627435480414	0.13653725645195897
DTXSID9047203	0	0	0.6631990623393588	0.33680093766064134
DTXSID9047174	0	0	0.7957190826738305	0.20428091732616974
DTXSID9047124	0	0	0.841526889607604	0.15847311039239623
DTXSID9047411	0	0	0.6397295514718633	0.36027044852813717
DTXSID9047419	0	1	0.8468995165334586	0.1531004834665418
DTXSID9047540	1	1	0.3601448314510072	0.6398551685489926
DTXSID9047590	0	0	0.6617271790032705	0.33827282099673006
DTXSID9047592	1	1	0.3662637983103525	0.633736201689647
DTXSID9047594	0	0	0.6568946673286755	0.34310533267132487
DTXSID9047598	1	1	0.44286580049550506	0.5571341995044947
DTXSID9047623	0	0	0.7526231616924293	0.24737683830757148
DTXSID9047673	0	0	0.6015944063093963	0.3984055936906039
DTXSID9047704	0	0	0.7455921980680751	0.25440780193192514
DTXSID9047679	0	1	0.800321589900925	0.1996784100990748
DTXSID9047702	0	0	0.5895025930322669	0.41049740696773307
DTXSID9047881	1	0	0.2760246736466198	0.7239753263533796
DTXSID9047883	0	0	0.5683939364313699	0.4316060635686304
DTXSID9047885	0	1	0.5683939364313699	0.4316060635686304
DTXSID9047835	0	0	0.5746293984665686	0.4253706015334318
DTXSID9047887	0	0	0.5979507415352291	0.40204925846477113
DTXSID9048194	0	0	0.7401390884739565	0.2598609115260437
DTXSID9047966	0	1	0.7758005058870112	0.22419949411298926
DTXSID9047960	1	1	0.2628216833522827	0.7371783166477176
DTXSID9047962	1	1	0.30859837309093463	0.691401626909065
DTXSID9048778	0	0	0.7487058105572936	0.25129418944270676
DTXSID9048805	0	0	0.831268245275333	0.16873175472466692
DTXSID9048697	0	0	0.6400400381923155	0.35995996180768486
DTXSID9048984	1	0	0.4799385963097895	0.5200614036902107
DTXSID9048986	0	0	0.7561862643343793	0.2438137356656205
DTXSID9049033	1	0	0.4251994741647087	0.5748005258352917
DTXSID9048724	0	0	0.8882629250894027	0.11173707491059776
DTXSID9049083	0	0	0.5697070158441875	0.430292984155813
DTXSID9049241	0	0	0.6236182822704246	0.37638171772957574
DTXSID9049243	0	1	0.6688162282575227	0.33118377174247776
DTXSID9049247	0	0	0.6115674408091438	0.38843255919085634
DTXSID9049295	0	0	0.8034785851831467	0.19652141481685334
DTXSID9049291	0	0	0.6521852888550828	0.3478147111449173
