compound	predicted	actual	p(0)	p(1)
DTXSID0020361	0	0	0.9773266388240363	0.02267336117596354
DTXSID0020448	0	0	0.9790364911871158	0.02096350881288406
DTXSID0020369	0	0	0.9178462974539028	0.08215370254609723
DTXSID0020523	0	1	0.6270104694609091	0.37298953053909084
DTXSID0020650	0	0	0.8385545830940951	0.1614454169059048
DTXSID0020818	0	0	0.6396883844634735	0.36031161553652635
DTXSID0020868	0	0	0.9096406629249134	0.09035933707508653
DTXSID0021125	1	0	0.48602166757201026	0.5139783324279897
DTXSID0021256	0	0	0.5686311948941333	0.43136880510586667
DTXSID0021381	0	0	0.9300955959450997	0.06990440405490045
DTXSID0021331	0	0	0.7493338113856359	0.2506661886143643
DTXSID0021383	0	0	0.9270496554836377	0.07295034451636194
DTXSID0021333	0	0	0.8618129210939981	0.13818707890600204
DTXSID0021389	0	0	0.7689752655878646	0.2310247344121353
DTXSID0021460	0	1	0.6629335747864762	0.3370664252135232
DTXSID0021751	0	0	0.969105221807747	0.030894778192252885
DTXSID0021834	0	0	0.8249848988690005	0.1750151011309993
DTXSID0021832	0	0	0.9665322201391934	0.03346777986080643
DTXSID0021886	0	0	0.9733946126221995	0.02660538737780052
DTXSID0021969	0	0	0.9006936588882624	0.09930634111173772
DTXSID0022305	0	0	0.9475999875642801	0.052400012435719866
DTXSID0022353	0	0	0.5412505336096302	0.45874946639036984
DTXSID0022480	0	0	0.9482089278263331	0.0517910721736667
DTXSID0022436	0	0	0.5946335124743894	0.40536648752561055
DTXSID0022808	1	0	0.45114172949535214	0.5488582705046476
DTXSID0023113	0	0	0.9267509952373809	0.07324900476261904
DTXSID0024507	0	0	0.8064786500912409	0.19352134990875927
DTXSID0025074	0	0	0.8860844447132865	0.11391555528671356
DTXSID0025076	1	1	0.4606276925173225	0.5393723074826771
DTXSID0025078	0	0	0.781868732715994	0.2181312672840056
DTXSID0025101	0	0	0.9204687136936112	0.07953128630638934
DTXSID0024890	0	0	0.9936268507277256	0.006373149272274347
DTXSID0025523	0	0	0.9675716415033978	0.032428358496601827
DTXSID0024923	0	0	0.9070639490555048	0.09293605094449485
DTXSID0025812	0	0	0.8829796749811994	0.11702032501880034
DTXSID0025600	1	1	0.45421962146205175	0.5457803785379484
DTXSID0025571	0	0	0.9119322252984662	0.0880677747015338
DTXSID0025604	0	0	0.9961553580989383	0.003844641901061642
DTXSID0026040	0	1	0.9799941337553261	0.020005866244673987
DTXSID0025991	0	0	0.9247961327492051	0.07520386725079493
DTXSID0026125	0	0	0.9398594153011364	0.06014058469886401
DTXSID0026258	0	0	0.7957457675695347	0.20425423243046537
DTXSID0026830	0	0	0.9751385760243632	0.024861423975636954
DTXSID0026418	0	0	0.9606553070473262	0.03934469295267379
DTXSID0026547	0	0	0.7388398238196323	0.2611601761803675
DTXSID0027191	0	0	0.9569457787349297	0.04305422126507044
DTXSID0026961	0	0	0.875097063450212	0.12490293654978775
DTXSID0027432	0	0	0.9934590288371279	0.006540971162872106
DTXSID0027301	0	0	0.9397258170210286	0.06027418297897144
DTXSID0027567	0	0	0.9813999543465328	0.01860004565346713
DTXSID0027721	1	0	0.250430652521929	0.7495693474780709
DTXSID0027804	0	0	0.9807223385287223	0.01927766147127795
DTXSID0029133	0	0	0.939582609395567	0.060417390604432894
DTXSID0029262	0	1	0.6696879845021271	0.330312015497873
DTXSID0030588	0	0	0.9079363946353369	0.09206360536466289
DTXSID0032316	0	0	0.9163468377500483	0.08365316224995173
DTXSID0032578	0	0	0.7308125586891968	0.2691874413108032
DTXSID0032811	0	0	0.9968501321142389	0.003149867885761201
DTXSID0032813	0	0	0.996867879065821	0.0031321209341790574
DTXSID0033332	0	0	0.6673034204739925	0.3326965795260074
DTXSID0034300	0	0	0.8219205650726383	0.17807943492736125
DTXSID0035748	0	0	0.825423303945217	0.1745766960547831
DTXSID0037730	0	1	0.7709764120341441	0.22902358796585598
DTXSID0039223	0	0	0.961599029109161	0.03840097089083908
DTXSID0038887	1	0	0.44777161288449174	0.552228387115508
DTXSID0040703	0	0	0.9832412956362103	0.016758704363789845
DTXSID0041359	0	0	0.7614145734534761	0.2385854265465235
DTXSID0041270	0	0	0.9777881741149388	0.02221182588506151
DTXSID0041436	0	0	0.9977025801351831	0.002297419864816888
DTXSID0042244	0	0	0.5101639750778817	0.4898360249221183
DTXSID0043896	1	0	0.4333413251064419	0.5666586748935575
DTXSID0044236	1	0	0.429470494981587	0.570529505018413
DTXSID0044365	0	0	0.9920789524425176	0.007921047557482295
DTXSID0044369	0	0	0.9750322343243536	0.024967765675646517
DTXSID0044440	0	0	0.8204880120091124	0.17951198799088774
DTXSID0044650	0	0	0.93170193009823	0.06829806990177
DTXSID0044654	0	0	0.583446436736677	0.41655356326332293
DTXSID0044571	0	0	0.9420777124049029	0.05792228759509721
DTXSID0044787	1	0	0.43207818504911166	0.5679218149508886
DTXSID0044810	0	0	0.988547494333317	0.011452505666683085
DTXSID0044993	0	0	0.8164994643551408	0.18350053564485944
DTXSID0044997	0	0	0.538061169412502	0.4619388305874974
DTXSID0045173	0	0	0.5084946021061801	0.4915053978938198
DTXSID0045252	0	0	0.5169548464311229	0.4830451535688768
DTXSID0045412	0	0	0.8032402113857126	0.1967597886142869
DTXSID0045838	0	0	0.8688500075527649	0.1311499924472351
DTXSID0045886	0	0	0.524976932266757	0.47502306773324304
DTXSID0045961	0	0	0.9469506636820311	0.05304933631796882
DTXSID0046226	1	0	0.46119849663352097	0.5388015033664789
DTXSID0046486	0	0	0.5964728096776942	0.4035271903223063
DTXSID0047036	0	0	0.926281784801056	0.07371821519894357
DTXSID0047038	0	0	0.9357320518632583	0.0642679481367418
DTXSID0047244	0	0	0.9911550644511021	0.008844935548897979
DTXSID0047246	1	1	0.4488213923581579	0.5511786076418416
DTXSID0047404	1	0	0.33030080653435484	0.6696991934656453
DTXSID0047745	0	0	0.9250790448064485	0.07492095519355138
DTXSID0047957	0	1	0.8022407495289408	0.19775925047105872
DTXSID0047876	0	0	0.5191281699834495	0.4808718300165504
DTXSID0047901	0	0	0.8528225543081929	0.14717744569180755
DTXSID0048181	0	0	0.9734609355439698	0.02653906445603024
DTXSID0048183	0	0	0.5540182314633638	0.44598176853663596
DTXSID0048187	0	0	0.9814062963047876	0.018593703695212422
DTXSID0048189	0	1	0.7281469666699574	0.27185303333004246
DTXSID0048894	0	0	0.8090450259977744	0.19095497400222505
DTXSID0048896	0	0	0.8320202381230561	0.1679797618769434
DTXSID0048898	0	0	0.7052150740025032	0.29478492599749695
DTXSID0049284	0	0	0.945808419219054	0.05419158078094608
DTXSID0049319	0	0	0.9887610753780568	0.011238924621943126
DTXSID0050423	0	0	0.6243060637800917	0.3756939362199084
DTXSID1020063	0	0	0.7724551583100198	0.2275448416899807
DTXSID1020194	0	0	0.8666828800592477	0.1333171199407525
DTXSID1020148	0	0	0.8802926835269873	0.11970731647301264
DTXSID1020221	0	0	0.9328025827834614	0.06719741721653881
DTXSID1020512	0	0	0.9934767470467086	0.006523252953291393
DTXSID1020516	0	0	0.9145622903153835	0.08543770968461678
DTXSID1020437	0	0	0.9510265360452677	0.048973463954732455
DTXSID1020697	0	1	0.7192870442710996	0.2807129557289002
DTXSID1020562	0	0	0.9139362180106955	0.08606378198930427
DTXSID1020699	0	0	0.8444349752197509	0.15556502478024903
DTXSID1021322	0	0	0.7084871141059018	0.29151288589409785
DTXSID1021378	0	0	0.9361575715090331	0.06384242849096683
DTXSID1021405	1	0	0.40755739802307606	0.5924426019769239
DTXSID1021615	0	0	0.9599716365004677	0.04002836349953252
DTXSID1021667	0	0	0.7462617884473136	0.25373821155268583
DTXSID1021871	0	0	0.9359071753552494	0.06409282464475081
DTXSID1021790	0	0	0.8401659643527501	0.15983403564724966
DTXSID1021792	0	0	0.93841203555397	0.06158796444602981
DTXSID1021877	0	0	0.972292478783131	0.027707521216869112
DTXSID1022055	0	0	0.9965970346803831	0.0034029653196170208
DTXSID1022057	0	0	0.9714820646026276	0.028517935397372126
DTXSID1022053	0	1	0.6783494911904201	0.3216505088095802
DTXSID1022396	0	0	0.61627151342482	0.3837284865751797
DTXSID1022425	0	0	0.618993665892771	0.3810063341072289
DTXSID1022479	0	0	0.9487135654132828	0.05128643458671699
DTXSID1022508	1	1	0.4447372432712316	0.5552627567287682
DTXSID1022394	0	0	0.5221986519796171	0.4778013480203826
DTXSID1022926	0	0	0.72452364964731	0.27547635035268975
DTXSID1022978	0	0	0.9257070544389415	0.07429294556105857
DTXSID1023817	0	1	0.8498837612147053	0.15011623878529481
DTXSID1023730	0	0	0.9340467527816001	0.0659532472183998
DTXSID1023786	0	0	0.8681700702889339	0.13182992971106614
DTXSID1023996	0	0	0.9936178124955584	0.00638218750444153
DTXSID1024091	0	0	0.9615400205246759	0.03845997947532384
DTXSID1024598	0	0	0.8030800755336724	0.19691992446632786
DTXSID1024704	0	0	0.9441737437014418	0.055826256298557815
DTXSID1024702	0	0	0.911041210452497	0.08895878954750325
DTXSID1024912	0	0	0.9170823297852927	0.0829176702147071
DTXSID1024916	0	0	0.9822273231182981	0.017772676881702084
DTXSID1025148	0	0	0.9373849867767488	0.06261501322325112
DTXSID1025221	0	0	0.885996921628401	0.11400307837159872
DTXSID1025017	1	0	0.46327918569713417	0.5367208143028658
DTXSID1025063	0	0	0.9921138072440275	0.007886192755972606
DTXSID1025431	0	0	0.7000290339331809	0.29997096606681917
DTXSID1025437	0	0	0.8357182705834811	0.16428172941651864
DTXSID1026081	1	0	0.28803886146751173	0.7119611385324877
DTXSID1026293	1	0	0.3403995656268658	0.6596004343731341
DTXSID1026457	0	0	0.893664489676405	0.10633551032359513
DTXSID1026906	0	0	0.7875093781250211	0.21249062187497897
DTXSID1027479	0	0	0.5972993907777334	0.40270060922226697
DTXSID1027504	0	0	0.9832781972566335	0.01672180274336657
DTXSID1027429	0	0	0.9552505488914873	0.044749451108512854
DTXSID1027633	1	0	0.38096726615895005	0.6190327338410505
DTXSID1027635	0	0	0.7527042912636264	0.24729570873637344
DTXSID1027920	1	0	0.339205681463268	0.6607943185367326
DTXSID1027978	0	0	0.6182335939340641	0.38176640606593604
DTXSID1029120	0	0	0.7405113079306874	0.25948869206931274
DTXSID1027970	0	0	0.9405779073917094	0.059422092608290455
DTXSID1027974	0	0	0.9702268287542133	0.02977317124578698
DTXSID1029203	0	0	0.9906305066152062	0.009369493384793499
DTXSID1029889	1	0	0.42459319118394473	0.575406808816055
DTXSID1029910	0	0	0.9737525205409855	0.026247479459014306
DTXSID1032569	0	0	0.888637665882379	0.11136233411762145
DTXSID1033161	0	0	0.962895634866275	0.037104365133725156
DTXSID1033163	0	0	0.5789440274939324	0.4210559725060676
DTXSID1033371	0	0	0.9935460179211522	0.0064539820788478575
DTXSID1034212	0	0	0.5531860457548058	0.446813954245194
DTXSID1034187	1	1	0.18566076930013536	0.8143392306998638
DTXSID1034769	0	0	0.6215011126581182	0.3784988873418817
DTXSID1037303	0	0	0.7170477591810198	0.28295224081898035
DTXSID1040114	0	0	0.9965167152179181	0.003483284782081896
DTXSID1040295	0	0	0.9736988787338076	0.02630112126619258
DTXSID1041217	0	0	0.9214611778330146	0.07853882216698517
DTXSID1041502	0	1	0.7240601404287847	0.2759398595712153
DTXSID1041681	1	1	0.338180567515907	0.6618194324840935
DTXSID1042154	0	0	0.6716862598605716	0.32831374013942843
DTXSID1044223	1	0	0.3152792627921253	0.6847207372078743
DTXSID1044431	0	0	0.9949594439358614	0.005040556064138489
DTXSID1044354	0	0	0.9755034664385814	0.02449653356141872
DTXSID1044489	0	0	0.9777875729314919	0.02221242706850787
DTXSID1044514	0	0	0.8439386300561348	0.15606136994386496
DTXSID1044564	0	0	0.8489122286312926	0.15108777136870752
DTXSID1044647	0	0	0.9720671282502845	0.02793287174971543
DTXSID1044809	0	0	0.9934486177689827	0.006551382231017345
DTXSID1044980	0	0	0.958144356951057	0.04185564304894302
DTXSID1045291	1	0	0.49268524582665696	0.507314754173343
DTXSID1045110	1	0	0.43204056032624194	0.5679594396737574
DTXSID1045328	0	0	0.5491946808663228	0.45080531913367694
DTXSID1045293	1	0	0.4315712849667499	0.5684287150332504
DTXSID1045370	0	0	0.8785203685324645	0.12147963146753536
DTXSID1045322	0	0	0.9070807600390947	0.09291923996090541
DTXSID1045405	0	0	0.5255308169267033	0.47446918307329644
DTXSID1045580	0	0	0.9040546631425092	0.09594533685749068
DTXSID1046003	1	0	0.38211676943104345	0.617883230568957
DTXSID1045798	1	1	0.46119105100816565	0.5388089489918342
DTXSID1045952	1	1	0.45471716044748994	0.5452828395525098
DTXSID1045958	1	0	0.38139754298813755	0.6186024570118624
DTXSID1046136	0	0	0.6212702939375788	0.37872970606242107
DTXSID1046182	0	0	0.6588217368773234	0.3411782631226768
DTXSID1046263	1	0	0.3533005190550828	0.6466994809449176
DTXSID1046421	0	0	0.9124552150380788	0.08754478496192121
DTXSID1046558	0	0	0.9299469595134479	0.07005304048655217
DTXSID1046471	0	0	0.5389872194844446	0.46101278051555505
DTXSID1046550	0	0	0.5315758704723048	0.46842412952769535
DTXSID1046710	0	0	0.9202262745388525	0.07977372546114755
DTXSID1046841	1	0	0.3885023522845722	0.6114976477154282
DTXSID1046843	1	1	0.4810509003504739	0.5189490996495261
DTXSID1046970	1	1	0.39139891113933767	0.6086010888606618
DTXSID1047108	0	0	0.9745470993292883	0.025452900670711712
DTXSID1047239	0	0	0.8313645776051936	0.16863542239480653
DTXSID1047443	0	0	0.9329859493026417	0.06701405069735829
DTXSID1047574	0	0	0.9664632997562528	0.03353670024374713
DTXSID1047578	0	0	0.7025971461545883	0.2974028538454116
DTXSID1047601	0	0	0.9967533756899436	0.003246624310056303
DTXSID1048671	0	1	0.5893118748584822	0.4106881251415173
DTXSID1048756	0	0	0.5113855280182451	0.4886144719817549
DTXSID1049019	0	0	0.7268055768329278	0.2731944231670723
DTXSID1049011	0	0	0.5040148048638687	0.49598519513613115
DTXSID2020006	0	0	0.9301661932069453	0.06983380679305454
DTXSID2020210	0	0	0.9653101213402239	0.03468987865977595
DTXSID2020212	0	0	0.9102500075489097	0.08974999245109029
DTXSID2020216	0	0	0.7202300729242498	0.27976992707575016
DTXSID2020505	0	0	0.998876242527754	0.001123757472245943
DTXSID2020557	0	0	0.5904246055974997	0.40957539440250024
DTXSID2020507	0	0	0.9675484003425557	0.03245159965744399
DTXSID2020684	0	0	0.6761821759849298	0.32381782401507014
DTXSID2020686	0	0	0.6761821759849298	0.32381782401507014
DTXSID2020717	0	0	0.7452804597996348	0.2547195402003651
DTXSID2020894	0	0	0.6461736871487342	0.353826312851266
DTXSID2020846	0	1	0.8993980400392492	0.10060195996075132
DTXSID2021028	0	0	0.9977965122400917	0.0022034877599083295
DTXSID2021022	0	0	0.9434009809449567	0.056599019055043366
DTXSID2021026	0	0	0.973132750906762	0.02686724909323821
DTXSID2021238	0	0	0.9274583391688646	0.07254166083113561
DTXSID2021151	0	0	0.7588081399432085	0.2411918600567911
DTXSID2021317	0	0	0.9044276692623406	0.09557233073765962
DTXSID2021319	0	0	0.9033729568076523	0.0966270431923476
DTXSID2021367	1	1	0.482188062941617	0.517811937058383
DTXSID2021311	1	0	0.4896652084129437	0.5103347915870561
DTXSID2021575	0	0	0.9804206958122063	0.019579304187793845
DTXSID2021731	0	0	0.8423454852114465	0.15765451478855386
DTXSID2021864	0	0	0.9385953428355153	0.061404657164484545
DTXSID2021949	0	0	0.9940278308693692	0.0059721691306308345
DTXSID2022331	0	0	0.9302836315753114	0.0697163684246888
DTXSID2022254	0	0	0.8080227699297492	0.19197723007025078
DTXSID2022127	0	0	0.7587757353976567	0.24122426460234292
DTXSID2022381	1	1	0.33816169446424227	0.6618383055357583
DTXSID2023222	0	0	0.9144177812922288	0.08558221870777112
DTXSID2023434	0	0	0.8341722237226262	0.16582777627737352
DTXSID2023565	0	0	0.6000705311098813	0.3999294688901189
DTXSID2023430	0	0	0.647948057763719	0.35205194223628133
DTXSID2023723	0	0	0.9686728202344258	0.0313271797655743
DTXSID2023937	0	0	0.9680606631581052	0.031939336841894955
DTXSID2024038	0	0	0.9793705466198658	0.020629453380134125
DTXSID2024955	0	0	0.9730206233024098	0.026979376697590058
DTXSID2025006	0	0	0.9027525827457368	0.0972474172542634
DTXSID2024953	0	0	0.982600769082994	0.017399230917005955
DTXSID2025058	0	1	0.9262301579334126	0.07376984206658746
DTXSID2025391	0	0	0.991071733740049	0.008928266259950968
DTXSID2025424	0	0	0.8342934801910267	0.16570651980897363
DTXSID2025474	1	0	0.3801597790268997	0.6198402209731002
DTXSID2025557	0	0	0.9981721845420846	0.0018278154579155213
DTXSID2025765	0	0	0.820654010162398	0.1793459898376019
DTXSID2026238	0	0	0.924748434250898	0.07525156574910183
DTXSID2026444	0	0	0.972617580248723	0.02738241975127702
DTXSID2026448	0	0	0.9726275712951661	0.027372428704834216
DTXSID2026232	0	0	0.8296598161451201	0.1703401838548803
DTXSID2026525	0	0	0.9224852456362624	0.07751475436373757
DTXSID2026529	0	0	0.9134118194459865	0.0865881805540135
DTXSID2026602	0	1	0.7881946764615541	0.21180532353844603
DTXSID2026943	0	0	0.9740554723167966	0.025944527683203517
DTXSID2027096	0	0	0.9738354632223459	0.02616453677765413
DTXSID2027204	0	0	0.9310162577819903	0.06898374221800961
DTXSID2027414	0	0	0.9128299548440102	0.08717004515598971
DTXSID2027416	0	0	0.9820838705033086	0.017916129496691323
DTXSID2027543	0	0	1.0	0.0
DTXSID2027624	0	0	0.8380005158668052	0.16199948413319476
DTXSID2027759	0	0	0.9863070742063365	0.013692925793663522
DTXSID2027886	1	0	0.25545419811644887	0.7445458018835505
DTXSID2028985	1	0	0.2263067349166815	0.7736932650833179
DTXSID2029327	1	0	0.2706693935078038	0.7293306064921957
DTXSID2030695	0	0	0.6445714542356973	0.35542854576430266
DTXSID2031089	1	1	0.35233155331982097	0.64766844668018
DTXSID2029242	0	0	0.9001817307098354	0.09981826929016478
DTXSID2029244	0	0	0.8863617879318362	0.11363821206816366
DTXSID2033447	0	0	0.9799851943691507	0.02001480563084915
DTXSID2034095	1	0	0.30519137919707984	0.6948086208029197
DTXSID2034968	0	0	0.9107292974038494	0.08927070259615004
DTXSID2036299	0	0	0.9259547265572293	0.07404527344277072
DTXSID2037712	1	0	0.3289765450541074	0.671023454945893
DTXSID2037714	0	0	0.8433337944313098	0.15666620556868993
DTXSID2040236	0	0	0.9519459611679273	0.04805403883207242
DTXSID2040783	0	0	0.8313645776051936	0.16863542239480653
DTXSID2041200	0	0	0.5366001616506426	0.4633998383493577
DTXSID2042276	0	0	0.9205595124094668	0.0794404875905332
DTXSID2041917	0	0	0.8992733179981582	0.10072668200184166
DTXSID2041547	0	0	0.8531991488332453	0.14680085116675415
DTXSID2042149	0	0	0.9864235162486088	0.013576483751391106
DTXSID2044391	0	0	0.9334762418433045	0.06652375815669546
DTXSID2044397	0	0	0.9504976816538425	0.04950231834615761
DTXSID2044503	1	0	0.3919796165719068	0.6080203834280931
DTXSID2044680	0	0	0.9652674415784974	0.034732558421502725
DTXSID2044890	0	0	0.705716781070063	0.2942832189299364
DTXSID2044975	0	0	0.8294379038385912	0.17056209616140913
DTXSID2045076	1	0	0.4997270880607223	0.5002729119392775
DTXSID2045105	1	0	0.3635321913739921	0.636467808626008
DTXSID2045232	1	0	0.47446920939917575	0.5255307906008239
DTXSID2045440	1	0	0.2788268981484733	0.721173101851527
DTXSID2045571	0	0	0.7625115376550428	0.23748846234495682
DTXSID2045941	0	0	0.7829044021916489	0.21709559780835053
DTXSID2046096	0	0	0.9379561706346712	0.062043829365328804
DTXSID2046385	0	0	0.7208510716679009	0.2791489283320992
DTXSID2046757	1	0	0.4053368870599568	0.5946631129400427
DTXSID2046836	0	0	0.9001702561548834	0.09982974384511664
DTXSID2046703	1	0	0.2893762231423894	0.7106237768576116
DTXSID2047199	0	0	0.922979995131668	0.07702000486833203
DTXSID2047195	0	0	0.9277273448998531	0.07227265510014691
DTXSID2047642	0	0	0.990359185901478	0.009640814098522065
DTXSID2047565	0	0	0.5792618936309519	0.4207381063690476
DTXSID2047569	0	0	0.7400164346545134	0.25998356534548595
DTXSID2047858	1	0	0.34449506062939317	0.6555049393706067
DTXSID2048581	0	0	0.5116938353054103	0.48830616469458943
DTXSID2048587	0	0	0.9152913132521346	0.08470868674786536
DTXSID2048820	0	0	0.571767615030012	0.4282323849699883
DTXSID2048666	1	0	0.33666056116437837	0.6633394388356215
DTXSID2048612	0	0	0.5426590428394513	0.4573409571605486
DTXSID2048741	0	0	0.9293314739781647	0.07066852602183496
DTXSID2049058	0	0	0.8004756697995417	0.19952433020045857
DTXSID2049262	0	0	0.9285189881682823	0.07148101183171753
DTXSID3020207	0	1	0.686766260328988	0.3132337396710126
DTXSID3020209	0	0	0.9278455247884735	0.07215447521152654
DTXSID3020257	0	0	0.9104674238317044	0.08953257616829559
DTXSID3020463	0	0	0.9919271164707822	0.008072883529217723
DTXSID3020465	1	1	0.34612760552183186	0.6538723944781679
DTXSID3020752	0	0	0.9225676731023393	0.07743232689766037
DTXSID3020546	0	0	0.9321529816815619	0.06784701831843772
DTXSID3020833	0	0	0.9956671361486376	0.0043328638513623905
DTXSID3021142	0	0	0.9034251268261313	0.09657487317386865
DTXSID3021801	0	0	0.9615589423879368	0.038441057612062825
DTXSID3021851	0	0	0.9884910938909333	0.011508906109066776
DTXSID3021770	1	0	0.235344380913213	0.7646556190867858
DTXSID3021772	0	0	0.9417162495734342	0.05828375042656582
DTXSID3021726	0	0	0.9283426092083548	0.07165739079164515
DTXSID3021936	0	0	0.9643654939879928	0.03563450601200736
DTXSID3022162	0	1	0.6215276435893785	0.37847235641062155
DTXSID3022089	0	0	0.9280684934679425	0.07193150653205747
DTXSID3022164	0	0	0.9324390045484672	0.0675609954515329
DTXSID3022247	0	0	0.8313645776051936	0.16863542239480653
DTXSID3022160	0	0	0.5868303841475607	0.41316961585243955
DTXSID3022536	0	1	0.7024881999648781	0.2975118000351217
DTXSID3022403	0	0	0.6689106658709055	0.33108933412909386
DTXSID3022405	0	0	0.6868714557567815	0.3131285442432182
DTXSID3022409	0	0	0.6384527333225243	0.36154726667747555
DTXSID3022742	1	1	0.24159574065310782	0.7584042593468927
DTXSID3022906	0	0	0.9591065787529907	0.04089342124700956
DTXSID3022958	1	0	0.4798235812381225	0.5201764187618774
DTXSID3023007	0	0	0.8225787203853542	0.17742127961464532
DTXSID3023261	0	0	0.9489944321621985	0.05100556783780166
DTXSID3023685	0	1	0.5975195700931988	0.40248042990680105
DTXSID3023687	1	0	0.2516039943308983	0.7483960056691008
DTXSID3023899	1	0	0.36676428963052127	0.6332357103694786
DTXSID3024316	0	0	0.8961378213639002	0.10386217863609955
DTXSID3024366	0	0	0.9933959198131946	0.006604080186805252
DTXSID3024362	0	0	0.9493528819239695	0.05064711807603068
DTXSID3024497	0	0	0.9278253152528851	0.07217468474711483
DTXSID3024499	0	0	0.9271168188223128	0.0728831811776871
DTXSID3024869	0	0	0.9799109476403938	0.02008905235960643
DTXSID3024786	0	0	0.7901573003737321	0.20984269962626803
DTXSID3024944	0	0	0.7457638005169376	0.2542361994830625
DTXSID3025209	1	0	0.3630587926143393	0.6369412073856611
DTXSID3025590	0	0	0.9835370451642936	0.01646295483570623
DTXSID3026560	0	0	0.7878813447511059	0.2121186552488941
DTXSID3026647	0	0	0.9262997572596007	0.07370024274039934
DTXSID3027039	0	0	0.8496016687473427	0.15039833125265736
DTXSID3027247	0	0	0.995429846999291	0.004570153000709032
DTXSID3027295	0	0	0.9824375928172531	0.01756240718274683
DTXSID3027405	0	0	0.9792858170813393	0.020714182918660277
DTXSID3029310	1	0	0.26352822962710964	0.7364717703728906
DTXSID3029150	0	0	0.9882072617660151	0.011792738233984941
DTXSID3029312	0	0	0.7908253094964492	0.20917469050355064
DTXSID3029653	0	0	0.8504920379242302	0.14950796207577008
DTXSID3031860	0	0	0.6510607234252703	0.34893927657472956
DTXSID3031864	0	0	0.5738211790741738	0.4261788209258257
DTXSID3031862	0	0	0.754145425427187	0.24585457457281318
DTXSID3032129	1	0	0.33061317347403063	0.6693868265259686
DTXSID3032549	1	0	0.4923561851839162	0.5076438148160837
DTXSID3032759	0	0	0.6979919709147426	0.3020080290852571
DTXSID3033511	0	0	0.9435668785256224	0.056433121474377776
DTXSID3036105	0	0	0.9732913805345066	0.026708619465493647
DTXSID3037044	0	0	0.879545755794847	0.12045424420515356
DTXSID3037094	1	1	0.21015803241705494	0.7898419675829446
DTXSID3038939	0	1	0.5892194827095218	0.4107805172904778
DTXSID3040691	0	0	0.5909604031782951	0.4090395968217046
DTXSID3040770	1	1	0.34612760552183186	0.6538723944781679
DTXSID3040722	0	0	0.94056475811479	0.059435241885209975
DTXSID3041293	0	0	0.946580001482665	0.053419998517335046
DTXSID3040776	0	0	0.5459392088987022	0.4540607911012979
DTXSID3041661	0	0	0.9173547539066069	0.0826452460933931
DTXSID3042633	1	1	0.40626345534911634	0.5937365446508837
DTXSID3044251	0	0	0.9391092024260517	0.06089079757394832
DTXSID3044629	0	0	0.7823367539182597	0.21766324608174004
DTXSID3044590	1	0	0.31863321274132284	0.6813667872586776
DTXSID3044598	0	0	0.9591065787529907	0.04089342124700956
DTXSID3044625	0	0	0.9752504804685523	0.024749519531447814
DTXSID3045223	0	0	0.7045804505826616	0.29541954941733856
DTXSID3045437	1	0	0.4649652530496368	0.5350347469503632
DTXSID3045851	0	0	0.8605598373082083	0.1394401626917916
DTXSID3046247	0	0	0.6267278591206	0.3732721408793995
DTXSID3046401	0	0	0.8458999347362145	0.15410006526378567
DTXSID3046243	0	0	0.7194817053475491	0.2805182946524508
DTXSID3046403	0	0	0.9345288974054778	0.06547110259452205
DTXSID3046586	0	0	0.8728397037580402	0.12716029624195999
DTXSID3046825	0	0	0.8405253810741414	0.15947461892585882
DTXSID3047184	0	0	0.9287574084533627	0.07124259154663723
DTXSID3047138	0	0	0.9625361818846279	0.03746381811537191
DTXSID3047263	0	0	0.6513270422213593	0.34867295777864077
DTXSID3047425	0	0	0.943680477890939	0.05631952210906097
DTXSID3047891	0	0	0.6306985371847875	0.36930146281521187
DTXSID3047924	0	0	0.8370347269660153	0.1629652730339848
DTXSID3047893	1	1	0.34846693834553066	0.651533061654469
DTXSID3047974	0	0	0.6195311753167458	0.3804688246832538
DTXSID3048574	0	0	0.8896342415366806	0.11036575846331925
DTXSID3048996	1	1	0.2925840407157241	0.7074159592842751
DTXSID3049415	0	0	0.8983912766622031	0.10160872333779684
DTXSID4020167	0	0	0.9577746634589093	0.042225336541090626
DTXSID4020292	0	0	0.9481254903829339	0.051874509617066154
DTXSID4020537	0	0	0.6381915148696085	0.36180848513039127
DTXSID4020664	0	0	0.9926166606544903	0.007383339345509842
DTXSID4020749	0	0	0.9239669370648955	0.07603306293510423
DTXSID4020870	1	1	0.2822372671797874	0.717762732820212
DTXSID4020876	0	0	0.9172158265281062	0.08278417347189372
DTXSID4020826	0	0	0.8695205678227541	0.13047943217724595
DTXSID4020828	0	0	0.9322051230035571	0.06779487699644292
DTXSID4021002	0	0	0.7823999356024012	0.21760006439759863
DTXSID4021006	0	0	0.9865807694198248	0.013419230580175363
DTXSID4021218	0	0	0.5609551266027085	0.4390448733972911
DTXSID4021212	0	0	0.8748116925175945	0.1251883074824055
DTXSID4021214	0	1	0.6342675395151275	0.3657324604848728
DTXSID4021341	1	1	0.2464932203973678	0.7535067796026323
DTXSID4021395	1	0	0.35663387252338496	0.6433661274766145
DTXSID4021472	0	0	0.9884510301837451	0.011548969816254823
DTXSID4021559	0	1	0.5743563711217543	0.42564362887824536
DTXSID4021638	0	0	0.9440757304492237	0.055924269550776264
DTXSID4021717	0	0	0.9331328118888257	0.06686718811117419
DTXSID4021894	0	0	0.9958858576484437	0.004114142351556317
DTXSID4021977	0	0	0.9468673835521658	0.053132616447834104
DTXSID4022311	0	0	0.5804781482847656	0.4195218517152335
DTXSID4022315	0	1	0.7416370426227024	0.2583629573772972
DTXSID4022442	0	0	0.6354583205912824	0.3645416794087173
DTXSID4022446	0	0	0.68727701799095	0.31272298200904963
DTXSID4022525	0	1	0.8333673238685343	0.1666326761314656
DTXSID4022527	0	0	0.939481916682662	0.060518083317337885
DTXSID4022523	0	0	0.8160627633165662	0.18393723668343356
DTXSID4022529	0	0	0.9394724014946462	0.06052759850535371
DTXSID4022579	0	0	0.8648892796695986	0.13511072033040092
DTXSID4022789	1	0	0.4460747358228293	0.5539252641771706
DTXSID4022735	0	0	0.849124756788424	0.15087524321157583
DTXSID4022810	1	0	0.32930085220837535	0.6706991477916242
DTXSID4022941	1	0	0.45923681664550225	0.5407631833544972
DTXSID4023412	0	0	0.5325305366991014	0.46746946330089856
DTXSID4023541	0	0	0.9239704694352533	0.07602953056474664
DTXSID4023414	0	0	0.9110127385491031	0.08898726145089673
DTXSID4023917	0	0	0.9251960674825958	0.07480393251740425
DTXSID4023628	0	0	0.6408615657099601	0.35913843429004033
DTXSID4024014	0	0	0.8183734447476849	0.181626555252315
DTXSID4023462	1	0	0.46664575914544676	0.5333542408545529
DTXSID4023387	1	0	0.41858391912113624	0.5814160808788637
DTXSID4024064	0	1	0.5888122863822537	0.4111877136177461
DTXSID4024062	0	0	0.9377135023002338	0.06228649769976604
DTXSID4024488	0	0	0.9282322067303461	0.07176779326965374
DTXSID4024276	1	1	0.4316625161627225	0.5683374838372778
DTXSID4024690	0	0	0.9957281599512797	0.004271840048720253
DTXSID4024692	0	0	0.9901911699594215	0.009808830040578458
DTXSID4024800	0	0	0.9351523008909417	0.06484769910905847
DTXSID4025111	0	0	0.9826473009139597	0.017352699086040167
DTXSID4025167	0	0	0.52759931473798	0.47240068526201967
DTXSID4026183	0	0	0.8922439421599208	0.1077560578400791
DTXSID4026212	0	0	0.7365405078680933	0.26345949213190684
DTXSID4026000	0	0	0.6706355815927908	0.32936441840720937
DTXSID4026713	0	0	0.9868707398260295	0.013129260173970508
DTXSID4026765	0	0	0.9920818703402349	0.00791812965976513
DTXSID4026927	0	0	0.7028742382154981	0.2971257617845013
DTXSID4027076	0	0	0.5822607159063532	0.4177392840936471
DTXSID4027234	0	0	0.9961328892306988	0.003867110769301268
DTXSID4027361	0	0	0.9542234271049889	0.04577657289501128
DTXSID4027490	0	0	0.9508846996540855	0.04911530034591445
DTXSID4027527	1	0	0.4924984052402006	0.5075015947597994
DTXSID4027529	0	0	0.9939963439258837	0.006003656074116229
DTXSID4027498	0	0	0.7120860618803542	0.28791393811964566
DTXSID4027577	0	0	0.9808694658322065	0.01913053416779371
DTXSID4031980	0	0	0.6003874823118074	0.3996125176881926
DTXSID4030336	0	0	0.983079873577141	0.016920126422858933
DTXSID4032954	0	0	0.9957150995468392	0.004284900453160774
DTXSID4034576	0	0	0.867270981370877	0.1327290186291233
DTXSID4034601	1	0	0.37831227877929985	0.6216877212207008
DTXSID4038922	1	1	0.30794374592419393	0.6920562540758053
DTXSID4040476	1	0	0.3603141557064216	0.639685844293578
DTXSID4040713	0	1	0.7346135978982946	0.26538640210170494
DTXSID4042090	0	1	0.6357584265322382	0.3642415734677617
DTXSID4042094	0	0	0.854463879938773	0.14553612006122674
DTXSID4041656	0	0	0.6579989284378621	0.3420010715621381
DTXSID4042252	0	0	0.9079199889181896	0.09208001108181055
DTXSID4042462	0	1	0.723144501327191	0.27685549867280856
DTXSID4042468	0	0	0.9361940573800527	0.06380594261994714
DTXSID4044402	0	0	0.9877072224200419	0.012292777579958036
DTXSID4044581	0	0	0.9006124186150257	0.0993875813849743
DTXSID4044799	0	0	0.9922299436176693	0.007770056382330732
DTXSID4044587	0	0	0.9159308266177557	0.08406917338224437
DTXSID4045187	1	0	0.4162924285946491	0.5837075714053507
DTXSID4045391	1	0	0.49531469183541516	0.5046853081645848
DTXSID4045559	0	0	0.74531822164134	0.25468177835866035
DTXSID4045216	0	0	0.6761498738064475	0.32385012619355275
DTXSID4045763	0	0	0.8958156758265076	0.10418432417349183
DTXSID4045343	0	0	0.5728250818353254	0.4271749181646747
DTXSID4045133	0	0	0.5907555086209123	0.40924449137908736
DTXSID4045973	0	0	0.7455292285513421	0.2544707714486578
DTXSID4046101	1	1	0.3920903729954599	0.6079096270045405
DTXSID4046107	0	0	0.793044890988763	0.20695510901123712
DTXSID4046238	0	0	0.6979744939762881	0.3020255060237115
DTXSID4046284	0	1	0.6619825710557935	0.3380174289442068
DTXSID4046442	0	0	0.5927322950195163	0.40726770498048365
DTXSID4046525	0	0	0.8854141330379738	0.11458586696202638
DTXSID4046573	0	1	0.5632872532799621	0.43671274672003774
DTXSID4046812	1	0	0.474774408219305	0.5252255917806948
DTXSID4046949	0	0	0.5080232663446257	0.4919767336553742
DTXSID4047416	0	0	0.9777926196373681	0.022207380362632173
DTXSID4047547	0	0	0.9608356889213754	0.039164311078624975
DTXSID4047468	0	0	0.9092330064788646	0.09076699352113518
DTXSID4047628	0	0	0.8136729778019471	0.1863270221980532
DTXSID4047880	0	0	0.6550400607245157	0.344959939275484
DTXSID4047882	0	0	0.7635580505617209	0.23644194943827918
DTXSID4047961	0	0	0.5110076434403658	0.4889923565596342
DTXSID4047963	1	0	0.364412052549744	0.6355879474502559
DTXSID4047886	0	0	0.6891879460814792	0.31081205391852035
DTXSID4048195	0	0	0.8583248474856858	0.14167515251431403
DTXSID4048193	1	0	0.37260275508403434	0.6273972449159658
DTXSID4049294	0	0	0.996320686676172	0.0036793133238279445
DTXSID4049240	0	0	0.9853184878902895	0.01468151210971029
DTXSID4049327	0	0	0.5903215727683114	0.40967842723168824
DTXSID4049036	0	0	0.5368804622591622	0.4631195377408377
DTXSID5020231	0	0	0.847067298884741	0.15293270111525897
DTXSID5020499	0	0	0.9952455523803121	0.00475444761968798
DTXSID5020491	0	0	0.6342040126535228	0.3657959873464767
DTXSID5020653	1	1	0.2506536332214127	0.749346366778587
DTXSID5020815	0	0	0.8364014955783712	0.16359850442162924
DTXSID5020861	0	0	0.9116507458279374	0.08834925417206253
DTXSID5020948	0	0	0.6127972130885382	0.38720278691146237
DTXSID5021097	0	0	0.5295333605115313	0.4704666394884686
DTXSID5020863	0	0	0.6831239016768351	0.3168760983231649
DTXSID5020869	0	0	0.5616670701927678	0.4383329298072319
DTXSID5021128	0	0	0.962743317641667	0.0372566823583331
DTXSID5021124	0	0	0.9403180893690055	0.05968191063099447
DTXSID5021201	0	0	0.8718374319068897	0.12816256809310997
DTXSID5021255	0	0	0.83400323325797	0.16599676674202973
DTXSID5021332	0	0	0.8526194121827259	0.14738058781727442
DTXSID5021380	0	0	0.9496554696792053	0.05034453032079461
DTXSID5021384	0	0	0.9102748973526894	0.08972510264731066
DTXSID5021411	0	0	0.7507111082475412	0.2492888917524595
DTXSID5021415	0	0	0.9681058738393409	0.03189412616065915
DTXSID5021544	0	0	0.9171585837123303	0.08284141628766975
DTXSID5021756	0	0	0.995339475892279	0.0046605241077210206
DTXSID5021671	0	0	0.9225913081875489	0.07740869181245119
DTXSID5021679	0	1	0.9380797830561058	0.06192021694389421
DTXSID5021752	0	0	0.9948606047314807	0.00513939526851936
DTXSID5021835	0	0	0.9749981515878144	0.02500184841218585
DTXSID5021837	0	0	0.9979674446150562	0.0020325553849438226
DTXSID5021885	0	0	0.988931644326083	0.011068355673917077
DTXSID5022227	0	0	0.9949893731273	0.005010626872699996
DTXSID5021962	0	0	0.9307922576045893	0.0692077423954108
DTXSID5021968	0	0	0.9001978961800206	0.09980210381997966
DTXSID5022308	0	0	0.5798024385919853	0.42019756140801445
DTXSID5022437	1	0	0.38954669832468547	0.610453301675315
DTXSID5022439	0	0	0.5226567787902135	0.4773432212097861
DTXSID5022485	1	0	0.2847868939259537	0.7152131060740458
DTXSID5022932	0	0	0.6945297651729266	0.30547023482707253
DTXSID5023247	0	0	0.7081604034374304	0.29183959656256936
DTXSID5023039	0	0	0.6793120639801268	0.3206879360198745
DTXSID5023295	0	0	0.8802204418331983	0.11977955816680146
DTXSID5023110	1	1	0.36108349809419493	0.6389165019058054
DTXSID5023376	0	0	0.6596856132303764	0.3403143867696245
DTXSID5023378	0	0	0.887252593428131	0.1127474065718688
DTXSID5023875	0	0	0.9350288198915573	0.06497118010844286
DTXSID5023871	1	0	0.4094399201096878	0.5905600798903126
DTXSID5024681	0	0	0.969552539969065	0.03044746003093519
DTXSID5024687	0	0	0.9082908593375826	0.0917091406624172
DTXSID5024479	0	0	0.6469545948981874	0.3530454051018125
DTXSID5024500	0	0	0.8450092226103965	0.1549907773896036
DTXSID5024504	0	0	0.7253313706184331	0.27466862938156733
DTXSID5024471	0	0	0.719002946983457	0.2809970530165428
DTXSID5024506	0	0	0.9005400073196003	0.09945999268039968
DTXSID5025100	0	0	0.9945934871379504	0.005406512862049663
DTXSID5025231	0	1	0.6276679512914727	0.3723320487085275
DTXSID5025815	1	0	0.48651706946719087	0.5134829305328091
DTXSID5026122	0	0	0.9679752039169989	0.032024796083000975
DTXSID5026124	0	0	0.8696312433552573	0.13036875664474262
DTXSID5026091	0	0	0.8715293130053213	0.12847068699467848
DTXSID5026548	0	0	0.673181895500505	0.3268181044994946
DTXSID5026623	0	0	0.9868310034921047	0.01316899650789526
DTXSID5026207	0	1	0.7483512837209121	0.2516487162790875
DTXSID5026625	0	0	0.9958868107990356	0.0041131892009644
DTXSID5027148	0	0	0.8940019988297953	0.10599800117020436
DTXSID5027770	0	0	0.9553791419905782	0.04462085800942185
DTXSID5031210	0	0	0.9983864703080131	0.0016135296919868988
DTXSID5029710	0	0	0.8997252632940296	0.10027473670597027
DTXSID5033701	0	0	0.8857961714879011	0.11420382851209901
DTXSID5033836	0	0	0.680728530375947	0.3192714696240527
DTXSID5036684	0	0	0.6593003509311005	0.3406996490688996
DTXSID5037731	1	1	0.2367948468447899	0.7632051531552094
DTXSID5037739	0	0	0.7125520400375837	0.28744795996241657
DTXSID5041306	0	0	0.6252778501355043	0.37472214986449537
DTXSID5041516	0	0	0.9606399813696378	0.03936001863036188
DTXSID5041487	0	0	0.971289009981799	0.02871099001820133
DTXSID5041437	0	0	0.9463528115746983	0.05364718842530162
DTXSID5041431	0	0	0.9192488766710466	0.08075112332895358
DTXSID5041774	0	0	0.8569504580246252	0.14304954197537464
DTXSID5041851	0	1	0.5167601110787439	0.48323988892125624
DTXSID5042299	0	0	0.939540109516529	0.060459890483470974
DTXSID5044289	0	0	0.649794954047278	0.35020504595272234
DTXSID5044495	0	0	0.9400043017735661	0.059995698226433795
DTXSID5044522	0	0	0.9415155733192354	0.05848442668076496
DTXSID5044572	0	0	0.685205499728862	0.3147945002711378
DTXSID5044528	1	1	0.42196859619074933	0.5780314038092509
DTXSID5044607	0	0	0.9273326725759141	0.07266732742408599
DTXSID5044603	0	0	0.9350387808707256	0.06496121912927473
DTXSID5044865	1	1	0.4750137461940733	0.5249862538059266
DTXSID5044867	0	0	0.9235633351084119	0.07643666489158814
DTXSID5044992	0	1	0.5717403071451634	0.4282596928548361
DTXSID5045178	1	0	0.3885251239592889	0.6114748760407115
DTXSID5045120	0	0	0.8762153780977341	0.12378462190226551
DTXSID5045382	0	0	0.5039948335720968	0.49600516642790304
DTXSID5045673	0	0	0.5872616762604467	0.4127383237395531
DTXSID5045419	0	0	0.5416444867315563	0.45835551326844365
DTXSID5045596	0	0	0.5006819019741667	0.49931809802583327
DTXSID5045883	0	0	0.800571746057061	0.19942825394293864
DTXSID5045885	0	0	0.874109887738864	0.1258901122611362
DTXSID5045960	0	0	0.624624880557589	0.37537511944241075
DTXSID5045964	0	0	0.854463879938773	0.14553612006122674
DTXSID5046144	0	0	0.874687874763565	0.1253121252364349
DTXSID5046439	0	0	0.5765465825376631	0.4234534174623371
DTXSID5046433	1	0	0.4924201682002541	0.5075798317997459
DTXSID5046772	1	0	0.3445628431774161	0.6554371568225841
DTXSID5046560	0	0	0.6050122950133522	0.39498770498664737
DTXSID5046693	0	0	0.5472789504691944	0.45272104953080555
DTXSID5046562	0	0	0.9983864703080131	0.0016135296919868988
DTXSID5046726	1	1	0.37383556384646255	0.6261644361535368
DTXSID5047160	0	0	0.898279076334535	0.10172092366546522
DTXSID5047790	0	0	0.6856852294490158	0.314314770550984
DTXSID5047879	0	0	0.6231602693731544	0.37683973062684556
DTXSID5047956	0	0	0.623464527392484	0.37653547260751563
DTXSID5048681	0	0	0.9752471820028107	0.02475281799718969
DTXSID5048710	0	0	0.8726026482348255	0.12739735176517442
DTXSID5048685	0	1	0.5108529699228685	0.4891470300771315
DTXSID5048421	0	0	0.578013806592431	0.42198619340756927
DTXSID5048849	1	0	0.3405312723175802	0.65946872768242
DTXSID5048897	0	0	0.6573680294828806	0.3426319705171187
DTXSID5048899	0	0	0.8138736304481721	0.1861263695518274
DTXSID6020062	0	0	0.7988805522898212	0.20111944771017917
DTXSID6020064	0	0	0.8225538342749631	0.1774461657250371
DTXSID6020220	0	0	0.9062330866686039	0.09376691333139613
DTXSID6020307	0	0	0.9605895205176591	0.039410479482340936
DTXSID6020303	0	0	0.9637742399372741	0.0362257600627259
DTXSID6020515	0	0	0.9916665396264016	0.008333460373598339
DTXSID6020434	0	0	0.9792858170813393	0.020714182918660277
DTXSID6020438	0	0	0.9535581669301723	0.0464418330698277
DTXSID6020513	0	0	0.9085437018792214	0.0914562981207784
DTXSID6020694	0	0	0.9240156791933428	0.0759843208066572
DTXSID6020939	0	0	0.9183541859500436	0.08164581404995651
DTXSID6021030	0	0	0.5969310500176426	0.40306894998235726
DTXSID6021086	0	0	0.9235983684950412	0.07640163150495896
DTXSID6021036	0	0	0.9956871352126707	0.00431286478732922
DTXSID6021327	1	0	0.3457789188809294	0.6542210811190704
DTXSID6021032	0	0	0.9879226000341582	0.012077399965841815
DTXSID6021377	0	0	0.9013750722237771	0.09862492777622263
DTXSID6021404	0	0	0.9931878457439153	0.006812154256084696
DTXSID6021585	0	0	0.9898948897150621	0.01010511028493783
DTXSID6021581	0	0	0.9941213546797583	0.005878645320241736
DTXSID6021610	0	0	0.929455403183495	0.07054459681650503
DTXSID6021799	0	0	0.9679536537824855	0.03204634621751445
DTXSID6021822	0	0	0.994675606535982	0.005324393464018057
DTXSID6021907	0	0	0.9106051041912024	0.08939489580879752
DTXSID6021959	0	0	0.5928694999992952	0.40713050000070483
DTXSID6022187	0	0	0.9238506505138638	0.07614934948613604
DTXSID6022004	0	0	0.9725063138896888	0.02749368611031102
DTXSID6022391	0	0	0.5773275564573771	0.4226724435426227
DTXSID6022393	0	0	0.6320236160276096	0.3679763839723901
DTXSID6022399	0	0	0.5967679135837006	0.40323208641629943
DTXSID6022420	0	0	0.9005049900251413	0.09949500997485859
DTXSID6022977	0	0	0.8145457919959257	0.18545420800407436
DTXSID6023315	0	0	0.9230946985810959	0.07690530141890406
DTXSID6023155	1	1	0.4890676820647855	0.5109323179352144
DTXSID6023523	0	0	0.8894019602803885	0.11059803971961131
DTXSID6023571	1	1	0.35543976208546657	0.6445602379145343
DTXSID6023862	0	0	0.9540570821981449	0.04594291780185511
DTXSID6024200	0	0	0.9433457171971142	0.0566542828028856
DTXSID6024628	0	0	0.9166596614601006	0.08334033853989944
DTXSID6024624	1	0	0.4211036931327515	0.5788963068672486
DTXSID6024880	0	0	0.9688785917965022	0.03112140820349791
DTXSID6024888	0	0	0.8129958107863623	0.18700418921363865
DTXSID6024832	0	0	0.6392685278317464	0.36073147216825385
DTXSID6025012	0	0	0.9785700222142079	0.021429977785791976
DTXSID6024917	0	0	0.9957223908628037	0.004277609137196355
DTXSID6025010	0	0	0.9828287522998742	0.017171247700125625
DTXSID6025145	0	0	0.9377631444866944	0.062236855513305385
DTXSID6025143	0	0	0.9367705939093438	0.06322940609065614
DTXSID6025149	0	0	0.934269019710185	0.06573098028981526
DTXSID6025690	1	0	0.43058422202385865	0.5694157779761416
DTXSID6025565	0	1	0.6325614923758927	0.36743850762410735
DTXSID6025355	0	0	0.9747072534932273	0.025292746506772563
DTXSID6025436	1	0	0.4141926335327366	0.5858073664672633
DTXSID6025486	0	0	0.8766168177174674	0.12338318228253228
DTXSID6025513	1	1	0.23702462166356933	0.7629753783364313
DTXSID6025854	0	0	0.9000751327689502	0.0999248672310498
DTXSID6025983	0	0	0.8570236773320199	0.14297632266798008
DTXSID6027052	0	0	0.7925140243604543	0.20748597563954557
DTXSID6027343	0	0	0.9740570408617752	0.0259429591382248
DTXSID6029254	0	0	0.9891946431749568	0.010805356825043338
DTXSID6029707	0	0	0.9399472591549433	0.06005274084505679
DTXSID6029703	0	0	0.9142988837834378	0.0857011162165626
DTXSID6034005	0	0	0.9550413444124556	0.04495865558754437
DTXSID6034972	0	0	0.9295256228003234	0.0704743771996766
DTXSID6038875	0	0	0.6531680509656099	0.34683194903438974
DTXSID6037728	0	0	0.6259899538979505	0.37401004610204946
DTXSID6037069	0	0	0.9719865763644568	0.02801342363554329
DTXSID6040666	0	0	0.9649501018308668	0.03504989816913297
DTXSID6040668	0	0	0.6157644242117155	0.3842355757882841
DTXSID6041472	0	0	0.9922161622033221	0.00778383779667763
DTXSID6041422	0	0	0.855858095846373	0.14414190415362704
DTXSID6041424	0	0	0.9963270304919513	0.0036729695080486516
DTXSID6041682	1	1	0.31310316739922534	0.6868968326007742
DTXSID6042074	0	0	0.9329856384811178	0.06701436151888238
DTXSID6041925	0	0	0.9645749153359127	0.03542508466408702
DTXSID6042232	0	0	0.9849246261819575	0.015075373818042517
DTXSID6042448	0	0	0.8214142195171431	0.17858578048285664
DTXSID6044513	0	0	0.9799959807563413	0.020004019243658834
DTXSID6044721	0	0	0.9984947523165492	0.0015052476834508245
DTXSID6044931	0	0	0.9790176265584253	0.020982373441574737
DTXSID6044808	0	0	0.9303792853263441	0.06962071467365583
DTXSID6044727	0	0	0.8681754953829575	0.13182450461704281
DTXSID6045240	1	0	0.3986878882847319	0.6013121117152684
DTXSID6045373	0	0	0.5554810256231814	0.4445189743768184
DTXSID6045901	0	0	0.9317396219604963	0.06826037803950376
DTXSID6046139	0	0	0.8410906931165554	0.15890930688344446
DTXSID6046422	0	0	0.8721903148139774	0.1278096851860226
DTXSID6046349	0	0	0.8856665782752371	0.11433342172476277
DTXSID6046688	1	0	0.4827148907848432	0.5172851092151567
DTXSID6047105	0	0	0.9273326784081221	0.07266732159187783
DTXSID6047107	0	0	0.9835818760816653	0.01641812391833492
DTXSID6047490	0	0	0.9316829517641538	0.0683170482358463
DTXSID6047783	1	0	0.4681449051336579	0.5318550948663419
DTXSID6047818	0	0	0.5150370755213394	0.4849629244786608
DTXSID6048701	0	0	0.9663710483298205	0.0336289516701794
DTXSID6049226	1	0	0.41000258584628246	0.5899974141537173
DTXSID6048915	0	0	0.7268055768329278	0.2731944231670723
DTXSID6049303	0	0	0.500145036671257	0.499854963328743
DTXSID6049309	0	0	0.9691104640796293	0.030889535920370678
DTXSID7020182	0	0	0.6495381374649494	0.35046186253504963
DTXSID7020211	0	1	0.694005202455439	0.3059947975445609
DTXSID7020213	0	1	0.8522091135683301	0.14779088643167057
DTXSID7020261	0	0	0.9257136077066808	0.07428639229331933
DTXSID7020685	0	0	0.6761821759849298	0.32381782401507014
DTXSID7020552	0	0	0.7312049114308049	0.26879508856919365
DTXSID7020683	0	0	0.6884571884776197	0.31154281152238006
DTXSID7020687	0	0	0.6761821759849298	0.32381782401507014
DTXSID7020689	0	0	0.7944465088447112	0.20555349115528807
DTXSID7020716	0	0	0.9254559774225743	0.07454402257742569
DTXSID7020768	0	0	0.5747756628499957	0.42522433715000385
DTXSID7020895	1	0	0.39044424461097965	0.6095557553890202
DTXSID7021104	0	0	0.8868576094881039	0.11314239051189634
DTXSID7021106	1	1	0.4507485159564775	0.5492514840435228
DTXSID7021152	0	0	0.8073816933009205	0.19261830669907948
DTXSID7021027	0	0	0.9608678025039159	0.03913219749608408
DTXSID7021029	0	0	0.9892927582131414	0.010707241786858621
DTXSID7021289	0	0	0.8552877799093578	0.14471222009064239
DTXSID7021493	0	0	0.8034463628747452	0.19655363712525467
DTXSID7021524	0	0	0.9327913869493614	0.06720861305063877
DTXSID7021601	0	0	0.6964714648758452	0.3035285351241544
DTXSID7021788	0	1	0.7640592904890119	0.2359407095109878
DTXSID7021869	0	0	0.9415657679599967	0.05843423204000321
DTXSID7022049	0	0	0.9184613280493772	0.08153867195062267
DTXSID7022411	1	0	0.28678701521515093	0.7132129847848497
DTXSID7022332	0	0	0.9351068523849533	0.06489314761504686
DTXSID7022382	1	0	0.39565174899147176	0.6043482510085286
DTXSID7022413	0	0	0.9256483564502146	0.07435164354978543
DTXSID7022384	1	1	0.21015803241705494	0.7898419675829446
DTXSID7023518	0	1	0.5000260114263269	0.49997398857367303
DTXSID7023643	0	0	0.9611635319304203	0.03883646806957952
DTXSID7023645	0	0	0.5439065983996549	0.45609340160034495
DTXSID7023930	0	0	0.8770381425589404	0.12296185744105977
DTXSID7023722	0	0	0.7027487078951261	0.29725129210487355
DTXSID7024085	0	0	0.9798012337894133	0.020198766210586576
DTXSID7024376	0	0	0.9302439670211798	0.06975603297882002
DTXSID7024370	0	0	0.975900894701367	0.024099105298633027
DTXSID7024798	0	0	0.953224224787338	0.046775775212662095
DTXSID7025005	0	0	0.8949485917825458	0.10505140821745443
DTXSID7024538	0	0	0.6791803972587138	0.320819602741286
DTXSID7025269	0	0	0.9267274322378232	0.07327256776217689
DTXSID7025138	0	1	0.9481483913990105	0.05185160860098959
DTXSID7025425	0	0	0.8330269053584468	0.1669730946415534
DTXSID7025427	0	0	0.9870546449031187	0.012945355096881574
DTXSID7025429	1	0	0.24529018575117625	0.7547098142488241
DTXSID7025502	0	0	0.9936570483699129	0.006342951630087123
DTXSID7025556	0	0	0.9591618722505401	0.040838127749459815
DTXSID7025689	0	0	0.6165777577635877	0.38342224223641214
DTXSID7026520	0	0	0.7457839589752864	0.2542160410247135
DTXSID7026441	0	0	0.9983998542374867	0.0016001457625133145
DTXSID7026366	0	0	0.5579200012840279	0.44207999871597176
DTXSID7026368	0	0	0.9373134856986829	0.06268651430131693
DTXSID7027041	0	1	0.8688374615520779	0.13116253844792242
DTXSID7026946	0	0	0.9815155850537183	0.018484414946281832
DTXSID7027122	0	0	0.9887898513464197	0.011210148653580455
DTXSID7027461	0	0	0.9112544804439755	0.08874551955602455
DTXSID7029110	0	0	0.9876388468156613	0.012361153184338695
DTXSID7029241	1	1	0.2623059008911227	0.7376940991088766
DTXSID7029661	0	0	0.9770689796189251	0.022931020381075046
DTXSID7029247	0	0	0.9187680592706883	0.08123194072931175
DTXSID7029249	0	0	0.8989965790577817	0.1010034209422181
DTXSID7029904	0	0	0.6060251690765313	0.3939748309234686
DTXSID7030060	0	0	0.9576712328462734	0.04232876715372651
DTXSID7031531	1	0	0.31713720351681673	0.6828627964831825
DTXSID7034672	0	0	0.7840090421178415	0.21599095788215794
DTXSID7037717	1	1	0.45419115505064567	0.5458088449493542
DTXSID7040154	0	0	0.974309088966884	0.025690911033116326
DTXSID7038864	1	1	0.28396004273767744	0.716039957262323
DTXSID7040283	1	0	0.3799633663560288	0.6200366336439711
DTXSID7040285	0	0	0.9395235125956634	0.060476487404336525
DTXSID7038818	0	0	0.9816177405935277	0.01838225940647236
DTXSID7040788	0	0	0.922156010388605	0.07784398961139502
DTXSID7040653	0	0	0.6964908646985468	0.3035091353014532
DTXSID7040738	1	0	0.4610603633465449	0.5389396366534548
DTXSID7041417	0	0	0.9379938793364851	0.062006120663514824
DTXSID7041883	0	1	0.6923952361432255	0.3076047638567749
DTXSID7041966	0	1	0.6866662096090679	0.3133337903909322
DTXSID7042273	0	1	0.8881190705802653	0.11188092941973461
DTXSID7043873	0	0	0.9258938205955324	0.07410617940446766
DTXSID7043902	0	0	0.7350146085027361	0.26498539149726325
DTXSID7044899	0	0	0.9860841879940947	0.013915812005905404
DTXSID7044843	1	1	0.3272205470539921	0.6727794529460084
DTXSID7044895	0	0	0.9259738688830433	0.0740261311169565
DTXSID7044974	0	0	0.9121800843403802	0.08781991565961987
DTXSID7045815	1	0	0.495372295295907	0.5046277047040929
DTXSID7045992	0	0	0.9653664683007992	0.034633531699200686
DTXSID7045653	1	0	0.3994754329475882	0.6005245670524116
DTXSID7046386	1	0	0.3704858149202608	0.629514185079739
DTXSID7046045	0	0	0.8733493784725437	0.1266506215274559
DTXSID7046411	0	0	0.8636629491028244	0.13633705089717568
DTXSID7046174	0	0	0.6113949042115684	0.38860509578843166
DTXSID7046592	1	0	0.4809826209049147	0.5190173790950852
DTXSID7046594	0	0	0.8507530519286666	0.14924694807133365
DTXSID7046596	0	0	0.9827124812885695	0.017287518711430305
DTXSID7046835	1	0	0.41025617756125327	0.5897438224387465
DTXSID7047433	0	0	0.5372888616131138	0.46271113838688627
DTXSID7047774	1	1	0.4673236879402825	0.5326763120597175
DTXSID7047726	0	0	0.9070150063151932	0.09298499368480673
DTXSID7047778	1	0	0.42659216422811375	0.573407835771886
DTXSID7048619	1	0	0.29359137763844795	0.7064086223615527
DTXSID7048742	1	0	0.43527716433339764	0.5647228356666024
DTXSID7048744	0	0	0.8541406265465595	0.1458593734534404
DTXSID7049261	0	0	0.9159854876188341	0.08401451238116557
DTXSID7049265	0	0	0.8620351792036363	0.1379648207963638
DTXSID7049423	0	0	0.8980034565561926	0.10199654344380762
DTXSID7049396	0	0	0.9194581952642275	0.08054180473577247
DTXSID7049425	0	0	0.8683182494417603	0.13168175055824002
DTXSID8020173	0	0	0.9662627134109738	0.03373728658902631
DTXSID8020250	0	0	0.8931318344630708	0.10686816553692943
DTXSID8020593	0	0	0.9894696340599491	0.01053036594005098
DTXSID8020545	0	0	0.8565688699688165	0.14343113003118332
DTXSID8020678	0	1	0.5828896446609512	0.41711035533904905
DTXSID8020703	0	0	0.8164193561978509	0.18358064380214908
DTXSID8020838	0	0	0.6295695314222092	0.3704304685777904
DTXSID8020965	0	0	0.832212304859475	0.16778769514052486
DTXSID8021199	0	0	0.9280923606363246	0.0719076393636751
DTXSID8021222	0	0	0.9424748033249064	0.05752519667509365
DTXSID8021438	0	0	0.9282103961886957	0.0717896038113042
DTXSID8021563	0	0	0.8446133036124764	0.15538669638752375
DTXSID8021301	0	1	0.5044067331225702	0.49559326687742955
DTXSID8021565	0	0	0.9748383215752391	0.02516167842476086
DTXSID8021729	1	0	0.4786496031053877	0.5213503968946126
DTXSID8021771	0	0	0.9113646952433004	0.08863530475669942
DTXSID8021854	0	0	0.9647555002853951	0.03524449971460465
DTXSID8021802	0	0	0.8729516729511125	0.1270483270488877
DTXSID8021808	0	0	0.9406606556297239	0.059339344370275965
DTXSID8022325	1	1	0.2911285683586741	0.7088714316413249
DTXSID8022161	0	1	0.5869018599463043	0.4130981400536957
DTXSID8022404	0	0	0.5872698065579259	0.4127301934420744
DTXSID8022406	0	0	0.5921383021631927	0.40786169783680787
DTXSID8022408	1	0	0.453465853118657	0.5465341468813427
DTXSID8023426	0	0	0.9379558172619284	0.062044182738071704
DTXSID8024652	0	0	0.933244954278328	0.06675504572167247
DTXSID8024498	0	1	0.9273710474230138	0.07262895257698611
DTXSID8024521	0	0	0.9987464276732436	0.0012535723267564415
DTXSID8025464	0	0	0.9918049399845369	0.008195060015463117
DTXSID8025670	0	0	0.845818302903467	0.15418169709653318
DTXSID8025591	0	0	0.9942995440850212	0.005700455914978944
DTXSID8025757	0	1	0.9703768609489993	0.029623139051000152
DTXSID8025967	0	0	0.9967563822802544	0.003243617719745548
DTXSID8026018	1	0	0.37991823091751825	0.6200817690824817
DTXSID8025599	0	1	0.932679848478896	0.06732015152110422
DTXSID8026303	1	0	0.343181587952247	0.6568184120477532
DTXSID8026145	0	0	0.9667018063222576	0.033298193677742394
DTXSID8026147	0	0	0.624463321684526	0.37553667831547416
DTXSID8026432	0	0	0.997745181416364	0.002254818583635982
DTXSID8026436	0	0	0.9683194129231493	0.03168058707685081
DTXSID8027032	0	0	0.9981323394828037	0.0018676605171963684
DTXSID8027034	0	0	0.9350651928871018	0.06493480711289837
DTXSID8027036	0	0	0.9916023363540406	0.008397663645959444
DTXSID8027113	0	0	0.9799986016377228	0.020001398362277423
DTXSID8027167	0	0	0.9561644122309005	0.043835587769099446
DTXSID8027244	0	0	0.9818068789153634	0.018193121084636603
DTXSID8027454	0	0	0.9928994221670586	0.007100577832941334
DTXSID8027400	0	0	0.9881664186850743	0.01183358131492578
DTXSID8027747	0	0	0.8734088567838153	0.12659114321618506
DTXSID8027749	0	0	0.9935211428795733	0.0064788571204267295
DTXSID8027822	0	0	0.9552686404220296	0.044731359577970115
DTXSID8029230	0	0	0.9823669855848287	0.017633014415171434
DTXSID8029317	0	0	0.9914372380668182	0.008562761933181935
DTXSID8029282	1	0	0.34353404697817685	0.6564659530218235
DTXSID8029315	1	0	0.48737731104261556	0.5126226889573844
DTXSID8028008	1	0	0.3517008858553111	0.6482991141446901
DTXSID8029652	0	0	0.9984043803900535	0.0015956196099465028
DTXSID8029602	1	1	0.26415335729863076	0.7358466427013692
DTXSID8031603	0	0	0.8791160659173213	0.12088393408267897
DTXSID8031863	0	0	0.6544192037041686	0.3455807962958313
DTXSID8031865	0	0	0.6839257644158472	0.316074235584153
DTXSID8034087	0	0	0.9431311347363602	0.05686886526363983
DTXSID8034085	0	1	0.6343280105014786	0.3656719894985213
DTXSID8037708	0	0	0.6696671552242025	0.3303328447757983
DTXSID8040800	0	0	0.9384733848211017	0.06152661517889848
DTXSID8041248	0	1	0.7336291852350572	0.26637081476494257
DTXSID8041379	0	0	0.7249365994515411	0.2750634005484591
DTXSID8041404	0	0	0.9243386684585306	0.0756613315414694
DTXSID8041400	0	0	0.9745123704483349	0.025487629551665007
DTXSID8041452	0	0	0.9076985150190785	0.09230148498092118
DTXSID8041955	0	0	0.9953145406065032	0.004685459393496981
DTXSID8042478	1	1	0.46022075020452047	0.5397792497954798
DTXSID8044389	0	0	0.9989281054088234	0.0010718945911765707
DTXSID8044545	0	0	0.5243260180849927	0.47567398191500715
DTXSID8044464	0	0	0.6192564629736176	0.38074353702638236
DTXSID8044836	0	0	0.6191888913407293	0.38081110865927076
DTXSID8044913	0	1	0.7067027044531635	0.2932972955468365
DTXSID8044678	0	0	0.7181113391871116	0.28188866081288816
DTXSID8045141	0	0	0.8588739516941891	0.14112604830581127
DTXSID8045145	1	0	0.3929988703147046	0.6070011296852956
DTXSID8045438	0	0	0.5488553059784227	0.45114469402157703
DTXSID8045488	0	0	0.5261673885041559	0.4738326114958441
DTXSID8045856	0	0	0.5947646898791848	0.40523531012081493
DTXSID8045933	0	0	0.7329943349093417	0.2670056650906582
DTXSID8045989	0	0	0.7144591052106332	0.28554089478936695
DTXSID8046242	0	0	0.6956708313986603	0.30432916860133924
DTXSID8045800	0	0	0.5575006166966932	0.4424993833033068
DTXSID8045804	1	0	0.4355530281533944	0.5644469718466049
DTXSID8046791	0	0	0.8931588536235594	0.10684114637644056
DTXSID8046799	0	0	0.9406343316747768	0.05936566832522322
DTXSID8047264	0	0	0.6040335125320319	0.39596648746796725
DTXSID8047420	0	0	0.901862796211899	0.09813720378810091
DTXSID8047397	0	0	0.626562085905069	0.3734379140949306
DTXSID8047553	0	0	0.6568326689856642	0.34316733101433544
DTXSID8047682	0	0	0.9784706460390611	0.02152935396093922
DTXSID8047890	1	0	0.4343095504828199	0.5656904495171802
DTXSID8047892	0	0	0.8257455013866222	0.17425449861337777
DTXSID8047927	0	0	0.953880841398637	0.046119158601363106
DTXSID8047973	1	1	0.3059298864284559	0.6940701135715444
DTXSID8048810	0	0	0.8092449128242023	0.19075508717579745
DTXSID8049416	0	0	0.9532615475923173	0.046738452407682575
DTXSID9020114	0	1	0.5138197510053845	0.48618024899461565
DTXSID9020241	0	1	0.5385626490484419	0.4614373509515585
DTXSID9020451	0	1	0.8116761883061073	0.18832381169389303
DTXSID9020401	0	0	0.7563114842400376	0.2436885157599622
DTXSID9020617	0	0	0.909891592608157	0.0901084073918429
DTXSID9021053	0	0	0.9599320011257767	0.0400679988742233
DTXSID9021059	0	0	0.984575590001957	0.015424409998042963
DTXSID9021267	0	0	0.8987015360702953	0.1012984639297048
DTXSID9021346	0	0	0.9150223811567731	0.08497761884322688
DTXSID9021348	0	0	0.8847468357426519	0.1152531642573475
DTXSID9021390	0	0	0.9414295067360076	0.05857049326399244
DTXSID9021392	0	0	0.9551610451561392	0.044838954843860884
DTXSID9022310	0	0	0.6300905844530093	0.3699094155469905
DTXSID9022079	0	1	0.5733003637453556	0.42669963625464435
DTXSID9022360	0	1	0.8178924058675607	0.18210759413243943
DTXSID9022312	0	0	0.8064368846146914	0.1935631153853084
DTXSID9022100	0	0	0.950004717930922	0.04999528206907805
DTXSID9022445	0	0	0.730193239728858	0.26980676027114175
DTXSID9022607	1	0	0.4691109099015839	0.530889090098416
DTXSID9022526	0	0	0.8119365354920752	0.18806346450792502
DTXSID9022528	0	0	0.9341446238931703	0.0658553761068295
DTXSID9023122	0	0	0.85962749449224	0.14037250550776012
DTXSID9023205	1	1	0.4621907358410948	0.5378092641589052
DTXSID9023209	0	0	0.8892483934831898	0.11075160651681001
DTXSID9023540	0	0	0.9155608227162653	0.08443917728373464
DTXSID9023542	0	0	0.5975538625071861	0.40244613749281377
DTXSID9023756	1	0	0.31136230676401616	0.6886376932359836
DTXSID9024431	0	0	0.9832931081456551	0.016706891854344957
DTXSID9024063	0	0	0.9362522053780392	0.06374779462196073
DTXSID9023914	0	0	0.9226059020073853	0.07739409799261508
DTXSID9024483	0	1	0.5676283669555446	0.4323716330444554
DTXSID9024489	0	0	0.9248065940865814	0.0751934059134184
DTXSID9025110	0	0	0.5792213566617423	0.4207786433382578
DTXSID9025037	0	0	0.9160121827587867	0.08398781724121313
DTXSID9025087	1	0	0.3467722433021143	0.6532277566978858
DTXSID9026059	0	0	0.9621059303033485	0.0378940696966516
DTXSID9026261	0	0	0.5988205129008449	0.40117948709915524
DTXSID9026689	0	0	0.7272758347566397	0.27272416524336035
DTXSID9026633	0	0	0.9787763959585527	0.021223604041447422
DTXSID9026899	0	0	0.949453440501974	0.050546559498025806
DTXSID9026766	0	0	0.9850282334504272	0.014971766549572671
DTXSID9027239	0	1	0.6973933350064205	0.30260666499357963
DTXSID9026924	1	0	0.3919655782397011	0.6080344217602992
DTXSID9026500	0	1	0.8989431764045465	0.10105682359545352
DTXSID9027310	0	0	0.9792858170813393	0.020714182918660277
DTXSID9027314	0	0	0.9930418797534714	0.006958120246528779
DTXSID9026974	0	1	0.6585707215526169	0.34142927844738286
DTXSID9027522	1	1	0.2709409840836748	0.7290590159163232
DTXSID9027603	0	0	0.7955836197066939	0.20441638029330553
DTXSID9028120	0	0	0.9872843320889068	0.012715667911093189
DTXSID9029691	0	0	0.9193416993181964	0.08065830068180363
DTXSID9032614	1	0	0.35804639816544676	0.6419536018345526
DTXSID9032589	1	0	0.3244071808061558	0.6755928191938446
DTXSID9033187	1	1	0.4213069923467204	0.5786930076532797
DTXSID9034070	0	0	0.9157972648185796	0.08420273518142045
DTXSID9037246	0	0	0.8493902621645033	0.15060973783549658
DTXSID9037745	0	0	0.5583419590987301	0.44165804090126964
DTXSID9040716	0	0	0.9837156344402294	0.016284365559770655
DTXSID9042209	0	0	0.6006912414853802	0.39930875851461906
DTXSID9042203	1	0	0.4759755716894605	0.5240244283105396
DTXSID9041653	0	0	0.8871239446440011	0.11287605535599876
DTXSID9044459	1	1	0.3104603923073172	0.689539607692683
DTXSID9044409	0	0	0.9614060766603181	0.038593923339681716
DTXSID9044582	1	0	0.4706095855755814	0.5293904144244186
DTXSID9044667	0	0	0.935102164792198	0.06489783520780185
DTXSID9044879	0	0	0.8670677233276831	0.13293227667231666
DTXSID9044950	0	0	0.6379767465472459	0.3620232534527539
DTXSID9044875	0	0	0.9835100425791702	0.016489957420829916
DTXSID9044825	0	0	0.9296385509459276	0.07036144905407254
DTXSID9045215	0	0	0.7138230665192181	0.28617693348078177
DTXSID9045390	0	0	0.7999863505056051	0.20001364949439454
DTXSID9045849	1	1	0.43538284279800193	0.5646171572019978
DTXSID9045891	0	0	0.9956749377006046	0.004325062299395464
DTXSID9045843	0	0	0.9336320125271619	0.06636798747283801
DTXSID9046235	1	1	0.4423549387120377	0.5576450612879628
DTXSID9046289	0	0	0.8159376055474747	0.1840623944525255
DTXSID9046815	0	0	0.6583211159497276	0.3416788840502729
DTXSID9046609	0	0	0.7010105179248545	0.2989894820751459
DTXSID9047120	0	0	0.8988972192963006	0.10110278070369924
DTXSID9047415	0	0	0.9888899893845698	0.011110010615430137
DTXSID9047469	0	0	0.9618205755860801	0.03817942441391979
DTXSID9047540	0	0	0.7338038788936433	0.2661961211063562
DTXSID9047598	1	1	0.4143906054018221	0.5856093945981783
DTXSID9047702	0	0	0.9486032413579252	0.0513967586420747
DTXSID9047881	0	0	0.6247129895448151	0.37528701045518464
DTXSID9047883	0	1	0.7215882913453043	0.2784117086546953
DTXSID9047885	0	0	0.7587088999344597	0.24129110006554036
DTXSID9047887	0	0	0.9137570330660937	0.08624296693390637
DTXSID9048196	0	0	0.947169937850495	0.052830062149504954
DTXSID9047960	0	0	0.5878604370150974	0.41213956298490273
DTXSID9047962	0	0	0.8098779987542439	0.19012200124575548
DTXSID9049031	1	0	0.35159022868129347	0.6484097713187069
DTXSID9048728	1	1	0.49404689527445506	0.505953104725545
DTXSID9048859	0	0	0.5285540349078292	0.4714459650921707
